1.0 0.0 0.0 0.0 0.0 1.0 0.0 0.0 0.0 0.0 1.0 0.0
0.9999873638153076 -0.0008220374584197998 0.004940822720527649 0.012177040800452232 0.0008182823657989502 0.9999993443489075 0.0007266104221343994 0.0008977225515991449 -0.004941478371620178 -0.0007226616144180298 0.9999874830245972 0.34865695238113403
0.9999798837578029 -0.0010581874950077452 0.006246516749528475 0.017479697647813992 0.001052443152972149 0.9999989012195551 0.00090881682070032 0.0031299417648004285 -0.006247550673141422 -0.0009023521280235869 0.9999801243770003 0.5016601153810322
0.9999340935017179 -0.0011166624756563538 0.011372319476431027 0.028805790783008767 0.001106808561010169 0.9999986178620524 0.0008960350369786557 0.0022208919998821562 -0.011373311560664855 -0.0008835832920545197 0.9999348244410611 0.8285320111608604
0.9998485655746477 0.0005589447533115359 0.017378303676633493 0.04004341191359142 -0.0005643043071009226 0.9999998029889431 0.0003017331591103279 0.0009884944814614067 -0.017378425833979853 -0.00031114583654436164 0.9998491084675921 1.155411494268955
0.9998098163541662 0.0007585129498231493 0.01947780136897683 0.04744587741714654 -0.0007664003388030756 0.9999997777315605 0.0004022926776988981 0.0031427194651018316 -0.019477821046269383 -0.00041680728646324825 0.9998103806022505 1.305892874629941
0.9996519886000514 -0.00021027387275714474 0.026373121551057692 0.06902759907129434 0.00016946739719599243 0.9999991474269652 0.0015512115584629242 0.005475123851506251 -0.02637376333490237 -0.0015458685989379168 0.9996513811332464 1.6226623076458129
0.9994323745033008 -0.0005543333969398473 0.03367541756337524 0.09428871559517102 0.00046342468282589916 0.9999958014994316 0.002716424685374059 0.006974552264708208 -0.033676810076046636 -0.0026993042068539346 0.9994291337740516 1.9434421875874865
0.9992858831228454 -0.0009442758722680289 0.03776697865235137 0.10666399987239583 0.000832991907774923 0.9999943396703902 0.002973345820190518 0.008995425719741915 -0.037769624262548485 -0.0029399238778800825 0.9992819240267827 2.0930429876350662
0.9989134660699432 -0.0022731551158122307 0.04654016357677987 0.13706172590337823 0.0021544764554365056 0.9999932229541875 0.0026102679079794276 0.008562547103108688 -0.0465458190350429 -0.002507520593433632 0.9989126586342225 2.417819939140107
0.9983797221321618 -0.0015449614465000072 0.05687075739293066 0.16981410691935395 0.001421586036414971 0.9999950020544629 0.0022094008271587714 0.008337011764307676 -0.05687415297059059 -0.002125451650374203 0.9983785736609443 2.7360009795855915
0.9980516585977096 -0.001582583703711132 0.06236488172013839 0.18681538848869148 0.0014533928141311225 0.9999955261249645 0.0021142547161639145 0.010103142483141456 -0.06236816753523926 -0.002019772597634875 0.998050656645235 2.8817824432415025
0.9972724551201854 -0.0037941955962211265 0.07370072562047003 0.22942455881743196 0.0036457510439628763 0.99998987679992 0.0021483487765028538 0.011357722841297659 -0.07370834854785394 -0.0018740988784340833 0.9972773864092986 3.2008221777517134
0.9962172695404984 -0.006372976105201251 0.0866651633347814 0.2802263598021075 0.006106689816150723 0.9999751576860174 0.003331474102058306 0.015192141329288412 -0.08668508000955912 -0.002789872058313932 0.9962318690804475 3.5225092200871817
0.9956203011317847 -0.00687556390592057 0.09324517460549088 0.307022233777706 0.006542587453064972 0.9999708194501182 0.0038667413231863205 0.018484861837481534 -0.0932702259215085 -0.003239614140887441 0.9956357015795998 3.6850470155815263
0.9941835041957587 -0.006045876801711618 0.10753984253529024 0.3652262103474547 0.005622614782537185 0.99997504694207 0.004232887520048205 0.022696254642447178 -0.10756401386978906 -0.003603359337340757 0.9941918247182967 4.011439690197614
0.992644352206683 -0.006108511567169583 0.12092249372716594 0.4274931224358084 0.005714200766657662 0.999977079452399 0.003602439585421437 0.022159691295918695 -0.1209430269285722 -0.0028846580545057307 0.9926553695398876 4.341004893216617
0.9917628858132282 -0.006130413174582178 0.12795115489155903 0.46125582840208573 0.005751308816865178 0.9999781152073685 0.0033258020584082853 0.024777324652112638 -0.12797000291461544 -0.0025619204009728782 0.9917751145197287 4.51919797610688
0.9895540656575312 -0.005211339352065409 0.1440746612060957 0.5344624108011772 0.004853487724405021 0.9999842814782778 0.0028278576868292337 0.028116364723230994 -0.14408824472100018 -0.002098222360896084 0.9895630954751596 4.832852511789316
0.9867621010747868 -0.008690682951817448 0.16194537703118786 0.6235790659637679 0.008248122039529765 0.9999601836139571 0.003398665866190406 0.03130937320649682 -0.1619694041593166 -0.002017152490187241 0.986794112223862 5.1763574041503455
0.9854028065046264 -0.009506744755496347 0.1699770601152019 0.6652910703881437 0.009011853985745959 0.9999527072854948 0.0036760548946976556 0.03514518523969534 -0.17000492964056949 -0.0020896551962377597 0.9854414051347441 5.331031966270748
0.9823238107091974 -0.008925481355536554 0.18698168251339914 0.7619440835504245 0.008313671495981334 0.9999574737814971 0.004051294605636932 0.039932519461225856 -0.18701096042248133 -0.002424192151390245 0.9823554976973708 5.680878426744716
0.9783514232371001 -0.009317632342824905 0.20674633086057564 0.8669721552848705 0.008622135734309738 0.9999538299862241 0.004260804454673776 0.04356012063944201 -0.2067777820509748 -0.002385196546541423 0.9783857651118457 6.007044453198671
0.9762614720734594 -0.008994850965903071 0.21641393854453625 0.9201767916547811 0.00827071335115784 0.9999571446946856 0.004247921675723003 0.04709815626803628 -0.21644397078137162 -0.0023563411109359237 0.97629307783286 6.17096151704639
0.9719595294591612 -0.008493908887009911 0.23500122271755508 1.0328187570137368 0.007980140436415569 0.9999638491416243 0.003134694576775952 0.04944482344226731 -0.23502063420718078 -0.0011707288773287223 0.9719907339810991 6.510553576010157
0.9670059170751587 -0.009729087572539635 0.25457398459275676 1.1569009430493822 0.009384365762605497 0.9999531314633788 0.0025668077106624373 0.051611318439993475 -0.25458821382657515 -9.206693578179756e-05 0.9670504052550138 6.853684908880927
0.9643963641376648 -0.01092353345821418 0.26424022257038543 1.22279744924647 0.010421176230100351 0.9999407640284126 0.003300138082462381 0.05590843476665966 -0.26426152412600984 -0.00042819190698411695 0.9644518118157477 7.025730505933359
0.9581471617030757 -0.011065813312960745 0.286067770619614 1.3657981441313103 0.010349269429344795 0.9999391330930673 0.004014193093186288 0.06153715053616008 -0.28609589021564974 -0.0008850159492429292 0.9582017525147872 7.3857676518120865
0.9513902845861613 -0.010656396292781613 0.30780889563787206 1.5148499195223786 0.009811473894468549 0.9999436269887926 0.004290080402359655 0.06601071586267057 -0.30783821834114633 -0.0010609790909219476 0.9514394940209904 7.734171351734969
0.947917044370358 -0.01027835542142638 0.31835705228409483 1.5900504675683618 0.00940481265233204 0.9999474769266588 0.0042781908527622136 0.06994381706764252 -0.3183852401086031 -0.0010607315729411317 0.9479622288866714 7.903929497340649
0.9398478384482999 -0.008829726833412842 0.3414842644589148 1.7525813749161432 0.008233612740330387 0.999961801638474 0.003192508811600934 0.07301794075530466 -0.3415003404948347 -0.0001883856686517916 0.9398830103878452 8.250535307384382
0.9304264970313507 -0.007111388218945271 0.3664133007480332 1.9343722135268488 0.006362951450139379 0.9999750902762469 0.0032474326177999715 0.07669587846090443 -0.36642793460416884 -0.0006898713358788371 0.93044733100591 8.60803172079852
0.9254050778809404 -0.006372887908479246 0.37892984747797837 2.028436294812474 0.005464959104942802 0.9999796737174195 0.0034689240348383873 0.08216110882817908 -0.3789449625569786 -0.0011391649334266053 0.9254196709779906 8.787177868970947
0.9148426155745129 -0.005652028388288655 0.40377450729572145 2.242046469747393 0.004179636390726697 0.9999816385099056 0.00452542380753619 0.08921109009066061 -0.4037934758579792 -0.0024522290036697713 0.9148482903729597 9.165686773618843
0.903383140224581 -0.00465134471841853 0.4288126718666941 2.4480434923376793 0.0029718484243249775 0.9999858601957744 0.0045839756724646704 0.09422404556284383 -0.42882885285558436 -0.0028665472285590876 0.9033828442090355 9.495254740199979
0.8967544266353458 -0.0038401869132690222 0.44251540454991295 2.5649991052500396 0.0020971618659930877 0.9999885366473842 0.0044258946032937636 0.09954746152326208 -0.4425285624099222 -0.0030408882235555606 0.896750701871495 9.680405847908633
0.8829941536537332 -0.003390590052789859 0.46937598134268355 2.7977527734992855 0.0010965410744311138 0.9999867452705681 0.0051589621416961795 0.10615819096437155 -0.4693888600059525 -0.00404079189128314 0.8829846118764368 10.024599778683042
0.8681509598638462 -0.005839366363139436 0.4962695489755269 3.0407321201604134 0.003719606647691242 0.9999797930668296 0.005257747256401904 0.11013963967585838 -0.4962917264007075 -0.0027186687565635983 0.8681536465714036 10.35829841480748
0.8603093209018894 -0.005048528929034303 0.5097508253158467 3.169696785072976 0.0030296498465892502 0.9999845019708838 0.004788461036685442 0.11433228840891096 -0.5097686318577427 -0.002575399315937529 0.8603097268945352 10.534401984583914
0.8430617808092901 -0.005765186739535135 0.5377887122783248 3.43952622065819 0.004772719664543808 0.9999835260804529 0.003235682892006598 0.11570283340531191 -0.5377999613260259 -0.00016093561413595028 0.8430740141614442 10.86777780439552
0.8245871407256069 -0.0038524424726236487 0.5657244112984464 3.7253226836937254 0.003273872943086066 0.999992638120741 0.002035431782676719 0.11592332731932231 -0.5657293499530148 0.00017409652101096798 0.8245924871722101 11.199739598851743
0.8151850630005864 -0.0029901126919618937 0.5791950755975972 3.8799682799789967 0.0027551761302265438 0.9999951783215566 0.001282292146208128 0.11807945103940437 -0.5791973362905454 0.0005510515823250199 0.8151884964425488 11.374656636915086
0.7953552205631557 -0.0015640460061962767 0.6061440915752089 4.1793584541220055 0.002393794444772791 0.9999967311204979 -0.0005631390142211794 0.11763462528346645 -0.6061424639223506 0.0018995417665878158 0.7953553690711702 11.685572585023875
0.7733740198859622 0.0020023946168895414 0.6339491049972881 4.496752901702229 -0.00022835548897723107 0.9999958128560715 -0.0028823428624672994 0.11357212162835177 -0.6339534118163377 0.0020848092115037663 0.7733702139997352 11.990435557426638
0.7616436739999444 0.0033269981667040744 0.6479896395706788 4.664106688780223 -0.0010392346496820371 0.9999916774379664 -0.00391532249893536 0.11470396845920067 -0.6479982907982361 0.0023092381557825465 0.7616398269014604 12.146448366897749
0.7382717926567154 0.005691114430365073 0.6744811992509315 4.999886931408023 -0.002813996211877871 0.9999813423735331 -0.005360276865343925 0.11195778499695688 -0.674499622367896 0.002060548525446794 0.738273076175411 12.437176121769763
0.7145281588166522 0.012145628690326104 0.6995032104236919 5.330995299548251 -0.007076748899683501 0.9999235524866568 -0.010135935970626335 0.10094055867290216 -0.6995728783650427 0.002293502918260679 0.7145584679741653 12.70023914671312
0.7019309602345561 0.013843625397213807 0.7121126028804481 5.497865528900875 -0.008015830909437364 0.9999012054028615 -0.011539815281540338 0.09972458545042108 -0.7122022877443781 0.0023933009028602593 0.7019713841234146 12.829091206433379
0.675521609610797 0.01595021423163551 0.7371698359943946 5.845479860141454 -0.008621713078797609 0.9998684395709785 -0.013736253888074134 0.09319122349864417 -0.7372920955779826 0.00292473224647147 0.6755690813051218 13.071634666233487
0.649255753866211 0.01370339993853741 0.7604491518755553 6.24405306952559 -0.005700587393028716 0.9998973190704191 -0.013153926097532624 0.09026001624995493 -0.7605513842570135 0.004206491819729806 0.6492657897128744 13.332494824176148
0.6360511491040469 0.013253243846473932 0.7715354035045576 6.4514098236034165 -0.004456300787348664 0.9998989731249373 -0.013504844962107356 0.09121098900589347 -0.7716365916271826 0.005152748580491745 0.6360445758321708 13.465327422800746
0.607870126479152 0.015149803708352148 0.7938944007604823 6.8180012069970894 -0.0030811253762989396 0.9998560126722612 -0.016723406645248927 0.08281996756221363 -0.7940334357448631 0.007720371484221965 0.6078274675786997 13.674727248549674
0.5783157673806771 0.01868406921239416 0.8156013444017542 7.193121680001034 -0.002939025975720663 0.9997792459153001 -0.020822012836760332 0.0694986489150953 -0.8158103597018433 0.009645475552650126 0.5782414939080517 13.868831996186463
0.5633064737472414 0.020384960361068755 0.8259985895695988 7.381998182717009 -0.0030923768086772137 0.9997405971195327 -0.022566596431733647 0.06550273305667678 -0.8262443471630938 0.010158682996423526 0.5632220314420823 13.965392361540118
0.5339937699097572 0.025278274679671354 0.8451121897331682 7.781869944200583 -0.007901387814865124 0.9996584014688834 -0.024911120133146905 0.052322069950437845 -0.8454532974959061 0.006625845441698958 0.5340097638284559 14.154927561556406
0.5063222865995404 0.02677989121593723 0.8619301575427413 8.174384628399372 -0.010384983452150075 0.9996345891683437 -0.024960732049754294 0.04049234225963863 -0.86228360916276 0.0036880495959314024 0.5064145609971543 14.32391426616773
0.49258006718220937 0.02648665635605776 0.8698656295864594 8.383901495403368 -0.01003907900609394 0.9996432768052742 -0.024756074100338556 0.03749064878711053 -0.8702110333392076 0.0034626738368544285 0.4926694815201574 14.411973949764903
0.4653352595685401 0.022903253109246447 0.8848397753015952 8.787043943627069 -0.00611143160547726 0.9997246106302311 -0.02266537545679936 0.033905768215809734 -0.885115396884014 0.005140278876325337 0.4653463160876553 14.568092851848569
0.43807000160031506 0.019859326801201352 0.898723182080129 9.192126407028136 -0.002195729038469873 0.9997767125098241 -0.02102431883609838 0.029853283231469727 -0.8989401079402719 0.00723784237368356 0.4380149313483262 14.715075079645292
0.4244891143546784 0.019974988449541622 0.905214257435939 9.398261425844414 -0.0017575866387404405 0.9997730507071894 -0.021239656181732066 0.02850713206481484 -0.905432672414033 0.007426296178057522 0.4244270729429991 14.78837805863608
0.39797414208083437 0.019941893339958574 0.9171812980405949 9.794143824516185 -0.0010386785742772199 0.9997731268877235 -0.02128911804664557 0.021788001515619868 -0.9173973219818198 0.007521136275423454 0.39790379856785885 14.91349562175961
0.37189063075859635 0.019796897887928176 0.928066767560601 10.20487906813071 6.871504556153415e-05 0.999772185427576 -0.02135593309642983 0.014270505863998518 -0.9282775010133901 0.008007076719551897 0.3718037701827983 15.033513636965823
0.3589983564973205 0.018959685086902506 0.9331467635152496 10.41265447131737 0.001793126756943622 0.9997778388078743 -0.021005133573898185 0.01288319533187035 -0.9333372066877105 0.009215182949268201 0.35888364273916296 15.090602903033641
0.33324903039084564 0.01792443278899734 0.9426692993622061 10.847885762591739 0.0029768654216493096 0.9997939481039798 -0.020064862542695842 0.007329987709346142 -0.942834160366319 0.009494144103361525 0.3331258801956582 15.20313076750148
0.3077337748973878 0.016678399695618802 0.9513272124896637 11.28823388916827 0.005048351671603058 0.9998031597473972 -0.019163000899657553 0.0009622367091370182 -0.9514591612960972 0.01070115573459757 0.30758790169487726 15.305949657474049
0.29688692258775096 0.016246472277881632 0.9547754245248162 11.547762566484348 0.005268832274740295 0.9998122533562019 -0.018652498398868733 -0.0007209799426468031 -0.9548984898457505 0.010569335560932631 0.2967440774999599 15.363413178094467
0.276030331538396 0.01521697038523453 0.9610294054917041 11.993956148355222 0.004982871457089747 0.9998384501388612 -0.017263799991393797 -0.0035457499769706957 -0.9611359867292396 0.009555306502628253 0.27590842950317124 15.453290595401683
0.25645162779414304 0.012792014464044888 0.9664734423792607 12.481118215231197 0.004015058444106763 0.9998895232969418 -0.014300425583835479 -0.005155832422383398 -0.9665489930635967 0.007548962716621279 0.2563705169403218 15.548342500291906
0.24709863713801447 0.011206784499186825 0.9689264514738192 12.713924451649216 0.003576884377203145 0.9999154951276545 -0.01247855589956201 -0.002594800506407742 -0.9689838057289283 0.006550351580147862 0.24703621732966768 15.58776881815289
0.2288546780271014 0.007153383882177453 0.9734352932346125 13.224415499340326 0.0055350284588841355 0.999947163043118 -0.008650960662309784 -0.0007168481089245356 -0.97344472966788 0.007368863995401931 0.22880145668667906 15.674934238486415
0.21175940307882857 0.005976171374145699 0.977304603671557 13.74005003813678 0.006941864857406792 0.9999469239728186 -0.0076202852156151205 -0.004125951399040314 -0.9772973540786383 0.008398872953603505 0.211705169924354 15.757350118461623
0.20410241634173135 0.005681320000627204 0.9789342882883348 13.980740141881435 0.007084037770558319 0.9999489701030625 -0.007281556478823058 -0.00474913995816352 -0.9789243314636498 0.008421894468231241 0.20405007947876722 15.792038009341892
0.18839188363622775 0.004657327621880952 0.9820840861624239 14.475930290591222 0.009472646166784084 0.9999342711238357 -0.006560374158435537 -0.008129104366688893 -0.9820487772209986 0.010539811438478323 0.18833377230002366 15.86147003489606
0.17542694827226185 0.0037544562684576786 0.984486299744296 14.980019631413999 0.010540457337691914 0.999928525277079 -0.005693138172115614 -0.012701322505304353 -0.9844362487763529 0.011376627925683756 0.17537323699373483 15.930978753607754
0.16954223812456706 0.0034414345027883996 0.9855176433812158 15.255150131365179 0.010539501479333392 0.9999298842886941 -0.00530676210240337 -0.014122927368505312 -0.9854665611049716 0.011287167998098601 0.16949255617217535 15.97019858251867
0.15954500499723337 0.0028218730852276708 0.9871875056889904 15.778366673622696 0.01026493698657571 0.9999367189323668 -0.004519069785805283 -0.018084469795860564 -0.9871372936106733 0.010854825718205677 0.1595043797083748 16.038017900338602
0.1514668030222606 0.0014905416917843208 0.98846220469875 16.32226956511361 0.010086833511397443 0.9999440390781081 -0.0030550370083739977 -0.02137738352362754 -0.988410827931262 0.010433451586513305 0.15144183131758662 16.106619392416707
0.14716541296738322 0.0011947000008022352 0.9891122428427649 16.58756054088642 0.010087957823251533 0.999945305398543 -0.0027102470086248433 -0.02198276242141275 -0.9890603175299116 0.010377244631380955 0.14714384045659212 16.14204434174613
0.14100543384718048 0.0005926752821882452 0.9900097281747586 17.127847464887452 0.010133245315431031 0.9999464954586618 -0.0020432771017169426 -0.02519933831868637 -0.989957123629183 0.010320479232853624 0.14099035744694408 16.21073868483013
0.13530386151336374 0.0001621318362989682 0.9908052118905308 17.666210400589883 0.01010416075071902 0.9999471288889271 -0.0015453169915843614 -0.02899010371081423 -0.9907526618126469 0.010220356682588515 0.13529351656793154 16.277754611393735
0.1329131757163226 0.00014205665168607655 0.9911288451869568 17.96766263128817 0.010038393102468504 0.9999478752502903 -0.0014913901590807362 -0.030826550844878182 -0.9910768084294378 0.01014765552721945 0.13290336885003862 16.31762327070313
0.12883571352742257 0.00021110271266898823 0.9916671558425302 18.53313255897066 0.010062739028036475 0.999947528675715 -0.0015221048815592573 -0.03493518785329129 -0.9916147826144738 0.010174954041336035 0.1288253810471131 16.384635081326255
0.1267043519731019 0.00037648376279147066 0.9919415622300657 19.08420835945489 0.01017839570223828 0.9999461259937495 -0.0016815755381318037 -0.038870136955372656 -0.9918882386616247 0.010309340770235906 0.12669224252672 16.451151265218574
0.12590497757097305 0.0006071022682111373 0.992043270928239 19.675853202857358 0.0099099622914287 0.9999484217832979 -0.0018714006146061865 -0.04272501986219441 -0.9919928640900938 0.01006663621388844 0.12589105217286203 16.52486630625442
0.12420721218174498 0.0006581167069767529 0.9922569566578227 20.205855486651718 0.009750046944002442 0.9999494475957653 -0.0018851663785890448 -0.04587683932714769 -0.9922081388130299 0.009908366056673144 0.12419325896608664 16.590908780606217
0.12307293167283462 0.0007460504137702139 0.9923982187938702 20.711396266074495 0.009420362891389308 0.9999525949788747 -0.0019215401911577214 -0.04854012828475319 -0.9923527080901544 0.009584889897415738 0.12305881137858765 16.655901006584887
0.12296513476837767 0.0007737291358404956 0.9924114333789986 21.176358842173123 0.009310424990306404 0.9999536064329808 -0.0019349720395110213 -0.0491437168984735 -0.9923668804076481 0.00947721392880134 0.12295106644465827 16.716012199300877
0.12256080940224763 0.0005189161032136194 0.9924619156793437 21.77440752771943 0.008885239193968282 0.999958642420574 -0.001622349865587939 -0.04917607640600179 -0.9924210892922167 0.00901704745295109 0.12254948342820292 16.794121085145385
0.12183062543234499 0.000536013644425891 0.9925517415064383 22.31630535357414 0.008487395873976194 0.9999620006108965 -0.0015841937222412204 -0.05002979564540978 -0.9925148253303175 0.008617208721294702 0.12181962997410088 16.863612861588024
0.12160822156519806 0.0009387897968155386 0.9925787145583841 23.150681724817353 0.008576557953185878 0.9999605869630979 -0.00199906027586396 -0.054795996746424665 -0.9925413022888834 0.008756087058766095 0.12159349925093897 16.96644435526425
0.12143612314641213 0.0011111104638987625 0.9925995630598303 23.730700576793975 0.008518283488831485 0.9999605790149099 -0.002163984210939287 -0.05721247023572896 -0.9925626511554345 0.008718047946609042 0.12142011568044558 17.041038519080644
0.12146360723212214 0.0005666526245685433 0.9925966169231497 24.346432257471918 0.008121241522090617 0.9999648954780631 -0.0015670947033659256 -0.05553544736024971 -0.9925626962322665 0.008251472435125917 0.12145286189282842 17.120579605273416
0.12138597206527252 0.0008470538208212234 0.9926058206194012 25.69764319785082 0.0073667931209567316 0.9999703095094363 -0.0017567153707695072 -0.0627301577597745 -0.9925781295823874 0.007525460921024777 0.1213742198512895 17.28959474902234
0.12151483410453078 0.002136247486069766 0.9925885575316042 26.703316218866068 0.005170981933275123 0.9999820499085145 -0.0027881469920976332 -0.07081236542432354 -0.9925762063031046 0.00547140938818952 0.12149950652184664 17.41734208279432
0.12155831592398664 0.002733829352212988 0.9925815233338963 27.83262828089138 0.004455938454222713 0.9999838360536966 -0.0033026431182313315 -0.07973829963999754 -0.992574248260033 0.0048241804027670445 0.12154223373294747 17.558655166861797
0.12153342046570578 0.003592449998816892 0.9925819066177103 29.08328159152166 0.003480595274725262 0.9999851235756422 -0.004048425325743638 -0.09060696661109956 -0.9925810753484094 0.003946715571421989 0.12151689396789904 17.713470946619626
0.12154858427248794 0.007237467633907736 0.9925596051674718 29.94266705164921 -0.000344728914186393 0.9999727113501686 -0.007252118415841717 -0.10497952444694475 -0.9925848272561005 0.0005391969678957887 0.12154580411014301 17.82353756815237
0.12166364363990596 0.008093660070361039 0.9925391015255024 30.797927666428844 -0.0024729447754974765 0.9999652272166216 -0.00785376508477238 -0.1146246427566224 -0.9925678372919384 -0.0014990895929321718 0.1216773532531333 17.929976263936418
0.12176149764305984 0.008375011787493634 0.9925243878095265 32.018505985404346 -0.0033487254302084534 0.9999612023344372 -0.008029148096383925 -0.1267244408450889 -0.9925533010225823 -0.0023463357300733904 0.12178311744992493 18.081440575165505
0.12173378602294867 0.008206752764783514 0.9925292411629666 32.638836321872915 -0.003913092795120268 0.9999611105504971 -0.007790727906306831 -0.1305817273960308 -0.9925547963987575 -0.0029354563212611352 0.12175927806045911 18.159732548304625
0.12168217361165583 0.008719518000867751 0.9925311561028073 33.741835045493175 -0.00581224114263071 0.9999497390405354 -0.008074602629030508 -0.14187039146597677 -0.9925517180584637 -0.004786325941858978 0.12172502133313766 18.298800123397907
0.12148102180534937 0.009067913645706683 0.9925524625775006 34.87660574477371 -0.006451276745137193 0.999943219334816 -0.008348301592524228 -0.15548769248325062 -0.9925722757040714 -0.005389014258407356 0.12153118496614387 18.438828841106574
0.12127045985415623 0.00923978608850907 0.9925764510485917 35.69355204609745 -0.007240859944160676 0.9999369994783337 -0.008425909790982771 -0.16422495036834875 -0.9925924940423819 -0.006165350703035811 0.1213284715196581 18.542265193722628
0.12097435049873148 0.009542107720691495 0.9926095326919897 36.43059838906581 -0.007903065330447172 0.9999297660022086 -0.008651404544095104 -0.17325068053268586 -0.9926234800312778 -0.006798333027701021 0.12104021643384479 18.634637616454643
0.1209265499933101 0.009787676211059927 0.9926132452995422 37.567386845166496 -0.007964221104292731 0.9999274434301533 -0.008891645263987235 -0.18827648515832895 -0.9926288186652142 -0.006830265549661644 0.12099457367522802 18.773479999195363
0.12075502894633089 0.009842959376112915 0.9926337331960402 38.276059457153906 -0.008197175329277412 0.99992533595907 -0.008920212949247887 -0.19621583206688956 -0.9926482051345501 -0.007059559304827215 0.12082538372723738 18.861868296492975
0.12023336548599216 0.01009996753581696 0.9926945190865033 38.99061027314828 -0.008786902540227367 0.9999186192768763 -0.009111079131325252 -0.20554109175094187 -0.992706734606422 -0.00762716864356843 0.12031093290448217 18.951027598599673
0.12022326009163206 0.010269097300673082 0.9926937649037998 40.13147586320544 -0.008873533699451448 0.9999163999552809 -0.009270944139324996 -0.22088461820006658 -0.9927069515668969 -0.007694116785435616 0.12030307004243204 19.0894047925491
0.12006780066352858 0.010420649581525634 0.9927110318364389 40.84147927461711 -0.009482113079349461 0.9999101376929327 -0.009351397114745015 -0.22936463971708235 -0.9927203386957788 -0.008290151940614532 0.120154393068924 19.179193781708168
0.11987040982524678 0.010846788207071148 0.9927302921044834 41.86602659028344 -0.01003878310821358 0.9999011010305365 -0.00971526022912783 -0.24405079032176685 -0.9927388354629696 -0.008801206455191746 0.11996596299348695 19.30519184292966
0.11980369865199743 0.011013376441574211 0.992736784465757 43.11539861548074 -0.010199871792831059 0.9998983960357115 -0.009864739715468583 -0.26181520694057625 -0.9927456218672005 -0.008943804375182364 0.11990212371580872 19.457255233668455
0.1196363539960075 0.010909922757006361 0.9927580374175796 44.01038763951992 -0.010362806271601629 0.9998977008160158 -0.009742263499452604 -0.2723658203588761 -0.992763902429468 -0.009122292992770743 0.11973573777666277 19.566623257649187
0.11942761532873493 0.011144265055663228 0.9927808463664989 45.03881561565853 -0.01147196924954327 0.9998847148770942 -0.009846648432196473 -0.2848241861548779 -0.9927771190816953 -0.010213091590185176 0.11954012607542158 19.693619812426423
0.11935941607962361 0.0109717393958004 0.9927915236645262 46.19218627832846 -0.01174187418928982 0.9998841230122312 -0.009641472704517094 -0.2992001718764993 -0.9927829247979247 -0.010506022500202467 0.11947233709325189 19.831189769376437
0.11931841976077841 0.011005310856552217 0.9927959456534668 47.08541119104703 -0.012070131108593594 0.999880197451655 -0.009635951999748104 -0.30933326487965696 -0.9927837913436038 -0.010833200031915029 0.11943503948638898 19.939321111382036
0.11927897877146862 0.010974797360805323 0.9928011272512475 48.14859046880682 -0.012502651212418895 0.9998755312803617 -0.009553383414975424 -0.32215418820910235 -0.9927832732243466 -0.011272866594952384 0.1193996262388505 20.068592148137185
0.11936887356293079 0.01097626985591634 0.9927903298273454 49.20674880372489 -0.013015093255592872 0.9998696501991058 -0.009492406854324514 -0.33486921948142095 -0.9927660197056023 -0.011787772144659273 0.1194942824182768 20.199150315473705
0.119591811279333 0.011249658352855508 0.9927603503917328 50.09362659672923 -0.013985558609278788 0.9998547618200628 -0.009647777824344086 -0.3454139468508883 -0.9927257718834062 -0.01273025115464998 0.1197300191755891 20.310213745221983
0.11975597173469038 0.01140108798501344 0.9927383246386522 51.001133890769175 -0.014333316115091164 0.9998483111090958 -0.009755650446231256 -0.35643402022373694 -0.9927003765581356 -0.01306090946358303 0.11989997378614335 20.42240110037963
0.11980201211077779 0.011379394128590285 0.9927331604510631 51.80789906751501 -0.014608415867225936 0.9998451526996327 -0.009700206087552317 -0.3653013205028007 -0.9926908504514785 -0.01333988877713267 0.11994823584083747 20.52304018906357
0.11991692609534889 0.011497636121071905 0.9927179383684689 52.63592155276575 -0.015462199130278667 0.9998321220475082 -0.009714194478714322 -0.3737119032848195 -0.9926639381849519 -0.014184380477171786 0.1200730864130031 20.626863902659395
0.11989208468373305 0.011521635429844588 0.992720662505329 53.04204303438177 -0.015867602796914307 0.9998258522889398 -0.0096895683945551 -0.37652898382394107 -0.9926606245260552 -0.014590051147815588 0.12005255651303932 20.679557832735075
0.12006243636966824 0.011476396372603831 0.9927006363128524 53.87005951172262 -0.01637384908031403 0.999818877361362 -0.00958002183534236 -0.38505036325675557 -0.992632078042985 -0.015103747744779374 0.12022699178561655 20.78505900565259
0.12021637899906455 0.011502933657339587 0.9926818438562871 54.737347338117566 -0.01726936853353653 0.9998047767010717 -0.00949567258619604 -0.3931961186737929 -0.9925985068187735 -0.016001192751308888 0.12038986823591828 20.895704751771078
0.12010950057937704 0.011512464385119135 0.9926946768979479 55.29441031168287 -0.017592808133881647 0.999799337222743 -0.009467909098785166 -0.39825595641054906 -0.9926059439548839 -0.01632676163743142 0.12028624364836793 20.9673852941038
0.12023497121140915 0.011368445306971694 0.992681577209214 56.15156802734921 -0.01779274825302214 0.9997980467126895 -0.009297099534685148 -0.40647753875966447 -0.9925878185852735 -0.016543857624295204 0.12041076612901343 21.075091840362486
0.12029264020861657 0.011767015376748664 0.9926702518537653 57.089742191805186 -0.018834629091752726 0.9997765991296224 -0.00957117188351174 -0.41807468715222984 -0.9925620377657275 -0.017544401785532366 0.12048495566283443 21.19282139252804
0.12018532524105653 0.012032849243079105 0.9926802068067193 57.68370045474057 -0.019304896085411114 0.9997655250802505 -0.009783935827353436 -0.4249844971529933 -0.9925661202663295 -0.01798692254986499 0.12038703068425317 21.267736574061704
0.12021245761096436 0.012077881901064152 0.9926767834389305 58.591391810833564 -0.019308362783769267 0.9997657478050732 -0.009828917853804024 -0.43560770641334634 -0.9925633680874694 -0.01798417649931647 0.12041457414902057 21.379368837273244
0.12031625756673336 0.011950280460478713 0.9926656495196837 59.470526398464685 -0.019038371669199732 0.9997718615099764 -0.009731244111537932 -0.4462474960075107 -0.9925561686755723 -0.017726724873784388 0.12051333839625254 21.483857227355955
0.12025591896319804 0.012006420523028707 0.9926722324281456 59.951348598746634 -0.019040434402445156 0.9997712643240564 -0.009788684745970644 -0.4513476412050484 -0.9925635632052473 -0.017722550649446146 0.12045398499019613 21.54248960540764
0.12038352455321355 0.01212508780688175 0.9926553672207884 60.85644233436969 -0.018822705998619918 0.9997742456706662 -0.009932469130439828 -0.4626164247833578 -0.9925526399569821 -0.017487421170937077 0.12058128843601097 21.651624236227143
0.12037699190901396 0.01208271659880627 0.992656641029038 61.75364888769299 -0.018436713163548477 0.9997819522747786 -0.009937259253812909 -0.4746084299814034 -0.9925608716684027 -0.017103507397337202 0.12056991364310461 21.758432461954953
0.12039957672695555 0.0120786702945822 0.9926537623328044 62.224865387936326 -0.018275573293516957 0.9997845331676135 -0.009952291646577568 -0.48085404439976975 -0.9925610054048147 -0.016941575889308856 0.12059089187979882 21.816518505359173
0.12042290943501614 0.012061407726430785 0.9926510203722985 63.11511902033287 -0.0181442721886423 0.9997868924624161 -0.009950459391193163 -0.49252341033674685 -0.9925605925177912 -0.016811148935301595 0.12061262460770694 21.92454952167699
0.12040430030069744 0.01193640602620669 0.9926549244208654 64.04054808382054 -0.01771861136116885 0.999795477295492 -0.009876719074095867 -0.5050483682789654 -0.9925708708116723 -0.01639743117660526 0.12058756453629672 22.035153866739627
0.12054747086611313 0.011876754196044807 0.9926383869823779 64.52204456908939 -0.017496296278034656 0.999799885617173 -0.009841346220007397 -0.5109283785878014 -0.9925572918470962 -0.016179373498853164 0.12072757883279552 22.09431929441317
0.12056672163601977 0.011689107574559907 0.9926380366367794 65.49334155902655 -0.018153650017089146 0.9997905517096654 -0.009571593423051677 -0.5216177314660013 -0.9925425270838211 -0.01686440228317865 0.12075046579461753 22.214559720986795
0.12060122025045239 0.011155652100923933 0.9926398833423065 66.41733324263315 -0.01776009165656772 0.9998021524727322 -0.009081523282861171 -0.5318915866638214 -0.9925454138791735 -0.016532403676200437 0.12077214443042633 22.325310639846435
0.12069637624968638 0.011109663233423188 0.9926288462676349 66.91904286853999 -0.017746096262349374 0.9998026416334045 -0.009035308924354963 -0.5373210782035123 -0.9925343426576169 -0.016523047140922033 0.12086633105894819 22.38802933185435
0.12050532178537186 0.011238511997485896 0.9926506376013059 67.8461567645909 -0.01827442890998963 0.9997924618082803 -0.009103963275461379 -0.5476219454238113 -0.9925480697663002 -0.017041491856579435 0.12068224122119868 22.502443351901096
0.1205112909586012 0.011385491945426677 0.9926481358139895 68.76362366270195 -0.017993447314747526 0.9997959384596713 -0.009286234104425585 -0.558830971106045 -0.9925525178671288 -0.01674059371321609 0.1206880854903013 22.612704454128114
0.12049128749036524 0.01139877266318206 0.9926504322389975 69.23574095071514 -0.01808331602531069 0.9997946573334425 -0.00928929305008915 -0.5637499218356112 -0.9925534376230274 -0.016829426822128866 0.12066896281114077 22.67128523352032
0.1202629916217409 0.01160111366400502 0.9926758131416784 70.16573435788438 -0.01838880065527044 0.999787310001733 -0.009459977831193345 -0.574762941479579 -0.9925757060222978 -0.01711463003758091 0.12044704473068393 22.784782346365176
0.12029398131032873 0.011496866672028788 0.9926731535226865 71.12302766335326 -0.018296685334005153 0.9997897181771176 -0.00936553440539521 -0.5853127680228916 -0.9925734775418468 -0.017034196172530137 0.12047538880167799 22.901054709422468
0.12030586691244739 0.011342125399209743 0.9926738788220028 71.62579132342552 -0.018185384069830647 0.9997936915581234 -0.009223248153577446 -0.5904957639898575 -0.9925744488599552 -0.016940456943424137 0.12048343816379958 22.96134245145092
0.12046890181569608 0.011329008157858396 0.9926541606678624 72.59341542853414 -0.016764026963830222 0.9998170319226145 -0.009380026938224194 -0.6007067881285929 -0.9925798856609772 -0.015508576079151664 0.12063290687800854 23.076823211233975
0.12023540008378153 0.011668024886856743 0.992678431450858 73.58270798394769 -0.015917906086126848 0.9998264172304485 -0.009827690668094186 -0.6132685662638371 -0.9926220926117948 -0.014617481506157682 0.12039642346683985 23.19423832156954
0.12008147639792933 0.0116788128016773 0.9926970843369571 74.14968869585937 -0.016042859437751796 0.9998246878319429 -0.009825997416849938 -0.6193560374243525 -0.9926389734683022 -0.01474344917801762 0.12024376143936104 23.26347994838081
0.12021588830295094 0.011407609992092867 0.9926840100416015 75.1770321922079 -0.015660954904101396 0.9998329491825441 -0.009597290132146923 -0.6308802632590462 -0.9926288850888055 -0.014390076201864154 0.12037037777068345 23.38878490995774
0.12038856482099353 0.010186468006220554 0.9926763104211783 76.18872000959142 -0.013129945593757996 0.9998779024627129 -0.008672089093094061 -0.6395697465766632 -0.9926449554816781 -0.011986971070789738 0.12050364938703302 23.51098772590612
0.1203676303165373 0.010239676409715695 0.9926785838165615 76.71169084491716 -0.012942732405313616 0.9998800601090201 -0.008748936252255608 -0.6453039221384668 -0.9926502102483526 -0.011791639249522647 0.1204813729340845 23.575999815769375
0.12014285508680712 0.010013066438933188 0.9927081860523113 77.7029104486726 -0.013232146979809761 0.9998785962807729 -0.008488378448196103 -0.6544463401095294 -0.9926734527374894 -0.012112545319354776 0.12025639143359396 23.697791469181404
0.1206275188193632 0.008052232069449166 0.992667386803768 78.68622284490559 -0.012587605815382562 0.9999014801308043 -0.006585554298881777 -0.6605678804966375 -0.9926232650014972 -0.011697651303895303 0.12071255227918808 23.818216420191806
0.12063112412694423 0.008010680345135605 0.9926673010680633 79.20422166790539 -0.012676287644188865 0.9999008330708394 -0.006533203481259547 -0.6635638634888608 -0.9926217026282983 -0.011791743942667209 0.12071611158552134 23.88350578613629
0.120602762058366 0.008283719714968989 0.9926687892733236 80.19763171111799 -0.012876215696914382 0.9998968986760856 -0.0067843391604343675 -0.6735908813074566 -0.9926227170101606 -0.011959944911588518 0.12069226666278893 24.004716415465047
0.12058187017198076 0.008790209371966465 0.9926670899752902 81.16300779884287 -0.01301420169207792 0.9998917712404048 -0.0072782189200443 -0.6843952757588789 -0.9926235860035721 -0.012037594335138806 0.12067849865684112 24.122053181493943
0.12046597314959179 0.009045234727878066 0.992678615018192 81.6729842928266 -0.013660026790319597 0.9998813364530762 -0.007457496355731055 -0.688501237900215 -0.9926285992841338 -0.012658422015570221 0.1205709190285554 24.188119097570542
0.12037494567836445 0.009028928807861044 0.9926893572138547 82.71774145406533 -0.014257620988709262 0.9998732261352399 -0.007369180753753115 -0.6969241036170282 -0.9926311843423333 -0.013263470012453442 0.12048447867822207 24.318807605461917
0.12040984936505442 0.008060648633737639 0.9926932063710495 83.74207257691631 -0.014244734072811285 0.9998798121545929 -0.006394797853799179 -0.7040359832575673 -0.9926268365604078 -0.013367952910071975 0.12050639628239075 24.444721748793658
0.12026354766292095 0.00800411824682874 0.9927114206832794 84.29298846207607 -0.014505110342272327 0.9998767771621935 -0.006308395807291168 -0.706190364707579 -0.9926408473651925 -0.013637926596910347 0.12036093917752617 24.514017996282053
0.12030953168364882 0.007997685405877097 0.9927058448107144 85.3304626372668 -0.014454356511324026 0.9998773999212304 -0.006307372127079723 -0.714623595608497 -0.9926361378974631 -0.013587314741135115 0.12040648495007703 24.637514897402294
0.1202716058178408 0.008729468153742011 0.9927041817825091 86.34311318317631 -0.014439066448672521 0.9998727171992241 -0.007046571951418456 -0.7253244448179346 -0.9926409570621442 -0.013483453532079259 0.12037852456961405 24.757881995976557
0.12011284546487883 0.008997295677096269 0.9927213260161892 86.87518968434911 -0.014491313602975642 0.9998703333844141 -0.007312447693654271 -0.7310582000876195 -0.992659552733307 -0.013504440815980661 0.1202235722010504 24.823120105963408
0.11989326656625084 0.009393410225440716 0.9927440339506718 87.89351342384242 -0.014865891973130494 0.999862116035592 -0.007668947887737882 -0.7418345878117709 -0.9926802940006009 -0.013835522326029605 0.12001241513109227 24.947441622307718
0.1198543810707105 0.009382070270906095 0.9927487267513018 88.9013175228254 -0.015350084429119287 0.9998554486486194 -0.007599674811704821 -0.7503905609914033 -0.9926776209038963 -0.014324955457210681 0.1199770287468176 25.07253468798545
0.11976814755408814 0.009201991819021831 0.9927608377964608 89.42108000686102 -0.015624183444012774 0.9998526813449518 -0.007386422370370426 -0.7524864472354639 -0.9926839148461828 -0.014623551313485077 0.11989032069842663 25.138689309566264
0.11926840234907245 0.006322704616026149 0.9928433509015689 90.44561946064901 -0.01660915989984045 0.9998545496313556 -0.004376270226586093 -0.7558578985454749 -0.9927281077427791 -0.015965686607412793 0.11935168629946989 25.267260651007266
0.1190857464136341 0.0022322211810488447 0.992882981129644 91.48880215750346 -0.017196134557876046 0.9998541966787371 -0.00018933962273697067 -0.7539214816507857 -0.9927401128801717 -0.017048561293412784 0.11910250150504433 25.396080320708588
0.11890387938555383 0.0002725677254572308 0.992907207310096 92.03965220106511 -0.017710194358209138 0.99984299874067 0.001842206067060641 -0.7489363521840539 -0.9927524250284279 -0.0178013781371436 0.11888570214468787 25.46408772408114
0.11804134624598109 -0.0035656551190123976 0.9930040555841073 93.09431853522258 -0.01843233747169507 0.9998152114107505 0.005777334867314255 -0.741636849802346 -0.9928423678799794 -0.018982968937180565 0.11794959216449823 25.593125881474013
0.11746178516819555 -0.006164981840975945 0.9930597644875138 94.12170575165109 -0.01888029514897773 0.9997876800564948 0.008435874902098147 -0.7334541842430304 -0.9929025956524329 -0.019737967590862753 0.11731594280772098 25.7168434383781
0.11732605110200826 -0.006585257224014674 0.9930732547019764 94.66492020884725 -0.018775023166888498 0.9997864774042636 0.008843382369666539 -0.7273857405696634 -0.9929212544491302 -0.019679786058989814 0.11717243938243103 25.782504668047277
0.11669805284535834 -0.007202431731542205 0.9931429941279534 95.68815287499102 -0.01872185681780155 0.9997819721783737 0.009445952102689375 -0.7190825552510847 -0.9929965827264465 -0.019693195165462557 0.11653284771666159 25.904173488595656
0.11603214735854048 -0.006782636083577506 0.9932242801285407 96.71752154922842 -0.019108614987987427 0.9997785378025678 0.00905517985494144 -0.7145852414744086 -0.9930673069167586 -0.02002700123416435 0.11587180676164952 26.02472318540339
0.11567261053285265 -0.0062981806890514925 0.9932693411729471 97.24120603439705 -0.019405752850422037 0.9997767872377289 0.008594912212664842 -0.7136100111250085 -0.9931034177257858 -0.020266420429180147 0.11551949598508411 26.087026386491896
0.11565215547554146 -0.0046958748045670805 0.9932804376610446 98.2354510823442 -0.02004684745555627 0.9997759590860207 0.007056349184082799 -0.7125634176066051 -0.9930929148298479 -0.02072540807054482 0.11552726011227986 26.203837597094328
0.11517691898836353 -0.004652166769881419 0.9933359955948621 99.27568053830076 -0.020739089600575508 0.9997617739109035 0.007082533893426681 -0.7061045105765698 -0.9931341655362926 -0.021413740942298122 0.11504800124975828 26.324936789810376
0.11486010395709866 -0.005065388379014917 0.9933707494666952 99.80808083593139 -0.02099032564830085 0.9997532220542352 0.007520645565719095 -0.6994756112616317 -0.9931656605519767 -0.021712145632607056 0.11472044095561484 26.387164969915222
0.11412606604784041 -0.006602005403160603 0.9934463557196298 100.83767083151253 -0.02100836619528909 0.999740387544534 0.009053152322951688 -0.6900555785619288 -0.9932501078671276 -0.02190098098494836 0.11395280359478725 26.505946404180943
0.11349966520235286 -0.007043014500879978 0.9935155593483935 101.86215366448761 -0.021002973600548296 0.9997372294198631 0.009481871784186812 -0.6821153453896271 -0.9933227937505817 -0.02193949283955905 0.11331647847015801 26.62189813068585
0.11323733252725465 -0.007120752841747355 0.9935447825512587 102.38308530410542 -0.02125266500852674 0.9997306654064015 0.00958292496685394 -0.6769977673557641 -0.9933473087352381 -0.02219732154170652 0.11305023403701618 26.682465786003668
0.11279988064542003 -0.007045511839005152 0.993595556444639 103.42375925793286 -0.022646999126183898 0.9996993720617952 0.009655320247732448 -0.6671484946351293 -0.9933665075439863 -0.023587682406342708 0.11260104848365415 26.804929089368816
0.11264623124675113 -0.007457126812617369 0.9936101298234282 104.4627913155358 -0.023126234551266018 0.9996841506361486 0.010119607275195872 -0.6573834044886742 -0.9933731502410356 -0.024114911353305665 0.11243263087138126 26.925204300402527
0.11256299317836943 -0.007791907393746671 0.9936169448120199 104.98835276159848 -0.023432899958325815 0.9996729605827556 0.010489220505077631 -0.6503107554233138 -0.9933754506819379 -0.024460458403245962 0.1123380658137108 26.987085114986808
0.11188043590792648 -0.010470873153525037 0.9936692387886606 106.03095267536061 -0.02396805256072773 0.9996276715295149 0.01322741755280401 -0.6369292707881775 -0.9934399286314918 -0.025292676473757242 0.11158211572307099 27.106981946842428
0.11102205353574619 -0.01143307515712429 0.9937550825645253 107.06661668123567 -0.024221621583558534 0.999608422696083 0.014201421908145684 -0.6238138849506792 -0.9935302978996978 -0.025643445932110504 0.11069578100854185 27.222974725845884
0.11065206921488957 -0.011159070409938606 0.9937995798832175 107.5976194381144 -0.024652597525340242 0.9996012327668878 0.01396417612726548 -0.6186519853216862 -0.9935611346186205 -0.026041128041645666 0.11032677635050121 27.283258004216446
0.11058559969227519 -0.009039683872933425 0.9938285750019454 108.59629523480525 -0.023554880752968615 0.9996567739250194 0.011708550597718201 -0.6123934353595135 -0.99359516948587 -0.02470041441096954 0.11032849145906011 27.39151362341289
0.11051723313971416 -0.008246208042714266 0.9938432210390238 109.6022426662814 -0.022830582643772832 0.9996834310772884 0.010828411904690693 -0.6056868954910287 -0.9936197059094618 -0.02388296285058834 0.11028784373963285 27.501815186016323
0.1103980806587076 -0.008358292779047543 0.9938554759725771 110.13857832316347 -0.02295606592078068 0.9996790441538566 0.010952330898429395 -0.5990581104396939 -0.9936299554977746 -0.024020403819223168 0.11016470374844191 27.563799900589892
0.10990258451056002 -0.011279230571059866 0.9938812171919156 111.19984427000361 -0.023205599537753353 0.9996364547439687 0.013905378165916568 -0.5844520687925874 -0.9936787613645163 -0.024588401860795153 0.10959443463986313 27.683243107213762
0.10947644558892404 -0.01277161039224701 0.9939101058571975 112.25787730496361 -0.02359020868609606 0.9996047288598466 0.015437962893661006 -0.569052812733777 -0.993716790168901 -0.025133254658812977 0.1091254450396193 27.800482435357626
0.10925044014343395 -0.012720535146943527 0.9939355896000429 112.81661304107547 -0.023371229002638577 0.9996111449425366 0.015356849723195246 -0.5610815466480944 -0.9937468851833381 -0.024904046170416246 0.10890428412170133 27.86014963169183
0.10875918218060456 -0.0116513285701073 0.9940024557635205 113.85563895768314 -0.02378955923885183 0.9996165816665449 0.014314742267125407 -0.5518205818065866 -0.9937908133162995 -0.02520058966173879 0.10843392268635715 27.972271984466143
0.10816216898757709 -0.01117912936561978 0.9940730147807517 114.87731263744058 -0.023919062595240778 0.9996200709716511 0.013838717221411159 -0.5426692115945283 -0.9938528066446 -0.025270934116092887 0.10784726098903984 28.081423063385206
0.1079928161708613 -0.01125996175529268 0.9940906583649525 115.407026371402 -0.023887366811451642 0.9996200501228246 0.013911989533307407 -0.5358178203984663 -0.9938721191713505 -0.025245454998374356 0.10767634162381771 28.13961793262556
0.10762237916657727 -0.01190262041489809 0.99412324423678 116.4471862194219 -0.02386162000267719 0.9996113034252085 0.014546194082385134 -0.5223343352686765 -0.9939128669424708 -0.025284035397849146 0.10729023009514922 28.253232674297312
0.1073136205370667 -0.012062046737202264 0.9941542497583875 117.49253081830189 -0.024285412479795678 0.9995975201758088 0.014744815282141065 -0.5093819639941419 -0.9939355852998706 -0.02572324902689426 0.1069715753105626 28.367222132548036
0.10707824938773451 -0.011946703590130591 0.9941809188007984 118.03483197833184 -0.024493863102982634 0.9995938035664488 0.014645227556987873 -0.5031062545026449 -0.9939557241295623 -0.025917089151453503 0.10673635146997904 28.42654716015802
0.10683312639000082 -0.011812756541437784 0.9942089245202175 119.06347336401616 -0.02398501874532767 0.999608897040554 0.014449769542118667 -0.49193986357718594 -0.9939945478415649 -0.025387517811923298 0.10650233399431401 28.535864794601387
0.10625196478224078 -0.011649160786680601 0.994272926694846 120.10520846726452 -0.02460089520057634 0.9995952191530902 0.014336256902209615 -0.4801620157120523 -0.9940414881126277 -0.025980984364345216 0.10591694313311455 28.64873310985968
0.10607001861475802 -0.011517807648971414 0.9942941680589934 120.63390290681646 -0.024675507127307345 0.9995955975888956 0.01420723954144341 -0.4748723265617247 -0.9940592088038889 -0.02603905932732475 0.10573727135920724 28.705654758586213
0.10572684215107056 -0.011523893487626771 0.9943307090741982 121.6699461591365 -0.02504575757099732 0.9995860617535877 0.014243482741743014 -0.4631195087850094 -0.9940865756497427 -0.026406976818204104 0.10538880559086537 28.817165763568575
0.10521405190173207 -0.012058397238983179 0.9943786118955643 122.72800968553952 -0.025076071840280423 0.999577317350244 0.014770469946023799 -0.45019489746056524 -0.9941402275865647 -0.02648674585699088 0.10486167063249002 28.928619476950356
0.10504262239067436 -0.012319447606233115 0.9943935960558354 123.26775972351527 -0.025316171114817352 0.9995671139077795 0.015053632157251272 -0.4415584777832043 -0.9941521942948482 -0.02675298294240346 0.10467969193599161 28.98704778656652
0.10427147504130202 -0.012044843476842376 0.9944783197735017 124.32911684782353 -0.025768887383471686 0.9995593976850515 0.014804069635498315 -0.4303967219660806 -0.9942216632438738 -0.02716765747939556 0.1039096639634635 29.098437143927864
0.10383275294533965 -0.010473274021580912 0.9945416488748615 125.35076805297318 -0.025139384607077722 0.9995981814082386 0.013147179711119075 -0.4239227752221741 -0.9942836275044303 -0.02636491178404128 0.1035224962073975 29.20147565094714
0.10352175775228951 -0.01017776686990689 0.9945770976249796 125.8746563423553 -0.025329292512652833 0.999597153525057 0.012861684504160307 -0.42030107353488666 -0.9943112420489952 -0.026521215387514722 0.10321706963225348 29.25719762290317
0.10287868893283866 -0.009975115186361252 0.9946460755575403 126.93566676945017 -0.025322916819064494 0.9996005282991363 0.012639869752168383 -0.4108178046077576 -0.9943782339728799 -0.02648524680226511 0.10257951225163539 29.362697187557963
0.10255784677524726 -0.011210298065105618 0.9946660395350431 127.99173920764393 -0.02492087572804059 0.9995953177442205 0.01383129876255888 -0.3971935011258299 -0.9944219039002117 -0.02620340386685287 0.10223154451690791 29.469357384667234
0.10231232324050915 -0.011427038926119593 0.9946886596765286 128.53634897141882 -0.025089375579378806 0.999587588453391 0.014060205351494723 -0.3890552033761471 -0.994442702426248 -0.0263918952298648 0.10197816254292293 29.52602849124663
0.10193633313314779 -0.012396662889454494 0.994715648937867 129.57381857162477 -0.025569373874013427 0.9995608167287386 0.015073629353451537 -0.37486524772734464 -0.9944689755560798 -0.026968054709166377 0.10156932484015728 29.634258526097234
0.10162601420472323 -0.012115973964079749 0.9947507622199697 130.60220802846348 -0.025756033396536863 0.9995597745968736 0.014802316124862104 -0.36474412158793007 -0.9944959840016708 -0.02712239498596588 0.10126397150594672 29.73851735284136
0.10150266236113878 -0.011917312780904509 0.9947660513888702 131.10748522257452 -0.025963193097926354 0.9995574939585219 0.014620199955104872 -0.35989610128046096 -0.9945035836043395 -0.027308333300210468 0.10114276745920038 29.79182447984232
0.10120654732916341 -0.011348218363286713 0.9948030402181932 132.10676968674463 -0.027328412438952367 0.9995274118741948 0.014178539460366787 -0.3487843595494437 -0.9944974482971414 -0.028618275000653656 0.10084284388959813 29.897604587084484
0.10172640970006379 -0.016369658964343732 0.9946799059264829 133.1293920182104 -0.028822433489638123 0.9993979568478091 0.019390791668573257 -0.3261970391739068 -0.9944019976642818 -0.030638622666191793 0.10118737922970666 30.005830918128066
0.10241339714269064 -0.023426116907133893 0.9944684212946724 133.65728142214581 -0.030937856031088236 0.999165809526405 0.026718662287782517 -0.30062580249571713 -0.9942680173831968 -0.03349995259281984 0.10159724510647283 30.066971686911657
0.10428465808385556 -0.04097181841936834 0.9937056220030124 134.6831493718914 -0.03645168860353991 0.9983239755866513 0.04498349561623471 -0.23493773175977056 -0.9938867029800248 -0.04091006830414065 0.10261049127291338 30.1768361860723
0.1072530293694325 -0.052227131053921516 0.9928612829528182 135.78779079703693 -0.03809933858053769 0.9976716485668924 0.0565913494442751 -0.16621896008616738 -0.9935087187698445 -0.0438934427202542 0.10500785694321195 30.29789121761498
0.10723446216374719 -0.0513805005735406 0.9929071310447212 136.32469988019207 -0.03915117053010459 0.9976726338356998 0.055851008482782655 -0.13969424776264705 -0.9934695507675658 -0.044859258215711593 0.10496770070777191 30.35902168024385
0.10705134182534186 -0.039744652946808956 0.993461030044082 137.37352049314657 -0.04139683707687065 0.9981578301895152 0.04438862582652807 -0.11223412113762182 -0.9933986647165421 -0.04587463411742222 0.105202966203785 30.479484166606003
0.10780726917481587 -0.028085919926934117 0.9937767246956865 138.41058217319022 -0.041447501251794285 0.9986064177805537 0.032714392657814145 -0.09861590255237063 -0.9933146169829585 -0.04471320069983492 0.10648731367415892 30.595728879175415
0.10793287095010917 -0.027469729649783423 0.9937804233552283 138.93146726712428 -0.04133694350701567 0.9986314936943874 0.03208869692335017 -0.08662978890658374 -0.9933058385704489 -0.04454017143308481 0.10664391548871573 30.655148691548053
0.10811812201515149 -0.030645324684102172 0.9936675941133274 139.99473651806792 -0.04241312048753297 0.9984743248002124 0.03540416081609436 -0.05103702594598577 -0.9932405677729207 -0.04596924599026408 0.106647850079511 30.774905497721612
0.10829548879103965 -0.032193326454832555 0.9935992939652291 141.05282660378884 -0.04269379197411095 0.9984047973676731 0.03699825199033959 -0.01350381018477921 -0.9932092773031406 -0.046424209244641974 0.10674266925003104 30.888264706886837
0.10828954222795614 -0.03202728196325803 0.9936054662343429 141.5846296137782 -0.04265753117227061 0.9984131697878593 0.03682701342949847 0.003916005132720904 -0.9932117243015866 -0.046369557119087634 0.10674569142534622 30.945353520711887
0.10847290426234805 -0.03111807490775717 0.9936138782702 142.6427177049554 -0.043024046180348406 0.9984285966934889 0.0359618608637961 0.03552889035289502 -0.9931755129232877 -0.04664728492239613 0.10695807089731914 31.059404991562644
0.1086414199236093 -0.031717037356065285 0.9935761425909717 143.71264603566343 -0.043554079329722245 0.9983813680390808 0.036629095297691705 0.0717791672015074 -0.9931339093513453 -0.047250939480166294 0.10707868575828094 31.177847649457686
0.10867116712410987 -0.031983668169644645 0.9935642559908016 144.26183868135888 -0.04380136844463551 0.9983594749707417 0.03692526888000262 0.09149665333276158 -0.9931199311720146 -0.04752950886631675 0.10708654405517705 31.239413606686725
0.10894868790187671 -0.032997834678851805 0.9935008246187871 145.32553415441558 -0.04407191527441846 0.9983079817863315 0.037986671028264474 0.1291645665273104 -0.9930778734184625 -0.04792119417465994 0.10730458676000953 31.35733534016419
0.10919253254723207 -0.032924240612709016 0.9934760669718341 146.39292601590307 -0.043910916251847586 0.9983176205661874 0.03790755957642488 0.16390918424586853 -0.993057907278334 -0.047761125012674925 0.10755791988926504 31.472952553892668
