1.0 0.0 0.0 0.0 0.0 1.0 0.0 0.0 0.0 0.0 1.0 0.0
0.9999997615814209 8.851289749145508e-05 0.0001423656940460205 -0.001091720536351204 -8.830428123474121e-05 0.9999997615814209 8.192658424377441e-05 0.0010508543346077204 -0.0001424849033355713 -8.156895637512207e-05 0.9999999403953552 0.05976438522338867
0.9999999697685258 0.00017119632558770803 0.0003033803237340038 -0.0018493024786323392 -0.00017101891184978513 1.0000001186843912 -9.082395537873822e-07 0.002957782749425042 -0.0003034107227373184 1.1206746890479735e-06 1.0000002818356002 0.07790662002140239
0.9999997999833715 0.00023303952417055894 0.0004351940297066006 -0.0024161006571936836 -0.00023279899335750692 1.0000001080984895 -1.2285468649764497e-05 0.005286250398153173 -0.0004352562672053766 1.2247983539242027e-05 1.0000001822239253 0.10357375645401909
0.9999996559615302 0.0002835032914834871 0.000602155901549998 -0.003169348269685766 -0.0002829840428859016 1.0000000952797434 -0.00010021139947676493 0.0072614103078987285 -0.0006023585080307107 0.0001001131002479452 1.000000048862689 0.14374771381934207
0.9999996034216165 0.00034077511125653266 0.0006624218400437984 -0.004449975525930546 -0.00033993022970740556 0.9999999513215503 -0.0001853737037867585 0.009164987152895175 -0.0006628033224512947 0.00018546227889605296 1.000000004022282 0.18347340042975988
0.9999998014999861 0.0003900107416678037 0.00069797493577921 -0.005628798721747537 -0.0003892465666200402 1.0000001724075314 -0.00018896211243311128 0.01136554829050368 -0.0006983369964319097 0.0001886483418591795 1.0000002182121748 0.21694839597592694
0.999999344481465 0.0004153018698040939 0.0005700360152572288 -0.007773765485460642 -0.00041427465288857606 1.0000000302118002 -0.00025847088816175113 0.012678340346346361 -0.0005705787548505081 0.00025827873417017157 0.9999999367874897 0.2741673052799139
1.0000002030739426 0.0004421217761001082 0.0002989858218016216 -0.010428799135393635 -0.0004419420905999557 1.0000007354727867 -0.00025463340016333 0.013658416309830546 -0.0002990275462349175 0.0002539422783176651 1.0000004500340813 0.3446163625319322
1.000000115765995 0.0005105585224594227 9.123233857713344e-05 -0.012393095578834959 -0.0005102720865519698 1.0000007215728046 -0.0001903771101747117 0.015218454522189282 -9.138217318291534e-05 0.00018969777445906462 1.000000468855943 0.386651699432379
0.9999998396717333 0.0005626398773165795 -0.0010929194504425744 -0.01682474680039698 -0.0005624130364737176 1.000000722348941 -4.5842299869793045e-05 0.015354335162389234 0.0010928336488438954 4.59861480228883e-05 1.000000008329538 0.4710512175960726
0.999994867539044 0.0004327759136930573 -0.003418425217506995 -0.022745575576080417 -0.0004323416132022254 1.000001045818495 0.00021356898978296753 0.014477945002238028 0.0034186995648436114 -0.00021275082326396638 0.9999950348552659 0.5697171564616941
0.9999915134078172 0.00044209247627529123 -0.004293796706155713 -0.026366907833916334 -0.00044085677193403703 1.0000012476477775 0.0003674295502091177 0.014665870139573451 0.0042941688692488805 -0.000366246719355781 0.9999917709071015 0.6294114705546879
0.9999641174949698 0.0003522495011245884 -0.00855980835309794 -0.03490433209131465 -0.0003449011499290166 1.000000735921536 0.000898917273762466 0.013120395162280217 0.008560262483538562 -0.0008965603469998464 0.9999640179897469 0.7475687979092156
0.9999010218940804 0.00024216784920828147 -0.014110963924627355 -0.04616243142165626 -0.0002215005345514596 1.000000183559834 0.0014924170158360452 0.010606591056131707 0.014111518708510632 -0.001489875706433733 0.999900466962534 0.8771858328635602
0.9998602449273444 0.00035003773726085494 -0.016745353900171584 -0.052652822205925896 -0.0003187765484703098 0.9999993492424897 0.001877579515511175 0.009246984468066566 0.01674594170562994 -0.0018724686809669972 0.9998591967180054 0.9510093209290091
0.9997036097223819 -0.00014970004217524394 -0.0243575920642308 -0.06902981994691665 0.00020289713329462277 0.9999986963054869 0.0021828028133360398 0.005548859346286617 0.024356968273370916 -0.0021873827709809595 0.999701925594284 1.1209017274662474
0.9994923605038678 -0.0005745652722774056 -0.031870320530857955 -0.08651599449313375 0.0006578367951044263 0.9999974995879937 0.0026038127645752387 0.0028504675359204133 0.0318685438582315 -0.0026237199532793943 0.9994897598891559 1.2904008532454263
0.9993710669122745 -0.0005316050660992867 -0.03548023015307674 -0.09579492417934107 0.0006423227297283159 0.9999962849436679 0.0031199938277827566 0.0012386688655223028 0.03547846120752606 -0.003141560883664609 0.999366747971959 1.3757216648606618
0.9990611108301963 -0.0008749045953127751 -0.04333230125890056 -0.11650352450144943 0.001032014572305918 0.9999944454419445 0.003608045900937942 -0.001757503228721067 0.043328769794177824 -0.0036501930043759245 0.9990552007523344 1.5532717782142593
0.9986916787141144 -0.0011781551407527861 -0.05114220386995866 -0.1393857513257906 0.0013928723214314562 0.9999916887639194 0.0041684325450685195 -0.005067493079269547 0.051136835514177505 -0.004234889642130106 0.9986837700382819 1.7275455950004908
0.9985104487189521 -0.0011261536013263706 -0.054563656243390886 -0.15303064907752573 0.0013896184900335858 0.9999888626013209 0.004791118340266077 -0.007345079836022877 0.05455742023186889 -0.0048605012952288645 0.9984998118217078 1.8394912731164543
0.9980733366215465 -0.0012019332380766444 -0.06204150766341394 -0.17982453060987108 0.0015303809206512276 0.9999863102604681 0.005245797512099933 -0.010358227943813865 0.062033807692388754 -0.005331335160953397 0.9980604650982131 2.045849307958915
0.997581704495371 -0.0014064691640403666 -0.06949604695027106 -0.20816547905022856 0.0018091459757461417 0.999983328039237 0.0057320147779588645 -0.01331367069484594 0.0694862004238157 -0.0058446562457453045 0.9975664543270762 2.2533840134137937
0.9973730283551246 -0.0011472698259943285 -0.07243235513778945 -0.224487473206496 0.0016020170811169166 0.9999809152091439 0.006219319086201442 -0.015025102069344761 0.07242310561626364 -0.00631991219093596 0.9973546742822853 2.3706825497520447
0.9968725803613065 -0.0011724211318068117 -0.07901873393376971 -0.2550525549573404 0.0017012605788287477 0.9999780043747578 0.006624067091271401 -0.01747208793684098 0.07900825137420867 -0.006738252553980944 0.9968517093723828 2.6023699019203157
0.9965045871301786 0.00034819435792642924 -0.08354165729866472 -0.28993143456030385 0.00021437924397214511 0.9999789053566038 0.006723799389318451 -0.018799581081551102 0.0835414786110839 -0.0067187733106502355 0.9964827199148331 2.8660781642100797
0.9963869840976364 0.000749341030740057 -0.0849267844792931 -0.3100014394383607 -0.0001727884395067923 0.9999782395586281 0.006791680442206548 -0.019521672365189296 0.08492885229940116 -0.006752729431473023 0.9963650616972961 3.013928902230727
0.9960965332274656 0.0007337724383545775 -0.08826433961763884 -0.34260806000003313 -0.00015745576478932554 0.999980003528545 0.006532229801708598 -0.02114041375603991 0.0882662385354262 -0.006493228661524515 0.9960764891083725 3.2822495842037585
0.9959604966504311 0.0013875916656073 -0.08978766409202586 -0.3757420135563835 -0.0007923078801698414 0.9999794968139871 0.006667768120511169 -0.020432657740173412 0.08979487702706039 -0.006570856129274739 0.9959402577076624 3.564840171018791
0.9959356749969175 0.0014820126713837704 -0.09006147819726064 -0.39329787439410413 -0.0008658110762250332 0.9999783595750572 0.006883154538921421 -0.01883065600475 0.0900695385467291 -0.006778446540954479 0.9959141300929676 3.7175499862395887
0.9958945798011407 0.0013134576215048546 -0.09051746294701128 -0.42408302967022704 -0.0006828355623625048 0.9999774913728859 0.006997884012751077 -0.017052437315031567 0.09052438025283892 -0.006908234881051178 0.9958719222638241 4.011511011940976
0.9958840572624543 0.001474390451449516 -0.09063578461881358 -0.45569282868382405 -0.0008271940703528239 0.9999765791878287 0.007181992157914606 -0.014539164423641357 0.09064432173273085 -0.00707872281405667 0.9958601132202456 4.3104783465551
0.9958699601635912 0.0014862276045198028 -0.09078933874132263 -0.47162644786999286 -0.0007966984882149049 0.999973012233035 0.007632495184180648 -0.012318285913137482 0.09079816631724787 -0.007529701829696066 0.9958425890273251 4.485353230504461
0.9958751274793469 0.001544211244698151 -0.09073671418661773 -0.49909789327333787 -0.0007747692276546434 0.9999661451596302 0.008518689880691585 -0.007740307189593445 0.09074693529315202 -0.008414521896999975 0.9958403542768657 4.78227249373766
0.9959208328930821 0.001848953190039559 -0.09023094109127923 -0.527295251607685 -0.001066345670117437 0.999964262102183 0.008726964440478538 -0.004215467871930213 0.09024417834151612 -0.008596556512933421 0.9958845367700846 5.07964570870394
0.9959521058727552 0.0021931926284368235 -0.08987607043910376 -0.5417757679043603 -0.001408502581943551 0.9999633823173267 0.008799297629927556 -0.0014229326088611846 0.08989236982248297 -0.008638706820023597 0.9959158162595175 5.221866983066377
0.9960261514878984 0.0024932117150992758 -0.08904796293018653 -0.5671057497644181 -0.0017049158244350465 0.9999617526044872 0.008936850624983136 0.0020018092066037226 0.08906734245267768 -0.008751185671716392 0.9959892137605829 5.502351630343941
0.9960793215797729 0.0032893336192393392 -0.08842707151403063 -0.5955841002579162 -0.0023818938585663334 0.9999467741873351 0.01037662546123279 0.008961218253017449 0.08845711624766911 -0.010127101536988302 0.9960305480897365 5.800875159419074
0.9961129773445108 0.003690780515996665 -0.08803138159712957 -0.6091364668838238 -0.002742470911859767 0.9999404554123645 0.010902798827196147 0.013835676142243614 0.08806707613201174 -0.010620671401459588 0.9960601950293043 5.943171847641995
0.996259620027227 0.003968181480619221 -0.08633927618654104 -0.6332652246091292 -0.0028441194723844865 0.9999128605407164 0.013145853380731818 0.021694382387504266 0.08638493563248698 -0.01285328181928192 0.9961808798991006 6.238181660976795
0.9963940083920796 0.004328740136602115 -0.0847563785579215 -0.6568808323368576 -0.0031065683541270477 0.9998926420723601 0.014554445882339588 0.02906395291665343 0.08481122038043304 -0.01424086671619419 0.9962971475281736 6.5230650791079166
0.9964443193897107 0.004448072445768435 -0.08415458835165619 -0.6674182410707268 -0.0032187178926262774 0.9998894089974592 0.014744325299267114 0.033294718265379615 0.0842118156506678 -0.01442324871349276 0.9963452699853812 6.649965025578382
0.9967676155233299 0.004390653200627436 -0.08023741510015575 -0.6844526559047205 -0.0031925305035227247 0.9998845307073798 0.015056983111136095 0.03847672275690595 0.08029531289971142 -0.014754400913649988 0.9966636078668025 6.921321261971446
0.9971275708068665 0.004439358199592772 -0.07562939925311012 -0.6997281198927886 -0.003292082815344266 0.9998808787511946 0.015294301563592513 0.04347062545801346 0.07568926060503915 -0.01500359146950424 0.9970202362272124 7.188945261542012
0.9972272663420396 0.004515761928595389 -0.07429175103579173 -0.7076616433896284 -0.003370866417344795 0.9998765611949684 0.015532465346221335 0.04817945213555507 0.07435352773449089 -0.015240941584283709 0.997117035473431 7.321033530687753
0.997608778526643 0.004229599626324022 -0.06900218708923855 -0.7191335512093959 -0.003113561161506518 0.9998658078165623 0.01628330451530657 0.05526101246907421 0.06906230555285599 -0.016031307812392315 0.9974852236667145 7.588821071161891
0.9980033287598914 0.003794725392515538 -0.06306726101650323 -0.727852891865955 -0.002742463811217533 0.9998587635169951 0.01677536526215062 0.061555428212829104 0.06312247532936206 -0.016570598751930572 0.9978699429469676 7.865130210296442
0.9981491278902266 0.00393519253872639 -0.0607090004092885 -0.7320807832166016 -0.00290863017097902 0.9998546233292281 0.017001711073574018 0.06641804207007919 0.06076757042325695 -0.01679545755165822 0.9980122586771932 7.980713801660311
0.9985177847797669 0.004100904670049502 -0.05430106237324133 -0.7345881577923256 -0.003171051732917373 0.9998503711351774 0.017212941914390774 0.07233631912710464 0.054364039912633694 -0.01701688279903787 0.9983777345458533 8.261401633583283
0.9988375380559917 0.004127387440538273 -0.04805695450615928 -0.735696562934343 -0.003305785038728196 0.9998503104410521 0.017177030610353555 0.07732425153629133 0.048121302042232375 -0.01700005324740485 0.9986983885024504 8.516931782910028
0.998944240589202 0.004278173347820429 -0.0457704693922315 -0.7362105904710664 -0.0034909184246936 0.9998478077852885 0.017272983449958135 0.0823240711289015 0.04583802160986327 -0.017096616813235852 0.998804198171367 8.635408999731315
0.9992487817667668 0.004314674555768643 -0.03854742323690806 -0.7344580213475942 -0.0036562326783948686 0.9998492661411542 0.017139903159666254 0.08767354066771553 0.038616323060260735 -0.016988238455353615 0.9991114248413573 8.907371768450993
0.9994873562840751 0.004344991492752627 -0.03177500231473183 -0.7299894676196923 -0.003794304582841991 0.9998453167765096 0.01739707890275476 0.0938346807369495 0.03184621531865867 -0.01726915282554014 0.9993457591754253 9.168702000520966
0.9995600750327215 0.004389102001475882 -0.029404487453735115 -0.7290467009099214 -0.003872931847033548 0.9998412120435827 0.017629421296422414 0.09928657552219701 0.029477797966840833 -0.017509534910946936 0.9994144040907447 9.28722367153914
0.9997359833969293 0.00425855403878665 -0.022673889155517657 -0.7234457793140261 -0.003858307753774108 0.9998397728890205 0.01771492824594874 0.10529095115980429 0.02274632056686127 -0.017624459590289118 0.9995883225932486 9.542944061801052
0.999879495974125 0.004451493766178807 -0.01501121561698268 -0.7139430795426402 -0.004185972571953675 0.9998378888131957 0.017747742209027938 0.11121705085427153 0.015088426457253858 -0.0176847177356984 0.999732222812322 9.786674456657384
0.9999261731197985 0.004407737874208782 -0.011494084124941406 -0.7100093584751873 -0.0042021422484933985 0.9998343557210766 0.01792292263927524 0.1166487564469174 0.01157183718709267 -0.01787528286398803 0.9997756057187813 9.900382856337858
0.9999851713200704 0.004111436086126263 -0.0040490203937777235 -0.6987826413583081 -0.0040403438570025246 0.9998408826869967 0.017597867327119498 0.12227134239971037 0.004121470614448098 -0.017583248847647365 0.9998392499592801 10.137790450118436
0.9999873155794368 0.004088151942183662 0.0034337970327404177 -0.6855758485185297 -0.004148105067370207 0.9998418240667145 0.01749156908084125 0.12823168182723138 -0.003360792657528093 -0.017508036802252443 0.999843172296861 10.371477422588951
0.9999690011123852 0.004029574277824523 0.006960999117198642 -0.6796525314497658 -0.004153406723642843 0.9998365468206736 0.01778548280458813 0.1342456153039721 -0.0068872255267335755 -0.01781632156413508 0.999819779142449 10.46637654478499
0.9998905249201674 0.00376167723012857 0.014390046338366375 -0.6631246012419383 -0.004020598450893134 0.9998332910713392 0.01798435333134957 0.14123623118991507 -0.014318791646858918 -0.01804293531924685 0.9997369228659877 10.706570795189997
0.9997514573542803 0.003910701424483504 0.02202191237982051 -0.6457696583232513 -0.00430369121517144 0.9998361607262003 0.017793253014765534 0.14702394668353672 -0.021947619389458214 -0.01788585539042858 0.9996018404001228 10.935229303921371
0.9996722223755006 0.003982781902811956 0.02536808347578236 -0.6386089322733919 -0.004436818989570002 0.9998346104788717 0.01784449482262247 0.15258369789423248 -0.025291667075432962 -0.017953428412609922 0.9995216675071327 11.031130311425821
0.9994445056877447 0.0039777216679324915 0.03315363455531267 -0.6180982077084547 -0.004569299318819919 0.9998352132037381 0.01777038907194001 0.1593353855444767 -0.033076293918133215 -0.017914340257532173 0.9992949864937553 11.239072107364949
0.9991719005325201 0.003657415456086035 0.04057216833465192 -0.5950798628180513 -0.004379789199003127 0.9998369714971762 0.017712198303769192 0.16541017045730363 -0.04049961210805757 -0.017877351247364823 0.9990222280191052 11.435511141694189
0.9990391620782035 0.003612764858817898 0.043727572681612314 -0.5851988434719357 -0.004396991604400444 0.9998347853349936 0.017838171158467805 0.1715591110063426 -0.04365474538109586 -0.018015439437586406 0.9988868387678831 11.514359756094848
0.9986792874680602 0.003068869441739884 0.051326636363906816 -0.5612700077114835 -0.003997513636837902 0.9998334502018781 0.01799478981296465 0.17938252613828606 -0.051261507309133786 -0.018178795503560476 0.9985223299803139 11.686267451677656
0.9982834775318722 0.002599845257683834 0.05854923802613823 -0.5385744819035714 -0.0036764028042791572 0.9998297060807144 0.01827777466609774 0.18739300215343976 -0.05849060955608623 -0.018463949420563962 0.9981198913743281 11.838873911320267
0.998101009471773 0.00257791494959211 0.061583979066675475 -0.5295088599383466 -0.0037223797596937203 0.9998262022632308 0.01846678178922222 0.19406594652368508 -0.06152448300627239 -0.018663252511486254 0.9979337580940287 11.916239781647235
0.997642949248215 0.0024156531097019904 0.06860546753873718 -0.5089522997294625 -0.003693369625601559 0.9998252296307991 0.018499547900474818 0.20149061308684604 -0.06854735936135946 -0.01871223287944722 0.9974750046716989 12.041832592976592
0.997155338115589 0.002304915000883699 0.07537051424626813 -0.4879257208839521 -0.0037150080662187246 0.9998244212118843 0.018565402786947224 0.2092150238731267 -0.07531324772402667 -0.018795221277801893 0.9969855506021601 12.170779606933745
0.9969631900699311 0.0023714638522095003 0.07787114194621739 -0.48166192331213303 -0.003841912361311206 0.9998207204327341 0.018729673175388914 0.21564581124982302 -0.07781144676155562 -0.018974434704911024 0.9967904009770199 12.219860634263489
0.9964824158448715 0.0023833327598565012 0.08379724671357068 -0.4644909553384858 -0.003984088699586494 0.9998161051370701 0.018933789406915428 0.22336963043126024 -0.08373525595273906 -0.01920360969728635 0.9963056734946508 12.317409482569236
0.9960372531966756 0.0024603315165928124 0.08892951338812854 -0.45007979173719853 -0.004171550832569777 0.9998128972626016 0.019056696593342633 0.23080683579182423 -0.08886442823208801 -0.019354878512604614 0.9958583973761075 12.406023680367307
0.99593393323329 0.0025870980313076435 0.09007462968997454 -0.44542714682580925 -0.004331259919394437 0.9998102383042237 0.01916721743385242 0.23711271761282687 -0.09000625808951355 -0.019482292111049026 0.9957533670160493 12.449384386648036
0.9955852224829681 0.0026296377442175433 0.09384116666281346 -0.434318738710324 -0.0044695630001501665 0.9998041326704896 0.019404230222138965 0.24416709832296635 -0.09377001184959315 -0.019741063834776557 0.9954006103404266 12.51502873829152
0.9953807002567266 0.0026643302669430006 0.09598658472147445 -0.4268415045945097 -0.00455406484600667 0.9998027687412658 0.01947330793690935 0.2504660579428027 -0.09591390786921024 -0.019823649293442127 0.9951947922115816 12.56745208476615
0.9953313668403515 0.0027423348192916783 0.09650125210336853 -0.4248258364846657 -0.004648509751305119 0.9998016279391467 0.01952804628853607 0.2558016031272324 -0.09642636194326908 -0.019888752249655552 0.9951442018111551 12.598599048847937
0.995222073263876 0.002798098912609516 0.09762829497483533 -0.4191837176989288 -0.00473321853506766 0.9998004592172857 0.019585825511939752 0.2612638626639615 -0.0975516427049451 -0.019957806037515565 0.9950334187163793 12.645036800462432
0.9951409385584469 0.002883370376066697 0.09845054000351361 -0.4155465885008541 -0.0048409893799377084 0.9997987465730704 0.01964123316518331 0.2664401345409417 -0.09837168983088787 -0.020025681725242543 0.9949512950545828 12.68057706629103
0.9951069407060225 0.0029861000848737467 0.09879002915775785 -0.41121110234881014 -0.004957454331112987 0.9997970438398208 0.019705221502529385 0.2690944324045399 -0.09870866706733444 -0.020101860999273455 0.9949163200359213 12.733895455877606
0.9950560488224792 0.0031094052918801416 0.09930272634239848 -0.40967483752086975 -0.005100192700826139 0.9997950878699478 0.019786636888641098 0.27281431978125065 -0.0992181653625885 -0.02019862791990672 0.9948639199703422 12.74571794049264
0.9950454895207653 0.0032154903626407287 0.09940341317981304 -0.40899972107260074 -0.005219108231552855 0.9997924368073617 0.019889809668727908 0.2768634895612563 -0.0993161482354367 -0.020313531882406363 0.9948516380190806 12.762525916392665
0.9950345727924987 0.0033651923249616916 0.09950920743091328 -0.4085773810741133 -0.005373268772964539 0.9997915925203211 0.01990346776469578 0.2806387612651215 -0.09941862081320958 -0.02034312139734145 0.9948407944160861 12.780520728694913
0.9950153366578869 0.0035750124200849883 0.09969440437604128 -0.4090470633005154 -0.005570303337124445 0.9997939727458063 0.019727918893004355 0.284122817658665 -0.09960049488239305 -0.020188457640403584 0.9948257833542314 12.793161199661654
0.9949953931101637 0.003729518932607565 0.09988615078032431 -0.40887378142695735 -0.005720826227892837 0.9997948235579904 0.01964204019690059 0.28805400832245875 -0.09978951570100238 -0.020118938253654062 0.9948080919503176 12.810290297043647
0.9949829536513938 0.0037719248359407375 0.10000601449222533 -0.4092934173701493 -0.005747192715870208 0.9997979558344547 0.01945684533861317 0.2915273064988569 -0.09990964528819747 -0.01993760789334909 0.9947995346141741 12.823716556428518
0.9949757370302041 0.0038711063726836266 0.10007162461459938 -0.4081902656096304 -0.005864401543727237 0.9997939595464916 0.019621628470551624 0.29593685966713573 -0.099972385389684 -0.02011328925789707 0.994789595679694 12.850248844555683
0.9949612875791343 0.004050876474864383 0.1002095467940776 -0.4078704674613458 -0.006068706601739159 0.9997885619445626 0.019829661760154712 0.3002242967425018 -0.10010539988014686 -0.020341096392493048 0.9947716175373595 12.86932032550614
0.9949459265177792 0.004160000085452143 0.10035593024696664 -0.4063405373750805 -0.006201308076793898 0.9997838385649682 0.020027034090078746 0.3044662310703134 -0.10024824818328242 -0.020551552416284327 0.9947528168538827 12.895778154737197
0.9949311323099124 0.004289716401762096 0.10049831038017071 -0.40570043229157016 -0.006337987004568921 0.999782295784227 0.020061454464704278 0.30814779135042075 -0.10038781000009367 -0.02060034942724522 0.9947377001044237 12.917007114728563
0.9949174298597404 0.004328956849906395 0.10063043092580369 -0.40493224266142785 -0.006390610454900289 0.9997796295787374 0.02016579252228228 0.31197540955290015 -0.1005185070485913 -0.020710019315246107 0.9947221277815637 12.936722881581987
0.9949018616986715 0.004463833545348003 0.10077983563567328 -0.4040443242091779 -0.006541592089279143 0.9997763424898203 0.020286730680601054 0.31593701930996404 -0.1006641830961903 -0.020846285764453916 0.9947045614549184 12.960179901273403
0.9948917181413479 0.004536466029927975 0.10087435688162437 -0.4029775311695898 -0.006624436926097378 0.9997739726744823 0.02036494457189427 0.31977855557417795 -0.1007566819729617 -0.020932963162618883 0.9946930900514555 12.984671364861438
0.9948750628946439 0.004676264141653611 0.10103165711073066 -0.4015109645626379 -0.006776330768950226 0.9997712443654118 0.020446401159384935 0.32370161312575485 -0.10091055844464111 -0.021030137442393106 0.9946753503005623 13.013056399704618
0.9948592062283315 0.00477435987653507 0.10118195362153123 -0.40086117155876777 -0.006884920984396127 0.9997688526335101 0.020515697085946083 0.32746291245865444 -0.10105841283060284 -0.02111070226602865 0.9946586599054164 13.031976983459534
0.994843329153815 0.0048933786117564765 0.10133236169475955 -0.3973074706576916 -0.00701634490201576 0.999766190283077 0.020601184986107458 0.3300367087677871 -0.10120575665516174 -0.021209885263443265 0.9946415962880113 13.082305373675167
0.9948286254882155 0.004981362332219911 0.10147199877012167 -0.3977059973878829 -0.0071137683140339745 0.9997645452294647 0.020659137411090853 0.33314271893622194 -0.10134294674554128 -0.021278381115827222 0.9946261700036585 13.08627791580415
0.994808929960908 0.0051177512359926285 0.1016583592394401 -0.39569564202217755 -0.007265026067311327 0.9997614158226321 0.02075854503615765 0.3371108346767644 -0.10152566603384701 -0.02139350681148105 0.9946050326948213 13.111996763006932
0.9947907387617831 0.005225641308093898 0.10183347025278736 -0.39429491539835765 -0.007387430430632995 0.9997587408175462 0.020855745631744055 0.34115777789002893 -0.10169750039806717 -0.02150386913682114 0.9945852257206739 13.133991038774049
0.9947672492583574 0.005325208912571841 0.10205543358463567 -0.392651235653052 -0.007499903958360068 0.9997563493339672 0.020930491126525307 0.3452056413637926 -0.10191675259894122 -0.02159087277773853 0.994560752335167 13.157630154491669
0.9947379285199635 0.005464642713516375 0.10233633126897976 -0.39048963059285474 -0.007653262436254803 0.999754012172013 0.020998128964784684 0.34935155471568097 -0.10219398890625628 -0.021675759649369616 0.994530625098823 13.18627536757677
0.9947129113267914 0.005580777862009866 0.10257202668874359 -0.38875319027018285 -0.007785363045448628 0.9997505114240741 0.02109979404491047 0.3536271638870628 -0.1024264379549663 -0.02179146912153225 0.9945040459030549 13.212754071017823
0.9946775041711783 0.00569159432810031 0.10290807536738653 -0.3869791702926703 -0.007910205650321784 0.999747829411203 0.021161224378430852 0.3578131063588833 -0.10275963473015785 -0.021867001151088715 0.9944680233099708 13.236822972965312
0.9946302609081726 0.005847974277247703 0.10335730308174908 -0.3846539847433588 -0.00807808997017624 0.9997466106196494 0.021167159474172182 0.3620048487194321 -0.10320516174368456 -0.021892926859275064 0.994421531338755 13.266028887531721
0.9945976168529459 0.005990734543119431 0.1036659806651801 -0.3827019344487839 -0.008229841820710956 0.9997455122744806 0.02117776805575565 0.3664404847153986 -0.10351019241483705 -0.021921287582199744 0.9943894627509358 13.29435491926417
0.9945209455208898 0.0061187623751661705 0.10439071610039888 -0.3789769903938824 -0.008371961426718913 0.9997448044110506 0.021153052610084735 0.37095195150927135 -0.10423213392360492 -0.02191585762028817 0.9943141368124269 13.329280140676435
0.994429570621294 0.006161058056407295 0.10525576356424861 -0.3783720445896454 -0.00843177778052922 0.9997443918704677 0.021137762394512014 0.3756249389637781 -0.1050962970108141 -0.021911986780825506 0.9942232850549312 13.340746620802015
0.9943944137083619 0.006265097026594332 0.10558171948012601 -0.3771194776974214 -0.008546948291333668 0.9997424933389241 0.021170480706276463 0.380660930050196 -0.10541970820046573 -0.021958481665102704 0.9941878420631 13.36476579542113
0.9943246057725967 0.006182048832773658 0.10624242353411253 -0.3801487041754397 -0.008459019805351558 0.9997471537730329 0.02099157608949995 0.38528598663422897 -0.10608360727084562 -0.02177538697747992 0.9941212478560185 13.34849286375224
0.9942421253318057 0.006045489187389685 0.1070225156444023 -0.3820649199126433 -0.008326345971206062 0.9997511683740005 0.020870713980733147 0.39046703620133705 -0.10686726396862506 -0.021646239215275646 0.9940403730176515 13.342204017178688
0.9942391714313623 0.006114765711195254 0.10704551628875468 -0.38586916337840726 -0.00838514983779688 0.9997529671682606 0.020766698345448892 0.3951443210567564 -0.10688960601728863 -0.021549296056908973 0.9940402010365746 13.336789441333702
0.9941570428481112 0.005414301538711246 0.10784164366433716 -0.3908554301654511 -0.007693493346806579 0.9997591966660602 0.020726586710149087 0.3969003745347674 -0.10770107888260139 -0.02143968316261173 0.993954828391974 13.30525516628251
0.9938587715208441 0.0055921669110976496 0.11054576975227039 -0.38311384076561406 -0.007936122939177663 0.9997556744056656 0.020777134054138648 0.40307178589862414 -0.11040042332449007 -0.02153122807422334 0.9936565507386308 13.340640488866232
0.9938133903144104 0.0057720793397214734 0.11094359016190729 -0.37887468322171625 -0.008129253483855736 0.9997533056826248 0.02080872717760552 0.4085033038644644 -0.11079398800721897 -0.0215861952461799 0.9936115126568509 13.375428542659774
0.9932801939635312 0.00607769433910172 0.11560247638413343 -0.36440028549507064 -0.008545410963848511 0.9997484491577187 0.020866358969451066 0.41497183523909276 -0.11544442267722359 -0.021718387642082563 0.9930789595355847 13.430588962175943
0.9926266070864329 0.005922940545174962 0.12109336229412578 -0.33720889742302285 -0.00852129803654353 0.9997469282059062 0.020955640873882034 0.4223660620912961 -0.12093635032151874 -0.02183721777321628 0.9924225445665148 13.57585919111956
0.9924364218468125 0.005973805238828455 0.12263646304554224 -0.32645712418093886 -0.00862136586776863 0.999742834852535 0.02107632403650171 0.42844328080951016 -0.12247697697586277 -0.02197809736795043 0.992230151225394 13.641426450385264
0.99159982111547 0.005646939476817058 0.12924126336689423 -0.29957849807348175 -0.008446435368287776 0.9997431884119381 0.021130017670229095 0.4356871570365689 -0.12908668217493743 -0.022048147660706025 0.9913905240187387 13.75733972509881
0.990696173447503 0.005449611367436853 0.13600403761466773 -0.26414230988886056 -0.008403471532014848 0.9997428270661505 0.02115977794395967 0.44262835457797994 -0.13585175520216644 -0.02210966876743654 0.9904847742530567 13.927566261346206
0.9903469299760219 0.005349188962598931 0.13852963785757055 -0.24863098874737577 -0.008378454321625563 0.9997399933537875 0.021298293828642064 0.44928959879695807 -0.13837774492961194 -0.022257185389921174 0.9901317176757568 14.003746695682594
0.9892877998120188 0.005416979150419906 0.14589705629922517 -0.2121244283989637 -0.008612237432108906 0.9997379606885545 0.021283609846307373 0.4574154791374912 -0.14574149867390412 -0.02231613975251593 0.9890732160386785 14.156225130543739
0.9879260159381988 0.005718219513619149 0.1548390544177607 -0.17825985936506306 -0.00909583824533749 0.9997374263755439 0.021120400178424526 0.46606426496263603 -0.1546755732429827 -0.022277640866670348 0.9877163206447281 14.276401727490128
0.9871138319073617 0.005749340959976719 0.15993645043099644 -0.16063243265972665 -0.009268629307810285 0.9997334215960882 0.02126977944397194 0.47390892877036217 -0.159769602018151 -0.022481515978329095 0.9869006466773212 14.346315719600799
0.9851699670764474 0.006248015280879366 0.1714864991945162 -0.11475859561073101 -0.010027984925223301 0.9997279222719451 0.021186777990432625 0.48367744071475754 -0.17130554667565515 -0.02259591246045208 0.9849612060477827 14.503230209198794
0.9818536332726064 0.006595120093920719 0.1895429684244398 -0.032255120751895155 -0.01066927347054216 0.9997357369503025 0.020484122805159967 0.49514682282016564 -0.18935592322300993 -0.022138284817430975 0.9816612545518597 14.776263570924922
0.9790714471274224 0.007176114221802086 0.20341021926098113 0.03349776242771621 -0.01152974456639309 0.9997317368361113 0.02023133714955577 0.5045105862488715 -0.20320854314066322 -0.022156624196928165 0.978887366427445 14.9893364763388
0.9760276962192291 0.007494291619151919 0.21753506044799648 0.10308833206021725 -0.01216403517622702 0.999726369837508 0.020139823971004434 0.5139360559985025 -0.21732235012312243 -0.022306536294516136 0.9758477396665526 15.195833669065724
0.9745107798688553 0.0075573283605726155 0.22423136125577295 0.14751561594555568 -0.01242849697787831 0.9997199346044728 0.020323412041204365 0.5206533750617004 -0.22401267959819499 -0.022595194198644412 0.9743272855461422 15.330895186355951
0.9709049821775049 0.008027673920416112 0.23934429640234803 0.2238816126038338 -0.013225005312937717 0.9997135496471515 0.020116340847571704 0.5301781528928654 -0.23911168697225316 -0.02269930411934154 0.9707296031122749 15.529748487866925
0.966916154831991 0.008664848844930066 0.25495923121930514 0.3177368892629003 -0.014164127336172866 0.9997079798504415 0.019739759655277078 0.5398755672320429 -0.2547112071426273 -0.022700882948119297 0.9667534801962622 15.779931168896209
0.9598453599484755 0.009789084413571002 0.28036904994021 0.4556952430286081 -0.016046658350718036 0.9996737014021909 0.020031203749660786 0.552389503164031 -0.2800787937076772 -0.023728931146264173 0.9596865550902229 16.116436742373384
0.9549982723804515 0.010897077629771584 0.2964205030175116 0.5562401419708107 -0.01758030401825603 0.9996506456909742 0.019889266603451812 0.5625178369822016 -0.29609768840276257 -0.024208034462121667 0.9548538420400784 16.35361982405762
0.9526155351572032 0.011209653232406972 0.3039793297734444 0.6189438626542845 -0.018119534809817813 0.9996408604499866 0.019919471022583166 0.5703048574161071 -0.3036441433562786 -0.024486204044553046 0.9524739238418589 16.505756919705554
0.9470637103217371 0.01221514384308099 0.3208207865834211 0.7324172789131905 -0.019579382385824726 0.9996166987360762 0.01973689248751292 0.5813980968607922 -0.3204539708696848 -0.024975818558939065 0.9469377806110911 16.755091888145383
0.9411668022947732 0.012955401768631249 0.3377021422865933 0.854470892032946 -0.02078345640103324 0.9995958981617074 0.019574329185706757 0.5919320908129116 -0.33730945799578677 -0.02544392451541118 0.941053128138842 17.01242110431241
0.9380810815432754 0.013299763113191873 0.34616799395656184 0.9182464190499026 -0.021420392920620174 0.9995810127435935 0.019642756999679496 0.6001797074625724 -0.3457591475802523 -0.025844043667490425 0.9379703731048477 17.142994085272843
0.9313390999959805 0.014003693773235067 0.3638914314870789 1.0598704981297347 -0.02282191846759789 0.9995440884659648 0.01994459631811917 0.6124070210911637 -0.3634437002899959 -0.026882344993168855 0.9312313901664456 17.42261897223747
0.9235687190906746 0.01459916067520952 0.38316212026382845 1.2099911722861618 -0.02426614612520977 0.9995006114771171 0.020408628376181057 0.6246231523088143 -0.3826702026499265 -0.02814892784255512 0.9234592887891457 17.70256858462951
0.9194952093780241 0.015132838398779267 0.3928170795924344 1.290930343259853 -0.025098945523067222 0.999483280255785 0.02024762467653578 0.6326903920801223 -0.39230495152290473 -0.028479091962677037 0.9193975005916085 17.849735683662647
0.9104899055470543 0.01623698393786499 0.4132197168129542 1.4564002905733173 -0.026715655293135382 0.9994544925784373 0.019593984287437426 0.6438411948267737 -0.4126732467599752 -0.02888180996325598 0.9104245156741584 18.135285022122183
0.9004628698737513 0.01709499352242115 0.4346033915485214 1.6325615057339016 -0.028340014574677497 0.9994131037662678 0.01940752448999673 0.6552269888442186 -0.4340131950784249 -0.029794643251871398 0.9004167550539607 18.420143193406375
0.8951183189581172 0.017542404809982887 0.44548959472794747 1.7222965856758488 -0.029177999479097046 0.9993914294185523 0.01927388384515028 0.663506510952836 -0.44487694747700385 -0.030253004261772628 0.8950836652644029 18.559063221198144
0.8832682300133556 0.01867680237813631 0.46850241717624647 1.9188087812986148 -0.031438159759210875 0.9993202499282209 0.019433043334218546 0.6756178914152787 -0.4678175153865516 -0.03189549186158256 0.8832530509252755 18.850957237679236
0.870121149739903 0.01987730528272065 0.4924433421295758 2.145646951335909 -0.03337479835898904 0.9992726694899194 0.018636609363718172 0.6854659877573267 -0.491711187773356 -0.032653424156110805 0.8701496212240937 19.165156585429813
0.8628514708240108 0.02055825342931476 0.5050451367252462 2.2645636213197977 -0.034299931868654654 0.9992541454157154 0.017924592495606385 0.6930366906120464 -0.5042963675657605 -0.03279119636584163 0.8629115062651106 19.321596645758
0.8474115927661748 0.02202776233203624 0.5304846154555778 2.4974359171744682 -0.036984661550380354 0.9991644685168088 0.017590693178811737 0.7033187158896677 -0.529650326566486 -0.034528213995218424 0.847516991949337 19.607770628216933
0.8304804961529694 0.022893595351646426 0.5565823161242145 2.727820153303177 -0.03932073664413121 0.999075830188876 0.017576111130354042 0.7139093666309806 -0.5556622012601371 -0.03648395997291035 0.8306120842180768 19.865671594641967
0.8214210290719425 0.02371185665992757 0.5698341501417512 2.862953350542497 -0.040670055895176034 0.9990306089724664 0.017054316104036054 0.7225714556813093 -0.5688740268742928 -0.03718600500631979 0.8215883116145777 20.016853073602448
0.8021560601340906 0.023762854200276403 0.5966462239531298 3.129892073890738 -0.04201970229190904 0.9989806363779026 0.016705843780787405 0.733052441088057 -0.595637794969286 -0.03847367223200154 0.8023360803442335 20.291814546226604
0.7817534726859825 0.024340457453906096 0.6231167636550656 3.405499783777294 -0.043246392666892106 0.9989515202781142 0.015234649457238894 0.7405182399623028 -0.62208935346089 -0.03885900358526825 0.7819860056762564 20.554616809211595
0.7709405766997666 0.025088668934397502 0.6364168244480689 3.546392029976015 -0.044015105321135894 0.9989368552732086 0.013938722596216688 0.7469231482950607 -0.6353869889072665 -0.03875965572583 0.7712250489256721 20.68509117211402
0.7481529291116519 0.025238558892249612 0.6630498673730784 3.848968200749284 -0.04462915614479841 0.9989306861873773 0.012333315892793876 0.7542604602738417 -0.6620260012793631 -0.03882009091419317 0.7484792651935644 20.947146802321065
0.7242209305012669 0.025697416744733893 0.6890925785663177 4.165580855244121 -0.04598209654079624 0.9988838533682297 0.011075647260052161 0.7603538329103541 -0.6880352781682927 -0.03970849250222189 0.7245944083114138 21.20059043032687
0.7124630241164466 0.026226213654189083 0.7012231718414402 4.338695064230089 -0.04676290840356339 0.9988573379240937 0.010154035476450815 0.7659481793495686 -0.7001521747874241 -0.04002728931936746 0.7128753858039537 21.33800797651201
0.6876771994286234 0.024806020159583827 0.7255965229874985 4.669906016548832 -0.046143134633256075 0.9988919792620438 0.009581884190080393 0.7734523124161444 -0.7245513197208515 -0.04007252884828311 0.6880599677476092 21.57619046978035
0.6612540984533192 0.02407176254132013 0.7497796175656848 5.0246592668898655 -0.04623776632623266 0.9988959366567536 0.00870809831462745 0.7801442361038776 -0.7487385295693009 -0.04042843792640579 0.6616369910096198 21.815913185731098
0.6480411568272579 0.02450798177305486 0.7612144914545672 5.210767487506872 -0.046934242349696814 0.9988709655182352 0.007796353410322353 0.7853761684276026 -0.7601603770817388 -0.040781274966115034 0.6484599468092291 21.938114555206706
0.6198607342139785 0.024366970847892452 0.7843368366202482 5.564295958229167 -0.04772045382147227 0.9988417497158117 0.006682170809369142 0.7901491865491409 -0.7832620521412698 -0.04157288171306939 0.6203060713884863 22.144340788190696
0.5913072582007639 0.024140055896311012 0.8060881400588717 5.941401082225056 -0.0480607749600701 0.9988333391399479 0.005342560078435878 0.7935627238986179 -0.8050152871311108 -0.04190224086040191 0.5917783778717368 22.351466225851635
0.5775371446205851 0.02398652048372208 0.8160152841325718 6.172154543912267 -0.0481094171904602 0.9988345285767478 0.004688920674965751 0.7974590915881321 -0.8149483795995804 -0.041968034820281344 0.5780186742238943 22.475364567385117
0.5482856833121152 0.02271185904015511 0.8359858201200655 6.567584085638428 -0.0469678244509843 0.998893118263938 0.0036661745558775353 0.8008147352264546 -0.8349739945128221 -0.04127654048510718 0.5487462471658036 22.66340316186113
0.5182504049625735 0.022422820822284424 0.8549379688146865 6.986507393403496 -0.047733667953933204 0.9988594613983818 0.002737749851053239 0.8022844556549114 -0.8538986925095817 -0.04222991134601002 0.5187304116172177 22.852384187344683
0.5039408262411199 0.022989276103265018 0.8634354250573218 7.198678234450154 -0.04862134253836526 0.9988191545776389 0.001783852608236901 0.8041092310375736 -0.8623723890817918 -0.04288253903312148 0.5044640736041026 22.944014324736877
0.47406122666464023 0.02361924851905052 0.8801784143406406 7.6265645509161955 -0.050097767782000334 0.9987482038094757 0.00018143522001418154 0.8027436153943244 -0.879069867580264 -0.04418356697019012 0.47465158530493795 23.116008180685274
0.44480227120812565 0.022796184142957934 0.8953419687148846 8.05173445593923 -0.049358116979345654 0.9987844559378206 -0.0009089027859322548 0.801314469772173 -0.8942719137807724 -0.04379057920984168 0.445387513877905 23.270058784442174
0.43079767937079977 0.021553817516933936 0.9021944109849922 8.28625150772938 -0.04800698956769182 0.9988504301614423 -0.0009396423587780466 0.8020960378374163 -0.9011749149768463 -0.04290937578874561 0.43133786503116256 23.352178781829977
0.40305250273249216 0.018362290089556334 0.9149959031996879 8.7402384411038 -0.044607289069659974 0.9990085168299953 -0.00039879058049113747 0.8040400248416065 -0.9140935956793806 -0.040657390023288 0.40347286356056405 23.499397986764084
0.37439545544310787 0.017589612848206176 0.9271052975167104 9.191901116332032 -0.04597670425389404 0.9989461397065136 -0.00038536939996958934 0.8051226909286869 -0.9261327789045106 -0.042483467039212706 0.3748103665618309 23.63503710965512
0.360502994272846 0.017955258094972025 0.9325881264684812 9.435001238160696 -0.046502149289928824 0.9989207890185626 -0.0012564854101147307 0.805962339350913 -0.9316025017078149 -0.04291697240424672 0.36094972425992455 23.70459714548893
0.3326461539678275 0.017539454897413584 0.942891520381664 9.951995324883242 -0.0486448001657032 0.9988183602917832 -0.001418212404002049 0.8048211053365981 -0.941800599257806 -0.04539741465086991 0.333107177661066 23.845332853649573
0.3057063883487222 0.0149018073209882 0.9520118982397379 10.452511719310492 -0.048284975102381215 0.998836628288585 -0.00012964489329600828 0.8081641439104518 -0.9509050937111048 -0.04593055854508557 0.30607100505809876 23.96524399119874
0.293194211366502 0.014085621449976857 0.9559516511777258 10.719420964717198 -0.047897178557859056 0.9988552866600661 -2.730859909266643e-05 0.8101049105768672 -0.9548567147721125 -0.045781812457237524 0.29353387167839773 24.024557822485967
0.2679994469795689 0.01423078836140686 0.9633165719464929 11.252420020305125 -0.04824000677481595 0.998838079510994 -0.0013349424924307342 0.8077048179587529 -0.9622147127124914 -0.04611519354732565 0.2683751599290826 24.136146706381474
0.24471110236545243 0.01657276473608514 0.9694569019480498 11.771940363569554 -0.04765560577189927 0.9988540438186199 -0.005045977684467697 0.7992756133648289 -0.9684281152161329 -0.0449677809303034 0.24522104344430462 24.233774330358408
0.23449721220570377 0.017063194139432303 0.9719695729490964 12.06165713984108 -0.04767890003086236 0.9988474588156829 -0.006031678334396247 0.7954817864427604 -0.970951053027616 -0.044930651586455435 0.2350410468799422 24.287611906668506
0.216352583380026 0.017766598956092384 0.9761563164268741 12.614543044745409 -0.048159465994432216 0.9988142390894064 -0.007504446648768707 0.7900127787565675 -0.975131312628844 -0.045390118688020856 0.21695215702059303 24.37935230853583
0.19979714111951713 0.014274837848530317 0.979736029106432 13.205023675684528 -0.042341610230673545 0.9990883554799636 -0.005921402798558995 0.7886932042641496 -0.978926684291912 -0.04030302381981731 0.20022023254408336 24.470650013657806
0.1927529185209228 0.012684793766382978 0.9811683784782201 13.513299616854248 -0.04043907804383873 0.9991728529967056 -0.004972080973739312 0.7899732668599562 -0.9804190624659828 -0.038721139624308495 0.19310746246054097 24.521009691073214
0.18112372766475432 0.01400599799461484 0.9833635818070896 14.115737144827971 -0.04289954651526954 0.9990626274208506 -0.006327147063271616 0.7815635621029654 -0.9825296928496672 -0.041041963985028816 0.18155574697354368 24.62139234944916
0.17271178896862466 0.01807834094605922 0.9848096593577323 14.686536574049546 -0.04388712244401739 0.9989829290767365 -0.010640918389377143 0.7663610161608827 -0.9839997288414862 -0.04138470978045506 0.17333060985988222 24.712193186444626
0.16841325892867992 0.01852548518558994 0.9855457859454411 15.000913029611656 -0.04477185560599886 0.9989386404610067 -0.011125566777082171 0.7622745995515925 -0.9847053048537698 -0.042252756907540566 0.16906506539898908 24.76449685975241
0.16189595687707792 0.019280114586853806 0.9866226540260259 15.585253185767774 -0.046540539721684114 0.9988487029420522 -0.01188139964918953 0.7518773695262603 -0.9857157577321564 -0.04399609706769157 0.16260801840288966 24.855975375838455
0.1590021990448687 0.021132126775832098 0.9870552410738505 16.180081987064966 -0.042204716904327574 0.9990057354428068 -0.014588580560858785 0.7403538691574022 -0.9863818576656467 -0.03934010957678513 0.1597370626545834 24.94816273715932
0.15852136465848393 0.021268307069629122 0.987129681402236 16.503882101159977 -0.04219255203000254 0.9990040461343596 -0.014748023576878372 0.7364421381834417 -0.9864600093184733 -0.03931288826009401 0.15926176252411497 25.004430246505258
0.15632346418231782 0.018645116960716187 0.9875331524727017 17.108801973855346 -0.042985428919090254 0.9990064628959691 -0.012056834846872384 0.7330979353509431 -0.9867763958643715 -0.04056602465596386 0.1569705003216186 25.103540156225225
0.1561995426514808 0.01582310897258529 0.9876020321469194 17.714320584408064 -0.045094037736925406 0.998946729885015 -0.008872651452172616 0.7327433264215325 -0.986701935117531 -0.0431505148425074 0.15674946561829653 25.206327763133615
0.15657270784020086 0.01539163471622429 0.9875497830186809 18.049049034675363 -0.04636368653918975 0.9988940853982773 -0.00821741257704142 0.7345365159270943 -0.9865838665873838 -0.04450127752922429 0.15711423412790443 25.266411198638664
0.15747227439046546 0.01428164083019493 0.98742318194379 18.688967489204007 -0.047238981934676155 0.9988626927869274 -0.006913157758572714 0.7343065515669188 -0.986398878986589 -0.045557733436622984 0.15796911333566527 25.376662463867117
0.1580789804242684 0.013752477056729953 0.9873334265804679 19.298349556411495 -0.047090999675045694 0.9988729793940457 -0.006373088939945777 0.7322485792176737 -0.9863082620930724 -0.04548891753694283 0.1585500206831642 25.478650137903404
0.15804621044140282 0.013696107197391772 0.9873394707510337 19.61218107835775 -0.04713637362472958 0.9988711843755574 -0.006310310335100472 0.7319270777537055 -0.9863114687297666 -0.045544067380474416 0.15851490501339724 25.53369168382927
0.15820423955511093 0.013198818382724234 0.9873210936273599 20.24283042674843 -0.04730708547517757 0.9988666433790157 -0.005772481134233197 0.7302176878269767 -0.98627810790114 -0.045795830133423726 0.15865078351991427 25.640058782990764
0.15922116762873592 0.010684216306543799 0.9871878587767935 21.166315271902178 -0.046926661619321706 0.998895834254391 -0.0032419980315407004 0.7288517032521299 -0.9861325075439955 -0.04581096992428774 0.15954835231674425 25.790208093535192
0.15930794570122403 0.010163582720211133 0.9871793044417737 21.830123319454465 -0.04681119905108916 0.9989024362994937 -0.00272953845431489 0.7290362765807633 -0.9861239908215758 -0.045778026169025904 0.1596105745193647 25.89773862824074
0.15916507858994863 0.009810042817316232 0.9872059497999736 22.499584293572095 -0.046974844732357905 0.9988955610973455 -0.0023519252706424337 0.7289543071586067 -0.9861394236064153 -0.046001338279925724 0.15945185712757834 26.007741851289612
0.15933698388866183 0.009342059712718797 0.9871825545469336 22.87113530284767 -0.04706980413107601 0.9988919028476108 -0.0018549830037968814 0.730750760147876 -0.9861071536462183 -0.046172803301094516 0.15960179344460587 26.07137151841119
0.15942378033189034 0.007726890895258789 0.9871825152794744 23.569974997786748 -0.04744409015200014 0.9988762401031435 -0.00015592998878476627 0.7333340274787684 -0.9860753829610922 -0.04681263682241334 0.15961282340522215 26.18834674326847
0.15888084224516724 0.007149468959263709 0.9872739213521813 24.29748512022612 -0.04849253212766707 0.9988250021708037 0.0005719257749067942 0.7350868843700512 -0.9861116290464536 -0.04796818181294025 0.15904296529864698 26.310416133135192
0.15861189912063478 0.007199400050072646 0.987316637503757 24.665004972055183 -0.04851990752155773 0.9988236307754049 0.0005128327937422381 0.7355310876773307 -0.9861532526427998 -0.04798805534028386 0.15877688377858512 26.372205086608876
0.15828098744699032 0.008536463054019425 0.9873589711943901 25.36034507855546 -0.0457851741216509 0.9989516395567414 -0.0012953307684683262 0.7333205851047109 -0.9863369266728546 -0.04500373084269668 0.15850820252472117 26.48456439057225
0.1580381636005222 0.010342267669101644 0.9873807121357782 26.04293049724434 -0.04547416652914214 0.9989617705322053 -0.003183728002625699 0.7269606654855046 -0.9863904527828017 -0.04439926434630402 0.15834642152152953 26.59574060025955
0.15776877036470685 0.010788600269732057 0.9874191277386765 26.390549594498577 -0.04547554690146364 0.998960232205765 -0.003647507031135442 0.7251624487213765 -0.9864339143015679 -0.04432991715928937 0.15809716972719035 26.65411008440623
0.15755631897518957 0.012623222375869558 0.9874312574606106 27.056569901386837 -0.047022790451522994 0.998881374997935 -0.0052656578046662884 0.716889447266277 -0.9863953523504592 -0.04560408263523402 0.1579753969807122 26.765212010288945
0.1575605820986981 0.011901379197646163 0.9874395330542952 27.76603064039714 -0.046737845260253486 0.9988980360093981 -0.004580800639116073 0.7151599429164299 -0.9864082557973883 -0.04543109359726634 0.15794499067066378 26.881422864684374
0.15766521730217267 0.010985943902984182 0.9874334115900877 28.128748192288374 -0.04638830879107794 0.9989178588434454 -0.003705688547258516 0.7169710820726016 -0.9864080441075143 -0.045223222578114425 0.15800600418409877 26.943317583782896
0.15709796765459633 0.008302728080334582 0.9875503200027588 28.85759622862899 -0.046511874420648476 0.9989187336821672 -0.00099785224770247 0.7190330114915764 -0.98649290219746 -0.04577792801284315 0.15731627835468226 27.06249757898357
0.15659907189062497 0.006368011785852268 0.987644031567159 29.60732436052202 -0.04717809046076887 0.9988874694047428 0.0010412655297645178 0.7218828228530603 -0.9865405769055552 -0.046760254394182965 0.15672730351296393 27.184961198201876
0.1564161581841499 0.005911455165253988 0.9876760276844397 29.995222132210124 -0.0475429587862962 0.9988694190903745 0.0015522449507390079 0.7247423271626171 -0.9865522836088704 -0.04720165600992974 0.15652227907308927 27.249943664974804
0.15600555566495045 0.004676197308081837 0.9877475798331916 30.745249314202194 -0.047630378839578644 0.9988624006234892 0.0027953878932649176 0.728025771402096 -0.9866131720055143 -0.04748465427757247 0.156052735900064 27.366681461673387
0.1547343794710803 0.004349499916192816 0.9879491390503963 31.826046637336532 -0.047928824019103554 0.9988473085358903 0.0031104987536548505 0.7296583473979321 -0.9867990432759158 -0.04783430243416941 0.15476632160084977 27.535292379575775
0.15383224818096125 0.004494368525962592 0.9880891731766535 32.56239969413046 -0.04796993766136356 0.9988457726797569 0.0029262745429100815 0.7287588794673407 -0.9869377216152863 -0.047850712817214223 0.15387225015444125 27.64760288539038
0.152998543746647 0.004685535903118324 0.98821773664968 33.32582206550525 -0.047962244445661786 0.9988467627659006 0.0026909834737682153 0.727902638783159 -0.9870678043637491 -0.04781084744732278 0.153048815523999 27.764128905092388
0.1526180919368875 0.004725625216853866 0.9882764534025714 33.706607582379135 -0.04820366512789583 0.9988353484455008 0.0026689696268641983 0.7294982591839714 -0.9871152867869968 -0.048047888424356866 0.15267006867841185 27.824822459399368
0.15168264764560402 0.004497317642661919 0.9884216405715541 34.512273615782995 -0.04791690765429542 0.998848944046416 0.00280919183571244 0.7308767733445305 -0.9872738018069495 -0.04779017681687629 0.15172542098405545 27.947937102538376
0.15064871822994988 0.0031609026494958505 0.9885850210588345 35.297324977649 -0.04766042793799423 0.9988569344628188 0.004069634541502577 0.7349326078074977 -0.9874446211930251 -0.04773145513867628 0.15062907528049682 28.067455062938812
0.15012603243760717 0.0028079798374556317 0.9886658142240137 35.801603835329225 -0.04756629209589844 0.9988606356762357 0.004386051596052552 0.7379087455665997 -0.9875291511136407 -0.04768735754303727 0.15009026790113572 28.145785758335112
0.14899465633127246 0.0024493865569189125 0.9888376461895998 36.59455631459642 -0.0473432836825377 0.9988696998072035 0.004659659512266701 0.7406751918968741 -0.9877111659516056 -0.04751110692147453 0.14894401604769272 28.265420340162606
0.1480656173500368 0.002591244610076123 0.9889765994839808 37.40366113899464 -0.047398804613328675 0.9988676573035805 0.004479506653586155 0.7413091132563862 -0.9878480477704268 -0.047541719286412494 0.14802272342003617 28.38676137338708
0.14756776386131934 0.002801887453658129 0.9890504652517913 37.814282003101155 -0.04765545886982319 0.9988564847632238 0.004280608068575054 0.7419691208511796 -0.9879103555987444 -0.047767497686145605 0.14753441213055854 28.449581847003486
0.14684071743791308 0.003371576788984583 0.989156888341784 38.5926119033184 -0.04735299118141027 0.9988735882157972 0.003624766005401432 0.7411669452990944 -0.9880331886553647 -0.047373917452698304 0.14683675089387466 28.565136705885205
0.14628286864333717 0.0032508197132903463 0.9892398826419851 39.4107449174781 -0.047371580931362574 0.9988723607052996 0.0037223152265284318 0.7430331985812506 -0.988115085620058 -0.04740839582500379 0.14627362214073766 28.6877508394951
0.14588776949935056 0.003221038221997682 0.9892985617930773 39.795227512462624 -0.04741576685342806 0.9988706940546452 0.003739290377301529 0.7448952406724391 -0.9881717009509483 -0.0474556141817892 0.14587715408940247 28.74702842421896
0.14520501370410543 0.002907818407269103 0.9893998563022264 40.61308263161045 -0.04766898803137783 0.9988572424946752 0.004059643901479472 0.7480718914272779 -0.9882601687693073 -0.04775500368459117 0.1451791168896894 28.87040276195695
0.14492105869236352 0.002524430840636002 0.9894425472448058 41.420330457622946 -0.04759119037994187 0.9988594984305551 0.004421162488050273 0.7514687597932865 -0.9883058849838993 -0.04773116712742312 0.1448772391321596 28.99062932317631
0.1447222985256363 0.0024450290965089515 0.9894717241983965 41.872114979441584 -0.04730358535102216 0.9988727708088218 0.0044497214730459134 0.7531977615023993 -0.9883486395725939 -0.04745136401494692 0.1446762764415957 29.055929758360524
