1.0 0.0 0.0 0.0 0.0 1.0 0.0 0.0 0.0 0.0 1.0 0.0
1.0000004768371582 0.00010475516319274902 0.0003701150417327881 0.002399398712441325 -0.00010505318641662598 1.000000238418579 0.00014314055442810059 4.889327101409435e-05 -0.0003698766231536865 -0.00014355778694152832 1.0 0.1254444718360901
1.0000000891648102 -0.00022462738650386171 0.0008666026475045996 0.005631248605724247 0.00022416171335537527 1.0000003779401183 0.0002431348180573778 0.0014560592534770544 -0.0008663857940129915 -0.00024324396454300512 0.9999998020023657 0.15419916103262424
0.9999992760191192 -0.00035095233987496413 0.0016342744187324747 0.009594122371164622 0.00035066469976026226 1.0000001048256115 0.0002698308775839874 0.002485167909149445 -0.0016343327961480612 -0.00026939032090562634 0.9999987132127828 0.3201504071663236
0.9999975996974455 -0.0001958284577788046 0.002474505710370126 0.012394746753262648 0.00019486969459997681 1.0000000657219419 0.0003960402938378798 0.004455457591298454 -0.0024745955038666403 -0.000395529013057044 0.9999970675828701 0.4299370351814129
0.9999954504218922 -0.0005548031692034106 0.003170047951443221 0.014594223308624327 0.0005532352864211288 1.0000000615226052 0.0005315378551514687 0.006271016568031363 -0.0031703951422288757 -0.000529779803020559 0.9999949351587734 0.4855136425586275
0.9999902552565374 -0.0005512024925506387 0.0044898394159086155 0.018044289078635083 0.0005482117881683442 0.9999996848737122 0.0006843636536326605 0.007764047371554091 -0.004490327813617139 -0.0006819624769891469 0.9999895971453345 0.6045957784327828
0.9999750869214935 -0.0006453192577652096 0.0070600422242127325 0.02373046279792494 0.0006397915899427083 0.9999990474746624 0.0008458833817012858 0.009758785506330985 -0.007060739371819975 -0.0008413374180528529 0.9999746084996944 0.7257562585767792
0.9999671459739986 -0.0009647784146207595 0.008121958071771476 0.026456656004148583 0.0009574499257878971 0.9999989035666362 0.000916582920925178 0.011376901061324357 -0.008122865288455941 -0.0009088805910369573 0.9999665743230723 0.8040471489536651
0.9999562018991522 -0.001380169689563353 0.009405656660715307 0.03201846833252359 0.0013710020168796254 0.999999096358323 0.0009243086185695533 0.012284033937713733 -0.009406724777234943 -0.0009115867308770988 0.9999557830744351 0.9962438050498497
0.9999358475052798 -0.0028868677904318484 0.011063027653834871 0.03822058134038717 0.00287388557621176 0.999995143075619 0.0011688541673687612 0.01459360783110504 -0.011066142977075519 -0.001137241376159543 0.9999385373844438 1.1894403220313714
0.9999219498472757 -0.0034949011491591225 0.01206336580717177 0.04099079146543327 0.003479276225715763 0.9999927515673721 0.001319369608925326 0.016557031990722334 -0.012067729996868108 -0.0012775132696522386 0.9999265788698368 1.2892280712204576
0.9998982227410798 -0.004802224298003649 0.013483189996663706 0.04698491268981998 0.00478356175669146 0.9999868810419728 0.0014276196977996657 0.017685062834568967 -0.0134897482417121 -0.0013631456249086852 0.9999081745691861 1.4940591155429388
0.9998888952577881 -0.004721883504000233 0.014212736951679695 0.05013395815952773 0.004702622494119128 0.999987698710158 0.0013754387615693608 0.017464503769476575 -0.014218658000882903 -0.0013087032950870603 0.999898530876812 1.6921624105066904
0.9998840068750061 -0.004544326118164708 0.014615591517919881 0.0502241003661528 0.004526505872460766 0.9999885969768318 0.001237767630703203 0.017048150821653108 -0.014620659167186772 -0.0011718285498735867 0.9998928749871927 1.7980519743482735
0.999883717572426 -0.0019335153805165853 0.015221071887764013 0.05054374261969781 0.0019252223091532816 0.999997890289766 0.0005458398871708974 0.016711452707454322 -0.015221592198752321 -0.0005168737395979219 0.999884822011722 2.043208497509439
0.9998785856925275 -0.0004280472762758007 0.015663039399579876 0.05065737355370677 0.00042035176694273 0.9999994483275251 0.0004878906717629095 0.018775701630091332 -0.01566289086430023 -0.0004812228890712954 0.9998778874566739 2.2809001900420025
0.9998745319885693 -0.00010235402213693621 0.015938350047443227 0.05318955975845732 9.248150641625725e-05 0.9999995227816197 0.0006175271433319817 0.01904261139656732 -0.015938074849639394 -0.0006161299163635288 0.9998732731275668 2.422454821939498
0.9998639963077951 0.00019796960310338477 0.016601401438339474 0.0581396202499406 -0.000212418085777417 0.9999992821400864 0.0008597023514073285 0.020498968406932546 -0.01660078569018172 -0.0008631513379823834 0.9998624352455818 2.6493954824137473
0.9998528569270932 -0.0006527116305987273 0.017250154937777158 0.06489227540072579 0.000640234280155025 0.9999988545148687 0.0007364733095670377 0.019534046682294647 -0.017250280138059113 -0.0007251661755635692 0.999851471740076 2.901480046215911
0.9998456391820684 -0.0007290169190030392 0.01766571291995527 0.06585039859985169 0.0007176824645564364 0.9999991057854737 0.0006516389335220274 0.019523010020212617 -0.01766574898956822 -0.0006387664577583929 0.9998443648638747 2.999356923204357
0.9998324815988886 -0.0006183055837271004 0.01838782900879619 0.07161512019654123 0.0006089397102332252 0.9999991473362994 0.0005249310060807626 0.018046049307152156 -0.01838784807729279 -0.0005134764566536897 0.9998313910095294 3.244542058540855
0.9998214987501484 -0.0007172791813630011 0.01898813579234557 0.0769484400331442 0.0007098332316909991 0.9999990869259119 0.0004095592928334156 0.01644522283363095 -0.018988168794667058 -0.0003958694581547825 0.9998202923251168 3.4935075045017223
0.9998153026182607 -0.0006295939153473463 0.019301976136962825 0.07697168901867263 0.0006267051252263767 0.9999990057004992 0.00017023104186630604 0.01541174299980075 -0.01930183274402164 -0.00015779119811481343 0.9998141916402197 3.593982867307366
0.9998016220074935 -0.00043698377247382167 0.02000761799441218 0.08292455676005663 0.0004379065725961333 0.999999037521328 -2.1283356440194613e-05 0.013253192813739292 -0.02000732779286006 3.0125332542676678e-05 0.9998001842548082 3.8604832642814846
0.9997872606935816 -0.0013397535679199866 0.020717357655922985 0.08921753390608131 0.0013359543063231063 0.9999988863018878 0.00017155036085474167 0.012951035752586527 -0.020717256106716486 -0.0001438639417793644 0.9997859259429087 4.123936620521614
0.9997776099494696 -0.0013162297059676246 0.021190360116240946 0.0900242088286341 0.001313134166637566 0.9999989234249872 0.00013239626053469463 0.012516038021178268 -0.02119020630010163 -0.00010479520193084237 0.9997760121380341 4.250191162124694
0.9997591101897745 -0.0009844753153154192 0.0220611353857882 0.09606658644143051 0.0009814975298731098 0.9999988828054666 0.00012883113977147224 0.01129871024140876 -0.02206108821667431 -0.00010720624640096796 0.9997570798063031 4.536998624708047
0.9997346506442283 0.00046256791246064707 0.023155703580553105 0.10059672408432699 -0.00046924187103798465 0.9999990952393137 0.0002787682030656442 0.012183766057570088 -0.023155744682759286 -0.000289258232479047 0.9997320727611327 4.849643847184406
0.9997233548063196 0.0018037893932485417 0.023580374549236126 0.09994157735649195 -0.0018070807091553275 0.9999978009128911 0.00010353999227723939 0.013103841600076218 -0.023580295049258973 -0.0001460819299193189 0.9997224045732073 4.98820880362149
0.9996533281114226 0.009370989947086256 0.024718783043276578 0.10083461619716842 -0.009414683408413378 0.9999536774412016 0.0016362733430269095 0.018453304610181995 -0.024702416797627205 -0.001868188975164056 0.9996932478652909 5.311527061800921
0.9994769703003815 0.018552427357724204 0.026597782697315282 0.1015739332637668 -0.01875561691507254 0.9997958094798558 0.00739998841688761 0.030327674773946933 -0.0264551508238031 -0.007894687627599926 0.9996188712293468 5.637749714874769
0.9994607373564233 0.019073624169706524 0.026842341966293235 0.10562310650893157 -0.01930091162749627 0.9997791148648486 0.008225122534255723 0.03436279792505838 -0.026679591818719043 -0.008738773021214468 0.9996058385243342 5.791420622062556
0.9995090340094457 0.014871606996921725 0.027693131342477292 0.12253620014617093 -0.01510018436088867 0.999853319997544 0.00803832976807584 0.0352339123111494 -0.027569657052935067 -0.008452209516658173 0.9995842312386676 6.163808192757122
0.9995662196772035 0.006112716960192909 0.028926172717222826 0.15161026215300982 -0.006256534331133734 0.9999681506257161 0.004855024830457323 0.022886013889621797 -0.02889580284298069 -0.005033667148358629 0.9995696457926548 6.497226179806149
0.9995649206120858 0.002716747242501437 0.0294929805642402 0.1579956944316048 -0.0027950787229146655 0.9999925262319251 0.002576928252288037 0.018811877889811854 -0.029485907652537103 -0.0026581400901697434 0.9995616242724852 6.679231846959204
0.9995320595002016 -0.001940846225688045 0.030653807387351406 0.17348610319058438 0.0019247397405090202 0.9999978038183691 0.0005163275632510487 0.014517521708007432 -0.0306549566086648 -0.0004570211908854977 0.9995300614458353 7.03918714069373
0.9995064479470054 -0.001677954347619856 0.031505933747884705 0.1826271356559179 0.0016588509634141903 0.9999985201797119 0.0005793315289280116 0.01369250363269172 -0.031506751374242775 -0.0005269827379331576 0.9995038956232338 7.3825031219807045
0.9994937053401801 -0.0007149972860133469 0.03195410587084274 0.18479908351417815 0.0006957389236006163 1.0000000709390144 0.0005563825952373136 0.014142584053189572 -0.03195418144160538 -0.0005342290539062213 0.9994900204789539 7.547728540536983
0.9994247073109251 0.005027051818429217 0.03367413321422708 0.1932769238772107 -0.0050598794932478295 0.9999868658171097 0.0008382125054362267 0.015510355780424203 -0.03366906455399402 -0.0010084566460145706 0.9994327870046524 7.9169463323372655
0.9992819358377744 0.012965377811578586 0.035730576474447495 0.19640816609437575 -0.012878309621068989 0.9999135756112537 -0.002715180420807324 0.01190077468903886 -0.03576230679541485 0.002252668262778501 0.9993584899590628 8.25445373436763
0.9992065464821788 0.016245043652300024 0.036497934992240764 0.19697611910998505 -0.016079499709541246 0.9998591370040982 -0.004874373204744023 0.010124742262282263 -0.03657122122927232 0.0042831557106738525 0.9993230420968943 8.411383667189494
0.9991784801743481 0.01665557559775046 0.037083565849022726 0.20918748916435462 -0.016474807756114814 0.9998510119405629 -0.005224448883459349 0.0059083671707976 -0.03716425152734429 0.004608696608455134 0.9992998868035325 8.765807453216269
0.9992853174752305 0.009148256815280031 0.03681678510229161 0.22919078240682392 -0.009121667285447504 0.9999584687650103 -0.0009428683885732946 0.01080066166674934 -0.0368230298937535 0.000605877230228636 0.9993232814656943 9.156808996637714
0.9993128829258355 0.0043050711453192815 0.036956805095483984 0.23493954512580573 -0.004361136412854388 0.9999897843089409 0.0013832012157810433 0.017371678293336017 -0.03694967252661187 -0.0015437830804249054 0.9993176919898219 9.342449758646012
0.9992971405355459 -0.0005461155433366059 0.037616015925079516 0.24886016333892141 0.0004433697107213408 0.99999618386596 0.0026887301639903806 0.021477714095960967 -0.03761637676587584 -0.0026706868547664167 0.9992903130996856 9.724677703940866
0.9993034256257795 -0.00013470946587060292 0.037454269284493094 0.25741250087092593 0.00011853005475960075 0.999999673481254 0.0003803204428295317 0.015125139410037817 -0.03745326022623531 -0.00037615168157794027 0.9992998702551291 10.070378482540217
0.9993015457559806 0.0013363574295021912 0.03748449496006651 0.25761162111775854 -0.0013173574555083879 0.9999987799104221 -0.0005840491571130289 0.012235435238290755 -0.03748416563321804 0.0005336766518715751 0.9992987471560325 10.23760476540392
0.9992775551458649 0.005615952550277478 0.03773014716070677 0.2659165906386249 -0.00555662957621076 0.9999829900948752 -0.001729155260056246 0.008717731478562269 -0.037738031172488085 0.0015174778856279808 0.9992887450310037 10.615634515958677
0.9991699208560331 0.0068941799678187065 0.040286323166216643 0.28495088606598806 -0.0068294001818875886 0.999975261562475 -0.001802254859848294 0.008002007052309619 -0.04029644116209262 0.001524735822668116 0.9991890663808513 11.007126527244598
0.9991355924648735 0.007462810714102599 0.04102264021444791 0.29238225800337986 -0.007396800411494068 0.9999710093755938 -0.0018128602542102597 0.009185899176083152 -0.041033723073004326 0.0015069921706634337 0.9991590028086861 11.174256277745096
0.9991078533090616 0.006649048977665147 0.04182603820135348 0.3095195061284317 -0.006573916738625156 0.9999763102929309 -0.001981547464726378 0.006789009022076889 -0.0418370771224768 0.0017040006208313004 0.9991254741389817 11.530500309155997
0.9990870496550485 0.006664466836496882 0.042323657794162015 0.3241736350063251 -0.006588308765421341 0.9999767834451752 -0.0019978755780553207 0.004046833231203598 -0.04233446117615925 0.0017159437969678486 0.999104730035953 11.886169111129728
0.9990625694839196 0.006975163528531002 0.04284406857015868 0.3300899700638333 -0.006900064016627369 0.9999748062195697 -0.001959761731945427 0.004090468195186738 -0.04285522279643483 0.0016610775352420392 0.9990825826395967 12.06526271388982
0.9989970409223887 0.007258976431160031 0.04429523591102294 0.34699688721172206 -0.0071888785454963635 0.9999729653775566 -0.0017908600365577278 0.002662178438803713 -0.044305722456007834 0.0014695515208614984 0.999019551385588 12.43177406943855
0.9989529906835255 0.009464724028929901 0.04486592458172907 0.3614335107615142 -0.009378621061169542 0.9999542735104429 -0.002172392275016292 0.0007512868025411237 -0.044883205884839975 0.001748466008838791 0.9989931474460307 12.83011990471341
0.9989375998538464 0.00996427259183216 0.04509779354795911 0.3670829035605254 -0.009877548311621128 0.9999494460949327 -0.002185089525844563 0.0007579464277123436 -0.04511620321427866 0.0017364324137280518 0.9989825276534609 13.025986114015874
0.9989498475453471 0.009373894493771115 0.04496130211692299 0.38278208731400193 -0.009357588907320299 0.9999569404265407 -0.0006142874450574438 0.0024781511162535975 -0.044964128259789495 0.0001920144879326666 0.9989911092435432 13.412017965345525
0.9989209459590621 0.010357221464811621 0.04538370244115705 0.39578902073736005 -0.010405702133188735 0.9999462736778999 0.0007957308459748093 0.004556966320574294 -0.04537222196323508 -0.0012678923517407902 0.998971711513128 13.801353921493662
0.9989068968045309 0.01088512612145862 0.04557257762167338 0.400092312535908 -0.010936960463189198 0.9999407068563243 0.0008467845472914768 0.0054399121754651805 -0.045559705537365325 -0.0013452717013796567 0.9989630902896595 13.987506737871989
0.9989153709536905 0.011731044980580101 0.04516699810996137 0.41172711249035526 -0.011810443322883654 0.9999297987578505 0.0014547578973716805 0.007351845865295387 -0.04514594932727664 -0.001987620633241631 0.9989807183411319 14.37257736321218
0.9989139543562362 0.013920388363749658 0.04457184803061817 0.4229404651386989 -0.01405509382828127 0.9998979347601499 0.0026714318165933083 0.010690497665844071 -0.04452943675960616 -0.003295715196043386 0.9990045406356888 14.775163051971512
0.998899539514178 0.015490118417238886 0.04436722025225411 0.4447130227271986 -0.015792777362176172 0.9998546599100895 0.006441995887184341 0.01828176703673946 -0.04426022058276612 -0.007136318379097001 0.9989960665365555 15.370885850247317
0.9988993929426414 0.016549018466874538 0.043974108023851974 0.45644717982396615 -0.016908846296408767 0.9998263054683288 0.0077910794398223585 0.023035099972848763 -0.04383706354173718 -0.008526483748546256 0.9990035713850112 15.754465244031179
0.9989067729077828 0.01645305547991691 0.04383976798363444 0.46016797883623056 -0.016807007512810453 0.9998285616567133 0.007691715723969025 0.023405772771108255 -0.043705459551455814 -0.008420221610597745 0.9990101403309686 15.931923153849997
0.9989073316526361 0.016658810793659728 0.043742992327165754 0.47684984513117423 -0.017004015649542174 0.9998265639198753 0.007505658508530511 0.023470740443721806 -0.04361011597518295 -0.008241204756094928 0.9990157600117431 16.31227943991239
0.9988724527993331 0.017057503546556357 0.044380863246766225 0.49344069376177696 -0.017418959132252894 0.9998174369209475 0.007749336699940698 0.026207883534641718 -0.04424041026567363 -0.008513595039845601 0.998985581958728 16.676789293194634
0.9988351476383208 0.017442391725848966 0.045064485894232696 0.5021941685007751 -0.017817581244037747 0.9998090184482986 0.007923699654941418 0.029060381044536312 -0.04491766477965599 -0.008717052810957885 0.9989536800275511 16.873790005196707
0.9986734963264443 0.018337516141395404 0.048197047439376556 0.5232916597297461 -0.018781978333474093 0.9997851286116675 0.008759568828949092 0.03329141629144485 -0.04802625614499497 -0.009652251720915628 0.9988007234411781 17.25213055883606
0.99839129768379 0.018606479218736642 0.053632117024075936 0.5511308435734967 -0.019124486180497564 0.9997752770912484 0.009139382688167772 0.03585388734706386 -0.05345018023117159 -0.010149268656388417 0.9985202045403281 17.626617622540728
0.998242434336158 0.018695014193085367 0.056305917727482 0.5647265150104935 -0.019240597036268185 0.9997728249885325 0.009144701127791512 0.037296576531014536 -0.056122335781114155 -0.010210874199551573 0.9983729601315342 17.803526297305158
0.9978303517574029 0.01841790526432625 0.06327434526064951 0.5996499791174407 -0.019019065290731305 0.9997795896236193 0.00889651921721946 0.03684994211163848 -0.06309675797386834 -0.010079277146787432 0.9979579910316951 18.160634602596282
0.9973294736160604 0.0179343225973651 0.07085597804919251 0.6397673767063411 -0.01861442978025472 0.9997867192316111 0.008938096936891047 0.03713098344434411 -0.07068065109449999 -0.010232100642775629 0.9974480079741901 18.51917655748866
0.9970109361677293 0.017884765545905762 0.07521660001376973 0.6583580109056743 -0.018614875803455232 0.9997859020730925 0.009009053734511444 0.0386530132088792 -0.07503943343036291 -0.010381320114502492 0.9971280449025972 18.689301229874516
0.9963012999688107 0.01721638484606343 0.08423203989096067 0.7057266544923294 -0.01808690086992222 0.9997902465522925 0.009575047353703663 0.040846558235709554 -0.08404929368133318 -0.011062695375974704 0.9964017430251586 19.036038651036467
0.9953603655134664 0.016227870858058324 0.09488000177726597 0.7582062928612275 -0.017253619879960422 0.9998007843362349 0.009994069702660877 0.0422809783577146 -0.09469853327206845 -0.011584102567473725 0.9954400359500218 19.37513810088399
0.9947934267647132 0.016133751872541555 0.10066476717215067 0.7828913682211327 -0.017233330493730496 0.9997999864419687 0.010061443477126317 0.04403319845784375 -0.10048180296573603 -0.011743649934659569 0.9948708655345223 19.53598663496097
0.993554747156211 0.016212912400206624 0.11222448499304627 0.8406671321060027 -0.017405622179341294 0.9998012697910834 0.009655088996386767 0.04447242657829527 -0.11204506755055904 -0.011545941957462462 0.9936374488665365 19.866491406650717
0.9920462762072991 0.01620280302310535 0.12486137673208637 0.9033515278785678 -0.017517600323269128 0.9998013505679313 0.009441163716938723 0.04509511787095438 -0.1246830400896668 -0.011553142837647986 0.9921309483344433 20.185781108699885
0.9912327887144732 0.01612753978917763 0.1311724299684301 0.9335452102112403 -0.017518643816957374 0.9998015347324769 0.009458962908359006 0.04705832440017192 -0.1309933339992017 -0.01167371059900465 0.9913164023879938 20.331332418046582
0.9895183492878578 0.01601589319763832 0.14354663370815837 1.001489413721017 -0.01748203131151487 0.9998068303069583 0.008959149398539059 0.047296865127438116 -0.1433748558726213 -0.011374414467495462 0.9896049230792164 20.65328401997683
0.9879779197331479 0.016183652724174144 0.1537750076399327 1.0705235973018437 -0.017605693650589293 0.9998140346197658 0.007892695977804984 0.046954341606165594 -0.15361783923838712 -0.010504963633250625 0.988076407003186 20.9624092457172
0.9871376128331244 0.01609326318825168 0.15908916738558207 1.1008353763606658 -0.017549943574368898 0.9998157097832947 0.007758455599439937 0.049434649764518404 -0.15893425138382916 -0.010450733852431327 0.9872357203837646 21.095971124489576
0.9856286913157134 0.015109963474656587 0.16827760308731776 1.1711247107364426 -0.016613462697784655 0.9998337227441044 0.007531347470607044 0.051084659347519774 -0.1681353305618721 -0.010218778660199374 0.9857129428069474 21.39412504792106
0.9841480054232457 0.014702745257879388 0.17676630896054607 1.2379450907754332 -0.016185493823608493 0.9998451127151288 0.006949924108877129 0.05020258832454427 -0.17663630951586196 -0.009700638426534318 0.9842304370515107 21.67666732661307
0.9834009703056279 0.014612548625441887 0.1808837470366088 1.2658030159983502 -0.01608889250514068 0.9998486608354026 0.0066974757896046235 0.051221981995643755 -0.1807580588558356 -0.009496217758566291 0.983483774860349 21.807564685292395
0.9820630217605217 0.012940103334953185 0.18813498949363996 1.3287298042109221 -0.014196919457959074 0.9998853646804705 0.005335152034726505 0.050510305746539495 -0.18804385678183763 -0.007910238544552736 0.9821306724045613 22.07598932274489
0.9807976518110573 0.01135535226405066 0.19472509387300346 1.3905716633442509 -0.012541345733333518 0.99991024964343 0.00485819029427888 0.05130508852445917 -0.19465202994513905 -0.007206390562965385 0.9808479425826085 22.341760771916576
0.9802070682380276 0.011273246411744452 0.19768133406403818 1.4179328950157235 -0.01246814763688786 0.9999114573044243 0.004799159144253674 0.05356175411652958 -0.1976092460723235 -0.0071682044379542745 0.9802569073537897 22.474615990843297
0.9790785651104811 0.010405392445858119 0.20324286511890716 1.4777534545013715 -0.011560500472977145 0.9999237550031745 0.0044962298744709245 0.054472027727264914 -0.20318007653081951 -0.006751170221801121 0.9791203030726003 22.734027483124347
0.9781878166364992 0.010113696793501915 0.20750204940828595 1.5364535896720992 -0.011244149742556239 0.999928071484152 0.004268892178601167 0.05516076795892364 -0.20744343041771446 -0.0065084849232417375 0.9782275634383616 22.99829282149608
0.9778620645951428 0.010182126637931029 0.20902681189611805 1.562394589397479 -0.01131840528863854 0.9999272305234808 0.004241475793051774 0.05723601504207589 -0.2089679920738976 -0.006513034238435257 0.977902789193652 23.126748523766437
0.9767847531719451 0.010187873547274191 0.21400403755464453 1.6232204003433754 -0.011363991978735832 0.999926361212095 0.004268272623746358 0.05842185783107366 -0.213944291779781 -0.006600901759453736 0.9768254473324178 23.383204067694898
0.9757072262558513 0.01019979410958851 0.21886323887916218 1.685663149095971 -0.011428060018166559 0.9999248709607231 0.004349645837696455 0.05979198368676569 -0.21880191596703594 -0.006745040256497239 0.9757476022446943 23.642805586291583
0.975303089428824 0.010211941264825426 0.22065497688319344 1.7138554035571336 -0.011457451215274977 0.9999239578279709 0.004371325574779853 0.06200616151380203 -0.2205932822582339 -0.006791345904637632 0.9753436608398649 23.76922389835351
0.9740607300462893 0.009970993739055984 0.2260860420728722 1.777014140534412 -0.011240007071789541 0.9999263807101234 0.0043328966462267355 0.06336211588771491 -0.22602575460362528 -0.006761765009688931 0.9740990807495021 24.016248901962484
0.9725835943010398 0.0095005382694994 0.23237913120783124 1.8442087998045409 -0.010745578093345998 0.9999331991722754 0.004097973476372497 0.06413569583216719 -0.23232427025172714 -0.006482344218292279 0.9726182298745893 24.26380824832434
0.9718723660542503 0.009444847069537667 0.23533914284682883 1.8820602110508668 -0.010698615348121701 0.9999342390606214 0.0040553262537123096 0.06489991163389895 -0.23528486912832317 -0.006458716706302772 0.9719065464667507 24.40096356170266
0.9705102414849105 0.00827161299018659 0.24093976303847175 1.9508238012699515 -0.0094929467660041 0.9999474513716093 0.003911321235000472 0.06671370074497526 -0.24089439030840182 -0.006082554949201246 0.9705340847340366 24.642396497870532
0.9693058509241531 0.005886091489483721 0.24580922536180916 2.0183480143946615 -0.006958964662033445 0.9999696973408162 0.0034985215855532423 0.06951102277936685 -0.24578088167260356 -0.005100939701555345 0.9693136210570124 24.889986871339737
0.9688588565471173 0.0057473978987294646 0.24756950057456534 2.04577514180193 -0.0067856391911032135 0.9999716921698119 0.003341496758876054 0.07218315560095016 -0.24754280781228727 -0.004916673429512181 0.9688662011928184 25.002509382247545
0.9677100417677021 0.004793922158633774 0.2520439228021027 2.1132666926596 -0.005751671047599886 0.9999792299119066 0.00306350173140559 0.07367463746732321 -0.25202365330771054 -0.004413356472571069 0.9677126430662121 25.24760409968682
0.9670425554790066 0.004590064979458659 0.25459745539319406 2.177993002710007 -0.005462381571364581 0.9999820715189499 0.002717820585068779 0.07431326469304254 -0.2545799832061682 -0.004018026144616967 0.9670450308235038 25.491457560642782
0.9669141337507116 0.004672277443002718 0.2550831798117332 2.203429147411995 -0.0054902430792875346 0.9999822296121634 0.002493851550320351 0.07563372673316734 -0.25506673465544194 -0.0038106313305909393 0.9669175358610347 25.603120229891218
0.9667204643440404 0.004667099405481164 0.255815661875419 2.266220210784858 -0.005425109106466194 0.9999829390550067 0.002256872776297391 0.07599552691108365 -0.25580066414972585 -0.0035683155631614145 0.9667244181185057 25.84606824193392
0.9665779160917056 0.00465030174437638 0.25635407695890666 2.3281532221437073 -0.005363366600488038 0.9999834866006795 0.002082619574110044 0.07684259916696445 -0.25634022232338355 -0.003386794527005209 0.9665821028240662 26.087138004090843
0.9664876647083214 0.004791763207646786 0.2566938548151809 2.353950962386979 -0.005455147255978125 0.9999836745326777 0.0018710737579250717 0.07785910129815898 -0.2566804701355787 -0.003207527616648843 0.9664926905803095 26.201837202370765
0.966474565550213 0.00459237538925267 0.25674801755910126 2.4147949768001684 -0.005155777529443996 0.999985968438512 0.0015186200305364675 0.07819207979027033 -0.2567370831273171 -0.002790407531741811 0.9664789873745668 26.444285396889498
0.9664657623528156 0.00407138210798042 0.25679225923041427 2.4772378733152918 -0.004657202866781651 0.9999886718016965 0.0016685151326392878 0.08044198003200034 -0.2567820900034009 -0.0028073305421481122 0.9664671224592377 26.69263962279744
0.9663441296199967 0.004146449473438811 0.25724867457929784 2.504093758507565 -0.004737800782921385 0.9999880469645878 0.0016748687504898158 0.08226783538382715 -0.2572384217430325 -0.002836063266237904 0.9663457185096626 26.80799226431921
0.966097355439905 0.004376677689262338 0.25817030781609523 2.567986094622256 -0.0050233781225316266 0.999986355102805 0.0018416243150275904 0.08331729490380159 -0.2581585697158728 -0.0030748037341946314 0.9660996535587967 27.053756215956138
0.9660105274932754 0.004871317042204602 0.258485131834054 2.6304858069918122 -0.005578021934560489 0.9999831007427046 0.0019982087390292198 0.08443951035043856 -0.25847086387144036 -0.0033706902952364017 0.9660150403832947 27.300830588986923
0.9659501722620986 0.005295066013278259 0.2587019988921848 2.657302558366334 -0.0060013282576489736 0.9999805019363893 0.0019380358011790275 0.08565568290020376 -0.2586866090203945 -0.003423078289025551 0.9659568892891703 27.41729250193091
0.9659141190526974 0.005660014576627167 0.25882907092290464 2.7239063060571063 -0.006341145916673208 0.9999785036135376 0.0017940738319772768 0.08436156634728777 -0.25881335066528616 -0.0033726283466593413 0.965923084077497 27.668579421145793
0.9660276066587857 0.0056516284771785585 0.2584033269882971 2.787011298119941 -0.006312964835973765 0.9999785606292914 0.0017282019300900817 0.08381579323234098 -0.25838819481689823 -0.0032991398867364572 0.9660369178949815 27.9125941299012
0.9660406568382339 0.005808533521402174 0.2583531969355543 2.8148729828890495 -0.0064780383340993074 0.9999777443541024 0.001736785714507846 0.08432986624493537 -0.25833721763302103 -0.0033499932755891087 0.9660505584725824 28.03091197730096
0.9667720757639365 0.005236460305826237 0.25561441033139765 2.8725801761472254 -0.005969020102319648 0.9999801856591637 0.002087036200744818 0.08355341935187945 -0.2555982760056171 -0.0035420697295365775 0.9667781073434903 28.273628050846078
0.9675882803033304 0.0051695689450574995 0.25251027663684833 2.924383270770841 -0.005937436286059591 0.9999803383605728 0.002274330340636143 0.08154121335838817 -0.25249317460142023 -0.003698769806655995 0.9675933081241561 28.507436058898527
0.9677111819251738 0.005535777666267891 0.25202982210634733 2.9478456676672264 -0.00628436061219651 0.9999784167544109 0.002161285388622791 0.08048624931039856 -0.2520121576757251 -0.003674118556288573 0.9677186477847418 28.623201957870013
0.9686803341087143 0.00577690366924635 0.24827577943182463 2.9984206773172257 -0.0065233926924658054 0.999977117873256 0.0021788132235795415 0.0776912954669692 -0.24825659287586213 -0.0037291372579105505 0.968689149220541 28.859982019096947
0.9699512243052036 0.005779701539888312 0.2432636476869928 3.0517019637349754 -0.006563609065185379 0.9999763510117823 0.002407127796190307 0.0746033423292157 -0.24324311330459925 -0.003930383680515098 0.9699595774129274 29.11679616158366
0.9702609629642331 0.0059574772319920975 0.24202283825611418 3.072158329497123 -0.006724316774279033 0.9999758287788026 0.00233565065523679 0.07253832344201405 -0.24200172085838145 -0.0038927771524958034 0.9702703910988539 29.23167051183656
0.9720167484231358 0.005253806860544443 0.23488940370815983 3.113578901393921 -0.005809779789700549 0.9999829622933161 0.001667491235217666 0.06696174742731079 -0.23487539197986665 -0.0029845832697618863 0.9720233826109587 29.45521830974903
0.9736251581175528 0.005224972157529284 0.22813281128243795 3.1559904125914318 -0.005637954300017018 0.999984724402918 0.0011502078473443922 0.0610082513284773 -0.22812190043704741 -0.0024051919310763502 0.9736324548317234 29.69149949565806
0.9739136709920017 0.005783143022546624 0.22688513134156676 3.1743476410307916 -0.006162420360852982 0.9999819958985386 0.0009541466066567502 0.05838456240454805 -0.22687392488295288 -0.0023266338804949173 0.9739244160773807 29.80551473467103
0.9750423133726738 0.007691461637803524 0.22192583542756836 3.2125176757238796 -0.00801653112547644 0.9999690056626003 0.0005552302825624447 0.054422302541212685 -0.22191350019139103 -0.0023193466972894787 0.9750663390581554 30.034476385871645
0.9763875629277915 0.008657684510210149 0.2158917812747548 3.2459882763586902 -0.00894929925264032 0.9999611097107355 0.0003650415856719582 0.05005444406793569 -0.21587941363003488 -0.0022873551131461856 0.9764197378888162 30.24465132964527
0.9766646380312447 0.009034383149796342 0.21461666895665335 3.2612832514614776 -0.009317569792272775 0.999957479640668 0.0003006076289190508 0.048091360521735134 -0.21460436916468428 -0.002291865424985745 0.9767003508105466 30.348374134078377
0.9776210925157429 0.009093813098947683 0.2102106123864237 3.2975090679149726 -0.00937403181334364 0.9999567049240695 0.0003300849256909803 0.04474016980272745 -0.21019857584057003 -0.0022915438985017344 0.9776576430462952 30.562527609977785
0.978601422750845 0.00880935495820014 0.20561021892219847 3.3390405949724395 -0.009134829562816076 0.9999583596272684 0.0006272322494246898 0.041953228499277254 -0.2055964952255338 -0.002490269028602971 0.9786350451139233 30.790360547961395
0.9788284507439234 0.009131595558141754 0.20451502452904202 3.3568026962223296 -0.009475108913655626 0.999955570559445 0.0006920548886267324 0.04084602504715206 -0.2044996122219569 -0.002613637514638143 0.9788648583404715 30.901387107428288
0.9798899474146209 0.009363109742611477 0.19935647379138494 3.3914694732561186 -0.009857875385659399 0.9999510032985885 0.0014809479924024584 0.039459227874124196 -0.19933289763280085 -0.003414710640603106 0.9799275835641955 31.115849776623612
0.9807353942454978 0.00982913238457853 0.19513031527040223 3.4250800700839066 -0.010452573220381744 0.9999436365242376 0.002157570393249526 0.03797383666002569 -0.1950983876398842 -0.004153917445027477 0.9807764733729889 31.329748577709918
0.980871582171291 0.010428783564111256 0.19441365944960312 3.4402392958814527 -0.011050224687628422 0.9999373904683063 0.002102948117626234 0.03709782819454805 -0.19437963777399478 -0.004209638149630541 0.9809191143296588 31.438669665525435
0.9815661707778749 0.010818182182635569 0.1908527575232807 3.473012746664431 -0.011484378068193853 0.9999318325668821 0.002375803981376917 0.03490647654594058 -0.19081439888664445 -0.004522416358239276 0.9816173535604711 31.64843822360504
0.9823221972672804 0.011314074133112018 0.1868956927614024 3.5050075030742858 -0.012030302080692449 0.9999249297160941 0.002689013136594451 0.03278214516270683 -0.18685125941646533 -0.004888506512831871 0.9823779377269528 31.863433837216263
0.9824765301715305 0.011756134628835357 0.18605444246580174 3.5180286242722385 -0.01248807459295534 0.9999188846774885 0.002755016572774701 0.03232089260338877 -0.18600723941842112 -0.005028532279452928 0.9825371353354445 31.965726363038264
0.9830974050145839 0.013046856205501608 0.18266062165495406 3.5484033829581163 -0.013957434600888639 0.9998966766754925 0.003691690572337217 0.03328131877975551 -0.18259331055225858 -0.006177384782454785 0.9831714633444648 32.17989614177738
0.983719739410933 0.0137637335098445 0.17922595459098822 3.5791098327364534 -0.014771428500235021 0.9998825263753236 0.004280759690360254 0.033257388842166696 -0.1791458160404903 -0.006856931814180405 0.9838009387533712 32.39383077658285
0.9838445186382063 0.014119682748816241 0.178511987681364 3.5921507558235795 -0.015117206674416189 0.9998774901063033 0.004222242738242485 0.032688165491109 -0.17843046516697145 -0.00685068751075104 0.9839311397263739 32.50091140988403
0.9847107981696789 0.014338644648441675 0.17364983464852796 3.6205048995352467 -0.015416684122426203 0.9998698386687654 0.004854332522426551 0.03159681569791029 -0.17355773781442677 -0.007455038499086443 0.984797829537749 32.71692939677991
0.9859413235985431 0.013858287547605475 0.16656323020100308 3.64378004923346 -0.015001178112361726 0.9998720661049827 0.005598531570027057 0.030092382567894743 -0.16646470513836897 -0.00801613512911296 0.9860172310638173 32.93293237574414
0.9865867424571692 0.013785367836880693 0.16270102626216276 3.651604143951793 -0.0149905370578597 0.9998687254912831 0.006175289834522457 0.02837392022260768 -0.16259499239768313 -0.008529004465200432 0.9866582788149584 33.03617132229514
0.9880110883644265 0.013082806771567746 0.15387847057166115 3.6684346677068307 -0.01429442392444801 0.9998751959280936 0.006761970087944695 0.025537228089088797 -0.15377099004712533 -0.008878038816151327 0.9880691591809292 33.2520739750695
0.9893573157939606 0.012950200107617514 0.14498436044393978 3.681357002752554 -0.01414630280335593 0.9998743251369223 0.0072130667884851875 0.02165697175062025 -0.14487257561660935 -0.009184883811561597 0.9894104257054744 33.46402679632328
0.9899757304518474 0.013503081513152004 0.14065069101172015 3.6910485472419183 -0.01471470357998169 0.9998635423112551 0.007568297361979343 0.020984937933350767 -0.14052884921462497 -0.009559543650787745 0.9900332330031457 33.583481951868926
0.9912907152514162 0.014058053145435876 0.1310001959513268 3.6998827891458426 -0.015214965695955077 0.9998538912377137 0.007825118419941886 0.018012465007616697 -0.13087108815408469 -0.009747539126656624 0.9913535659323304 33.7833886485238
0.9925495026899598 0.014172918136012791 0.1210832454274121 3.707368342076907 -0.015277490924429565 0.9998502095975641 0.008185295505420187 0.013896669738484937 -0.12094881184469347 -0.00997168220210796 0.9926112660180887 33.99144334356203
0.9930926016623028 0.014652952057511055 0.11648355090008435 3.711193500716068 -0.015746418377464478 0.999840612401682 0.00846041833391715 0.01063749407307385 -0.11634109272538681 -0.010233634146510493 0.9931588560877588 34.094286356840826
0.9941370325347868 0.014579531489034396 0.10721516718929469 3.715106816798434 -0.015573581330183028 0.999843558204066 0.008427668424806517 0.004809147130629091 -0.10707572881787036 -0.010045181676070141 0.994202249129216 34.28131359420417
0.9950922451664851 0.013927385138545887 0.09805108951887892 3.718514695998459 -0.014837564431308568 0.9998539230394135 0.00854402177680547 -0.001236420487795424 -0.09791785111392534 -0.009954213499576864 0.9951470705836489 34.47161102226471
0.9954919913436425 0.014107647624762536 0.09388409766850052 3.719439780060589 -0.015007790792886905 0.9998486126445156 0.008868734074304361 -0.004743468102533429 -0.09374442771247742 -0.01023530484358275 0.9955463468736516 34.56416173647157
0.9963047384344936 0.013841533603107732 0.08486616601284232 3.719831093610876 -0.014679094359305447 0.9998500043444086 0.009233633502600662 -0.009211268222548391 -0.08472576054007264 -0.010442852966112604 0.9963519659979269 34.75186223771322
0.9969532006141744 0.014693865288682469 0.07671614548921095 3.7182860891763236 -0.015434287550720897 0.999840134622173 0.009046943000766198 -0.01500453434379801 -0.07657140409051645 -0.010200952054299961 0.997013906531193 34.92099877196641
0.9971568374676373 0.015227292381927436 0.07390998088657881 3.717461149696097 -0.015939134089691078 0.999832312479015 0.009031821776859864 -0.01833338843374053 -0.0737607169035015 -0.010181664435139126 0.9972256620486993 35.005775688159524
0.9977327394802056 0.015775507703223297 0.0655501923184243 3.712580432922661 -0.01641824040190176 0.9998222922417993 0.009257972644151789 -0.02183466148149666 -0.06539327467844755 -0.010310531200831067 0.9978075831318791 35.15968422114741
0.9981806175773967 0.016001797699971138 0.05826752802055487 3.7087649367598012 -0.016607683196485323 0.9998126934244558 0.009907630767403601 -0.024258140637586224 -0.058099307695003696 -0.010854477404169473 0.9982526291354821 35.30477547755826
0.9982693379735045 0.016062515685861253 0.056719113578172706 3.7082945085908983 -0.016669784300986576 0.9998086815471634 0.010220132321136808 -0.025862839144140573 -0.056544955790934576 -0.01114540627767392 0.9983388350393058 35.377002591233364
0.9985571209297243 0.01473712913467057 0.05180651180213024 3.7071058162273176 -0.01531885551162008 0.9998240181521638 0.01081340185844436 -0.02734112769812527 -0.05163901967566534 -0.011588910987036747 0.9985995680712506 35.508460786571966
0.9987289401621291 0.01318717107472301 0.04882296456602891 3.706173662526515 -0.013739499507080644 0.9998452019183922 0.01095966626252865 -0.028695480217981274 -0.04867181804415307 -0.011614246746730403 0.9987483532375092 35.63557434218235
0.9987739826062482 0.012645082798044247 0.04803356897762818 3.7072863884239475 -0.013159984521734037 0.9998588256183244 0.010388972224133384 -0.030589196059353403 -0.04789642849524872 -0.01100578288644135 0.9987927264154075 35.781872923820934
0.998786184953848 0.012815296940526804 0.04773764987524231 3.7111455722860516 -0.013325122896995003 0.9998572102198785 0.010346765929691954 -0.03024941855577104 -0.04759909217157601 -0.010967792051662626 0.9988073967370406 35.886869490166205
0.9987885211484889 0.013015661802426106 0.047633736083956275 3.7120060081077813 -0.013526399364921563 0.9998540093579978 0.010385524787361893 -0.028773793416201402 -0.0474924774920498 -0.01101457315035316 0.9988119022160848 35.920761413818525
0.9987904177075753 0.013313448313854783 0.04751014998850716 3.7134300861150447 -0.013826539031042502 0.9998492677337074 0.01045148404566585 -0.02700546092289774 -0.04736460638426973 -0.011093055925182727 0.9988171104735702 35.97766692953825
0.9987817667674362 0.013474136719809323 0.047643141074294126 3.715599280811163 -0.013985598843052862 0.9998477031073751 0.010384879067499504 -0.025693260657699238 -0.04749683029638076 -0.01103584571294113 0.9988113619425617 36.02948948186967
0.9987792246626493 0.013624921624730195 0.04764620322018479 3.7165641568463936 -0.014137324997510229 0.9998451902397048 0.010405070726081126 -0.02386942870997329 -0.04749808583461619 -0.011063182462567822 0.9988108269637709 36.06465821831359
0.9987863481568741 0.013731822418362414 0.04747152247248597 3.717466687127248 -0.014244084447355369 0.9998438574420132 0.010434070980598606 -0.022280343490403604 -0.04732153899770802 -0.011095062518754016 0.9988190965269993 36.107426073050696
0.9987851578132383 0.01392865555855154 0.04743208339013889 3.718082689683921 -0.014441848518643309 0.9998406155406356 0.010463303084410283 -0.02043365634682351 -0.047279583746814666 -0.01113281899233661 0.9988205463352585 36.14102688156455
0.9987786500078155 0.014090817922611834 0.04751392079040772 3.7188318868754147 -0.01460860316900739 0.9998370458992725 0.010540203799775485 -0.018178162615857966 -0.047358567104741636 -0.01121835850833093 0.9988157352635453 36.1683695480367
0.998771022364869 0.014257197184365019 0.04762231814473471 3.7193057579691016 -0.014778096432791439 0.9998341519617102 0.0105797486480828 -0.01597525104389866 -0.04746463748948128 -0.011267269612919578 0.9988102808782093 36.19265808385415
0.9987730944488641 0.014316418469421867 0.04756111468097713 3.718294723310075 -0.01479103214582753 0.9998436734704829 0.00961688902812989 -0.015603051995843704 -0.047417007896568004 -0.010305356582736373 0.9988230369459103 36.19771224688231
0.9987679534361374 0.01443096015497479 0.047637208860280306 3.718295893625858 -0.014885866653179885 0.999846493026111 0.009177941638132977 -0.014208383604516374 -0.047498231633797836 -0.009872793610204558 0.9988236384410377 36.21752274242702
0.9987672665340417 0.014597912451029853 0.04759066041086683 3.7172669677167804 -0.01498491014565045 0.9998568651366533 0.007757739626652426 -0.013796256684686398 -0.047471598988884846 -0.008457991203309891 0.9988376512225974 36.222225005334636
0.9987570904115856 0.01476704641895603 0.047752314052929956 3.717908275637674 -0.015155567737536202 0.9998544263187786 0.007757518800830391 -0.011127460245814801 -0.04763183426283611 -0.008468447741318483 0.9988298313308923 36.25233911120627
0.9987520249267229 0.014942087997417404 0.04780419570750121 3.7185275673412317 -0.015348394037917622 0.999848625586365 0.008113582745743473 -0.0077929819729399726 -0.04767670089901036 -0.008833863844147319 0.9988245865937064 36.28092376644616
0.9987501334117278 0.015234064816378554 0.04775775733378095 3.7184920766698424 -0.01567775452399804 0.9998370854691604 0.00889785811790278 -0.0037745955827656434 -0.0476153054047299 -0.009632320003219728 0.9988201425330985 36.30224934333309
0.9987425748381807 0.01534048978939991 0.047879364795964385 3.718871004452441 -0.015780667636908545 0.999836343849733 0.008799560568265216 -0.002089480073239931 -0.04773746556619492 -0.009540996868298688 0.9988151436105942 36.323672598138366
0.9987343107575593 0.015460302977694969 0.04801085768658363 3.7211897276831927 -0.015899025583277538 0.9998349932685757 0.008740675211470652 -0.0016555307865129 -0.04786874521557878 -0.00948988756449522 0.9988093588794046 36.36823501836269
0.998728503254526 0.015582414940954073 0.04808730754108531 3.7213816355116154 -0.016025010807022934 0.9998321551386717 0.008808513508426449 0.00028842294853825617 -0.047943092495120805 -0.009564807224558124 0.9988048518719252 36.37746420442583
0.9987212592764474 0.01567764460964686 0.048216992345868605 3.7225241796916904 -0.016127662266481015 0.9998297289659777 0.008924579918837078 0.0026247899527530273 -0.04806963497308119 -0.009688155867754077 0.9987977042242255 36.40047934433535
0.9987138669696021 0.01581599798341135 0.048322649969471033 3.723556596747768 -0.016267577583213556 0.9998273773473815 0.008928595090114082 0.00465925694105062 -0.04817380481937654 -0.00970078157765248 0.9987924483369558 36.42724754312296
0.9987100316892792 0.015979296187043975 0.04835349479100704 3.724058398186508 -0.016431680154987808 0.9998247790591044 0.00893396538814429 0.0067678032397886735 -0.048202856359353834 -0.009714596793825196 0.9987910273793739 36.451353046097985
0.9987055675688526 0.016183359743345175 0.04838084050963942 3.7243524239125203 -0.016638710156887112 0.9998210618230249 0.008982636325232846 0.009142087721457262 -0.04822725555499398 -0.00977373582640743 0.9987895069758942 36.47633346898304
0.9986990094178204 0.016366888063517368 0.04845728702131531 3.7249636233099594 -0.01682583133568283 0.9998172316015019 0.009035874928897503 0.0115119585224839 -0.048300985499600435 -0.009837225706995568 0.9987852058951098 36.50381286450326
0.9986950340616948 0.016491942971455908 0.04849443809303059 3.7252916748077998 -0.016953927404331676 0.999814321928197 0.009092532644550476 0.013758775063855946 -0.0483360968164551 -0.009900616414984471 0.9987827119724472 36.52634482714671
0.9986894521459819 0.016592251220978512 0.04858024642562818 3.7257909019066346 -0.01705634518850422 0.9998128459652053 0.009115667553766907 0.015869385283001334 -0.048420441135602205 -0.009930716850313917 0.9987785738005177 36.550063472736035
0.9986809320165737 0.016732434160997962 0.04869375215520017 3.72630220172256 -0.01719866603948317 0.9998094688850011 0.009147075100017383 0.018092330682136695 -0.04853250341080008 -0.009970446566235648 0.9987721695187173 36.57604451352817
0.9986768830768007 0.01688400329334487 0.04871969922641572 3.726411098884535 -0.017353328295913625 0.9998062515601696 0.00920742854774624 0.02039741816659045 -0.04855610379237302 -0.010038678267595608 0.9987701131547112 36.5990274112368
0.9986744439874901 0.017046778316701646 0.048709505354652294 3.7265019477684196 -0.017518209346672718 0.9998026064289504 0.009253413416724962 0.022736650572773846 -0.04854366340061933 -0.010092298319594663 0.9987698881917783 36.62189183085168
0.998669786692003 0.01723668479305647 0.048745938891355624 3.726604880292079 -0.017710732747630263 0.9997990028046051 0.009291075400551128 0.025100095575942716 -0.04857737026700184 -0.01014031750796287 0.9987678818098138 36.64519091209595
0.9986641229846807 0.017392929936383472 0.048811775976182456 3.7270989358511284 -0.017870392039488613 0.9997959963822443 0.009336316108562958 0.027418626708427818 -0.048640508863627197 -0.010194643407429633 0.9987643670742085 36.672659791906995
0.9986626137949945 0.017497400399730335 0.048807908507532624 3.7275938083663713 -0.017976991516043817 0.9997937107088417 0.009377220091103393 0.029702283648745866 -0.04863478385812022 -0.010240547827875871 0.9987642931356707 36.69978159455306
0.9986571058815714 0.017642400661374628 0.04886247829493726 3.7278885934121044 -0.01812468536782982 0.9997905372221113 0.009419634674134661 0.031954385298032045 -0.04868716702707866 -0.010290960402058189 0.9987612282074116 36.72458551288276
0.99865172749757 0.017818784909026653 0.04890869252157616 3.729937860329039 -0.01830570190228607 0.9997863850135003 0.009499568551874686 0.032782693424384717 -0.04873010508478309 -0.010380355441949226 0.9987581537935304 36.76802491114989
0.998646963710426 0.017972011080637257 0.048941552305215914 3.7298067152322774 -0.0184601989085033 0.9997831259464648 0.009519471294026239 0.03445712487557702 -0.04876113636952749 -0.010408238105524057 0.9987562360143257 36.77478393686979
0.9986434133310266 0.018123526064948034 0.04896083097766446 3.7302993978054704 -0.01861290654623827 0.9997799838120939 0.009540573828156138 0.036567357299601214 -0.048778485023791354 -0.010436968100441809 0.9987549708378514 36.79626746295846
0.9986419137511627 0.01826361494295834 0.04893716440845417 3.730633136736662 -0.018755153388566842 0.9997768961723728 0.00958667746529378 0.03882534275043383 -0.04875246524818118 -0.010489460534847067 0.998755690720639 36.81748305372376
0.9986390621881626 0.018419534450524515 0.048932201879658396 3.730941156698408 -0.0189134878612455 0.9997733054565583 0.009638510568752407 0.041199939122882855 -0.048745076862511484 -0.0105488374091312 0.9987551380582581 36.84027330156524
0.9986331841281345 0.018543130633909003 0.049005598899453585 3.731483981950768 -0.019039867311916436 0.9997705395627844 0.009677449210671773 0.043580210141773594 -0.04881646724712847 -0.010595149470550139 0.9987512856822417 36.8662418238528
0.9986301254207604 0.018670444237462985 0.049024696869636154 3.731658500678641 -0.01916945072212213 0.9997679809559628 0.009711601726705339 0.04591560784459433 -0.048833383316129325 -0.010636254156800666 0.9987501370891844 36.88954541465624
0.9986269942201224 0.018808250913893057 0.049040927408636685 3.7318759365668055 -0.019310355538502785 0.9997650258246559 0.00976255791173123 0.048277604740270305 -0.048846988413719226 -0.010694522941655132 0.9987489643415055 36.91439233980017
0.9986235706375933 0.018953256662407596 0.049057480063128135 3.7320293379572593 -0.019457492935870267 0.9997618011455248 0.009801465292897975 0.05063860420677079 -0.04886125698352581 -0.010740940318554871 0.9987480100189491 36.93824031413139
0.998619907267699 0.019088463115611777 0.049072428249910614 3.7320887042893083 -0.019595546233290736 0.9997580916146106 0.009857177377770372 0.05302953155447686 -0.04887383659330495 -0.010803226095222732 0.9987464903860747 36.96250326690448
0.9986170240298827 0.019230997262563096 0.049073160979492034 3.732061779629334 -0.019740852606838583 0.9997544880878185 0.009909740625426286 0.05545855188508902 -0.04887205220743171 -0.010862771544166122 0.9987458760255251 36.98640103757687
0.998613522872147 0.01934518004615456 0.04910214753675012 3.7323397367436852 -0.01985801778957467 0.9997520172585135 0.009961449222657737 0.05780841768340687 -0.0488987075377068 -0.010920935116943193 0.9987440581420677 37.01181205300314
0.9986118820593141 0.01945300338349659 0.0490929289200545 3.732433946818807 -0.019968426254819326 0.9997491443309012 0.010017400308298103 0.06019017643295574 -0.04888738030891875 -0.010982008014958208 0.998743953413226 37.03502690337509
0.9986105891458043 0.019559662973918143 0.04908192730881229 3.7325456068301968 -0.02007774538255218 0.9997466947080901 0.010068025609243346 0.06250819797632104 -0.04887401599110397 -0.011037775018754874 0.9987442252399205 37.05959869861591
0.9986090829632288 0.01967614052247181 0.04906859129176912 3.7325344526706634 -0.020196188449737917 0.9997439357510598 0.010106177792017291 0.06480129922788196 -0.04885857426479194 -0.01108124865814577 0.9987444960952732 37.08347591109458
0.9986058196414491 0.019792124186484954 0.04908365142718193 3.732670145238624 -0.020314523141757187 0.9997413575066935 0.010148287932415281 0.06712177020087864 -0.048871480151177156 -0.011129412870150235 0.9987433301385572 37.10722605940057
0.9986035293051844 0.01991728490094895 0.04908215053919591 3.7345268010783936 -0.020442556805384517 0.9997382001282221 0.01020346003541273 0.0678835348299721 -0.04886750062748898 -0.011190437285827555 0.9987427837105414 37.14697172668077
0.998600969416644 0.020066634906258877 0.04907116023598381 3.734011327584166 -0.020593880104129988 0.9997346101611849 0.010245828312587938 0.069727995237684 -0.048854072263703585 -0.011239993637848422 0.9987425926684635 37.1505327424316
0.9985985859885868 0.020181281866072976 0.049070313010388944 3.73446242858247 -0.020710536387537507 0.9997316649404698 0.010286829389721381 0.07189912548876239 -0.04885117712935035 -0.011286656111849204 0.9987421540781637 37.17137756704495
0.9985968524863094 0.020298553724602365 0.04905979972974478 3.7349156775541332 -0.020830875911659434 0.9997285232549886 0.010349792090875932 0.07427116414181768 -0.04883803613983915 -0.011355228428519614 0.9987421416095766 37.19515231774578
0.9985936485791168 0.02045672147027467 0.04905823629666267 3.735236300954308 -0.020991619051843737 0.9997243634295153 0.010404907087017816 0.07668498729095556 -0.04883376644025715 -0.011417711100655502 0.9987415876880212 37.22000748514663
0.9985894059808883 0.02059400183985586 0.049078637461175856 3.735489707289156 -0.021131490350561666 0.999720251992711 0.010459915018248726 0.07912801687683689 -0.048851855169301336 -0.011479525927250472 0.9987396545269308 37.24419496791425
0.9985873661057458 0.020702689774669474 0.049074490244132137 3.7356882376360785 -0.021242390781023364 0.999717443813585 0.010504295940799307 0.08148018264028754 -0.04884558064745833 -0.011529090290854334 0.9987393936445488 37.268024389958875
0.9985835375439407 0.02080315157170718 0.04910518840238287 3.7359403961379973 -0.02134622913319131 0.9997145240431599 0.010566207864460333 0.08389279653441219 -0.04887381235487953 -0.011596689771690103 0.9987372341982438 37.291905886588886
0.9985830285777302 0.020924484259910624 0.049064175492294235 3.735990884160781 -0.021469755615487758 0.9997112205609808 0.010618145468783712 0.0862458852950459 -0.04883025724381312 -0.011653527666248763 0.9987388207961045 37.31590715681979
0.9985818637508476 0.02104378796447367 0.04904444788032023 3.7359189409129803 -0.021591367337649426 0.9997087378234064 0.010662269643047884 0.08856216970456048 -0.04880792997859343 -0.011703436023770093 0.9987395597160044 37.33784957823863
0.9985771464284594 0.021188897830810818 0.049068386047497754 3.7359774568632758 -0.02173961653153399 0.9997043052546143 0.010726757367416094 0.0910201501354011 -0.04882909278247983 -0.01177529725621111 0.9987373377952894 37.36197028211563
0.9985751877884438 0.02128920345131374 0.04906239777846463 3.7360539844971306 -0.02184137846640412 0.9997012592176957 0.010764919687241085 0.09335811444413067 -0.04882139877585703 -0.01181797021491324 0.9987370432091622 37.383913784590526
0.9985716625327467 0.021414978871546076 0.04907463044536781 3.736055617872902 -0.021968806942259896 0.9996978569538322 0.010799942555729724 0.09568233885479913 -0.04883160945792449 -0.011859025258525625 0.9987359455155749 37.40628904969681
0.9985701451244632 0.0215284884291499 0.049052231604248715 3.7362964324780137 -0.022084714175515177 0.9996943946332938 0.010856918155947822 0.0980425578874427 -0.04880682770085838 -0.011920784165046555 0.9987362512336917 37.431310318113376
0.998569091695549 0.021651876692102334 0.049014636590061146 3.7364113541634825 -0.02221019537606593 0.9996910365187411 0.010910297938665405 0.10048267005943086 -0.048766709942156546 -0.011979565222459148 0.998737338688334 37.45162186132596
0.9985628985674957 0.021834719778736304 0.04906000583747735 3.7364143275123003 -0.02239546000088203 0.9996864877284157 0.010944372223311733 0.10298093566232103 -0.04880914274937924 -0.012023730356082084 0.9987347398886741 37.473189714506965
0.9985296787959631 0.02275430604515422 0.04931466374820612 3.73560620367715 -0.02331718177218797 0.9996658920812164 0.010906615539401572 0.10483783125531305 -0.04905362015119388 -0.012036571627561464 0.9987224643671502 37.48359530671384
0.9984587617017959 0.02414594397033127 0.05008599410341592 3.731825451935364 -0.02472226913267802 0.9996318159605735 0.010953822711704921 0.10916008041084517 -0.049806212732063565 -0.01217170253652123 0.9986837407773158 37.453628629162516
