1.0 0.0 0.0 0.0 0.0 1.0 0.0 0.0 0.0 0.0 1.0 0.0
0.9999937415122986 -0.0004582405090332031 -0.003558933734893799 -0.0035271705128252506 0.00045797228813171387 1.0000001192092896 -7.037818431854248e-05 -0.003265863750129938 0.0035590529441833496 6.860494613647461e-05 0.9999938607215881 1.0610404014587402
0.9999776654605217 -0.00036190284034365305 -0.006714755588550503 -0.011964803614679692 0.0003653309460900367 0.999999965538729 0.0005194700560933185 -0.004397825892751367 0.0067146883458377715 -0.0005220212067547081 0.9999774848062613 2.1177820359892383
0.9999691083699153 -0.0002185163238788622 -0.00789920035966315 -0.019417749138559384 0.00022411670608202762 1.0000000343717688 0.0007161346993878243 -0.0035741562969531055 0.007899105408819645 -0.0007179519387102598 0.9999688329810363 2.6744275803512862
0.9999350815537753 -0.00014100064215052303 -0.011431406371566932 -0.0357802996230011 0.00016090098447910027 0.9999990100551964 0.0017514682342524256 -0.002635409723865537 0.011431262131659781 -0.0017532557767522311 0.99993351281981 3.7310240359964686
0.999884441271548 0.0006803578502392664 -0.015234178674433744 -0.05801378265816297 -0.0006410709800989787 0.9999971776080948 0.002602510750727698 -0.0010780682784871246 0.015236163260908545 -0.002592473716844284 0.9998810370234469 4.811079209130397
0.9998647007666341 0.0011036394487896042 -0.016456101831476312 -0.07197817051670041 -0.001058428903258922 0.9999961638221923 0.0027753256672000456 0.0006302611537645983 0.016459348230168425 -0.0027574355615994097 0.9998611947261068 5.375773032223876
0.9998186082837219 0.0014265352760008908 -0.01907501191685011 -0.09807683367869727 -0.0013675339903038866 0.9999952998880522 0.0031404999277411336 0.001823901577921812 0.01908018294015757 -0.003114386781989432 0.9998140968046729 6.447000221677424
0.9997704007147948 0.0029107755837395207 -0.02130626552121703 -0.1294015786098891 -0.0028405100637922446 0.9999914735538407 0.0033600870790796654 0.0041812123224776706 0.02131656369671646 -0.0032992128768525105 0.999768332217163 7.529139083650048
0.9997536419304295 0.0035333983194093073 -0.021976582993763694 -0.14752624776298062 -0.0034554826192976828 0.9999885456413511 0.0036234464804534693 0.007850152132976278 0.021989906679446017 -0.003546914066438241 0.9997529227742207 8.099276109300709
0.9997038904716313 0.004382255353994753 -0.02398895449303799 -0.18113721471632505 -0.004275707241512056 0.9999816552073649 0.004528710211670941 0.012845172399522485 0.02400919052127365 -0.004425323396096174 0.9997028999545908 9.18022594483161
0.9996755281142724 0.005132627436523729 -0.025003794362561105 -0.21418695043780261 -0.005024079442493638 0.9999787723108532 0.0044463689830332555 0.014843276632975376 0.02502715190298343 -0.004320061131392388 0.9996785622361353 10.258900447603958
0.9996696126179102 0.005299275152942382 -0.02520610949208174 -0.23130044409951983 -0.005191799368467554 0.9999785153416075 0.004368022328296079 0.016187921821463735 0.025229785776271933 -0.004236681235134772 0.9996739695202936 10.825708382688816
0.9996596503182963 0.005539687624519271 -0.025568819966814448 -0.2619494236596085 -0.005437633625588783 0.9999790314943162 0.004121623444338985 0.016725091747331697 0.025592855996260384 -0.0039828528861174115 0.9996663774762208 11.895818425343416
0.99964109754471 0.005408433180617062 -0.026313143986698227 -0.2929020932449297 -0.005306418357590626 0.9999801986648641 0.0040117652393287795 0.01664651639759661 0.02633613604253901 -0.0038723765103360823 0.999647433689688 12.984288773624566
0.9996360818290968 0.0054824942394847 -0.02648854535570397 -0.31066824429800904 -0.005383291525971391 0.9999803317359067 0.0038771541568733458 0.01686388709623394 0.02651104627212989 -0.0037344804414009315 0.9996433568155139 13.53835482678428
0.9996141562976867 0.005651547149430611 -0.02726549013043397 -0.34498808524048724 -0.0055438242448518455 0.9999784496424708 0.004078033908042761 0.018832883271423174 0.027289507124051558 -0.003926416625152716 0.9996215711669786 14.629529748465206
0.9995938880766756 0.006322959911278111 -0.027864550198398893 -0.37764339749192327 -0.006195479944562974 0.9999721243366315 0.004713975898033061 0.023656769892141334 0.02789525153694744 -0.0045404996346870745 0.9996025160397275 15.715078431321361
0.9995770289547057 0.007085265181208235 -0.02827913289811796 -0.39634495563796723 -0.00694364126429002 0.9999652890963446 0.005155418903866119 0.029322863695477916 0.028316187628403048 -0.004957873980885072 0.9995887570739457 16.279135595516134
0.9995653832687523 0.007649757131678128 -0.028539653474895052 -0.4312186634636237 -0.00743716894613742 0.9999460249725071 0.007590056243389515 0.03804246085499692 0.028597887041710318 -0.007375682391834408 0.9995656072451051 17.383390105188553
0.9995490974786597 0.008369156636069044 -0.02890841356442935 -0.46710930522668664 -0.00812353256378773 0.9999321544251062 0.008634538813604112 0.04745137301264171 0.028980335867303406 -0.008396933931579845 0.9995465490840977 18.48940606590249
0.9995488120444069 0.008512760925399819 -0.028884896579672067 -0.4848930577311868 -0.008267942216521615 0.9999312389572529 0.008618583256484525 0.050835068148537055 0.028957931202326755 -0.008376999890050427 0.9995474863835556 19.061386376036687
0.9995450316373297 0.007459732065881024 -0.02930853808040785 -0.5158593377930188 -0.007239726977985644 0.999947056808417 0.007631212234012953 0.05456610831528702 0.02936551337263874 -0.007416665888677676 0.9995430424027916 20.14964973480127
0.999537001001619 0.0072929580783343785 -0.029628870597370013 -0.5491525018376927 -0.007077175417410779 0.9999498234847728 0.007407570071031716 0.05814608382508786 0.02968300881359446 -0.0071953033927913785 0.9995352375349293 21.232185604477557
0.9995330605680782 0.0071636965317026045 -0.029793500599769797 -0.5675964784049671 -0.006946469564286092 0.9999506685701695 0.00741843639624405 0.0607470536148126 0.02984686690962188 -0.007208891446614022 0.9995302766574219 21.795647768777748
0.9995231132374399 0.007415580258868399 -0.03007828749780051 -0.6045132435213939 -0.007188082164596144 0.9999468576516574 0.0077057278170649494 0.06663825927492392 0.030135764424628113 -0.007487204840792862 0.9995195952409017 22.892985088239683
0.9994846124496851 0.0099503123815924 -0.030617478077204066 -0.6447774529293395 -0.009661502015620858 0.9999094433918658 0.009604184273987288 0.07712036304077584 0.03071214554473553 -0.009304743599855211 0.9994867619735787 24.004023905726
0.9994821133110152 0.009964665982092438 -0.030709790145523424 -0.6639591376585937 -0.009662336852454816 0.9999056418939146 0.010023950605657014 0.08344032228698281 0.03080874609087261 -0.009723594094840806 0.9994798998454784 24.579004151382623
0.9994715738948718 0.010755260981780843 -0.030781334512568027 -0.7022659438464071 -0.010460541416476456 0.9999001776652642 0.009758236444876263 0.08997130818847394 0.030884890808333367 -0.009432226421641852 0.9994801282128877 25.69855571970203
0.9994916564241163 0.011209558217146262 -0.029978064850094424 -0.7357485088810871 -0.010937416226737382 0.9999000191431928 0.009274534747888719 0.09410787705971678 0.030081175701488654 -0.008943531638688938 0.9995094719454267 26.80590190802429
0.9994963857265136 0.011242204709475862 -0.02981588378340549 -0.7537040535438143 -0.010967455033154562 0.9998984570403788 0.009420672285217969 0.09886118942362117 0.029921031433401784 -0.009090609465499363 0.9995129802959282 27.364959857781457
0.9995002910557964 0.011161877940436972 -0.02971127404256218 -0.7887351671462141 -0.010867197297687082 0.9998927096835757 0.010122396626294165 0.10787032042130719 0.029823327500393987 -0.009796035647571998 0.9995093666940943 28.48457175475888
0.9995009803095255 0.010616326070856358 -0.029893088736691716 -0.8195525773184134 -0.010314620020215512 0.9998968793112599 0.010291864838438476 0.11509238834776786 0.030001558350976794 -0.009980017177713052 0.999502245152911 29.554931821378524
0.9995031525847586 0.010452589209953506 -0.029874749124882156 -0.8356929045281358 -0.010152109044941758 0.9998987659009717 0.01024819192443007 0.1200268375669257 0.029981075339337512 -0.009941311318316944 0.9995030645622489 30.148075464228068
0.9995178961234605 0.01009541740033344 -0.029514416821393507 -0.8660366256780073 -0.009807932836082077 0.9999056631476875 0.009927852118322887 0.1272747981351284 0.029614007320717794 -0.009635130924157662 0.9995172398388285 31.23781252088102
0.9995276929865007 0.010130319821191159 -0.029170627951139387 -0.8983319863790576 -0.009834490991841837 0.9999013324480417 0.01032602097324543 0.13639402265148548 0.02927452911195947 -0.010035675259994405 0.9995233174487259 32.33667184480031
0.9995304302065251 0.010001866329112806 -0.029141351511454368 -0.9162637796337921 -0.00969490485535538 0.9998990550769076 0.010737559118033426 0.1432996923365858 0.029248314553521813 -0.010451720675042317 0.9995201583022978 32.92627901006318
0.9995422702936687 0.010268033165133023 -0.028629024759499425 -0.9499834443658871 -0.009924393720286728 0.9998799275662892 0.012201039422221307 0.15550934182817205 0.028753334317338917 -0.01191303593917787 0.9995181200652835 34.025828882575006
0.9995453878097985 0.011187480880403604 -0.02816649376411475 -0.9840494534950671 -0.010822642797434372 0.9998583504100383 0.013160704925520624 0.16878085081375216 0.02831215798460638 -0.012851456731478453 0.9995189375887596 35.146326519409556
0.9995422000750198 0.01191580916983066 -0.02796523724951256 -1.002970344423893 -0.011544236986628582 0.9998454277634798 0.013485895303511505 0.1777067447633712 0.028123646571269624 -0.013157791228834231 0.9995201482836118 35.729002463814105
0.9995446760564887 0.012395401264494371 -0.027663604932436428 -1.0360726338050457 -0.012009342908874758 0.9998306486127139 0.01414823830225773 0.19192281197982575 0.027836266710604515 -0.013810249200322396 0.9995192335423888 36.817491211881766
0.9995471457748096 0.01290118843282408 -0.027351940490017247 -1.066640357563529 -0.01253353594213957 0.9998314132269575 0.013648745498050499 0.20159877068244153 0.027525729603506605 -0.01330082474516528 0.9995351692846136 37.903268589832194
0.9995460338224815 0.013214704773625904 -0.027244867719535396 -1.0824379576937382 -0.012865830738523813 0.9998355654118698 0.013021941847395184 0.20459407263568793 0.027414818031930778 -0.012666575906082736 0.9995463611296179 38.4462091031341
0.9995464579906497 0.013062525300060855 -0.02729231493771322 -1.1104225517732826 -0.012773051562741198 0.9998627666844094 0.01082848823858467 0.20947829595402664 0.0274320172473775 -0.010475697282401822 0.9995709030550957 39.48393435733852
0.9995429284334947 0.013291449765206985 -0.027307703919667116 -1.1416172961462823 -0.01299873830908239 0.999858806795965 0.01093880649350488 0.21881427996319952 0.027451211540922917 -0.010579540864074448 0.9995691684086914 40.52232471319375
0.9995360364195371 0.013266200670676116 -0.027563843798666922 -1.1591270524336372 -0.01295823447217134 0.9998542151316885 0.011384656402854356 0.22660801238949244 0.02771267122544665 -0.011022713828940604 0.9995572908159053 41.069903600522586
0.9995337109994893 0.013433840705051202 -0.027560717185645223 -1.1917994410400428 -0.013076261808083318 0.999830512900608 0.013174823200720717 0.24013048387419786 0.027734911853766725 -0.01280878701449751 0.9995351380632824 42.13074845090366
0.999533481002169 0.013546321994201485 -0.027518577610313327 -1.2223419505099318 -0.013176078637731894 0.9998227396448925 0.013652168519885023 0.25278115281834174 0.0277004416910734 -0.013283627471332722 0.9995298887035136 43.17749309928033
0.9995321427917723 0.013596872604991391 -0.027535920906387346 -1.238544072527478 -0.0132266764899808 0.9998220516950013 0.01364068323090798 0.2589234357973295 0.027718210605234477 -0.013270389118140258 0.9995294487971306 43.709237780579286
0.9995211193600537 0.014205842291160434 -0.027626836606427344 -1.2693556645209472 -0.013832444896292005 0.9998126251235808 0.01371832862307423 0.2720735218585678 0.027818098212095813 -0.013329634223612406 0.9995258247237705 44.76937400054955
0.999500185319489 0.015331290126577114 -0.027780684222033808 -1.3024375744366203 -0.014865222065081262 0.9997478255022872 0.01696885279397807 0.29187758727778657 0.02803537122842215 -0.016547804898140415 0.9994714728569533 45.840366827335075
0.9994832644821002 0.01568333282696508 -0.028199522378177643 -1.3195226492023409 -0.015130202201023596 0.9996921245795972 0.019793117017691462 0.3077619324368903 0.0285024163395258 -0.019356366662912478 0.9994080030416138 46.40445728449661
0.9994677979847078 0.016187474445155184 -0.028445890954080753 -1.3550817035621423 -0.015579435292099127 0.999649220347454 0.02152587644416065 0.33052435639867855 0.028785434149909847 -0.021071336679542408 0.9993651235797045 47.50025367292738
0.9994388203040651 0.017584969937672668 -0.028612805547081257 -1.3869570047081285 -0.017140501325599505 0.9997308698692758 0.015760799755095572 0.3332755271475247 0.02888258862115619 -0.01526128879105826 0.9994668959580298 48.54643245338708
0.9994220969059224 0.017577714270528337 -0.029200201734385665 -1.4019204335234143 -0.017251636520697215 0.9997876237414255 0.011437866197749304 0.3306569670877313 0.029395334849498744 -0.01092699628381574 0.9995087060971052 49.09240737583303
0.9993837502665474 0.018222011881135758 -0.03011321449737707 -1.433450252461812 -0.01801836329584793 0.9998145040361976 0.007073118653401243 0.3285379847728571 0.03023699962798932 -0.006525679274626108 0.9995222578748032 50.0934163598014
0.9993799842586188 0.018705964931106586 -0.029938229898574063 -1.468574719883999 -0.01844588454292541 0.9997911552575262 0.008989660121409311 0.3378465921664241 0.030100816793597506 -0.008431689971061406 0.9995121794055642 51.121011731843474
0.9993696245124551 0.018949119330051174 -0.03012786425949172 -1.4872480400510757 -0.018659832954772405 0.9997787572718166 0.009909598348852564 0.34533305178521934 0.030309717930664008 -0.009341075955422789 0.9994977483127785 51.6617740298812
0.9993494478217535 0.019646100769644435 -0.030351678128924687 -1.5237402447094646 -0.019279400095623785 0.9997395335566039 0.012380455900490831 0.35806375407195445 0.030587693512811168 -0.011786988432267817 0.9994634034925003 52.72250539771251
0.99933893735417 0.019895296226412867 -0.030540292175726454 -1.5588133543463727 -0.019486681810387655 0.9997187111408853 0.013671218034434355 0.37134615059740184 0.030804350885347845 -0.013066884036235212 0.9994406136150412 53.763940327904336
0.9993326802144018 0.020048328632784083 -0.030641673513919606 -1.5782706380576756 -0.019635731603793286 0.9997146301190475 0.013752477560170128 0.37863905744099624 0.03090919344165772 -0.013141530127018328 0.9994364040801414 54.29545462665533
0.9993232715229605 0.020579864197545105 -0.03059688307482078 -1.6141717233143078 -0.020171412983882323 0.9997054553838829 0.01364599638916453 0.3898676055318847 0.030869251199512563 -0.013019457989924342 0.9994392425254744 55.327864258286574
0.9993197115152708 0.02076326034506603 -0.030588004100526936 -1.6489110207807145 -0.020355935792177066 0.9997019705201874 0.013611091711460894 0.4011026054242239 0.030862000216167623 -0.012978818037232664 0.9994398716468518 56.35792718901445
0.9993202057024129 0.02092699722752607 -0.030464531826524935 -1.667648227986815 -0.020521844294193375 0.9996988016752277 0.013595822716060661 0.40714000253475774 0.030740436212523415 -0.01296094142325811 0.9994440970816317 56.88549569886978
0.9993072900510924 0.021414275400874073 -0.030549300223390117 -1.704225810555334 -0.02100798338472179 0.9996884565470504 0.01360987267163453 0.41883182474773806 0.030831907791292214 -0.012958262708708795 0.999441262412805 57.92329576959725
0.9993047419465583 0.021585396550151428 -0.030512487554476456 -1.733879746823009 -0.021193959428342266 0.9996907298533755 0.013151599510773462 0.42850717563099466 0.030787785038757527 -0.012495490089128383 0.9994486280064174 58.93864615341878
0.9992995323299776 0.021877351685685303 -0.03046710154571571 -1.751829532159879 -0.02148727750056764 0.9996843471596509 0.013128249827928686 0.43573137786799243 0.030745296296510106 -0.012463591827887477 0.9994501419825815 59.47469723501339
0.9992943555410901 0.02217344375454351 -0.030423984278590572 -1.7861401075664092 -0.02174037389528734 0.9996589761967147 0.014546088118462412 0.4506043320653553 0.03073668441145527 -0.013873485802656968 0.9994316408188384 60.50566765493337
0.9992788058021589 0.022581525979300833 -0.030640522145535896 -1.8208501816513964 -0.022100474866306136 0.9996289280060883 0.016015347333851158 0.4666870427746976 0.030991426908061576 -0.015326109901305073 0.9994028909344903 61.53848719912661
0.9992768033909779 0.02262572364156104 -0.03070691218307737 -1.8400251576970914 -0.02213557562779612 0.9996244414249941 0.016307103200169114 0.47632630815378924 0.031065583809532202 -0.015615832186328305 0.9993965380880426 62.09323787679799
0.9992671525361422 0.02247849140997443 -0.031123749264720942 -1.8743065742439518 -0.021973072032761172 0.9996235027779069 0.016584992857132108 0.4915619983439637 0.03148605534543244 -0.015889275977354678 0.9993791360812923 63.114265501040435
0.9992609968228021 0.022470513888237842 -0.03131992127869253 -1.9082313070224293 -0.02195812563770443 0.999621610549143 0.01669718399288915 0.5062580609174371 0.031684282488994985 -0.0159971017823711 0.9993708663681032 64.13973632096015
0.9992516148026959 0.022850317230699788 -0.03134666470883336 -1.9270878327305458 -0.022340405899831356 0.9996148527848322 0.016613246340978858 0.5136995842267849 0.03171527611281534 -0.015900721615367687 0.9993716691847324 64.65870698894295
0.9992369424487928 0.022891577378120725 -0.031777136336741986 -1.961774575838838 -0.02240264249565899 0.9996273335323591 0.015739558110621762 0.5245182955176844 0.03212621907528738 -0.015015557625704461 0.9993720940876902 65.69150650323883
0.9992050222017478 0.023309947688226904 -0.032482806662857286 -1.9982991628446227 -0.02283907419363932 0.9996308312051695 0.014874679803415012 0.5343493683367678 0.0328184700883747 -0.014121006241822163 0.9993628591797274 66.70512981720995
0.9991792346683586 0.023953135123390663 -0.03281064976303827 -2.0197193952117747 -0.02348569020146336 0.9996193912371075 0.014642972306152692 0.5406349851800366 0.033150043045305236 -0.01386055319911256 0.9993557709072521 67.22443510119477
0.9991716091321703 0.02376955280251704 -0.03317322349055455 -2.056326017006409 -0.023298909907569037 0.9996246009568893 0.014586901182290179 0.5530985749954472 0.033508613212018784 -0.013802123077990997 0.9993446881595812 68.2541867260494
0.9991431163198887 0.024158759373043192 -0.03374541374848978 -2.096055743492413 -0.02364304587710357 0.9995998686014036 0.015682354247284674 0.5690778225138475 0.03411187335820321 -0.014871214974080319 0.9993088687489076 69.29029616710937
0.9991273079551671 0.024308770708315375 -0.03411613762018873 -2.11758304991054 -0.023771465698536637 0.9995895484040852 0.016161920335285206 0.5793460958032187 0.03449640173808025 -0.015337220732342473 0.999288823499331 69.82658318047403
0.9991047094271828 0.023872670257763413 -0.03507234387136008 -2.1571728359335425 -0.023280552699254838 0.9995823184853224 0.017292382702238172 0.5969052131821486 0.035471930433107625 -0.016460884906291058 0.9992366405037064 70.87653424486051
0.9990776916194566 0.02356373598595313 -0.036036798679593265 -2.1960961753299952 -0.022966980987404417 0.9995947741737257 0.01697740621189737 0.6100747952747188 0.03642359982357732 -0.01613450211913357 0.99920758254184 71.90909981127967
0.9990711918362022 0.02357223671769374 -0.036214678007476526 -2.216093792369504 -0.022984408064477185 0.9995997689171121 0.016656335508904066 0.6172512611036004 0.0365941769674323 -0.01580893796702243 0.9992065031235711 72.46375424386805
0.9990544077486903 0.023618785601901577 -0.03664105846154379 -2.254914815123132 -0.023035754814151328 0.9996035697558293 0.01633952070565318 0.630502417213335 0.037013659787318166 -0.015480330998972532 0.9991960917827891 73.49158005005339
0.9990215509703388 0.023921622593201537 -0.03732912459567854 -2.296099240241848 -0.02332322130510196 0.9995948280770433 0.016461523929933487 0.6451790349509893 0.03770876972085217 -0.015574995967304352 0.9991686255496391 74.53403719606526
0.9990097453513153 0.024147230849700108 -0.03749762194842526 -2.3187532019575863 -0.02354707090519566 0.9995896651610567 0.016436366154146145 0.6530097994222723 0.03787994375595695 -0.015536833712161061 0.9991627447935565 75.06936748630513
0.9989836826834109 0.024736197866525433 -0.03780668327011649 -2.3625245765672633 -0.024145171975689637 0.9995812219402755 0.016078870254420386 0.6661597117452547 0.038189255366822265 -0.015149235597636158 0.9991569072304951 76.10732247258036
0.9989487357888696 0.025444434390859774 -0.03825433186835289 -2.4071611731353335 -0.024847863619658708 0.9995642724340708 0.016055765070565123 0.6805849323048553 0.03864671348080487 -0.015087444506849672 0.999140101767369 77.14678807301124
0.9989332444217774 0.025576225660300354 -0.03858604380995665 -2.431933323718236 -0.024965079637694745 0.9995576458891209 0.01631683611580594 0.6907433362179137 0.038987208267919814 -0.015335770683610656 0.9991233255342952 77.68664310068456
0.998886931869281 0.026402089313751362 -0.03923397672033013 -2.4805993677811795 -0.02573280707991661 0.9995175784265693 0.017544780591898842 0.7094171013078732 0.03967924127658148 -0.016515363649552386 0.9990775327465823 78.75299969076619
0.9988542553163056 0.026991934559154693 -0.03966833519327982 -2.528158485836762 -0.026308874635762248 0.9994998143897619 0.017725612805248047 0.7263234903302784 0.040128304289332756 -0.01666182896567987 0.999057538129778 79.82769084190106
0.9988464614479711 0.027151099800496476 -0.03975051467764574 -2.5524227745861796 -0.026469340351436613 0.9994960774537802 0.017658138471902132 0.7347253239867857 0.04021117554652398 -0.016585191742620065 0.9990551142227673 80.3510147036502
0.9987995021200495 0.02841466903487377 -0.04004120393843093 -2.60172311118167 -0.02773483738497925 0.9994642208161898 0.01750391465804379 0.7517164783176672 0.04051804776084131 -0.01637153681350039 0.999045915766175 81.41141445652637
0.9987712424252542 0.02916932809670072 -0.04020467770511496 -2.649990353480298 -0.028491542868762442 0.9994446515940278 0.017398574846333205 0.7684808153339943 0.04069087125018119 -0.016230811515021985 0.9990412092273012 82.47498481254085
0.9987566241068848 0.02952995525478513 -0.040311712047173875 -2.6763493585387206 -0.028856866781561668 0.9994370175208128 0.01725287536334814 0.7770956630482044 0.04079977059734318 -0.01606742807902663 0.999039558310024 83.01701938037127
0.9987315164768809 0.02996186361292005 -0.040605831115916244 -2.723939862582181 -0.02928505045885611 0.9994246944258486 0.017233616392870008 0.7933019752563001 0.041099898060182875 -0.01602153706235196 0.9990278437203902 84.06714056559457
0.9987121624427501 0.030359801202706153 -0.04079948943605491 -2.7716092393510006 -0.02967668515428095 0.9994118616962849 0.017326886401980744 0.8101190381267561 0.04130278386731823 -0.01609266633125076 0.9990187213585641 85.11711699130521
0.9987031275988637 0.030804269183767594 -0.04068815285749282 -2.798301929792696 -0.030125799590959224 0.9993994760595757 0.017272242327164303 0.8198790184991311 0.041197141657076504 -0.016023257118822257 0.9990242161030626 85.6789180059146
0.9986703140574106 0.03176403345664396 -0.04075268356508619 -2.8433827114722776 -0.031092779376871018 0.9993730565300483 0.01708658123254496 0.8363128897518712 0.0412711117211677 -0.01579601001670727 0.9990247975821178 86.72979922182776
0.9986812981570299 0.03169694921997113 -0.040527348074115184 -2.884553389000631 -0.031034446029229234 0.999376867217683 0.016955749861904137 0.8507159342128543 0.04104059102337028 -0.015674742533937865 0.9990361080434005 87.77358068224379
0.9986748687704401 0.03224510700371563 -0.040242767134541474 -2.9084486838398833 -0.031595941060382646 0.9993628890708608 0.01674438408283695 0.8587118548946706 0.040757961437648385 -0.015449773994212067 0.9990511205532244 88.31993443485736
0.9986758563427406 0.03268126229301574 -0.0398654168084641 -2.9534107669808756 -0.03203785698181327 0.9993486511028873 0.01676067913421551 0.8742807493522861 0.04038828750296696 -0.015460365092949605 0.9990660478141088 89.37624167175566
0.9986910805457404 0.032384034456121535 -0.03972485300343089 -2.9960063712374927 -0.03171765235845347 0.9993482764978746 0.01738113045132553 0.8905231326636837 0.0402628599765377 -0.016097491722926693 0.999061009869227 90.42293209413414
0.9986784831334684 0.032861501332110875 -0.03965207828487434 -3.0221154061024267 -0.03220403180190544 0.9993360699698182 0.017202322000376413 0.8988188257431421 0.04019221720397348 -0.01590205564377689 0.9990669546037627 91.00634186789691
0.9986458136905878 0.03396695696716195 -0.03955018756960324 -3.066251516948694 -0.03333241616756796 0.9993080189645163 0.0166913952021669 0.9116048819423648 0.040091057654746874 -0.01535022479368742 0.9990800343254049 92.01847873177098
0.9986291835578843 0.03463580031673438 -0.0393782310944728 -3.108109355387161 -0.03402114508394883 0.9992916414646585 0.016267665969375584 0.9233179779443026 0.03991490202662093 -0.014905168775702285 0.9990935031022115 93.01440490115033
0.9986169834275057 0.03491156390923381 -0.03945088619708501 -3.132847079809413 -0.034289242890672283 0.9992797334839864 0.016438424806360603 0.9333676294571284 0.03999762554581183 -0.015062642096469592 0.9990878591273943 93.53858968980636
0.9986012545998307 0.03574754462084649 -0.03910794852892869 -3.178710312612186 -0.035096997028238944 0.9992372735897578 0.01729902121395955 0.9514780937443933 0.03969791864588158 -0.015902105047685224 0.9990871222928187 94.58769220216448
0.9986017807254806 0.03596058367913564 -0.038897926452505636 -3.222242519138029 -0.03525162404310681 0.9992033894091098 0.01886023247408173 0.9706308337119766 0.0395464866647154 -0.017462353656230178 0.9990669396142761 95.64317821973955
0.9985854326092476 0.03649044162427128 -0.03883372592874041 -3.2478376355066607 -0.0357817472854521 0.9991839887175548 0.01889070872424468 0.9809003054537242 0.0394928262199232 -0.017474379254013694 0.9990691026170638 96.19192537654232
0.9985854677889756 0.036593040132282845 -0.03873374951360178 -3.28987950943146 -0.03589495414210098 0.999184187573931 0.018662186052673745 0.9957108016778778 0.039386356328965776 -0.017245325935784584 0.9990772501250352 97.22945450564323
0.9985806497289098 0.03670174964663351 -0.03875234458100824 -3.3326579490741217 -0.03603486961853137 0.9991938523691001 0.01786282375227064 1.0083811701760947 0.03937798460505521 -0.016440834402473254 0.9990911624118904 98.28260319522616
0.998574199620631 0.0370365893001681 -0.0386189517354297 -3.3575814814548632 -0.03637817599690043 0.9991843665808691 0.017721389037847195 1.016642661069807 0.039245582536452925 -0.0162915347098633 0.999099103885581 98.80841113294544
0.9985962405386575 0.03690381880957304 -0.038179080254437475 -3.400786010893476 -0.036232304843042545 0.9991803954905935 0.018245326828667537 1.0343713039711657 0.03882298508683397 -0.016836969825960404 0.9991067542153349 99.87165455388812
0.9985951358346045 0.037202890591849495 -0.03791828893880178 -3.4420639071375834 -0.03651493269962584 0.9991601304388937 0.018793960242202732 1.053763246896222 0.03858765179614748 -0.017384019173134837 0.9991064624474507 100.94484382171437
0.9985956458442328 0.0373027779259849 -0.037804213376989464 -3.463690606702898 -0.03662238481752086 0.9991586637014728 0.018643975559275685 1.0632457557498574 0.03846968997491044 -0.017233948278061312 0.9991133749299513 101.49443241540277
0.9985860684334068 0.03763595135259618 -0.03772283954088484 -3.5055688329845665 -0.036991714086460445 0.9991612703607927 0.01774020843243431 1.0769325479756267 0.03836054321273961 -0.016320049975765288 0.9991327228366218 102.55989257595797
0.9985686419421171 0.03808817124691699 -0.037724140573404535 -3.548235912138855 -0.03748115724147349 0.9991595661156379 0.016775306098878815 1.0889649027942707 0.03833293094411572 -0.015337551925587693 0.9991490906079536 103.61655776376044
0.9985551758604398 0.03850952697159606 -0.037655054754991875 -3.5727673057135436 -0.03790714243853864 0.9991449547687754 0.016690140802151057 1.097793822341286 0.03826724226351145 -0.015239042616643696 0.9991530693791187 104.16549217159631
0.9985001850186523 0.03994328615463124 -0.03763051449859889 -3.6204414009952988 -0.039331733211352596 0.9990855833255823 0.016966097151261628 1.1157410919880852 0.03827557446088233 -0.015461262981233227 0.9991497424304843 105.25205934392851
0.9984907526572185 0.04027359116485604 -0.037529680544336405 -3.662960174027828 -0.03965430210175054 0.999068607075473 0.017218206403964466 1.1322167686612714 0.03819019924186296 -0.01570484439981646 0.9991492591339413 106.30625495559322
0.9984830764234682 0.04053974881146814 -0.037460523313248305 -3.6863150419662083 -0.039918868063729906 0.9990568329097167 0.017299264097612396 1.1418386392520947 0.03812869999446705 -0.015778847625292403 0.9991506986192478 106.85312614883998
0.9984876436876505 0.04074765806533551 -0.03710831850403062 -3.729160983652182 -0.04006461460711768 0.9990186608893615 0.01908543861561768 1.1617724272634702 0.03785181892598263 -0.017571013341218182 0.9991313656634448 107.93686588641305
0.9984824655426435 0.0408869662995643 -0.037094649529071204 -3.772591837702337 -0.0401277319133715 0.9989753927206237 0.02109858456853639 1.183729525043835 0.03792161657900475 -0.01957921842900792 0.9990912681212957 109.0380445452553
0.9984811431805236 0.040913263384732966 -0.037095269005024384 -3.794638877199177 -0.040150594022655715 0.9989723997116119 0.021182434445754066 1.195011849817161 0.03792595797750019 -0.019661791073105367 0.9990894146342394 109.58643468606188
0.9985123710581797 0.0403014481861827 -0.03691673895178661 -3.8350933907937237 -0.03956782014703739 0.9990099774917113 0.02049192016648976 1.2124044431993468 0.03770813133176076 -0.01900147606331414 0.9991102668172294 110.69030768682833
0.998514987314685 0.0402293258114138 -0.03693122907888243 -3.875152745886387 -0.03952811721056144 0.9990288935465189 0.019623341823840516 1.2273514724657493 0.03768683165937212 -0.0181348053166132 0.9991271888321998 111.75951690063378
0.9985177161410741 0.04012460808458429 -0.036965685842585694 -3.8966949365201873 -0.03942765724903995 0.9990353708284173 0.01948335398221198 1.2359983910258345 0.03771356491498496 -0.01799714800147911 0.9991286049657409 112.2990027646966
0.9985302818117671 0.03981256554520555 -0.03696195104466042 -3.938867229310571 -0.03909807171951001 0.9990392414701779 0.01994579939716849 1.2552218177834795 0.037722248502115335 -0.018471422883160577 0.9991196058973578 113.38687835447094
0.9985235077149782 0.04036139038015115 -0.03654358736235855 -3.9837083128339357 -0.039625561930970055 0.9990023751594549 0.02072894709449632 1.2769441372022723 0.037345381686690486 -0.01925009010205554 0.999118972078903 114.50865319587611
0.9985317390934565 0.040202828298814594 -0.0364936887043458 -4.003331724629182 -0.03946084092629031 0.9990047692813068 0.020919884907551388 1.2890038806050637 0.037300057648821536 -0.019449035749959775 0.999116597200538 115.0786900524631
0.9985611284233031 0.039811360064579485 -0.03612995053717431 -4.041166083599115 -0.03907713812115621 0.9990204326539455 0.020907823760846225 1.3083975628811073 0.03692876837641147 -0.01946600460831236 0.9991302554818221 116.15695162753359
0.9985619109670113 0.040147759017403875 -0.03573463181168049 -4.080741081403434 -0.039437780472162454 0.9990155161765699 0.020459788719871353 1.3257795760007047 0.03652277306303991 -0.019021075856339567 0.9991538077782538 117.26029654142764
0.9985648640320562 0.040312761579929815 -0.035463193424712276 -4.137833534567502 -0.039584880435286754 0.9989964372428288 0.02109646232782057 1.3533746692183106 0.03627993182477829 -0.019662297787486627 0.9991502999660082 118.87954357947429
0.9985596875684944 0.04075891456565051 -0.03508223625023472 -4.177953305755946 -0.040043254253184266 0.9989805777092017 0.020964458911487946 1.3720233834018105 0.03590258977860141 -0.01952902279708286 0.9991662513026377 119.98290010409849
0.9985527590171135 0.04096535818685831 -0.03504605235212586 -4.199030667727716 -0.040251307045445585 0.9989728734051359 0.02094559730247651 1.382108123220639 0.035869904889860756 -0.019504431772992284 0.9991681561923003 120.54809900595299
0.9985605186002728 0.041090008027230174 -0.0346756801693568 -4.239290757852235 -0.04037261772072678 0.9989615796617493 0.02124582900424269 1.4030904172990426 0.03551443512869378 -0.019814932712823332 0.9991747943131313 121.65964439613015
0.9985521945416538 0.04172211715546168 -0.03416003375619446 -4.27792765356412 -0.04101932209093023 0.9989377945515812 0.021123436151366855 1.4220174814194135 0.03500663949106994 -0.01969110685085536 0.9991950541430675 122.72722957195099
0.9985488724898458 0.04192495465643133 -0.03401596492405386 -4.298079284204984 -0.04123634332235462 0.998935805908125 0.020807254901029443 1.4302792607019839 0.03485392836434777 -0.019374292866181923 0.9992067830880202 123.27588496081792
0.9985544847507442 0.04190040539078717 -0.033881691220780344 -4.3330569394893095 -0.0412377915231573 0.9989495597255165 0.020132435347215823 1.445048865700928 0.034691418340707235 -0.01870596803788348 0.9992251680677313 124.30505832183351
0.9985466262629366 0.042199038761084204 -0.03374721997867498 -4.3704853329738365 -0.04154267171583035 0.9989392319375298 0.02003219754469385 1.462300654167546 0.03455866537508335 -0.01860126535214487 0.999231866819995 125.35746740169046
0.9985436475934122 0.04233321301645423 -0.03367770518716629 -4.391178520319013 -0.04167592832575047 0.998932502762949 0.020103447785460523 1.472407464052398 0.03449490465456071 -0.01867104284127317 0.9992329055669555 125.90904800348298
0.9985599834477044 0.04209380639419069 -0.033470627918525245 -4.427923179451504 -0.041404165208306434 0.9989220248073266 0.021136315752939103 1.492667448557905 0.03432612711321289 -0.019720253258491183 0.9992185080370406 126.97678902336114
0.9985548414269145 0.04254718248632789 -0.03304405700053591 -4.4658341383885105 -0.041826675008679724 0.9988791450581963 0.022296452825258335 1.5147015615161052 0.033957417305448497 -0.020882187281527208 0.999207302576118 128.03910288177562
0.9985533476952129 0.042572530359263165 -0.03305246006142253 -4.485754636864401 -0.041847883964462776 0.9988756488852264 0.022419030402089316 1.5263460379331755 0.033971710302195784 -0.021003483387515953 0.9992042894366233 128.5891342993787
0.9985463859344612 0.04267029151517481 -0.03314376680042808 -4.523073822658207 -0.04194745663593841 0.9988737005436332 0.022314959732621414 1.5458102583109226 0.03406071710059191 -0.02089229453452943 0.9992035443377493 129.64061227415786
0.9985255565987929 0.04282498398482583 -0.033572340776206556 -4.55723983899996 -0.04207859495081089 0.998858603912169 0.022738645737449725 1.5677454910387207 0.034509900522561164 -0.02129240263359217 0.9991796865274224 130.68325575865705
0.9985245713672201 0.04287955757989366 -0.03353528447246854 -4.575891748996121 -0.04213250084784898 0.9988556153356345 0.022786116757222325 1.5803156906339195 0.03447613702727358 -0.021339625779834462 0.9991800899871107 131.22306474993593
0.9985101559288327 0.043385763170468945 -0.033323857302505436 -4.612453586490456 -0.04264898155673708 0.9988374975282683 0.022630622377788023 1.601037442534672 0.03426942654924062 -0.021176010341609878 0.9991908518560513 132.26573787264067
0.9985110666688243 0.04333541134041444 -0.03336194826583765 -4.6470491581834406 -0.042606358874833244 0.9988446497309657 0.02238504476000957 1.6201431344016952 0.03429593202646388 -0.02093055932273243 0.9991950242799471 133.30224618460483
0.9985091606840998 0.04323879881612873 -0.03354450089900223 -4.667103314998942 -0.04250086159977926 0.9988459894194472 0.022531334763767064 1.6322503121129697 0.034482485442448446 -0.021072374239113185 0.999185770546708 133.84661194709287
0.9985332144665776 0.04273810127582391 -0.033480934164646675 -4.703064818118741 -0.04197995548394231 0.9988536973052746 0.023159467823438546 1.6542439137463376 0.03443484470950255 -0.021720373534784846 0.9991736209730504 134.9007624126636
0.9985570134372517 0.0420737648958541 -0.033604530128116296 -4.734281112435099 -0.04135530058450252 0.9989072875769475 0.021921192127189036 1.6703121643713477 0.034492330806265875 -0.020500086913898007 0.9991969882339865 135.9110215560257
0.9985607839223944 0.04192651492394296 -0.03367357147430538 -4.752785291100432 -0.041233707977565655 0.9989291503174098 0.021132426226633267 1.6774220560030364 0.03452549219230562 -0.019713747292891715 0.9992115534117748 136.44532651350642
0.9986299113252811 0.03960908998143511 -0.034427379842960966 -4.785866481587719 -0.03898244167026102 0.9990660495986142 0.018807319912619025 1.692072174664067 0.03514210683118265 -0.01743980532996837 0.9992324599257305 137.46263174848224
0.9986373283016383 0.039238436989364814 -0.03464136752876391 -4.821105031980117 -0.03863943955066026 0.9990956885909514 0.017919203035645676 1.7050867224452169 0.035315186531224715 -0.016556435123884695 0.9992415645117172 138.47295549821834
0.9986382401454048 0.03927339766817745 -0.03458547563836401 -4.840820442220098 -0.038686374026003806 0.9990996398452155 0.01761138307266588 1.7114548687993503 0.035248177919942746 -0.01624952710340961 0.9992492610012007 138.99018478842999
0.9986195397267863 0.03986466724124849 -0.03445750889430336 -4.8793789996997 -0.039293974612389884 0.9990828098080696 0.017218071005992094 1.725270035203098 0.03511457303408854 -0.015840444695058013 0.9992607417147071 140.02130313331776
0.998601807810397 0.040547876271345866 -0.034166548299138774 -4.918132449773427 -0.039953868806301085 0.9990420773208885 0.018023849495798133 1.7429493914690286 0.03486690248461807 -0.01663349415484272 0.9992564139706044 141.04595345858888
0.9985800031383596 0.041152975111220146 -0.03408183587158362 -4.939417726058315 -0.04055043638910732 0.9990127984844818 0.018321186453533637 1.753763685572077 0.03480444340007983 -0.016913235991224542 0.9992539474852917 141.57908295098127
0.9985011904725761 0.04301557094255633 -0.03409317510016485 -4.980474128326473 -0.04241209704544972 0.9989345694768291 0.01836557172506975 1.7721111620030443 0.034848952007640925 -0.016892201510771858 0.999252508307535 142.6126435659973
0.998335167320198 0.046340864396589326 -0.034594013282130236 -5.02319507275708 -0.04577150155377986 0.9988068854483538 0.01720523523754183 1.78591641982211 0.03535195560815137 -0.015593140648909806 0.9992557317806354 143.62199318645668
0.9982718309778583 0.04757393523664293 -0.034754788946737045 -5.045230953397555 -0.0470205444199419 0.9987573841781778 0.016704542330108683 1.7939024715073724 0.03550837290318457 -0.015041683540757593 0.9992589057525041 144.1752372957452
0.9981804998676947 0.049340000208554474 -0.03490992060130702 -5.084848370011574 -0.04879073786585359 0.9986748121294469 0.01654475271639478 1.8102578135519178 0.03568179423216778 -0.014811350439435583 0.9992557039369554 145.18510447161077
0.9981712726106019 0.04976973063298682 -0.034548508127165554 -5.122065270896099 -0.04911305962212939 0.998601129163542 0.019726268633191945 1.8310223820772409 0.03548417987616158 -0.0179937511683047 0.9992100470538982 146.216335153839
0.9981660340115641 0.04978166102776553 -0.03466679706159181 -5.141807685223264 -0.049086413256967214 0.9985813586566292 0.020731380479256163 1.8444880503707564 0.03565163159921645 -0.018991731200737775 0.9991852785381832 146.7355106202467
0.9981525479320477 0.050078990040592866 -0.034641173784388114 -5.17992633259047 -0.04936157434451879 0.9985544587029974 0.02137576625226334 1.8650911864247948 0.03566376280558152 -0.019626709328156383 0.9991727975907383 147.7577995996047
0.9983804156509491 0.04506274260826504 -0.03495619140044893 -5.213317660222612 -0.04431351721698421 0.9987767624278223 0.022026856291355888 1.8888037593810385 0.03590830259009204 -0.020442583699672758 0.9991475880488337 148.75591254335566
0.9985403122464734 0.04119908841216746 -0.035151892723612965 -5.234960214671291 -0.04038719710938576 0.9989068953516494 0.023600994063170348 1.9062877247245342 0.036088479330472246 -0.022147341582166757 0.999104664997302 149.28029429018335
0.9985868406907211 0.039197295134819586 -0.03610278822834575 -5.272663443182968 -0.0381595900566253 0.9988494249796198 0.02910172754434773 1.9425871751011952 0.037204707481495514 -0.02768320065974545 0.9989257532065088 150.30736107005893
0.9986522464610486 0.037669426118992766 -0.03592530222314205 -5.308426188787449 -0.036572286553720655 0.9988570964919721 0.030832868374528734 1.9727973165479737 0.03704823258552584 -0.029477400106291053 0.9988804214153608 151.29740413633948
0.9986277253737468 0.03724151362126179 -0.03701525942355841 -5.32830847393228 -0.03625335870362138 0.9989759973760516 0.02711440717020612 1.978571868633034 0.03798867233322456 -0.025734401952021826 0.9989475245103079 151.80009785884886
0.9985001275316168 0.03889029658383496 -0.03873419950288754 -5.373117622655375 -0.03828477570945215 0.9991346435812072 0.016349375412737628 1.97616785452089 0.03933861028836487 -0.01484142060585926 0.9991171827326442 152.76015864319228
0.9984232776411223 0.04032180628267215 -0.03924448538662645 -5.415031083980514 -0.03978694317375418 0.9991056831411197 0.014411312204948462 1.9830831625823138 0.039792608740523684 -0.012826802067785496 0.9991270240309362 153.71335069227732
0.9983812989962342 0.04127966397055342 -0.03930864109632136 -5.440029437150932 -0.04058184346028808 0.9990069033349512 0.01847498056370702 1.9994971403562627 0.04003469916985274 -0.016849669963983724 0.9990572411021189 154.22262502012177
0.9982080772879072 0.04415889750094182 -0.04055913289199211 -5.486397434489955 -0.04307578940255465 0.9987005617414706 0.02728166725641684 2.03281533178896 0.04171359839481318 -0.025485432641389163 0.9988053870038327 155.25774253301708
0.9981506893869563 0.045064377529528375 -0.040981862833328726 -5.531501496944506 -0.043944559815073475 0.9986454089300721 0.027911468915859668 2.0595011354902812 0.04218698391987358 -0.026058953504675592 0.9987711368488011 156.25267965334453
0.9981307437089089 0.04507948108953746 -0.041455985327263654 -5.554357852712356 -0.04400061319787902 0.9986772226886126 0.026664540360594874 2.06838823146459 0.04260619495102029 -0.02479076420353445 0.9987858118779748 156.75637786563473
0.99811197235101 0.04404570116418912 -0.04298855059440566 -5.591895711748467 -0.04313614658168129 0.9988298535727643 0.02194668644496362 2.079031259978401 0.04390794809908416 -0.020050797599335562 0.9988358568715903 157.70295881693295
0.9981014330242827 0.04320864083275867 -0.04407632972119369 -5.631490960464116 -0.042415877587844285 0.9989241142297223 0.018855052068179636 2.0903169470159253 0.044846994130539414 -0.016950357814383657 0.9988520743419423 158.63815461011382
0.9980905760975709 0.04335225661529852 -0.04418946586907595 -5.65389054930501 -0.042571433751542515 0.9989234029218454 0.018548966376583133 2.0968587270890944 0.04494949393328739 -0.01663316800130545 0.9988529791050994 159.1178901111399
0.9980770539165515 0.043382731914137405 -0.04445988388256349 -5.69830320847999 -0.04257845744720771 0.9989151848330381 0.01896545211406945 2.113628046038416 0.045237815243172635 -0.017036550676417354 0.9988331609093622 160.07338911665715
0.9980693020267909 0.04298795715453315 -0.045018034700534566 -5.7433538933793145 -0.042148337587145805 0.9989229999530068 0.019525085788161985 2.130948020171709 0.04581236778557323 -0.017590701672134664 0.9987976286871111 161.04298455698904
0.9980510389537784 0.04303667207277776 -0.04537505765364995 -5.768754269199169 -0.042182714145523235 0.9989181274658464 0.0197001394646366 2.1407429195271153 0.04617734837578675 -0.01774834407312462 0.9987780538474441 161.5387616222299
0.9980407788325529 0.0428643024399559 -0.04576200250781278 -5.815245229035284 -0.04196128667825263 0.9989092173056263 0.02060435432594213 2.159694931415444 0.04659880837268703 -0.018644364230119656 0.9987421603898846 162.4897858603379
0.9980346724150065 0.042810909988938564 -0.04594149159844431 -5.861758431664417 -0.04187637519096676 0.9989004140533128 0.021203700451331207 2.1786135203625463 0.04680222513606334 -0.019238803973566525 0.9987213915123835 163.44344616779404
0.9980194531643825 0.04276463743757128 -0.046315047525392554 -5.886719524915309 -0.041820018525190475 0.9989015623409272 0.021266554545972673 2.188013956239298 0.04717721548363782 -0.019288358879171245 0.9987028721261909 163.92526202346974
0.9980033005481307 0.042714205518251995 -0.04671189952846299 -5.934482104816035 -0.04176167742408543 0.9989041958850834 0.02127456729855458 2.2056835940480775 0.04757318591526531 -0.019282338705860783 0.9986844154545003 164.88721683078103
0.9979995838633519 0.04229829680446047 -0.04717140047111062 -5.980621748526832 -0.04133982711441687 0.998923266557515 0.02120729380354681 2.2224756689491487 0.04802146913184482 -0.01921580806382261 0.998664354597838 165.83755109041235
0.9979900087254148 0.042258462573941544 -0.04740757473646595 -6.006440824946965 -0.04129285643737432 0.9989239005578489 0.021254531479081705 2.231952867142542 0.048258429828579356 -0.019255035995422453 0.998652075643553 166.32133917568706
0.9980053287141836 0.04179081796401549 -0.04751087282302143 -6.053899877621113 -0.04082430494139635 0.9989439909213291 0.021238454081424236 2.2492118242701045 0.048352380506050174 -0.019257774850691575 0.9986476331346777 167.27918086385776
0.99801055040018 0.041160781264411805 -0.0479428328239251 -6.100940343660402 -0.04019357975851383 0.9989730323116591 0.02106787139558566 2.26579670943629 0.04876477334126366 -0.019100135268845343 0.998630589589419 168.23837322128983
0.9979986349044989 0.041276908612749866 -0.04809114844510071 -6.127500797651041 -0.04031016262284625 0.9989696440468375 0.021003227062913972 2.2748710264857883 0.0489125650963483 -0.019023938545463314 0.9986247727984291 168.722365164052
0.997979912773412 0.04160668189074449 -0.04820784516637295 -6.176791830296454 -0.040650635564391 0.9989616746564344 0.020757776471956424 2.291221360236776 0.04902620179091156 -0.01875812818641041 0.998624673377433 169.6739833039452
0.9979480321325359 0.04207030481368987 -0.04846507744811555 -6.223972039461227 -0.04109944363909887 0.998938922406039 0.02096800128432004 2.309914975053972 0.04930067467636366 -0.018934985190319484 0.9986078843025298 170.6035421161749
0.9979355103425153 0.042365156647682665 -0.04847159939905305 -6.249406861774376 -0.04139463942848164 0.9989270342179074 0.02096749676493899 2.3207661383308262 0.04931292101737413 -0.018919558782917345 0.9986076977159731 171.0807367206777
0.9979020836150552 0.0430563230005823 -0.048545403698802905 -6.29873431048223 -0.042027168635704576 0.9988753939893845 0.02213601417580856 2.3416111449241397 0.04944882150364935 -0.02005107972561172 0.9985787420331105 172.02360708880224
0.9978475460125276 0.04402570331532421 -0.04879889176058105 -6.350050133040563 -0.04296791502341355 0.9988243432978156 0.022626567014286364 2.362715386638328 0.04974276301053042 -0.02048272405632132 0.998555423042777 172.98212036101754
0.9978304307864612 0.04431108870070464 -0.048890387451892905 -6.375837868224907 -0.04325233949668461 0.9988123131672836 0.022612251048017618 2.372605412198452 0.049839251829472644 -0.020450058840535846 0.9985510965999215 173.4468110228684
0.9978150787268695 0.04453053966772581 -0.049007671219556286 -6.424028956061909 -0.043488089288758594 0.9988102680775606 0.022238385323897745 2.3888729946650016 0.04994444907358438 -0.02005977819962833 0.9985536414342332 174.37611423875322
0.9977856682602287 0.04514221608740221 -0.04905501315157697 -6.473644227746956 -0.04411670898915442 0.9987905444535817 0.021900814480260686 2.405405657065468 0.04998950804826203 -0.01968976177796722 0.9985593136439148 175.30996255271336
0.9977758864873971 0.04531061210226005 -0.04909803081263314 -6.499905236725066 -0.0442885546200898 0.998784505991782 0.02181639720711162 2.414318285966959 0.05003192424171769 -0.01959480389011165 0.9985588727072932 175.77858380649747
0.9977601005956201 0.045593429500146804 -0.04915316570425417 -6.5489348773780796 -0.044572239195567485 0.9987724477680777 0.02178170639726777 2.4317156902857295 0.050090889228383874 -0.01954320697452172 0.998556680736351 176.69834569195356
0.9977475674448153 0.04595165930204146 -0.049070510044860974 -6.598571834330948 -0.04491382409204849 0.9987489128013853 0.02215083862623511 2.4506242430998353 0.05003185453656747 -0.019897978896588113 0.998552398888559 177.6258885690614
0.9977390052691483 0.04608664823065833 -0.04912261333163492 -6.6244910007821804 -0.045044915818540636 0.9987419597722782 0.022214810750503366 2.460481979941533 0.05008970565653189 -0.01995317997314514 0.9985486578137424 178.0822004617344
0.9977161788594452 0.04668269501197909 -0.0490247635467918 -6.673477623580955 -0.045644335803536794 0.9987150205616667 0.022197177453545835 2.478418284500976 0.050003009805007534 -0.019909795385690668 0.9985537448341254 178.99954990131658
0.9977127617367082 0.0468014318812788 -0.04897779031963175 -6.7196087169576675 -0.04577665540531007 0.9987143404741442 0.02194492223814034 2.494300115084446 0.049946838365573884 -0.019653485412504057 0.9985615993095686 179.90993138845636
0.9977054180940155 0.04692323722346446 -0.04900979121229465 -6.744702561302196 -0.04590855901168499 0.9987129315644777 0.02173398763610277 2.5016415097979494 0.049971462665366145 -0.019434980082702693 0.9985647847654259 180.36875872615778
0.9976685557141286 0.04779317015196263 -0.04891777551008948 -6.794446763232376 -0.046784478545243154 0.9986738973144141 0.021666099994851657 2.5190709036466448 0.049893273330799126 -0.01932800858831865 0.998570778998042 181.3025823241652
0.9976558304647785 0.04800577731062869 -0.048966910722400975 -6.842141097900777 -0.046959853356645424 0.9986494379628696 0.022398715166853905 2.5384829811574026 0.049980917034456694 -0.02004758179259284 0.9985521171153421 182.22951853631835
0.9976502037733445 0.04800618317999739 -0.04908040539200398 -6.865079440020543 -0.04695122066532663 0.9986466299767705 0.022528413818966198 2.5488901593998152 0.05010015860181677 -0.02017162722878146 0.998543522247707 182.7015742380097
0.997632419452622 0.04845381737200945 -0.04900088439544399 -6.913282422574617 -0.04739688661016912 0.998623393629239 0.022602757346106162 2.5680901151584825 0.05003311289550291 -0.02022702672225035 0.9985453957218807 183.63599123367493
0.9976126491248428 0.04906880186886526 -0.04879199067935145 -6.9593915135744995 -0.048041908099602404 0.9986039411764343 0.022098938048673515 2.583164266384042 0.04981275166469098 -0.01970227663115023 0.9985669923045504 184.56009791049416
0.9976038929399006 0.04925325492938654 -0.048803573874462804 -6.9841367001648695 -0.04823028718264893 0.9985972832326531 0.02203423709744427 2.5916709612999944 0.04982559559729471 -0.0196287097195112 0.9985684550781685 185.02119339094426
0.9975766240210736 0.049800754822614264 -0.04881066951869757 -7.033761723060179 -0.04876685416853258 0.9985662561478222 0.022263422145808856 2.6105312491723907 0.04985463709984361 -0.019830206964850057 0.9985632895704615 185.96117406868598
0.997570040404724 0.05001302763378183 -0.04872508642121467 -7.0809492876739375 -0.048975823192772654 0.9985536874486637 0.0223666042892728 2.6283384960974554 0.04977839196749348 -0.01992696324211283 0.9985651727419801 186.89085163151148
0.9975606515433236 0.05023086093390649 -0.04869363939480854 -7.106144687423583 -0.04919451137664291 0.9985429553932043 0.022366701175411157 2.6374482572869375 0.04975140524570516 -0.01991797285488508 0.9985667051839701 187.34599689008627
0.9975329682697764 0.050817531036665795 -0.048653672428792726 -7.153976517303386 -0.049821647450525516 0.9985291698501912 0.021581345594562273 2.651792944393852 0.049684028238874675 -0.019105404780473186 0.9985858883576003 188.28060423338246
0.997524136519154 0.05110532432915315 -0.04853092991926975 -7.201040230987983 -0.050119455397702746 0.9985170120494479 0.02142830513771069 2.6673869811162145 0.049559135529234494 -0.01894404373302324 0.9985948188721188 189.20186712801834
0.9975163356569691 0.05130058250838411 -0.04848095588161396 -7.227145521903876 -0.05031292929280609 0.9985058292636041 0.021485609327473485 2.676887362475244 0.04951569437065148 -0.018994091866868606 0.9985958390038041 189.66791774836295
0.9975199770107328 0.051328002710865454 -0.048383677761557525 -7.275105524985855 -0.05028518500891501 0.9984817950887099 0.022646204711764477 2.6969543505879443 0.0494777448560417 -0.02015845828246068 0.9985748733325728 190.61120803385933
0.9975335596125269 0.05116446682490699 -0.04827270950074379 -7.321790925940864 -0.050080036831037185 0.9984716126349441 0.023524023708933705 2.717159803270864 0.04940755397260419 -0.021049758765701664 0.9985599833947199 191.5517869155237
0.9975254881516644 0.051249928290855895 -0.048349305146455676 -7.347649824435572 -0.050157812559160124 0.9984647609996824 0.02364392073938837 2.727748046831486 0.049491697909766354 -0.021161355532381017 0.99855345552587 192.03376026669665
0.9975396508231233 0.05108547866099334 -0.048222098198813526 -7.393016527224725 -0.050008342222906316 0.9984778986840774 0.023385830221857973 2.7447841274382974 0.04934806231145895 -0.020917239974312652 0.9985654880415407 192.9637488357663
0.9975282947733718 0.051351023319246354 -0.048180580073045064 -7.439309861108133 -0.050298230991096884 0.9984742350601826 0.02291733278643092 2.760196927457856 0.049288703115545104 -0.0204378176184161 0.9985783460616288 193.89325646772065
0.9975147010080586 0.05161877195817095 -0.048186420823740195 -7.465012557534165 -0.05057248006634362 0.9984632850028867 0.022789969976652613 2.768674332497229 0.0492936549444613 -0.020297059457859184 0.9985811066705358 194.36144373548703
0.9974960538861124 0.051851374023234816 -0.04832338367775417 -7.509203616326637 -0.050817379981003004 0.9984575341118037 0.022488029752170662 2.786175180341183 0.04941978310985269 -0.019976599955648714 0.9985810300404308 195.29952682069984
0.9974862414887427 0.05207745584107174 -0.04828075861310693 -7.554258907423075 -0.05104782884869238 0.9984472595774543 0.022423557802969014 2.804590490673911 0.04937847738780093 -0.01990326022114751 0.9985843061441068 196.23800003861936
0.9974793387847781 0.05212855016710623 -0.04837048096708318 -7.578408679780831 -0.05109647592422569 0.9984448527468676 0.0224413092994996 2.81436620802103 0.0494700535113265 -0.019914255229055766 0.9985796884843511 196.70903743527697
0.9974742120151546 0.05222654022029662 -0.04836562723879167 -7.625363091090906 -0.0511849857391897 0.9984357936224214 0.02263749559189133 2.8333507785006207 0.04947719628547672 -0.020105952396246653 0.998575395046904 197.64866181663473
0.9974974039137822 0.05167506103291659 -0.04847611343669577 -7.670558801981006 -0.050608192792055605 0.9984550563479443 0.023086043222542686 2.8522039958445053 0.04959906797655259 -0.02057613609888187 0.9985598143799963 198.57555868404094
0.9974833362916148 0.05183327861052691 -0.048592349302229 -7.696071473449685 -0.05076181785648612 0.9984461328089872 0.023129827714318027 2.8614856611515074 0.049720453188066796 -0.020605972890761024 0.9985530393636176 199.04557024421595
