1.0 0.0 0.0 0.0 0.0 1.0 0.0 0.0 0.0 0.0 1.0 0.0
1.0000001192092896 4.455447196960449e-05 -0.00037838518619537354 5.945633165538311e-05 -4.419684410095215e-05 0.9999997019767761 0.0010361969470977783 0.0011557794641703367 0.0003785043954849243 -0.0010360926389694214 0.9999995827674866 0.7548359632492065
0.999999903608026 0.0010979191502764607 -0.00019240265803066592 -0.0022507424104368373 -0.0010981977003465815 0.999997755885504 0.0020635041546208654 0.002742183558905223 0.00019520925846983062 -0.0020635748887585237 0.9999984695417057 1.4996929017929619
0.9999995888551297 0.0014832017774993656 -0.0002483302502046679 -0.005011743769560011 -0.0014834845542430317 0.9999969717359005 0.002209656652789793 0.00346200295573996 0.00025224148727715054 -0.002209590321249213 0.9999982763322349 1.8668541860720107
0.9999985885843274 0.0017866957515177125 -0.0005451487752920671 -0.008795718106516264 -0.0017857640856093061 0.9999939099411759 0.0031226273800107505 0.00509877525125455 0.0005513506836105202 -0.003121804726629797 0.9999957079621506 2.604661363614399
0.9999987963447625 0.0014227545577965095 -0.0009194858838837568 -0.011788345942372078 -0.0014205907134882646 0.9999939031042747 0.003295284190416041 0.005240914380303387 0.0009247681780247242 -0.0032942021453072072 0.9999948452758936 3.3250241893547448
0.999998930565053 0.0008325323765105391 -0.001428252942634045 -0.01594222450227911 -0.0008280259046669272 0.9999932580684778 0.0036015387122156923 0.00678541472818342 0.001431857387898832 -0.0036003529926923366 0.9999932486841567 3.6874411908697384
0.9999988373345199 0.0008193366537416296 -0.001334514842131634 -0.01972566660058703 -0.0008131010988142598 0.9999876386469744 0.004900398921435364 0.009996696571848594 0.0013390430073090846 -0.004899311461642383 0.9999877510102666 4.423272883263143
0.9999990404084403 0.0010105398112785814 -0.001243254279469088 -0.023222790640557586 -0.0010050251552911958 0.9999877427036953 0.0048714173866992805 0.009350285655721595 0.001248906664706049 -0.004870416284085722 0.9999881340825193 5.161540639121842
0.9999992961919434 0.0010907640175069923 -0.0013553931946056435 -0.027265509196366212 -0.0010850331428142778 0.9999883882625648 0.004819884406282346 0.009077494747211343 0.0013616232201548058 -0.0048191185526191916 0.9999884840571076 5.521379178213054
0.9999992013684414 0.0011187238506251032 -0.0014027319231498107 -0.031911108562516784 -0.0011128184633607979 0.9999877221580693 0.004890208626566705 0.009484540797240693 0.0014091731727087432 -0.004889173429590614 0.9999880212329699 6.244163564116853
0.9999970981722939 0.002437083454107314 -0.001340913237847845 -0.03937634728445599 -0.002431589599552916 0.999986140391965 0.004791525619548335 0.009788189335458285 0.0013535409704802596 -0.004788846827711532 0.9999887098599989 6.956818426191406
0.9999968825337728 0.00265086002808249 -0.0013792787694197693 -0.04318712001093045 -0.002645443286251288 0.9999858150755967 0.004750940203339106 0.0099230236996796 0.0013930706264597555 -0.00474793729099214 0.9999890912921445 7.304849769683651
0.9999959180966389 0.0029747604533096675 -0.0013697183155980009 -0.04771053079485371 -0.002969797082162096 0.9999859395160479 0.004456200727444401 0.008305930596550826 0.0013841199555374535 -0.004452890781693397 0.9999902665716023 8.000702798613515
0.9999908247386181 0.004278363324242592 -0.0016488171154271161 -0.053882029039224615 -0.0042745121492262575 0.9999865151858724 0.003043522692971394 0.0034439339672985847 0.0016629802851496327 -0.00303719259780091 0.9999950478067825 8.669015481120114
0.9999899738048286 0.00456691032482001 -0.0017039460355203402 -0.05724404852651262 -0.004564446170475849 0.9999874260614702 0.002376273247708047 0.0008539852911687712 0.0017164033891293074 -0.0023697982119730955 0.9999972265680136 9.002990058524482
0.9999909388309219 0.004291813878204282 -0.0018748676747832903 -0.05944524371247206 -0.00429133741712143 0.999990727697111 0.0009851817838936873 -0.004986160536066226 0.0018803548653127627 -0.0009779623091953212 0.9999992888528149 9.663844284167766
0.9999891087707673 0.004741584279083982 -0.0017265935459387209 -0.058936127647043215 -0.004741853177015886 0.9999889169802101 0.0006185396988150711 -0.008472323678641569 0.0017305615762825783 -0.0006109043703540061 0.9999998093438852 10.321552892160664
0.9999891417619157 0.004670337979798456 -0.0017649735652460643 -0.0598568311901465 -0.004671079167023363 0.9999891809298885 0.00034945456776980087 -0.01029712069026066 0.001767621826063153 -0.0003414647601407642 0.9999997904185935 10.655034921134964
0.9999872484883592 0.005022051565442397 -0.0020409456190415235 -0.06247711542273733 -0.005025182517211899 0.9999872042306943 -0.0007673327153171658 -0.016902885314829474 0.0020382588181385502 0.0007771349666839564 0.9999992167701112 11.29004465090773
0.9999872892970808 0.004881770880550238 -0.0023080030250498475 -0.06520503011245925 -0.004886239222803252 0.9999873235427198 -0.0013658889113569446 -0.0225590173119666 0.00230235547613812 0.0013766823114802185 0.9999979739561482 11.914848516648858
0.9999860907974519 0.0051883422627324585 -0.002332606366734373 -0.06884136205538506 -0.005194096844399668 0.9999858023611061 -0.0017292125683339345 -0.025520844102371158 0.002325059073220628 0.0017404716952600153 0.9999977786833033 12.222363061720042
0.9999980112985549 -0.00019172328766468315 -0.0028990955122402033 -0.0678256590073938 0.00018325893375534494 0.9999974079908927 -0.002418511775442991 -0.030064180546682587 0.0029009639654970763 0.002416819271599265 0.9999949074531951 13.411167445214007
0.9999982102297518 -0.00011196897011687325 -0.003000046207881631 -0.07215765095193621 0.00010302516493844261 0.9999976690040288 -0.0023659295993224655 -0.03047926640962973 0.003001920595857996 0.0023644496511084174 0.999994860964573 13.713805134556074
0.9999985812189128 -0.0006457368101047511 -0.0028165969503891703 -0.07478230046447863 0.0006367105370940214 0.999997277757961 -0.002508216176722603 -0.03486187579086402 0.002819882845898834 0.0025049900458433676 0.9999949559324968 14.3061315352515
0.9999985595282012 -0.00015970401633791462 -0.0029146151128958114 -0.08071905596058226 0.00014955525276327282 0.9999968864859725 -0.0027880922430185227 -0.04045841544613488 0.002916831327032622 0.002785936999971231 0.999994097301193 14.898823744663893
0.9999972100109006 -0.00037324533016778555 -0.003141379364719461 -0.08429439433696738 0.00036355985602429816 0.9999968830813417 -0.0026063469546073934 -0.04102859087358914 0.0031437299771376577 0.0026040248082137537 0.9999937635630273 15.194924593873276
0.9999944638047793 -0.001664409685976719 -0.003559597076951417 -0.0895977421525711 0.0016565752389727604 0.999997217427766 -0.001795280652410647 -0.04163909771674559 0.0035639542484865406 0.0017880993887192049 0.9999939661340183 15.784194992781538
0.9999950917120557 -0.0014604735755513547 -0.003478556996633054 -0.09595556628031406 0.001452575214262813 0.9999974503693739 -0.0018536781623634032 -0.04736689966608627 0.003482646596107483 0.0018474477698209248 0.9999941499509442 16.657651130724084
0.9999940908595567 -0.0021853596549115356 -0.0035308674540735236 -0.10008614215913499 0.002178820807514029 0.9999973836806619 -0.0013848599498379659 -0.048978563565485356 0.003535293703570348 0.001375891568218204 0.999995074834969 17.222554782204263
0.9999850789387839 -0.004653520579631099 -0.0035611522382891087 -0.10464931039434329 0.00464979910819927 0.9999893392095882 -0.0006382711929906965 -0.04923404624642946 0.003565637207940157 0.0006201598736279078 0.9999955240094122 17.804436605115086
0.9999781250969005 -0.005956790652769821 -0.0036601377794186667 -0.11064947751256368 0.005953482123086655 0.9999827495490342 -0.0005320344743902866 -0.04929539240634778 0.0036648171367744883 0.0005086665069621912 0.9999955966274375 18.101873838193427
0.9999617415371869 -0.008385501445659789 -0.003534411474829577 -0.1160694705536601 0.008383039678989047 0.9999659930092123 -0.00012608616295123863 -0.04950274193652494 0.003536851728634952 9.504501849763911e-05 0.9999962127498061 18.673398469043207
0.9999151969022191 -0.01279281454116664 -0.0034877112451026926 -0.11458788839634718 0.012796927727629397 0.999917712582113 0.0016553122071888858 -0.046442391236110075 0.0034680061619223324 -0.0017014877254972387 0.9999950502850101 19.274254550104065
0.9998787960200307 -0.01538386488529794 -0.003463903296214448 -0.11885227499187538 0.015390193521960548 0.9998799318427282 0.002269728251569022 -0.04276874239920537 0.0034303671230307814 -0.0023245346799887715 0.9999937576543407 19.57773213251609
0.9998793852605679 -0.01537625387713602 -0.0033979058939885122 -0.12467907568128234 0.015381766760588443 0.9998807125344579 0.0021897918090314572 -0.044057377929784654 0.003365895376705707 -0.002244162137089854 0.9999942871700536 20.136221908895102
0.999911843927464 -0.013086045075973841 -0.003427165388357253 -0.13259199585205667 0.013082843800962179 0.9999160076910147 -0.0003918194586118419 -0.05197098594538667 0.0034340182843837774 0.00034430682428972367 0.9999966282656202 20.687655359603536
0.9999244649048661 -0.012042340866537129 -0.0036091787341708493 -0.13911407599543407 0.012038073611647179 0.9999288627398119 -0.0006403895550138804 -0.05262411073469727 0.003618609715835257 0.0005941794217912258 0.9999958477480039 20.971188342417765
0.9999410424296087 -0.010172379698320667 -0.004608183640591673 -0.150234707036548 0.010170449692175556 0.9999496579285335 -3.197516235188254e-05 -0.05250160855648919 0.004610024339295461 -1.7339226335629605e-05 0.9999915552355104 21.524928478110255
0.9999513796407894 -0.008471048737665212 -0.005610457604888344 -0.16096394225120747 0.00842305603732766 0.9999318558069449 -0.008215831342956642 -0.0748989738238048 0.005680950706567912 0.008166130110366846 0.999952002520424 22.065281246507624
0.9999487318665705 -0.008094245857546777 -0.006640108295536424 -0.16618174532391733 0.008002342731708795 0.9998782627779316 -0.013495634708504787 -0.0887296650077921 0.006750179877263658 0.013439239778217774 0.9998890255850656 22.307572101677987
0.9999304473761699 -0.008459357910568755 -0.00862823293186594 -0.172692397604203 0.00829164707044555 0.9997845238005565 -0.019096910419671577 -0.11204966181771026 0.008789516861363934 0.019021640220557016 0.9997823487010997 22.836829737165935
0.9999435756657702 -0.006613122363556218 -0.008710970891891592 -0.18274043355477942 0.006438319026729198 0.9997850391683852 -0.01976485384711836 -0.12614227892495658 0.008841275948405227 0.019705693760078923 0.9997684006833222 23.364085271047117
0.9999538635442845 -0.004968104377485637 -0.008657560833535253 -0.18867617291565206 0.0047840396816060775 0.9997703025901574 -0.02095917752114763 -0.13469756245001685 0.008761327303971838 0.020914436142583166 0.9997449591514136 23.625109070883298
0.9999583274181971 -0.0023395064187775403 -0.009241755528812862 -0.20139730291952423 0.002130002476372866 0.999747466596305 -0.02243362331418657 -0.15088704510555045 0.009293496048442476 0.022410653014303294 0.9997076797918167 24.13423048801995
0.9999147484353826 0.0007086688783861008 -0.013298648592782188 -0.21948166284605536 -0.0009516014669694945 0.999836046622488 -0.018143342040835515 -0.15426843207586793 0.013285435390748203 0.018152454631845942 0.9997483093346126 24.66193527511244
0.9998763591532641 0.0013721290157184594 -0.015888852418500854 -0.2311443140121907 -0.0016298453104101802 0.9998699719694628 -0.01610457258095222 -0.15632986321578102 0.015866406977051384 0.016126759624086776 0.999745598654946 24.942128246618395
0.9997624411026931 0.0016160361617585403 -0.021903409101129007 -0.2536393794716501 -0.00197041298931758 0.999869581746328 -0.016085508860865766 -0.16734863032266992 0.02187652709333883 0.01612278266925693 0.9996323013583249 25.46178572600308
0.9995580131185137 0.0007510200916387894 -0.029842601840841535 -0.281388779212902 -0.0012809767658340733 0.9998435455116439 -0.01768484246599122 -0.18070303434729212 0.029826736698906155 0.017713137108676683 0.9993996203413625 25.97053476493328
0.9994394297162105 0.0006292798337432982 -0.03357384787998564 -0.2963539946302476 -0.0012335736548343703 0.9998391996867841 -0.01792774853567657 -0.1897957635788521 0.03355920748910039 0.017956858792150476 0.9992768601841612 26.227505254434917
0.9991181704513469 0.0010436538299999942 -0.042052121022092846 -0.33115837425661454 -0.0018222577086237182 0.9998288635499069 -0.018439617206206908 -0.20344101576971793 0.04202754571970495 0.018497832102182372 0.9989465405931931 26.716072084810676
0.9986899043472031 0.004597852011935098 -0.05103234032563951 -0.3793249539167967 -0.005527484558077307 0.9998224355561127 -0.018056622665626125 -0.21379644643458243 0.05094235324650572 0.018312543936393835 0.9985358188923746 27.220192858394057
0.9983906260009767 0.005197832998013635 -0.05653380932748418 -0.4041648344630776 -0.006230920849724737 0.999817785120019 -0.01808209556655179 -0.22234758643944244 0.05643154825527226 0.018402719727298972 0.9982390802046607 27.472445014032846
0.9977981505782441 0.006027791969562327 -0.06610147805289637 -0.4579314489069332 -0.007214969943638839 0.9998178449860211 -0.017710297168482433 -0.23332234741204996 0.06598468110070722 0.01814557046390968 0.9976578477608702 27.986635892353434
0.9970774208760537 0.00648943050426036 -0.07616656437581448 -0.5175156462102452 -0.0077821203160071345 0.9998315495999158 -0.016666155945177303 -0.24137945967855023 0.0760474705704593 0.017207623828253343 0.9969577427536237 28.509405811887913
0.9966364731613403 0.006573204374131752 -0.08172528014316606 -0.5503027646006285 -0.00790657482223977 0.9998419050316978 -0.015981077467827055 -0.24751715249816061 0.08160932730705782 0.01657095895838671 0.9965285997975412 28.771251929027578
0.9958125034017663 0.006563688604087957 -0.09121753023209572 -0.6169355584170346 -0.00793019276508 0.9998625719693496 -0.0146069924610777 -0.25447760295407124 0.09111108974676764 0.015266799216563862 0.9957250222127828 29.292985721214414
0.9949785512859858 0.008272142968592406 -0.09977884477946018 -0.6911236284900986 -0.00972676310279031 0.9998544092389646 -0.014083268130124766 -0.2620905087697922 0.09964973939713606 0.014980837180797409 0.9949110400542933 29.817556297128842
0.9944317249781165 0.00818763866645945 -0.10509584690440528 -0.7285188253260845 -0.009616788741353176 0.9998689213216568 -0.013083774194491443 -0.2663076039416773 0.10497694058544875 0.01401929255076554 0.9943772008726576 30.061775851110934
0.9933443465519343 0.0081880783793827 -0.1149191984395133 -0.8097481748793385 -0.009585411664836714 0.9998875700000002 -0.011599113925706141 -0.271823551204837 0.11481327657493796 0.012621193797403542 0.9933080120660535 30.593261303201796
0.9922402287934646 0.008374488989775768 -0.12408337483481938 -0.8969294714977687 -0.009775934021655459 0.9998964955851095 -0.010675059965788849 -0.27759057015297 0.12398363097958486 0.011802716298535743 0.9922165447801445 31.134881791120666
0.9916737145882311 0.008455303206623662 -0.12853023303252215 -0.9418432597714681 -0.009818899561957374 0.999903164502951 -0.009963671418575307 -0.2822341792007848 0.1284362600765377 0.011140127761539335 0.9916576837022881 31.39974318779072
0.9906445255574325 0.008523418950207185 -0.13623230189548446 -1.0335098486058618 -0.009804918849727373 0.9999147917964346 -0.008723967465519214 -0.28722820570601065 0.13614916491966267 0.009975496971969358 0.990640584748249 31.948230479903614
0.9895873037430556 0.008314185052152095 -0.14372375582445202 -1.1282534349704696 -0.009588758162462446 0.9999217198658806 -0.008163501154687785 -0.2921842055180547 0.14364725946769474 0.00945402241580208 0.9895863380417417 32.49711679331632
0.9892551712562644 0.00842062343771239 -0.14598659589714844 -1.1774922712007432 -0.009687310669786411 0.9999224252544969 -0.007953660786161623 -0.2962164511129865 0.14591094235003846 0.009279530036807359 0.9892567665350707 32.76368050384062
0.988424568517938 0.008622587691736239 -0.1514973272762466 -1.2717532921351222 -0.009828145609275068 0.999926855463602 -0.007197103845896959 -0.30022242596441917 0.1514268428656235 0.008599772429961898 0.9884335770156675 33.32575375363656
0.9877914736019526 0.009230962529313807 -0.15553701835332284 -1.3691553059964068 -0.010345649189166884 0.9999271292317915 -0.00634593496716215 -0.30197233958681424 0.1554695082102387 0.00787488389828166 0.9878116135059091 33.889384759050174
0.9875921504296699 0.009383861046492449 -0.15679115497933785 -1.4202157132911124 -0.010465859223076615 0.9999277991803546 -0.006063032375197655 -0.3035455771746732 0.15672564763426794 0.0076257724380184005 0.9876152923269547 34.17715052488435
0.9868924636089247 0.008950126363652033 -0.1611607372661575 -1.5205470812862512 -0.009912069392796399 0.9999384924257712 -0.0051526617791736624 -0.3061792276430553 0.16110742519336 0.006679673879757436 0.9869167844141646 34.74688695443828
0.986442358373426 0.00907891752796001 -0.1638913207441318 -1.6243992988145257 -0.009898540767387802 0.9999436232160782 -0.004167808419707183 -0.3074583855386276 0.16384699992584645 0.005730474054785377 0.9864719137432743 35.320703788003236
0.986390884628367 0.009129854210620264 -0.16419819307036607 -1.6772658860995977 -0.009937240931750056 0.9999435515354933 -0.004078746397077532 -0.3090625352340665 0.164154565338369 0.005651898059026145 0.9864213056317563 35.6089457395486
0.985775817447821 0.00824441455521729 -0.1678943732962773 -1.867413407209175 -0.008990021179068153 0.9999535747584919 -0.003665468660432718 -0.3185533937943235 0.1678591742663308 0.005119774159783494 0.9858003716235872 36.69733052822871
0.9857144763065304 0.007661686077326029 -0.1682812359215668 -1.917692384976759 -0.008407534977372988 0.9999581215665296 -0.003706287084768543 -0.3213143641988191 0.16824846898698104 0.005065649312944141 0.9857342104484652 36.97420855618184
0.9857002699914794 0.008538081957157582 -0.16832282846648666 -2.0185553401591303 -0.009257832467807144 0.9999516996196376 -0.003477878989736506 -0.32481574903598875 0.1682878060559332 0.004983923935147645 0.9857278471958099 37.534521825918034
0.9857328898848674 0.008917422890704511 -0.16811018288011717 -2.116453953582118 -0.009534455768028338 0.9999512094025184 -0.0028490291049089855 -0.32740863184908364 0.16807940266179344 0.004408616203281698 0.9857661345695635 38.09713870545823
0.9857458755013262 0.009002075658667464 -0.16803065122134947 -2.1675519361908258 -0.009595473480613188 0.9999512831971035 -0.0027039701448319303 -0.3290049851905269 0.16800120320390294 0.004274761300218796 0.9857801168300402 38.38445031082453
0.9858846266474133 0.00936560048115482 -0.16719505790687528 -2.265744117418449 -0.009908061957235105 0.9999489988424154 -0.002395842539009439 -0.33313541030159294 0.16716709178834488 0.004015652839401036 0.9859229708891258 38.96451717416524
0.9863678632195552 0.009237799436018454 -0.16432563143213902 -2.3594396791290566 -0.009651182287424879 0.9999523221299748 -0.0017045388796954406 -0.33727212365717874 0.16430523348194362 0.0032641559854970355 0.9864065448687557 39.55939367027061
0.9865269359220671 0.009476093087651793 -0.16335513381618613 -2.404834238593651 -0.00986958369390429 0.9999505418780098 -0.001583910702176511 -0.3392344952170448 0.16333525983337963 0.003171592896181659 0.9865679475905614 39.83937013482354
0.9878545607999072 0.009820831235148287 -0.15510360604455614 -2.57644381407009 -0.010221513322252154 0.9999465862055887 -0.0017711168327698614 -0.3481008775710825 0.15508130640046913 0.0033319659356443893 0.987898487393167 40.983619960104335
0.9881199170325357 0.009970464188029163 -0.15339477566041787 -2.618793831762088 -0.010306354775945213 0.9999463006767183 -0.0013795573669847408 -0.3496578308597502 0.1533761631343113 0.002941092828362323 0.9881657964606426 41.27868843685489
0.9889114648504114 0.009547907160219044 -0.14823428509279699 -2.6982572511511758 -0.009681557275665598 0.9999535279090237 -0.0001631008212387916 -0.35120532314230235 0.1482291405042073 0.0015938254068732717 0.9889539816881551 41.893435016314896
0.9896982932686426 0.009296273664178156 -0.14290023857453016 -2.771715728204921 -0.00937790507340659 0.9999564088432691 0.00011883155565819777 -0.35513021280330076 0.14289860522562745 0.0012199785597086627 0.9897386759119499 42.479920581314985
0.9899307380829125 0.009054977377318973 -0.1412969332164313 -2.80857361242795 -0.009094915637238484 0.9999590359136772 0.0003798464843012155 -0.3563267940826371 0.14129807615012202 0.0009064877000564569 0.9899686916847938 42.77394582674218
0.9907701744481157 0.00937141716425424 -0.13526167524120966 -2.874160220353974 -0.00934509170891356 0.9999560094575702 0.0008416267452182047 -0.3596535184260359 0.13526747522668492 0.00042708552352845974 0.990810790100247 43.32579778041488
0.9916288754127001 0.008352563644810096 -0.12888706597517505 -2.9385807999542335 -0.008214167613896517 0.9999647867781833 0.0016167568391894658 -0.36450783454817054 0.1288998623429281 -0.0005476648826240742 0.9916590323397224 43.91547202881628
0.9919024406921324 0.007735892851281545 -0.12680524693451067 -2.9686553998844305 -0.00756367028763224 0.9999697558115973 0.0018543032625415522 -0.3663144251886841 0.12681960069803455 -0.0008833901379449586 0.9919269436555336 44.181440275899995
0.9927155091941257 0.006656701354242252 -0.12033440605941596 -3.0308753672469164 -0.0062860033932350175 0.9999737727350085 0.0034700136883085014 -0.368147080759869 0.12035864315626332 -0.002691981664321396 0.9927278399137486 44.78242804368424
0.9934985326652381 0.007259872714787932 -0.11365185240345901 -3.089557575546247 -0.006596011027968844 0.9999583124687601 0.006227808618252935 -0.36769220356642407 0.11369669035784583 -0.00544126564255722 0.9935015889970648 45.392006836787544
0.9938804764921371 0.007498240701181589 -0.11025038360911137 -3.1186391618901603 -0.006766261838562392 0.9999520528456457 0.007026639155905606 -0.36686862354130556 0.11030203693273397 -0.00624119280795183 0.993879584149805 45.702622892456006
0.9945651955752545 0.0076635252942015 -0.10388493905891245 -3.171876553565215 -0.006849850374221027 0.9999431395127524 0.008205131381091989 -0.3663322168981287 0.10394598183386926 -0.0074522459458157145 0.9945563962311504 46.32659619664119
0.9951851605836256 0.007381617305779883 -0.09778906325860832 -3.222320932431845 -0.006575024797130212 0.9999419054999223 0.00858905811735836 -0.3682310258373443 0.09785078602179763 -0.007908002366052767 0.9951709872936331 46.95363736941631
0.9953907685833825 0.0072958327324866125 -0.0956811577072679 -3.248935606393723 -0.006520705465476749 0.9999434837460854 0.008432912612520441 -0.3701583994525928 0.0957413047754027 -0.007773403950013816 0.995377137457553 47.26880131462163
0.9960014941883127 0.007301150811565335 -0.08910152400153498 -3.2950720045222286 -0.006636853196200495 0.9999482024000214 0.007772631400988694 -0.3749226208635528 0.08915764435777623 -0.007153487621451906 0.9959931315922025 47.894866358473905
0.9964951846053546 0.007148611219364811 -0.08341622569821112 -3.338600407825653 -0.006558850910282064 0.999951737296184 0.00736782435817074 -0.37978848020285666 0.08346891645861126 -0.006798265107652329 0.9964885215141576 48.52395448096344
0.9966017972212348 0.007365695911249557 -0.08211258307362779 -3.362096598973143 -0.006798165703168985 0.9999509270827716 0.007215889200480857 -0.38169842607954585 0.08216583898290802 -0.006636410938275715 0.996597940860242 48.82991966016604
0.9969556778603543 0.007473734693496391 -0.07768478087997768 -3.404415816156847 -0.006981896949102381 0.9999536697862254 0.006626258002975031 -0.38656137191700785 0.07773484756735327 -0.006066993666056808 0.9969570598051253 49.448919825201834
0.9973602154365013 0.005687924083228653 -0.07246864408818474 -3.4399955283144914 -0.0053174601557186545 0.9999716093212903 0.0053328973974813105 -0.38934637127976646 0.0725010519285332 -0.004936732250909187 0.9973574235824191 50.09665547835541
0.9974413178478296 0.005783102633112849 -0.07133685872935419 -3.4591503259273484 -0.005438073807050809 0.9999725477716925 0.005058370949711736 -0.3905823835993105 0.07136824436302172 -0.004660903935805019 0.9974405950154538 50.41586206247871
0.9976845545932934 0.005729722424118008 -0.06785674536230561 -3.4945069292275823 -0.005422945163157708 0.9999743760016572 0.00473578630530086 -0.394854352338426 0.06788622238902153 -0.0043602766725381785 0.9976850471621533 51.03914825553576
0.9979258621478054 0.004925581888271395 -0.06427672198682698 -3.528550011722425 -0.004620113420708432 0.9999773324938594 0.004934019893354471 -0.3972072500873648 0.064303676039465 -0.004630188851950808 0.9979209201677107 51.689691239395465
0.9979779596618618 0.005093323858520388 -0.06344756746659627 -3.547953213661555 -0.004788356398504318 0.9999760209505918 0.004994209230898211 -0.3984205842757085 0.06347563078866375 -0.0046834665360314075 0.9979735540537022 52.00980121192279
0.9981615930900121 0.003929257473763917 -0.06057606360923879 -3.581692653630711 -0.0036044578070177223 0.9999777299235543 0.005505177607170349 -0.39933590976025374 0.060600593804537126 -0.005280057532739875 0.9981490868184275 52.66917375060251
0.9983602913129804 0.004160743793941438 -0.05718907794705279 -3.6145434427761516 -0.00380366233163226 0.9999715789290798 0.00638497918208988 -0.3994001277096282 0.05721837225321159 -0.0061602998820924565 0.9983434655569224 53.330052347019
0.9984115022127403 0.004303884814855146 -0.05627846892650575 -3.6314133841177227 -0.003941231896211015 0.9999697729336038 0.006585874863270308 -0.3996521749835483 0.05630937762548288 -0.006356841640321005 0.9983940484801833 53.65281763077311
0.9985380095982904 0.004284932113888487 -0.053991005746644415 -3.663019143611872 -0.0039072409456393795 0.9999667145022065 0.007144149082005195 -0.3993222630769744 0.05402405742911091 -0.006926094198590571 0.9985166881986651 54.31937710219877
0.9986767339036702 0.004701363915894009 -0.0513221749308381 -3.693591773380449 -0.004196224079839143 0.9999409947802045 0.0099883394185696 -0.39477770506005583 0.05137050045316256 -0.009763416903211574 0.9986328269634177 54.99610416188349
0.9987192139790858 0.002605699838014875 -0.050642378120201746 -3.7104331093203435 -0.0019979878124580294 0.99992477338613 0.01209675338224313 -0.38959614005346993 0.050674174245120704 -0.01198344293410332 0.9986444020436612 55.36752113562308
0.9988333780167614 0.0018235011251393541 -0.04837475716928763 -3.739455178494695 -0.0010077899210037035 0.9998559349217596 0.016934613416871525 -0.3749690684820905 0.048402984865723406 -0.016869529923298647 0.9986864617583291 56.086912730642304
0.9988770613706868 0.007903989045304996 -0.04683988774865636 -3.7766882500701047 -0.007125516439468957 0.9998331943317029 0.01681670306919954 -0.3683373435867073 0.04696925064886253 -0.01646728046852829 0.9987619190751985 56.789935862772865
0.998900801652133 0.006860765215629072 -0.04649724912772618 -3.7888143460760033 -0.0062630686604640004 0.9998953334830293 0.01304411844376785 -0.37305434039637714 0.046586249772573134 -0.012742102573337816 0.9988344807507675 57.13683236595992
0.9990196193852172 0.003254626640266006 -0.04427996152784146 -3.812474326626966 -0.0031621937926800997 0.9999926238137686 0.0022178351747349535 -0.3933763336424742 0.0442912877977796 -0.002079132810355296 0.999017904442698 57.78672275374275
0.9990505505917644 -0.0011266901798891505 -0.04368456425316807 -3.8342958864436136 0.0008786463008420853 0.9999839460041511 -0.0056347538456553 -0.4139227097511171 0.04369473705333995 0.005587593496892195 0.9990307913399211 58.43501655636153
0.9990896212392159 -0.0003779455321739902 -0.04279814090653904 -3.8462236008521984 4.1469502306458755e-05 0.9999696673868368 -0.0077922999912738 -0.42135250154034204 0.042804572964046834 0.007780223013205938 0.9990546493163439 58.760827548938984
0.9992267285890277 0.00036457350175004985 -0.039472460618044616 -3.8665928984457976 -0.00041757670916814935 0.99999969675885 -0.0012571621090751318 -0.4153984798796453 0.03947640031376316 0.0012700295476519123 0.9992218335418284 59.46758455203379
0.9992101991471484 0.001013491315058368 -0.03989242782641481 -3.8913810701924305 -0.0006899571758988878 0.999967006171485 0.008201103452404625 -0.4016786483823018 0.03990405956424755 -0.008169306995455476 0.9991729161285527 60.207701433132534
0.9992173884112852 0.0011973917634773678 -0.03971632180920811 -3.906638745149181 -0.0008304141454886112 0.9999571295103454 0.009342442594099803 -0.39801760994770746 0.03973056354180719 -0.009304620629484022 0.9991698617306926 60.56417165454495
0.9992559600609756 0.0002247634777138188 -0.03876148073279989 -3.9297868091038604 6.401451194850719e-05 0.9999728914940074 0.00754361328009579 -0.40044878706299997 0.03876699309188773 -0.007543568640906559 0.9992227352240887 61.24026400121003
0.9992760319955029 0.000359533246597231 -0.038255398630814424 -3.95387563134082 -0.00016036970749398752 0.9999875993316297 0.005310974578900096 -0.40604954193283416 0.038262251077127364 -0.005304433685866037 0.999257083899257 61.89919830321058
0.9992941202414616 0.0006478036923635783 -0.03778624640468087 -3.9680079293379786 -0.0004592728686480111 0.9999888703338049 0.005107262531223524 -0.4071101931262674 0.03779479464466667 -0.005089879228707687 0.9992761307191629 62.23340253814983
0.9993338861944031 0.0009155869102274123 -0.03671089891665164 -3.992729972446766 -0.0007357274152691808 0.9999891176901112 0.00503348215367413 -0.4087217636731471 0.03672097238355737 -0.005006922669473773 0.9993165803006141 62.925269763904865
0.999376268790466 0.0012386599349579139 -0.03553897850654833 -4.016776493950987 -0.0010431915674787707 0.9999861354367816 0.00565151459359397 -0.40775840004306024 0.03555151717575812 -0.005615070563626657 0.9993558673240248 63.628686017155346
0.999390877990533 0.0015955665064588305 -0.03510730209709058 -4.031153416104879 -0.0013931205273880617 0.9999838841286244 0.005922051094139451 -0.4067155936949839 0.035122168346157334 -0.005873472974334328 0.9993693322208438 63.98437924961901
0.9994257175403068 0.002236786086896429 -0.03406886763810423 -4.055328156622103 -0.002020990433192886 0.9999791256232455 0.006506772733184539 -0.40489381411693975 0.03408885588475798 -0.006438276321831648 0.9994015753995521 64.6961868163585
0.9994391080775198 0.0008540272067186676 -0.03373422385771468 -4.077868026563987 -0.0005807246956396441 0.999968002786029 0.008242385286691372 -0.4006003934229952 0.03374641856423482 -0.008222564828590928 0.999400067916007 65.42799797053667
0.9994342480345751 4.627067561535023e-05 -0.0338857239097706 -4.092428083869413 0.0002814878131809702 0.9999539129721877 0.009795426552423063 -0.39640149491823723 0.03389097042567594 -0.009803794710855573 0.9993807066387533 65.79332354423728
0.9993973296679947 -0.00024529686311759334 -0.03496460729402389 -4.116338167515485 0.0008809115237315252 0.9998345836395692 0.01828422082262433 -0.3754910991315919 0.034960750585494506 -0.01830818062155839 0.9992243781280981 66.5509352661001
0.9993251149511468 -0.005203430691941225 -0.03660761406679993 -4.139353344007288 0.006165549949661472 0.9996366705790485 0.026337558151482067 -0.34520918682085366 0.036463618770879606 -0.026549589551245346 0.9989859550042428 67.33789912612986
0.999313962168592 -0.006398562570876709 -0.036720844679133155 -4.159873102312769 0.007359734134065938 0.9996316222499385 0.026217875949464904 -0.3363365119148874 0.03654596586207709 -0.026474196486459947 0.998984960832284 67.72625164083811
0.9992921953182475 -0.0039879769045195095 -0.037635757562039865 -4.193937633256236 0.004579220094395318 0.9998680995694861 0.01575150075343638 -0.34391059461114026 0.03757441134529864 -0.015916941684059452 0.9991709215700787 68.42362211659734
0.9992459159346434 -0.006544135380064996 -0.03849611150407866 -4.215471597589806 0.0063215773074867905 0.9999659396715286 -0.005791424810886757 -0.381674172963719 0.038538888561672605 0.005539268263275429 0.9992455621737482 69.10119262340892
0.9991481747525333 -0.011804201724291469 -0.03975772687130993 -4.2506396319611115 0.011107233520427492 0.9997859355211519 -0.01759867488210215 -0.4178778475479389 0.03996303550497373 0.017137467414667533 0.9990578819955199 70.14543349767267
0.9992349056889688 -0.005214861228975303 -0.03897804854469573 -4.282385707797531 0.0051447957326931385 0.9999876691645431 -0.0017859756951333523 -0.40598091857724994 0.03899293370955268 0.0015796750791863129 0.9992416863047954 70.9016642548598
0.9992098076016813 -0.00503224274073524 -0.0396433754652873 -4.296402589802398 0.005235005525438097 0.9999760844264886 0.005124011599198853 -0.39441088455373846 0.039622753018054256 -0.005331817748418611 0.999204071617483 71.28669104787419
0.9991005581398252 -0.009146204175905415 -0.04161464839916962 -4.324943567142155 0.00961109559389249 0.9998950753501803 0.011091402057242539 -0.37854226367304283 0.04151510001918187 -0.011485909954751017 0.9990753591128799 72.06339098152176
0.9990131174450102 -0.01434335487122246 -0.04224447132295037 -4.350712673816746 0.014563565582474378 0.999884320207524 0.0050116533089914275 -0.38818545503630203 0.042173809245543585 -0.0056264301774114015 0.9990980291367162 72.8085090921556
0.9989896949708532 -0.0151376157284326 -0.042520429951008895 -4.3658227367465 0.015157021834897666 0.9998879340576545 0.00023091022399068534 -0.3989344327749197 0.042518038284485624 -0.0008798253043774719 0.9990989061946982 73.17537435269395
0.9990615348452166 -0.014411256676690345 -0.0410532055603363 -4.398043059526048 0.01389611717513866 0.9998252407604479 -0.012708026631810197 -0.43178123876472135 0.04123470160206871 0.012121074730648593 0.9990793320031459 73.87154860821451
0.9990941293014299 -0.011460814081777924 -0.04118847084098069 -4.433129264769361 0.010824092953804014 0.9998228994527556 -0.015551912587703809 -0.4521715842135978 0.04136495126723766 0.015087332471528594 0.9990336739317619 74.57317935824663
0.999058490569141 -0.012557892369290913 -0.041738582352533284 -4.4493193338357795 0.012002375164198976 0.9998404393882407 -0.013428753819396 -0.4554512559261651 0.04190583647709858 0.012910814186382343 0.9990417655349054 74.93161303063548
0.998942111540597 -0.016554818020880685 -0.04310036507564707 -4.480295417809729 0.016217628401427826 0.999838222200575 -0.008063554174344269 -0.4558398609565667 0.043232390076686306 0.007351355253260534 0.9990413889227628 75.67184427935949
0.9989434679372055 -0.016016393933358616 -0.04327489007166869 -4.517226734524532 0.015744517325912526 0.9998573300502932 -0.006512752497914187 -0.4626184988866895 0.04337859304769678 0.005819749309842475 0.9990452949828585 76.42720431236422
0.9989628209485621 -0.01509161238662477 -0.04316497679257126 -4.537430484534077 0.01481372870708817 0.999870618866433 -0.0066502417167450135 -0.4667954791871426 0.04326534972397421 0.005998941397360524 0.9990491012827666 76.79805559895861
0.9989727591381264 -0.014246316901941539 -0.04322526609177769 -4.5720607999021325 0.013942168778148892 0.9998795724871659 -0.0072274187771751725 -0.47751587771772774 0.0433288909648838 0.006612128821443915 0.9990427760631704 77.5132912662936
0.9989761590812243 -0.012983490772248231 -0.04354176232338562 -4.609279125968121 0.012653795599432353 0.9998927752127289 -0.0077369927537569985 -0.48741072391663154 0.043643242068736404 0.007172924692644424 0.9990250385399672 78.2211250615271
0.9989845387602314 -0.012347261695975288 -0.043539237313972294 -4.6270777702091275 0.012011960276737559 0.9998999949486018 -0.007853882828846935 -0.4918997048793412 0.04363759561638984 0.0073176238549917645 0.9990243632368303 78.59715340573348
0.9989782409601756 -0.01264532005695481 -0.04361317281391858 -4.658273232555526 0.012351641184201683 0.9999035019845034 -0.006887466932518432 -0.49754274515244706 0.043701897963633406 0.006336369412608847 0.9990285543234617 79.33254175652367
0.9989257236138908 -0.015584839398132317 -0.04386245102970078 -4.689869713583042 0.015428092077609978 0.9998772208577343 -0.003803498149554241 -0.4994716294994472 0.04392207247101504 0.0031171485837056794 0.9990340240251999 80.07269435932267
0.9989033304065512 -0.016349754760205885 -0.044095358241214515 -4.709171908312596 0.016212841028403868 0.9998658335788305 -0.0033654991287448196 -0.5012940586020775 0.04415022433079964 0.002641513528298425 0.9990253428597073 80.44423266548203
0.998946434999015 -0.012383952004989792 -0.04440688682351789 -4.7501326265475585 0.01226038772644387 0.9999231732480096 -0.0029618206760842754 -0.5054135311235103 0.04444593389507996 0.002409004723498564 0.999012232608932 81.17636429551024
0.9989726076163795 -0.010856879113417803 -0.04421067839681864 -4.784637797048284 0.01070110603161411 0.9999382878043557 -0.0036708447172685153 -0.5139571958900975 0.04425307906184545 0.003189414949014339 0.9990177231758536 81.89153591081747
0.998977166563489 -0.010154654494451989 -0.0442696106184495 -4.803663160473665 0.009981665780511165 0.9999442572025631 -0.0040451573495844375 -0.5183540568820569 0.04431343624260896 0.0035947264703433124 0.9990135621009093 82.2438192373089
0.9989334642925645 -0.01006849157407474 -0.04527056378451162 -4.839057984971071 0.009822152102722675 0.9999384251889449 -0.0055818763137754175 -0.5291518297459438 0.045329314675641455 0.005126838669282925 0.9989613148691662 82.95011809408895
0.9988640886794435 -0.013679945519368821 -0.04584464660180711 -4.872989793787127 0.01353740128845818 0.9999050774456707 -0.003335052564731753 -0.5311483242853287 0.04589113621353525 0.002706220350181241 0.9989450963190044 83.68504796349981
0.9988520265004748 -0.0133350806090748 -0.046204958166968096 -4.895329356092936 0.013214472546745312 0.9999108887422867 -0.002832504700615389 -0.5328823503253952 0.04624381349246144 0.0022145336545849434 0.998929995725518 84.05353505627815
0.9988405560324579 -0.007994574554409604 -0.04765970415638728 -4.943324502975866 0.007874118813721047 0.9999677046669525 -0.002632741660378741 -0.5380802609660498 0.047684402650843755 0.002250277639272767 0.9988622511968347 84.78845029626035
0.9988228124677629 -0.004639149753620289 -0.04846681549380897 -4.987805303127594 0.004501607940253027 0.9999876165433138 -0.0028661284767889364 -0.5427049051037052 0.048484603978682955 0.002640903936112993 0.9988222273131376 85.5195500870546
0.9987899416329983 -0.005750142404655957 -0.04902572667902995 -5.009398744255831 0.005616085959747788 0.9999825183636754 -0.0027909673412341066 -0.544636782245023 0.049045963111517606 0.002508702764123545 0.9987954387749532 85.896205522419
0.998675208001259 -0.003793522054037041 -0.05149122555546628 -5.059840927037217 0.003868165484587857 0.9999936074832521 0.0014290332613489253 -0.5417957419251639 0.051490613951761445 -0.0016294242262780228 0.9986738929113286 86.70313512064085
0.9986616484977657 -0.0027536560695730927 -0.05181864182486644 -5.1048601842504215 0.002982230153846556 0.9999880038200526 0.0044144669378456515 -0.5390249103303827 0.05181100165525639 -0.004565978475967617 0.998648193299731 87.49979373123065
0.9986514463521229 -0.001994385095079385 -0.05204628916124554 -5.127937747690127 0.0021483905485353595 0.999995375545596 0.0029836486795776548 -0.5438500593403006 0.052045382098403016 -0.003094470733065781 0.9986416342118369 87.8846194771328
0.9985804104378677 -0.0011015403917679796 -0.05341831905084713 -5.169143147518994 0.0008333584251548651 0.9999894688348077 -0.0049635079192530285 -0.5647132146593691 0.05342859430700223 0.004908811850632006 0.9985613585538411 88.59413350918192
0.9984975234520616 -0.006187962150708689 -0.054607654866961716 -5.201552410464297 0.005617675288174661 0.9999308868736658 -0.010515347349530505 -0.5844026119857618 0.05467415356962243 0.010189690478729498 0.9984537929427667 89.31629851485086
0.998497053254118 -0.006914358321462281 -0.05453034298908559 -5.221154244329091 0.006319355528410222 0.9999214662415623 -0.01100223692763021 -0.591227251584251 0.054607312245826 0.010638092317852744 0.998452775887722 89.6827126754502
0.9984980650773321 0.0008373693602886345 -0.054938621422219926 -5.2713747867399965 -0.0013541752063454856 0.9999577065087675 -0.009296502691028281 -0.5983617324589982 0.054933861134709806 0.009353908279311395 0.9984474763151571 90.41384245189491
0.9984780175536523 0.0063422231020949125 -0.054942887895466586 -5.31534529888683 -0.006764887529114766 0.9999515029384339 -0.0074381743351425314 -0.6058061540833165 0.05489836289570402 0.007795560114063576 0.9984628677393064 91.16207655915387
0.9984763738004993 0.006257710265034737 -0.05497835046060612 -5.3351818542091864 -0.006681884063747794 0.999951680707395 -0.007465381390867632 -0.6115954145738638 0.054934141366186115 0.0078186096842004 0.9984606538411545 91.53166745232416
0.9984401083961418 0.0051551858553750465 -0.05574567782541251 -5.3780256497021455 -0.005505557217872629 0.9999681895942923 -0.006067224456865002 -0.6179557384616603 0.0557179186719583 0.006361967775510391 0.9984274759881862 92.2974033696911
0.9984974801998228 0.006643727287620961 -0.05455129242010485 -5.419504446149344 -0.006653238487986565 0.9999795315808772 7.7463621750061e-05 -0.6150260382771053 0.054556086671747925 0.0002830005708872362 0.9985117927795997 93.0802305458821
0.9985248468423019 0.007315008553468565 -0.053964687724360076 -5.441357352515025 -0.007169745272993013 0.9999715924548958 0.002959324057209492 -0.6124949467205588 0.05399002668338246 -0.0025704765531354493 0.9985394940775959 93.4778213897124
0.9985181229072403 0.008835285223569108 -0.05386746864687437 -5.486974648962286 -0.008607774454212009 0.9999543787069929 0.004526501466144306 -0.6108128696560908 0.05391027006476362 -0.004058543500695762 0.9985389663425579 94.25956681188683
0.9985177065276063 0.009805967039454558 -0.05370392837184773 -5.529843364767919 -0.009618840773575504 0.9999480818711455 0.0038099311091408083 -0.6147120788517864 0.053743338076923775 -0.0032898414189434684 0.9985505022558974 95.02000702229164
0.9985239537166206 0.010034722973520517 -0.05353754625328378 -5.552401522178246 -0.00987005239699867 0.9999467362996581 0.0034031771462450094 -0.6172454677529235 0.05357343847654614 -0.002871512214818614 0.9985606459640481 95.40124292961073
0.9985080639037412 0.010063278055794177 -0.0538274647788118 -5.593359732548363 -0.01000484465593608 0.9999500122906206 0.001421453807674341 -0.6243669870293554 0.0538436834819556 -0.0008823832872932006 0.9985497688419096 96.15086904390517
0.9984984085527939 0.010151963928311357 -0.0539827036156096 -5.634678040566287 -0.010146366935633307 0.9999493963998476 0.0004381706260404392 -0.6310242497116801 0.05398871291286969 0.0001087374692463304 0.9985420847864943 96.89965127069799
0.9985027980627207 0.010040387736351977 -0.05391822738999274 -5.657366629085988 -0.01003556371659227 0.9999506473696745 0.0004190966395600173 -0.6329788102408364 0.05392392702605642 0.00012122385975878709 0.9985455791169423 97.28268392469968
0.9985136554554662 0.010491905923613248 -0.05363935210274984 -5.700287866803546 -0.010500816915403222 0.9999463195065771 0.0001856416638371073 -0.6378754539638463 0.053642935418529825 0.0003760469903809657 0.9985610949661122 98.0406186368205
0.9984924083561196 0.012293440405395156 -0.05365206355418905 -5.743238935318239 -0.012357175026943218 0.9999249792771636 -0.0007862674575727287 -0.6431029605929832 0.0536429480774876 0.0014461165427380315 0.9985602959704675 98.80132235971757
0.9984763415051452 0.013369862625938776 -0.05370037626485077 -5.765513073938646 -0.013465990999168334 0.9999099367425042 -0.001355891552076647 -0.645972063157727 0.053682221170288424 0.002074856574785883 0.998557252452591 99.17997619226297
0.9984471692061668 0.013155508282654384 -0.0542852187177988 -5.807120704366166 -0.013284034832961405 0.999910879909304 -0.0019402582055099813 -0.6525866202616799 0.05425939334832981 0.002656656965194553 0.9985244089460665 99.93226663079614
0.9984182460454085 0.013222875706525236 -0.05480497774384661 -5.85113285777326 -0.013338783810684337 0.9999109136501585 -0.001673980881030047 -0.6568462408199225 0.05478265332862636 0.002400178381947348 0.9984966668455614 100.69602635954809
0.9984158767441709 0.013534355691035917 -0.054777255584576794 -5.874191721305081 -0.013642253649430492 0.9999072334412176 -0.001523806821134556 -0.6586129706775 0.054756316623366455 0.002266630805973361 0.9984985594206705 101.06631382589322
0.998405149707473 0.01363480373949279 -0.05495442541131368 -5.918105186217272 -0.013737532087038819 0.9999060902940041 -0.0014203470770377097 -0.6636583454004248 0.054934725824584134 0.00217104754678634 0.9984891162559919 101.82922655225606
0.9983757958684915 0.012955966476800244 -0.05565272086612334 -5.961438397265297 -0.013059332321665873 0.9999154126096685 -0.0014195907568524267 -0.6691712222971138 0.05563456464101063 0.002142038588861463 0.9984505623435997 102.58303397463246
0.9983656977260086 0.013516572947934312 -0.05570516725055491 -5.983393856142998 -0.013628671958330807 0.9999077918627837 -0.0015531460378502054 -0.6706148676153803 0.05568432405843693 0.002307447748100417 0.9984475685442202 102.89950782192102
0.9983388920027636 0.014057289056141993 -0.05605179082959699 -6.030364748771661 -0.014112611111789635 0.9999020980719322 -0.0005096164100666281 -0.6731791559927801 0.0560444107136764 0.0012974096762356 0.9984291327582757 103.68091146890438
0.9983149715003496 0.014446813931711672 -0.05637368957599073 -6.077315527676278 -0.014465421380931584 0.999896915140052 0.00015583776376472717 -0.6755041247059181 0.056375349935106955 0.000657756601034463 0.9984110398050856 104.46253704141206
0.9982985906054358 0.014563791687722498 -0.05664188824124404 -6.100130685477728 -0.014573467877172489 0.9998956896517287 0.00032863146617881475 -0.6761448260430201 0.05664619494386146 0.0004949047848785945 0.9983961065948309 104.80457568729085
0.9982736906843857 0.014409574854693121 -0.057120593659751646 -6.1470552753534635 -0.014381281049366937 0.999897790875329 0.000991639995886961 -0.67804231100211 0.057134487318632944 -0.00017082116614930865 0.9983685470000017 105.59651393095764
0.9982589892478453 0.015083965100230936 -0.05720196756168955 -6.194318628971581 -0.015086343569591997 0.9998876271514613 0.0004706801215136326 -0.6835376656544432 0.05720769219503752 0.0003909478627176494 0.998364051232963 106.37046488413003
0.9982242327548319 0.017053794667597627 -0.05725280963474811 -6.222462224560365 -0.01708517629408993 0.9998554147707094 2.0219136146897498e-05 -0.6850337685406013 0.057249722290507704 0.0009560516469279111 0.9983609333065874 106.76832187638806
0.998224041128018 0.016928906730005727 -0.05729513420945832 -6.264659229167199 -0.01703696474498964 0.9998553732767084 -0.0013181817017987663 -0.6935874900359973 0.05726953152316494 0.0022898706597073914 0.9983575801534257 107.52494553687877
0.998184269949071 0.01599724000519235 -0.05825177046833955 -6.307485377079447 -0.016319057545784985 0.9998560457225235 -0.004976175855723365 -0.7064756910474908 0.05816905181423078 0.005915125340721972 0.9982910460559967 108.2646132636445
0.9981755830922785 0.015983959578229734 -0.058394627199523645 -6.329735870526809 -0.016353126767867175 0.9998508384212847 -0.005777730095636713 -0.7133084247993767 0.05829832715919305 0.006720068725243936 0.9982781785155814 108.65776840934065
0.998156963644214 0.01634862594183781 -0.05860632030981066 -6.37099800709392 -0.016847006330334004 0.9998275798732769 -0.007951042177813838 -0.727742587302782 0.058470458179825456 0.0089221028441851 0.9982505331822159 109.3892823086136
0.998125646650511 0.014943934708039654 -0.05950752486477075 -6.416227866424057 -0.015360778321102728 0.999861739149896 -0.006488257406344519 -0.73375545501701 0.05940675447332794 0.007388354955735626 0.9982075980883461 110.16002211686538
0.9981010780783258 0.014690248165451033 -0.05998181504192919 -6.44192696015002 -0.015044496371155831 0.999873100849843 -0.005393343679034473 -0.7355532049284451 0.05989933095310522 0.006283612878448806 0.9981856605528416 110.54811793123977
0.9981156898141739 0.013014973124084471 -0.060128235908771005 -6.48846048140335 -0.013142497468881825 0.9999129381592275 -0.0016551090403293112 -0.7360775102184614 0.060105595189628006 0.0024403663682074157 0.9981902461864078 111.33442744276863
0.9981305018638217 0.01221817553754937 -0.060057449540728405 -6.534816198493581 -0.012179575722998536 0.9999261970043944 0.0010833002271657495 -0.7366607773948651 0.06007010517401916 -0.00035138646208246254 0.9981954637615927 112.12176808104111
0.9981330060160005 0.012286758043377545 -0.05999605988646308 -6.560339197742888 -0.0122322913981452 0.9999247902640447 0.0013480202720812075 -0.737853835941304 0.06001185454830662 -0.0006130986168580765 0.9981985116105543 112.50972176462555
0.9981190049673463 0.012225348062281824 -0.06023395941719388 -6.608440462528436 -0.012087888314367438 0.9999232779183141 0.002712634916504638 -0.7378626320149835 0.06026621485783466 -0.001980822505516993 0.9981810537972462 113.28723847082185
0.9981034554466117 0.013002069480081199 -0.06032809937886246 -6.65893651918651 -0.012858640652883224 0.9999132808433967 0.0028311449319206755 -0.7394390071606087 0.060363271609410844 -0.0020515280194057595 0.9981750505417787 114.06803414856034
0.9980959687430166 0.013836097684114737 -0.06027015633166285 -6.686606881609739 -0.013701812572048333 0.9999026036686501 0.0027101070466043356 -0.7400520764637438 0.06030552789010192 -0.0018808543723192223 0.9981791350178318 114.4662920991329
0.9980891455160553 0.014428471424449448 -0.06023787922934045 -6.736403468869608 -0.014309333667523018 0.9998944398821809 0.002473457787871605 -0.7425006164536269 0.06027057990210814 -0.0016081793859957414 0.9981812491857917 115.24804445893645
0.9980590633276682 0.01593834740187957 -0.06035414100243414 -6.787908115072367 -0.01586812030951082 0.9998725973050739 0.0017080390519350818 -0.7463484632686298 0.06037700781240428 -0.0007485980338429307 0.998175891515534 116.02184256347898
0.9980474299908142 0.016825619346518758 -0.060308304063294176 -6.815354427348419 -0.016774226924406055 0.9998583431715969 0.0014259708150664 -0.7477282859490407 0.060327278707972685 -0.00041349249624661797 0.9981792656336721 116.41010193242225
0.9980420457425822 0.01714966597040955 -0.060310576199213775 -6.865389299154666 -0.01705693486182146 0.999852847710449 0.002123481744148887 -0.7479644995599829 0.0603417188290811 -0.001092731667906866 0.9981780709708861 117.20273208804431
0.9980632913871423 0.016486489197750722 -0.0601420851284593 -6.914119865614411 -0.016180059558176467 0.9998537694970954 0.005648661969246647 -0.7437028490825011 0.060230217565766526 -0.004666771326881076 0.9981744160559051 118.01712520102376
0.9980565570378244 0.016979278124537964 -0.06012579127037086 -6.9418245727853405 -0.016631826803068912 0.9998427109304729 0.006355782507506134 -0.7415634812143301 0.06022839827523171 -0.005346146060950155 0.9981715142671846 118.42574339356062
0.9980454435818465 0.017972669718952693 -0.060019310156555906 -6.98938762068634 -0.01765066354242428 0.9998276679231717 0.005971416765930428 -0.7408108329533152 0.06012040396561151 -0.004903054195449859 0.9981802576099845 119.21922746839574
0.9979994722050953 0.018928389203044016 -0.06049566487329502 -7.0348379076669385 -0.01878977056460592 0.9998208484863954 0.0029422398667439606 -0.7480195348905807 0.06054528734564223 -0.0018030400711495902 0.9981657415947991 119.9824487118058
0.9979835357346413 0.01917813451483404 -0.06067872956765214 -7.05844784502282 -0.019105585240170902 0.9998175120461134 0.0018578867302314775 -0.7522525240500544 0.06070803474999051 -0.0006979859372958201 0.9981572484508672 120.35980503019819
0.9980025336709596 0.01817612934179314 -0.06067735852561553 -7.10492138320993 -0.01808711538148183 0.9998362260652116 0.002102701963375563 -0.7536977963208156 0.060710276780762816 -0.001004246522290386 0.9981568754038916 121.14294514315512
0.9980507792494353 0.01780324744120071 -0.05998962278540811 -7.1524606728547235 -0.017491187796970967 0.9998319257099622 0.005805288122553144 -0.7494283558422583 0.060087752588008934 -0.00474816090684934 0.9981835891685713 121.95926327133515
0.9980548605569658 0.018134337387028607 -0.05982126365406742 -7.178066160487569 -0.017790974222044724 0.9998233986867706 0.006350391177301415 -0.7476090848293487 0.059930725877110465 -0.00527724568531109 0.9981904166042986 122.35826838268885
0.9980754607637704 0.01790613974254622 -0.05954863540332054 -7.225183660579256 -0.017540820900714325 0.9998255128196345 0.00673775736103368 -0.7455914289526615 0.059663869587716606 -0.0056839363851981075 0.9982042309334381 123.15357035912784
0.9980775156821855 0.018155453209608634 -0.05944711054143806 -7.273085791690728 -0.017792049806022035 0.9998212031394054 0.006722977463347118 -0.7448773316873436 0.05956364089356704 -0.005656374221560836 0.9982103877443811 123.93854190592708
0.9980770999690352 0.018398430421857483 -0.05938173540528919 -7.299125159124449 -0.018040590705120946 0.9998172977457089 0.006646192621567368 -0.7450358865542549 0.05949838405200874 -0.005566520429749954 0.9982147988168607 124.32875419673704
0.9980814633416405 0.018271174680536975 -0.059347941862340145 -7.346061863303455 -0.017932126325443044 0.9998211350849399 0.006327215484221343 -0.7455295505642143 0.05945806362609693 -0.005254929226787642 0.9982189344061817 125.10575558112052
0.9980621040708856 0.019248742758621554 -0.05936233145309698 -7.393121263884423 -0.019000802212028708 0.9998096963590417 0.0048232222511314935 -0.7501611639248037 0.05944879262003728 -0.0036898899049405244 0.9982260653173841 125.86770441217675
0.9980479253457522 0.020180756944936932 -0.05929314759019653 -7.419634805690455 -0.019964639307144785 0.9997929184637208 0.004318394322700815 -0.7518866183741525 0.05937283655298455 -0.0031299137816283885 0.9982322627000944 126.25459023448114
0.9980521831553397 0.020330728371682785 -0.05916851845804852 -7.467042612938563 -0.02012137673301564 0.9997902389533033 0.00421353923744805 -0.7531731933216219 0.05924655522732635 -0.003018500742110796 0.9982398811028348 127.03754982511118
0.9980063483912721 0.022666969514710967 -0.059095808204850206 -7.519563029463847 -0.022464665212471178 0.9997407131349617 0.004165960652871616 -0.7523957679508336 0.059179772001966564 -0.0028340982345432496 0.9982446309860609 127.8310881675943
0.9979930002132235 0.023470982221526184 -0.059003102001582645 -7.545965578029287 -0.023271133942240455 0.9997221818288632 0.004148550795987658 -0.7517321391218497 0.059088725840598766 -0.0027710150106981914 0.9982498937366568 128.21903438643082
0.9979927717685223 0.023812628757884105 -0.05886893698160127 -7.595309716488856 -0.023597488972829494 0.9997132678187997 0.004422718087253098 -0.7510020492197874 0.05896205321270004 -0.0030284906994814107 0.998256624183767 129.02278937994583
0.9979456825824192 0.0256946376362288 -0.058874228832508674 -7.645327849877891 -0.025505666040998777 0.9996680289991301 0.004036885928046664 -0.7507863248522658 0.05896319932554583 -0.002530891384387962 0.9982580229229279 129.82097043815136
0.9979175944653681 0.026454945439956943 -0.05901244539143662 -7.671190616474407 -0.026245581162114957 0.9996471691462929 0.004392915280162565 -0.7483432647958781 0.059112525807886146 -0.0028385135368304247 0.9982483102252169 130.22522897086836
0.9979875685036995 0.023320976808358165 -0.05915525411030961 -7.716834628219661 -0.02300311735942491 0.9997180106559792 0.006123350164385309 -0.7445497326108194 0.05928595895231698 -0.004753706330450113 0.9982308730692872 131.04157658404264
0.9980783435492734 0.01768722225569259 -0.05958212068798585 -7.763457715845441 -0.0173760690332373 0.9998339762802727 0.0058176057475864944 -0.7406325742244468 0.05967941772229995 -0.004774220445895126 0.9982073323262209 131.8762723970733
