1.0 0.0 0.0 0.0 0.0 1.0 0.0 0.0 0.0 0.0 1.0 0.0
0.9999998211860657 -0.00039568543434143066 0.0005956515669822693 0.004042766522616148 0.000395357608795166 0.9999996423721313 0.0006749853491783142 8.931895717978477e-05 -0.0005959868431091309 -0.0006747767329216003 0.9999996423721313 0.4794870615005493
0.9999982286158482 -0.0011084012087463901 0.0017956311474067732 0.011234693007355273 0.0011062264352733053 0.9999994040802969 0.0009650781983969736 -0.003891565298319022 -0.0017967026634755356 -0.0009632483864434604 0.9999980164477855 1.3795805598081743
0.9999954389745321 -0.0013489494024221157 0.0029678201361590523 0.020126098539991248 0.001349564840427287 0.999999606199399 -0.00038584809647395214 -0.014566107219241798 -0.002967242474149869 0.000389794498093203 0.9999957850731112 2.2456691032030704
0.9999938067285391 -0.0013690077923146243 0.003468248416760378 0.023464324137853314 0.0013720198121760314 0.9999990425537449 -0.0009972535407760635 -0.0216711685598643 -0.003466926875985694 0.0010017579942165219 0.9999936468043653 2.6822530412885346
0.9999892788523972 -0.0008321474840920661 0.004709200837958901 0.03125930330611141 0.0008422975646817887 0.999997546599148 -0.002212721857566045 -0.03350934615256075 -0.004707581821644979 0.0022167165395388204 0.9999864024076238 3.5262835918500066
0.9999834643742206 0.0009192698131963116 0.005744980772966194 0.03681669739231389 -0.0009014789947216111 0.9999946648737491 -0.003130232471041902 -0.04447526916932799 -0.005748398854763117 0.0031253277730729796 0.9999778251832475 4.392416067823343
0.9999793830722041 0.0013325640477594896 0.006368471409044483 0.03936073262844422 -0.0013113624611547623 0.999993393552448 -0.0033807741801088853 -0.0502893155282138 -0.00637343407490888 0.0033723997253951006 0.9999731008230529 4.809275259831434
0.9999655516573682 0.0027009686214211318 0.007972658681849262 0.04636567906798269 -0.002667857565231959 0.9999875612722937 -0.00421129990549263 -0.06195456571938938 -0.007984079227196433 0.004189820465501016 0.9999588834879098 5.657275715832721
0.9999469628906893 0.004379047807487642 0.009405490344221196 0.05421786610795782 -0.004330826644350488 0.9999772812079083 -0.005175699313596995 -0.07435762546651453 -0.009428179407574955 0.005134640423585036 0.9999417884818883 6.4872213339155325
0.9999385960538335 0.004832950907639251 0.010083708374874878 0.05804720274876783 -0.004778895050097583 0.9999739224185045 -0.005427007112499691 -0.08082136350524925 -0.010109772776015664 0.005378412386835974 0.9999338697968932 6.90750719622908
0.9999188006464517 0.005123100521560402 0.011789563802389942 0.07074407907210127 -0.005058166182619325 0.9999721172122786 -0.005602329575567153 -0.09231424248504777 -0.011817799975458872 0.00554194828229911 0.9999146426941821 7.760091703086369
0.9999016667198005 0.005473094888350451 0.013025011402746724 0.08499221489480342 -0.005392954168271685 0.9999665583829872 -0.006227864276592251 -0.1057456856702128 -0.013058670134055202 0.006156807625202555 0.9998954987114014 8.59060691918746
0.9998961456084764 0.0055891641275535595 0.013418492896881212 0.09101864295900342 -0.005500516003095905 0.9999633676494065 -0.006685453619387718 -0.11346054864809962 -0.01345526295967636 0.006610553590935551 0.999887523070518 8.997578358176536
0.9998882706969975 0.005535900770876826 0.014010061792160314 0.10617767806548337 -0.00541599269428869 0.9999487712979169 -0.008624908603154327 -0.12984443563955506 -0.014057292606807808 0.008547853748244471 0.9998643522385994 9.781989935128156
0.9998752705828445 0.005675525476714681 0.014831795390820083 0.12104382667419876 -0.00552698880473759 0.999934576634942 -0.010068618939695424 -0.14664819694632555 -0.01488835350097069 0.009985421450437171 0.9998388348107249 10.570614038324665
0.9998727470412365 0.0053362218562209435 0.015099668535070096 0.12647472543945226 -0.005179777044049738 0.9999327351268139 -0.010382266567532827 -0.15436304302227105 -0.01515469301536787 0.010303008456795135 0.9998315236741951 10.96237387767013
0.9998662316366915 0.004374553148338875 0.015831870541417332 0.14572318790480218 -0.004205344589552535 0.999933689452449 -0.010718352409338374 -0.16742289840922175 -0.015878316905048755 0.010650624077206761 0.9998164984214599 11.738965903548952
0.9998549702634594 0.005036689483687297 0.016352351220762878 0.16115831041238154 -0.004855469669060231 0.9999264042700025 -0.011109709479517133 -0.18107477973416178 -0.01640778720330168 0.011029051947139514 0.9998038819949843 12.486716496645844
0.9998474483646591 0.005902910239154601 0.016508673491925384 0.1662862202267209 -0.005712629833491479 0.9999169001334834 -0.011547467074460681 -0.1886828984466027 -0.016576185706220447 0.011451914445886448 0.999796341451273 12.855122719201356
0.9998448012412343 0.005156769264726894 0.016911025404019335 0.18188381573180923 -0.004952163094025204 0.9999143760012768 -0.012116040316935807 -0.2035746321447821 -0.016972781736196527 0.012030907594652964 0.9997830110741694 13.591862763644217
0.999852043778395 0.003459451775363202 0.01691438191274973 0.19694086475773245 -0.0032699271741414063 0.9999316615492967 -0.011200144608568012 -0.21423742977200588 -0.01695268088479221 0.011143387449956776 0.9997933984043674 14.347379434164548
0.9998532868656862 0.0028897924625462465 0.016971038846054245 0.20240433280925577 -0.0027103786187936416 0.9999402263128465 -0.010588445288474775 -0.2192543257890963 -0.01700137041348681 0.010540967777606967 0.9997989944396832 14.721974905002337
0.9998439621451969 0.0029344117183471353 0.01749897216342644 0.2148164139662903 -0.0028118558814596182 0.9999713916460425 -0.007023219532050382 -0.2242803189852751 -0.01751957937234794 0.006972909064214019 0.9998211137167702 15.465627307784581
0.9998310026645126 0.003175866549784461 0.0181661288242483 0.2282771995611264 -0.003115446975083619 0.9999892068550518 -0.0033397040417064688 -0.22657161175715607 -0.018176447272218774 0.0032821458818273804 0.9998278596139774 16.2109200547908
0.999828151139792 0.0030775478211768 0.018320418137911302 0.23268020425301095 -0.003020758058514361 0.9999899770840421 -0.003089829444409092 -0.22935823603040734 -0.018329855389197024 0.0030336722132668797 0.999825533178055 16.5903991776694
0.9998222611619089 0.003692082964146615 0.018552496051336676 0.24310814213457427 -0.0036557621313134314 0.99999104914869 -0.0019686215560437963 -0.2323906144975398 -0.018559468121125786 0.0018999274666730483 0.9998242683794596 17.32894503157473
0.9998257363841425 -0.0003152128916738916 0.018734548043032335 0.2589887163019572 0.0003029351620673495 0.9999995835577505 0.0006766708694473582 -0.23174310830434372 -0.01873460886136162 -0.0006714827592139588 0.9998226993864295 18.07199138652009
0.999825924537053 -0.0008536480309146479 0.01870262062829554 0.2620525898894663 0.0008415439734179019 0.9999990584812356 0.0006830836742271863 -0.23370495810473446 -0.018703142809920456 -0.000667816903396024 0.9998234125178471 18.438406468392
0.9998309310605067 -0.001478521672513334 0.018400826743553207 0.27302339851455326 0.0014861661835753714 0.9999983987720868 -0.00036743414962668456 -0.2406644246181101 -0.018400147473347974 0.00039405015928233283 0.9998291800001251 19.134748739228627
0.9998351262831935 -0.0014600152662037904 0.018207107173152607 0.28376549884735175 0.0014874362605418901 0.9999976915795242 -0.0014741040799071696 -0.24859632168064655 -0.018204479492606458 0.001500008289771515 0.9998321007473838 19.803912639168185
0.9998352768713112 -0.00102346337585928 0.018203672236632412 0.28652167942320145 0.0010615261847371422 0.9999968263906399 -0.002045865951205517 -0.2530808023835499 -0.01820153290974517 0.0020643570194100805 0.9998308439318286 20.141535005501165
0.9998362299618269 -0.0026173816945111064 0.018002315908462584 0.2975821336975918 0.0026855337916355596 0.9999890395070227 -0.003727550468636843 -0.26170745985954047 -0.017992304365759965 0.0037748495491948496 0.9998298177890876 20.796705173172946
0.9998435632922381 -0.0029768131494445757 0.017549595534819745 0.31060192316503965 0.003036943038233911 0.9999898099687831 -0.003395622512183493 -0.2651844775737252 -0.017538979125318283 0.0034478248271951405 0.999839206487996 21.471174481111476
0.9998488165237264 -0.0030212025344638397 0.017235920372123886 0.3149646150134891 0.0030683091015508298 0.9999918594402578 -0.002693896102106137 -0.2650228965065724 -0.017227287362752607 0.002746043743325651 0.999846856459104 21.820865814029606
0.9998552870164223 -0.004794646571222571 0.01641965911103572 0.32497847384488526 0.00479010273373001 0.9999886380860907 0.0003456137218173518 -0.2638042024404729 -0.016420569215802774 -0.0002674909905990698 0.9998641081495651 22.508150935780378
0.999865203340986 -0.004565500193096871 0.01587559433203981 0.3313794013138782 0.004534586571234397 0.9999879763336129 0.002022285682226413 -0.2627816574900843 -0.015884049872055307 -0.0019505486937771205 0.9998710311777693 23.192317135341376
0.999868530171112 -0.0046423491925312345 0.015658860370019845 0.33346172995406287 0.00460842599493851 0.9999871886302479 0.002246431913619047 -0.26286342932310325 -0.015668575042746005 -0.0021745419544272736 0.999874257254147 23.5292860386564
0.9998647571062484 -0.005874348657444164 0.015454223651243205 0.3401998689271196 0.005838087985502316 0.9999797882689674 0.0024615011601468815 -0.26362167216721405 -0.01546785688592616 -0.002371575239438551 0.9998767997668225 24.165088344876192
0.9998682894890488 -0.0062137977258260035 0.015089430442858012 0.34618974282977244 0.00619978609363804 0.9999800355297309 0.0010667458111215946 -0.26900244928437356 -0.015095333581622955 -0.0009735868539481021 0.9998846800847663 24.78188451888359
0.9998658411781696 -0.006716462076893055 0.015024942918840685 0.34766593051627975 0.006712864524419825 0.999976733780468 0.00039920811384692014 -0.2714037866923274 -0.015027082520595087 -0.00029846918363410845 0.999885888871137 25.09840622954084
0.9998633363698907 -0.007563882181540893 0.014781233058249752 0.3523015510457972 0.007570174472894269 0.9999703958783717 -0.0002258169693535893 -0.27538885936331614 -0.014779135994957877 0.00033766721019714695 0.9998895025374485 25.691684164332422
0.9998637063637796 -0.008024557224361384 0.014512678060393927 0.3566916350599525 0.008034120899306153 0.9999669487714082 -0.0004602850377880113 -0.2786224026742055 -0.014508461960033319 0.0005767958332451679 0.9998935388156849 26.289648990211926
0.9998670763074655 -0.007906532669092236 0.01437070041674535 0.35646323236506705 0.007914525491011187 0.9999681842921141 -0.00037696356033807684 -0.2795966113191943 -0.014367079534035841 0.0004905849734416148 0.9998958762986832 26.583705646363118
0.9998855760706228 -0.007241747828597709 0.013399732542793242 0.356585296135108 0.00724204480305826 0.9999733499585249 0.00014808383516129415 -0.2801403114651842 -0.013400205736141448 -5.120199725871822e-05 0.9999094924505509 27.174589955402094
0.9998992499835364 -0.007729446678504487 0.012006762531947482 0.3581644407514762 0.007707052999134905 0.9999676328005024 0.0020692646979163943 -0.27753294819437985 -0.012021918109125531 -0.001976996842978706 0.9999248938625186 27.763324958070424
0.9999047924288029 -0.0076795139383499895 0.011557296716344775 0.35671282120248016 0.007653289100135622 0.9999671867660963 0.0024862925820732127 -0.2767191751426751 -0.011575580667763118 -0.0023979731570583254 0.999929367873687 28.062928228598636
0.9999245246243291 -0.006897989585918162 0.010204356018433614 0.35512645138988397 0.006852411819902913 0.9999648114616754 0.004719028523496302 -0.27314250247137617 -0.010235749341949135 -0.004649511377972374 0.9999357565493583 28.62372286229544
0.9999411586977541 -0.006825711020351941 0.00849940900166942 0.3535353413264128 0.006779386359866849 0.999959729355105 0.005740691635617309 -0.26987116552423723 -0.008537496435017779 -0.005683297241301525 0.999946424343957 29.18172433310939
0.9999444502503901 -0.006835229843634485 0.008090415841552408 0.35498025187557875 0.006791748594195033 0.9999598955123197 0.005686716697474881 -0.2707522986446103 -0.008128239359813022 -0.005632133476654001 0.9999499718748553 29.45937512482487
0.9999524131692469 -0.006460502158965809 0.007392972087822799 0.3555067891852059 0.006420452884323988 0.999961770650014 0.005780356317047989 -0.2701100127698877 -0.0074294996108225 -0.005732991605420191 0.9999548432162058 29.977080572927637
0.999957355358607 -0.006971848588552879 0.006098325319912848 0.3546508672171409 0.006933165309658432 0.9999514894412571 0.006815357571816437 -0.26610572056932347 -0.0061450180763696315 -0.006773119919073379 0.9999568214874208 30.512439611460074
0.9999611556965968 -0.007162489038056233 0.005218261684015028 0.3514987500315808 0.007128447423158546 0.9999487409435417 0.007019492498796209 -0.26514100511116934 -0.005267645059679801 -0.006982589993530782 0.9999602602947197 30.772300458357293
0.9999615753478228 -0.007795513533714995 0.003982974410248049 0.3481640072864561 0.00777076546069153 0.9999442006339491 0.006928738348469768 -0.26446409433653845 -0.004036357795918606 -0.0068978470848687174 0.9999663891952866 31.272033008655946
0.9999754905647796 -0.00611574823341166 0.0033417494183558666 0.3433500027861875 0.006104721807275015 0.9999708654938088 0.004191198582617846 -0.26993518921716725 -0.0033670817679426236 -0.004170931636889192 0.9999837993160113 31.773870766593156
0.9999770750705695 -0.00597869756440154 0.0032261251460104024 0.3396888166265853 0.005969656056100008 0.9999739024537925 0.003648562339284429 -0.2719410995072998 -0.0032474889684727015 -0.0036295595170999263 0.9999863409268788 32.00089383441192
0.9999783400751974 -0.006416169769421879 0.001744472646755473 0.3349518288946388 0.0064115472301657025 0.9999692106269674 0.0041794308564365185 -0.2714934515815867 -0.0017708954211167135 -0.004168460199523739 0.9999880508044873 32.47520327992581
0.9999848008654838 -0.0054187766749076586 0.0012305656818633035 0.3273227734355352 0.005416717775466559 0.9999760958355408 0.003944896240010886 -0.2720939967821377 -0.0012518195865328769 -0.0039382154993464836 0.9999896890096488 32.93688763643176
0.9999837887537882 -0.005643668710040464 0.0009680441236590283 0.3233994617854426 0.005644038932032601 0.9999793039851788 0.0025016849108153074 -0.2749179917944866 -0.0009819889897827677 -0.002496164925528547 0.9999945133695823 33.166982487477725
0.9999629815322268 -0.008555150179825442 0.0010666087262254376 0.32676106648687425 0.008559780475064735 0.9999598267966623 -0.0018894278995356768 -0.28622951196570195 -0.001050149349206314 0.0018984838192695709 0.9999956279471705 33.61422975376698
0.9999537330100651 -0.008778301279164744 0.003973842414511346 0.3324453752913494 0.008798998486571438 0.9999491310379496 -0.004545006331653514 -0.295189180371346 -0.003933629401710459 0.00457965978641727 0.9999795828155461 34.05061307519387
0.9999438288181277 -0.008697714548518346 0.006103040040300833 0.33523577117249037 0.008729113524161591 0.9999488868151961 -0.004669270500344301 -0.2969761978373183 -0.006062051124079478 0.004722421684027576 0.9999682920054372 34.264531358223785
0.9998872003115822 -0.008268752786239106 0.012560082656675974 0.3487810799233252 0.008336337860323124 0.9999496923326423 -0.005112094407874326 -0.30428509554620053 -0.012517120733915685 0.005215970054712696 0.9999057748569462 34.693045694089754
0.9997736556678523 -0.009064828350095961 0.01927572539179091 0.3665157911501093 0.009248132673351084 0.9999115729935181 -0.009291257412227045 -0.3176560580966001 -0.019189676732291733 0.009467085206523826 0.9997686983713272 35.1115230045249
0.9996986399994349 -0.010399272024620801 0.02225430565504073 0.3743790763540713 0.010670515113519848 0.9998686396492682 -0.011973629726089821 -0.3239374642324128 -0.022126885789045467 0.012207186621738584 0.9996781760477459 35.33179819668808
0.999480993970941 -0.010672381458853152 0.030408226645843636 0.4034779207224972 0.011119390696444634 0.9998309858498109 -0.01446442386498668 -0.3356175617404125 -0.030248704018994172 0.014794887333569899 0.9994302762546237 35.764458715959705
0.999184639037013 -0.013561197442229948 0.038041113331364604 0.4381001977014521 0.014056217847151768 0.999818189176254 -0.012688692668963207 -0.34245855333150305 -0.0378620483176861 0.013212633458040909 0.9991932071296605 36.23533541903716
0.9990255028668458 -0.013731470738903183 0.04195876270194026 0.4523207869930712 0.014255323472969832 0.999822151279277 -0.012134027295564051 -0.34519448559183086 -0.04178466451741564 0.012719979440095052 0.9990430464210732 36.46610950768712
0.998697029921514 -0.013082185837044132 0.049338577230029323 0.48746435412875294 0.013699043326704765 0.9998301299768438 -0.012120169774479083 -0.35525263504348736 -0.049171607580067736 0.012779853224861245 0.9987060662839549 36.931718767414274
0.9982152541641055 -0.01270354017241147 0.058361722005374796 0.5311677371342536 0.013493897521786095 0.9998201966188531 -0.013115643322026945 -0.36983268246541784 -0.05818463874688869 0.013879354914617309 0.9982067434823373 37.39999792437727
0.997894347477 -0.012469301881285583 0.06366153156904371 0.5524102216755324 0.013328405556617719 0.9998234212792543 -0.013040990968562755 -0.3744037176216189 -0.06348771825757496 0.013861507514605822 0.9978839514172418 37.637332735096706
0.9973492299939526 -0.0139191911335325 0.07143540212855658 0.6022994851154424 0.014778195652199995 0.9998224200138401 -0.011471059175609949 -0.38157779688593196 -0.07126329351016336 0.012495904493341717 0.9973770460419349 38.11778003196716
0.9967547625334149 -0.015345696866500084 0.07903368234846636 0.657666579641635 0.01611641133948207 0.9998261625787024 -0.009086741663171978 -0.38869644711846524 -0.07888065626584109 0.010330571850863772 0.9968282236466163 38.61722096068229
0.9963286258780614 -0.01568603432433023 0.08417252255033322 0.6857266238552553 0.016484388110231857 0.9998229072124164 -0.008762082327418848 -0.3927343316621412 -0.08402021317746004 0.010116914639549848 0.9964103569671569 38.874120521920226
0.995594349972939 -0.016048934499684978 0.0923900557795966 0.7473600629357696 0.016914450600949954 0.9998174226235538 -0.008560205431788873 -0.4027443451001703 -0.09223579641213638 0.0100843834587564 0.9956837369814224 39.3732595014614
0.9949094768993816 -0.015665890859571107 0.09955318236072362 0.8106754001042646 0.01654639897402506 0.9998278541083664 -0.007995370663093086 -0.4112689401995992 -0.09941077927398784 0.009600798005970222 0.9949975865683633 39.87666885606875
0.9944959325588916 -0.015237578697602849 0.10366608233588845 0.8411594945569033 0.016094457404758664 0.9998395421240057 -0.007406459866673296 -0.41358020438109616 -0.10353660209022081 0.00903302430554248 0.9945820042585983 40.13486217079432
0.9938247606153922 -0.014556081901678784 0.11000489302276088 0.909674824723169 0.015255148415680642 0.9998646049934599 -0.005488672832969757 -0.4180947173684035 -0.10990999222665901 0.0071317960224487 0.993912995795375 40.65540988727485
0.9930707471316951 -0.014905626725214307 0.11657231065135094 0.9854753230482628 0.015541594268414146 0.9998650212239422 -0.004522346148526845 -0.42478897832238316 -0.11648907983214882 0.006301499568522907 0.9931689763007653 41.18886731884248
0.9926901182407083 -0.014626014026194546 0.11980525672957378 1.020795140704728 0.015252842881966633 0.9998705449029467 -0.004291805908656072 -0.42776469761944075 -0.11972689659583566 0.006086624337548153 0.9927851035191503 41.45458997205043
0.9920126756836953 -0.014257094954392289 0.12533316280662346 1.0962263873031537 0.014793918627986569 0.9998811204625903 -0.0033314527895280137 -0.4325167145940498 -0.12527074702343222 0.005157859264624112 0.9921060845692161 41.99144853722303
0.9913264994387319 -0.013592403420157358 0.13071870321720638 1.174955745025652 0.014092966125132165 0.9998923694790175 -0.0028833240980121857 -0.4351117226496655 -0.1306654580952111 0.004699367296780085 0.9914120368016367 42.524569569450236
0.9909545263190728 -0.012934443953049626 0.1335766393070144 1.2135016279512953 0.013441498235864133 0.9999014597803053 -0.002875014256117113 -0.43627693552007807 -0.13352627913594523 0.004643318265930488 0.9910312139112947 42.78536613724534
0.9901034088164667 -0.013222575363808461 0.1397209175093561 1.2990376949199622 0.013722928378251786 0.9998987922208412 -0.0026013103084685206 -0.44191071391035497 -0.13967245499322758 0.004492031973106292 0.9901846687131499 43.31001637893385
0.9892112474193748 -0.014297169949123173 0.1458012781366113 1.389243643991748 0.014806058228407373 0.9998838503987146 -0.0023895044560872845 -0.44891080677409667 -0.14575035200880715 0.004521607807800339 0.9893080537551662 43.85025825216719
0.9889054101744919 -0.014345652804558899 0.14785604756810117 1.4314647424693692 0.014866651499056279 0.9998828595179678 -0.0024034774666372915 -0.4526796361254251 -0.14780436972079955 0.004574208093720881 0.98900302714143 44.11296017631635
0.9880271278222663 -0.014604548694444983 0.15358903649383385 1.5213842625226561 0.015185555529534085 0.9998774340040714 -0.0025955939930829928 -0.4616921361511911 -0.15353238856375767 0.004895928725494542 0.9881284279315186 44.63250062161375
0.9871488309500387 -0.014137191180925419 0.15918164594467293 1.6136162573188444 0.014757588863634373 0.999883672657349 -0.0027026089988189785 -0.4702481317387559 -0.1591250647296834 0.005016146474707002 0.9872428845135219 45.154975421127176
0.9868992640627464 -0.0136954109464541 0.16076114797431393 1.6575677740261368 0.01433073233373987 0.9998897617834758 -0.0027810423877624546 -0.47384450704980197 -0.16070535882965795 0.005047643729020477 0.9869867269414244 45.41853778924736
0.9864130661668091 -0.014012176549416316 0.16368847853111898 1.74683049672479 0.014664824536058786 0.9998846622667072 -0.002765307458053584 -0.4806369844968315 -0.1636309004080366 0.005127371499317214 0.9865052584806 45.9263658378994
0.9861348826186497 -0.01587701135880851 0.1651870875350672 1.8374451910094445 0.01667122570848151 0.9998510780851039 -0.0034086014262513296 -0.4888200645661206 -0.16510840041710864 0.006114380707176614 0.9862534674393381 46.44435552380106
0.9860301078504347 -0.017740155447506074 0.1656250743886777 1.880556544742595 0.018674313128009084 0.9998130300383351 -0.0040721188608714275 -0.49262839523688773 -0.16552184609998497 0.007107463820969034 0.9861776355747085 46.7082750604438
0.9859571287812933 -0.018879896858576297 0.16593067997771432 1.9640292931471077 0.020010512126248516 0.999781696035182 -0.0051286823363109815 -0.5009190291556957 -0.16579793059608375 0.008376509691734719 0.9861210416038959 47.20375814874686
0.9858781695409602 -0.0188397385129548 0.16640291196018353 2.048270440558755 0.020087416449528828 0.9997765923093557 -0.005801681821540391 -0.5102136766253027 -0.16625675899917797 0.009061921028221651 0.9860378396028245 47.700164514883035
0.9858279136259452 -0.01847502974304848 0.1667403863892414 2.0897360937315006 0.019758432635064972 0.9997819054143356 -0.006025602137835615 -0.5145109727083138 -0.16659307623903596 0.009234067541058065 0.9859795705316016 47.95982800317511
0.9857857542158728 -0.018058352100792714 0.1670350967616831 2.1723555326548896 0.019400494603327587 0.9997864722847674 -0.00639189197329871 -0.5228791096237744 -0.16688428769876562 0.009541092321150246 0.9859273121402272 48.455304767097296
0.9857672406771165 -0.01866369086300603 0.16707668963768338 2.2578812523168232 0.020035249010970813 0.9997729278902168 -0.0065102829828694135 -0.5300976561691026 -0.1669177222682946 0.00976451537826368 0.9859193166479139 48.9639894559228
0.9857697386332032 -0.020047387579829413 0.16690026738952252 2.308587268303396 0.02143469262307536 0.9997435491046844 -0.006496551078416342 -0.533597484766322 -0.16672787631961858 0.00998089535020771 0.9859489414444229 49.25429360454277
0.9858603542417398 -0.021660258303908917 0.1661623828495612 2.395493341280291 0.023009411904201384 0.9997106567935014 -0.006180709772754787 -0.5376519106943931 -0.1659811209933156 0.009916098597304732 0.9860755674059936 49.77652541892645
0.9863879859151171 -0.02482280726731851 0.16255177435923115 2.482911123572792 0.026251340172689305 0.9996282871193044 -0.006629719865698416 -0.5432101514173757 -0.16232747465064873 0.010806374598179012 0.9866744598899491 50.33643153078446
0.9866006496284403 -0.025465621220170213 0.16115430680014872 2.522509773522841 0.026904814905078803 0.9996099502721187 -0.006736329422997558 -0.5478415759082689 -0.1609207418719927 0.010981744110681738 0.9869028839180806 50.617831442028894
0.9869859861801634 -0.02802774441410493 0.15834574917365749 2.605883342087454 0.029525559251737325 0.9995336610355269 -0.007097208576223378 -0.5543778712979928 -0.15807383912127068 0.011680036411823148 0.9873549901901603 51.167734394568726
0.9877074110297037 -0.03087976911362101 0.15323477081008083 2.690629404295937 0.03221930802599719 0.9994560835188963 -0.006246838542341943 -0.5574706505941539 -0.15295921011786554 0.011106995609066406 0.9881668823805381 51.760084286032686
0.988207598522217 -0.03184302081675001 0.14977445967440434 2.730038994238091 0.033111022785058355 0.999428829804318 -0.005960063636538589 -0.5617527535334871 -0.1494998408577617 0.010848934194848656 0.9886989492925746 52.07465284525812
0.9893042118655493 -0.03350215498792021 0.1419695538982915 2.808200958325716 0.03473395328109556 0.9993723539593565 -0.006184780309523999 -0.5677168210373706 -0.14167405573664887 0.011049575550691965 0.9898482170445683 52.68982526982527
0.9902160258173925 -0.03606948467133755 0.13480382224824206 2.8829487578932067 0.03721996184059362 0.9992841769169054 -0.006000831684203947 -0.571342565255931 -0.13449174953660575 0.010959418023294058 0.9908506176276527 53.30503047005194
0.9906296746826487 -0.03649792049862554 0.1316130443252578 2.918162872193683 0.03757188357823144 0.9992729255953945 -0.00566148870475364 -0.5746349992881034 -0.13131159178389493 0.010553394672803995 0.991281539236826 53.63010617599983
0.9915641490393566 -0.03816297397070694 0.12387912578267873 2.987065125317093 0.039106632192368825 0.9992169340105118 -0.005170881494413184 -0.5781452539297774 -0.1235857840930528 0.009971948154600402 0.9922803301664797 54.26316150813419
0.9924445775249189 -0.03962832618102258 0.11612725893792683 3.051066674189903 0.04040578549179104 0.9991692198360487 -0.00432366885904517 -0.579676623439787 -0.1158604849683083 0.008983298369243607 0.9932215148653984 54.90723240826968
0.992819848697276 -0.04106440580088282 0.11236584232409998 3.079828743512946 0.04176303978944135 0.99911599309752 -0.003849137443862341 -0.5821194627397835 -0.1121098967204777 0.008514938407008971 0.9936561034190958 55.2331180430033
0.9934187532889847 -0.045171425814052556 0.10527587119040731 3.1396192864410684 0.04575537723129552 0.9989439594013755 -0.003115828742318811 -0.5830603598828911 -0.1050254788820574 0.007913153946504846 0.9944349112427169 55.88797928593187
0.9940395168400545 -0.04852471720730254 0.09764713672363735 3.1910473584301267 0.04905925739465476 0.9987874844486544 -0.003057119007748147 -0.5850432546848088 -0.09738185767706314 0.007830580195002546 0.9952131666232592 56.532013278187534
0.9944627351218668 -0.05014082963601552 0.09238381635271019 3.210989882979648 0.05068298989628708 0.9987054289140267 -0.0035112070988564813 -0.5898484995589952 -0.09208954282489434 0.008175075371755894 0.9957140005613805 56.852744076388106
0.9949843134625903 -0.05427051804307765 0.08405183877263525 3.255318098862006 0.05493781830047393 0.9984706138732241 -0.005621704470858613 -0.5972904180843346 -0.08361959257081489 0.010212095988800886 0.9964421412163645 57.49409737954169
0.9956255144193876 -0.055818110628277344 0.07495214858154577 3.2920024900020066 0.05636111641209043 0.9983940072942861 -0.005122706912117228 -0.6003506477329984 -0.07454731379892093 0.00932566109993297 0.997170668350536 58.14138850295969
0.9965209643682538 -0.05703062280936769 0.06080513077495778 3.3351994512931262 0.05738595812976655 0.9983404098303775 -0.004080556687884112 -0.6067657191405323 -0.060473002247452945 0.007556676495545277 0.9981380184523281 59.0759251877266
0.997072633084193 -0.05758540357778237 0.05033483964381704 3.352357120211036 0.057841354572726156 0.9983157685822511 -0.0036046338001720375 -0.6096100819555054 -0.0500440644515141 0.0065065971364961315 0.9987222155090839 59.71501467025427
0.9973871211698643 -0.05703749437501011 0.04437180943425348 3.3554463891837334 0.05727000203926407 0.9983474045167106 -0.003942558672273317 -0.6148056345993522 -0.04407519095501485 0.006474463796035195 0.9990036306430107 60.02987837082838
0.9977944846492619 -0.05702946262314407 0.03402619550296225 3.3595969726828807 0.057265930272886754 0.9983376978573887 -0.005958629910239174 -0.6263758727104451 -0.03363124883047057 0.00789489907201561 0.9993998287369982 60.6296662933133
0.998099646118138 -0.05676804396667437 0.024058494569511524 3.358513631891665 0.05697086519452318 0.9983421732464965 -0.007747673220237084 -0.6382803469033205 -0.02358021472875288 0.009104292174902492 0.9996771293274371 61.20430962728204
0.9982153126776193 -0.056663938256415775 0.018982414704380036 3.3543750394718077 0.056819656534472164 0.9983516790813659 -0.007658452882045259 -0.6438162912818227 -0.018518528818467002 0.00872413055699387 0.9997871108710498 61.4926730385113
0.9983154655579898 -0.05740471897388066 0.008721642990861008 3.3438456275228847 0.05746734382947384 0.9983208416468121 -0.006841563388545938 -0.6480855121624404 -0.008315726306563553 0.007332021289098883 0.9999355556542693 62.0835875218874
0.9984610248565238 -0.055486639229657596 -0.001194193291215671 3.3223328742654092 0.05548297896239372 0.998445712931129 -0.004614983968871469 -0.6487041913759662 0.001447051117406355 0.0045423086054262995 0.9999850175494657 62.689961190664704
0.9985198148378557 -0.05413265207938284 -0.005674898025470236 3.3083549207773126 0.05411670582669966 0.998525518520084 -0.0033661065540032784 -0.6500141933507927 0.00584748009449553 0.0030547529344593085 0.9999741124154113 62.99328834815054
0.9986826703802343 -0.049712169690800743 -0.012869374073408262 3.2803902976394146 0.04969283163644946 0.9987589737734575 -0.002015169520292973 -0.6523440391120707 0.012952270044783169 0.00137386236421004 0.999910542284578 63.56777547291771
0.99870198241006 -0.04740108923063691 -0.018755366289080186 3.254345106876959 0.0473754595256091 0.9988719413535804 -0.001945918953794709 -0.6548377855598869 0.018825186904660583 0.0010557981369421134 0.9998177673381126 64.15477612642894
0.9986652512655441 -0.04735371080419323 -0.020722728695413882 3.240461515476173 0.04732548362635296 0.9988742522418969 -0.001979019256904497 -0.657601301449677 0.02079178430273873 0.0009966590448850904 0.9997787735938203 64.43790168836455
0.9985793063157109 -0.046827008190400615 -0.02551876394585356 3.2152487681269535 0.046784720262201145 0.9988986384702327 -0.0023602078928260683 -0.662628275429906 0.025599898568534667 0.0011639699811507745 0.9996670516386552 64.99637918548196
0.9985302478981148 -0.04569159630081022 -0.02922267380542295 3.187452145334009 0.045643555136166074 0.99895132397902 -0.002403727262760156 -0.6656626579395761 0.029300685629202284 0.0010673519922165362 0.9995654877155106 65.55286268166913
0.9985336031463635 -0.0451809271709074 -0.029900408558806654 3.1753440112976863 0.04513253818303034 0.9989747262403625 -0.0023789783875382974 -0.6680814680535246 0.029976205946369416 0.0010268812049662047 0.999545734454817 65.83403102164893
0.9985530039112619 -0.043923970774569235 -0.031094282712287934 3.152013121175371 0.04388917496974111 0.9990310815574667 -0.0018892095273240457 -0.6691158276244012 0.031146145971172358 0.0005225962910032421 0.9995101152340159 66.3761016951091
0.9984945582535594 -0.04442174367493789 -0.032230891990461905 3.129361596998509 0.04439597965837916 0.9990086602733261 -0.0016079379122798383 -0.6705690366159845 0.03226940387893505 0.00017552277877786983 0.9994744543646767 66.92588718324565
0.9984778242316261 -0.04448108695981453 -0.03267892777697926 3.1159258828797003 0.0444569092573696 0.9990065136110587 -0.0015446286313433584 -0.6718038295753811 0.03271443894652931 9.002666533141277e-05 0.9994602279539198 67.20202445510338
0.9985107255213964 -0.043009524509186395 -0.0336416014139246 3.0883991793737597 0.0429665200007973 0.9990710960104745 -0.002072257121623919 -0.6763413775258843 0.03369902852758377 0.0006239477826927268 0.9994280564911289 67.73849595708529
0.9986396273422173 -0.03952178851718387 -0.0340877129504788 3.059059972380634 0.03942801087071135 0.9992126623953638 -0.0034938703901342748 -0.68218931718446 0.034198229259353785 0.002145763008261134 0.9994082437362131 68.28559484145869
0.9986905835426005 -0.038142001137328505 -0.03416411490800463 3.0432232103392147 0.03803126494634453 0.9992648199320046 -0.003965144015756895 -0.6839871293684534 0.034289105034278095 0.002661860600437296 0.9994035130000696 68.56988230847219
0.9987624452254843 -0.03522242054665184 -0.03519109722334466 3.0128833758465143 0.03510194545749066 0.9993715315701117 -0.004111632893293815 -0.6864047546487352 0.03531273073840163 0.0028724918052488073 0.9993678263775023 69.11096367055077
0.9987718256088133 -0.03435791291098343 -0.0357779060776234 2.9858412503561174 0.03424775707609127 0.9994026932202553 -0.003757293769119361 -0.6877738987652339 0.03588461231637033 0.0025284207950213183 0.9993486219718936 69.6508397506419
0.9987693245291898 -0.034342296530459206 -0.035862835518626034 2.9715927303561336 0.03423269785354604 0.9994031883838599 -0.0037288956765209576 -0.6890730165070953 0.03596859260530174 0.00249775860664961 0.9993458075980256 69.93051025684234
0.9987437668634797 -0.03447388643980869 -0.03643806479312999 2.946303509936298 0.03439300094126419 0.9994001698556793 -0.0029126620533830574 -0.6902227705440162 0.03651575351888365 0.0016571483125027541 0.999327675191372 70.47097014464512
0.9987703557228366 -0.03292592781828899 -0.037138894013326415 2.916762778899334 0.03285342599414933 0.9994526731404929 -0.0026284285783656513 -0.6920443597404187 0.03720419675953227 0.0014062459281955393 0.9993025929855474 71.01870601169512
0.9987877497886558 -0.03218893041029683 -0.037321426316862125 2.899695326370978 0.032114276028498194 0.9994762724759304 -0.0026676205280360635 -0.6930505266599658 0.03738669663230645 0.0014671288352777212 0.9992957063292175 71.3060193403911
0.9988439744323793 -0.029596035511766452 -0.0379585491276395 2.8693434449131803 0.029503702171589173 0.999555636108457 -0.0030596774343205784 -0.6966934361949833 0.038031222103384214 0.0019375158455613173 0.9992707458674946 71.85747039321937
0.998851549662463 -0.0274143806858143 -0.03937047833956144 2.837478058637073 0.027305466314758258 0.9996168076663361 -0.0033700593112234284 -0.699806511377591 0.039446508694662374 0.0022925513527877186 0.9992148511013071 72.3919768467535
0.9988327289956241 -0.026948690945316184 -0.04018125765226306 2.819167853309262 0.026833347123584334 0.9996297402644393 -0.003460436705820412 -0.7018825269041519 0.04025888736319931 0.00237885563278196 0.9991828403708158 72.67112522577652
0.9986428251861986 -0.027146022675531768 -0.04453209226552505 2.7888923297470662 0.02699805197325956 0.9996233292211809 -0.003969008680523871 -0.7080329098033523 0.044622176257474604 0.0027621917538775097 0.9989963957414543 73.21652436797264
0.9983724252166517 -0.02928242842301867 -0.04901391370413982 2.7565357787003046 0.029009397727337093 0.9995550330641841 -0.006315974343450758 -0.7159039457031351 0.04917621288652162 0.0048846120224461595 0.9987744628109222 73.73573911509305
0.9983140675090522 -0.02965749813333337 -0.04997142306722175 2.738402069514732 0.029310706296116467 0.9995368105738864 -0.00769572537846628 -0.72193142539391 0.050175954215270414 0.006218707908110932 0.9987175556895876 73.99659097677846
0.9981382460750075 -0.028104528677878837 -0.05420290635242447 2.6990697053747263 0.027663161734452053 0.9995736628991672 -0.008911098214160187 -0.7318174067235808 0.054429722551111503 0.007395469026188577 0.9984869806958414 74.51324849806993
0.997756177172036 -0.027858096844765087 -0.060946842154908795 2.652553595594584 0.027446468072534043 0.9995904192280949 -0.00761146742998043 -0.7343051487886578 0.061133284388649595 0.005922078494490412 0.9981089730002805 75.04546030682388
0.9975913915184946 -0.027260869643202398 -0.06383650253811385 2.6250192631364127 0.026863612552596516 0.9996097778023989 -0.007104718465122373 -0.7368228448384546 0.06400440247198856 0.005373494628818152 0.997931973021005 75.32304425507215
0.9972492185207616 -0.0257734705693203 -0.06954563096298198 2.57418282969414 0.02535676023132795 0.9996505957758554 -0.006897624049118467 -0.7421979579833761 0.06969794849152058 0.005115886525749008 0.9975516462438897 75.8426288555946
0.9967312905482903 -0.02504254900864556 -0.07685648482605634 2.5184532472162027 0.02456666305606988 0.9996686522737684 -0.007157877395160067 -0.7480955685829712 0.07700921927495712 0.00524693575217947 0.997013526234531 76.3549964402558
0.996337773896037 -0.025260355714030812 -0.08172836597755635 2.486367031689261 0.024800923337237674 0.9996663074600889 -0.006659292325000724 -0.7519658044805726 0.08186822314089233 0.004608545336115917 0.9966293622257545 76.6152754877039
0.9955559982269268 -0.025818455801055944 -0.09060285637782887 2.4216576163298016 0.025434268620340872 0.9996578932808526 -0.005417745996371177 -0.7543650400659404 0.0907105991212619 0.0030896751214576027 0.9958696161695265 77.13022340801209
0.9948112759895731 -0.02596630984095125 -0.09840433790428085 2.3550117858044715 0.025610598904958728 0.999656223693398 -0.004900702967209489 -0.7577694244014656 0.09849662444035444 0.0023555576412635703 0.9951316743219134 77.63337334781774
0.9932943801798277 -0.026610055760613326 -0.11254014089113078 2.251476217393906 0.026022738560973577 0.9996351211442532 -0.006706618956117659 -0.7707787587169079 0.1126761457180665 0.003733731612882594 0.9936216013351401 78.34388799076882
0.9920209931616573 -0.026850740486224132 -0.12321094732652242 2.1731385851838807 0.026127031211557496 0.999627107502385 -0.007506347618885665 -0.7814426631385956 0.12336527012694895 0.004227688732688751 0.9923495606005077 78.80908306129234
0.9912445131415533 -0.02701706084978368 -0.12927517715598708 2.1330857664378664 0.02623620520947065 0.9996223368313182 -0.007758580015550784 -0.7891119834916805 0.12943473204762937 0.00429929068152161 0.9915759882754367 79.03534767212354
0.9898557356153451 -0.028254301241150272 -0.13926835886727676 2.051023339338815 0.02738015620399368 0.9995880186625167 -0.008204922950640639 -0.7989506621477619 0.1394418048969832 0.004308917317132796 0.9902184613706195 79.48681396244437
0.9882605696542534 -0.029948578568731152 -0.1498445169024155 1.963336892934184 0.02895607382506578 0.9995384800089874 -0.008814313557668187 -0.8083442886915382 0.15003861664540893 0.004372360385683748 0.9886682987091978 79.93170290347739
0.9871655665666962 -0.030368230564427324 -0.15682069447627947 1.9171782605135648 0.029318049565127194 0.9995262042287884 -0.009017296142914232 -0.8157610087574663 0.15702023162998643 0.004304066763581644 0.9875845241470118 80.16578450541606
0.9854804723139072 -0.02843714275814509 -0.16742209236189698 1.8247531145552336 0.02713392518951821 0.999577703669876 -0.010077741104781799 -0.8280421203235835 0.16763809818303488 0.005388720798931337 0.9858322330454207 80.5794886083655
0.9836060884948795 -0.0286494227542479 -0.17807029429215993 1.7298022364029844 0.0271409698408754 0.999568368633109 -0.010911663108456 -0.8403698634441136 0.17830577262101988 0.005900487677654583 0.9839550815575967 81.00009806693225
0.9825574482718458 -0.027929743591009835 -0.1838787238890058 1.679144697581796 0.026362448169885 0.9995883766164468 -0.010973150836893037 -0.8482202512980631 0.18410929532612352 0.005934877044021343 0.9828854293590732 81.21354718859253
0.9809848796949512 -0.02483449281532076 -0.19251561957861388 1.5767154145915971 0.023091747015263148 0.9996655445735102 -0.011301284687194891 -0.858244745287146 0.1927317127688266 0.006641344924422983 0.98122645322165 81.62060802446798
0.9793024612270205 -0.02485647050619133 -0.20089582664810376 1.48124100316205 0.022898648823744032 0.9996608881790935 -0.012073642345870736 -0.8697111665029684 0.2011275718409041 0.007224191085025125 0.9795356681348613 82.01319653751305
0.9785076056331555 -0.024398647595974016 -0.20478635099059458 1.4320787480859232 0.022347860778483688 0.9996699278724036 -0.012331799141682195 -0.877295774731039 0.20501923053643123 0.007490934188596408 0.97872624131479 82.20433559223817
0.9766870589780325 -0.02529390271181023 -0.21319430758522892 1.338668002112754 0.023016925158833478 0.9996438330624638 -0.013166562759441256 -0.8891715269635966 0.21345060515742162 0.007953758393021097 0.9769177554642577 82.56749799744665
0.9750379278155682 -0.025295244242615724 -0.22061426899534384 1.242150454699395 0.022883647608389665 0.9996428210971128 -0.013490716315285568 -0.8996825112623571 0.2208761938721151 0.008106677302423084 0.9752649797535804 82.9348317027544
0.9745917300485568 -0.024686574975801887 -0.22264603583396278 1.1921460018715622 0.022281183728507122 0.9996587354589279 -0.013319685582842336 -0.9050107492440888 0.22289856049783116 0.008021570026533479 0.9748054250397818 83.11997603550604
0.9737067597460874 -0.021380416441696585 -0.22682132412313935 1.0945212897502365 0.01911593738516915 0.9997387822142256 -0.012185705038232134 -0.9108393970145401 0.22702223832541002 0.007530550216452875 0.9738576962003271 83.48608607716687
0.9728559983117517 -0.01687650109378948 -0.2308161191731924 0.9946706825807708 0.014532501358842214 0.9998199168922075 -0.011861462142810883 -0.9167529474662052 0.23097431961131562 0.008186586156957061 0.9729226472191064 83.84590367510654
0.9726706496788169 -0.01547326167431383 -0.23169376661976002 0.942968277124938 0.013015309805434852 0.9998375327569334 -0.012143495132936367 -0.9195279661181733 0.23184372372041598 0.008797345461485443 0.9727106307801324 84.02684279151435
0.9724619811457234 -0.013620171747154445 -0.2326842576173754 0.8504393169091967 0.01096430944949413 0.9998550092538084 -0.012713443747516576 -0.9264821013696617 0.2328234734122314 0.009813573336166968 0.9724667312499199 84.37398821146417
0.972444971468516 -0.01267824364534032 -0.23281004179780138 0.7633008526596359 0.009917591398038172 0.9998621149364463 -0.01303357311216562 -0.9327892353636406 0.232943287982354 0.010366829520016201 0.9724326946622024 84.71543850095992
0.9725118441881897 -0.012196915557826895 -0.23255652273616698 0.7200451750831821 0.009412681743540825 0.9998663038940071 -0.013087522089226812 -0.9342756788963567 0.23268510400103293 0.010540072631225925 0.9724926658286185 84.88205266084165
0.9736411335783309 -0.011968029189293013 -0.22779479901481553 0.6476280082620012 0.00937965487362258 0.9998747897390281 -0.012452059282486253 -0.9386917773417274 0.22791537475137622 0.009988606627735165 0.9736272715806227 85.23145130386203
0.9751871192380194 -0.012257247073460289 -0.2210686599646366 0.5877648203934058 0.010134717288628732 0.9998875191771289 -0.010741604731286412 -0.9410317294673926 0.22117515459702883 0.008236238008080229 0.9751969779769843 85.56733459583874
0.9760068052428444 -0.01219900413022706 -0.2174253975467544 0.5586609934859279 0.010186605907180056 0.9998906057447593 -0.010381551261702501 -0.9411462268550452 0.21752801118251996 0.00791920365777157 0.9760195559884214 85.72677208793688
0.9775388664353857 -0.01169861369559849 -0.21045856049509234 0.4976077473133488 0.009755420307178258 0.9998963515531298 -0.01027710226478852 -0.9458179650269568 0.21055667325769709 0.0079947644651223 0.9775467988214255 86.06677059213602
0.9793652991386604 -0.009551575133009626 -0.2019026802551751 0.43497745567810414 0.007434023950151794 0.9999061631617795 -0.011253750401492353 -0.9526413232098135 0.20199093370460333 0.00952243082182003 0.9793390734348824 86.42173135164437
0.9804811177089722 -0.00897162203697459 -0.1964415282999723 0.40476037788688046 0.006871058415535033 0.9999090727704313 -0.011381331364439399 -0.9537079229646327 0.19652546843822122 0.009811329602119691 0.9804477733914109 86.59778135472885
0.982670626379608 -0.00690765761607199 -0.18526406610198956 0.34754761433033976 0.0048509663809231255 0.9999179978432383 -0.011558940468306248 -0.9572754748921978 0.1853283422896437 0.01046150754482565 0.9826187409744502 86.97986704187994
0.9845363172396352 -0.006660472978949922 -0.17508826597087038 0.2976321523447596 0.0047794448802909555 0.9999227339775202 -0.011168705566229219 -0.9626196407947819 0.17514872283150368 0.010160623059304411 0.9844873908662191 87.36269775492137
0.9854649827939572 -0.0065562618352214014 -0.16978797416557542 0.27200086910335053 0.004764064575611023 0.9999251949841889 -0.010965165365036741 -0.9644811799913164 0.16984669745104797 0.009998461805580056 0.9854174349445529 87.55324110536145
0.9874023838777899 -0.005982356690271101 -0.15815607862847383 0.22675034509519337 0.004309689555985798 0.9999280098804143 -0.010922861420215639 -0.9705712108883207 0.1582098022925446 0.010105254215355507 0.987351652284307 87.9537337071386
0.9893922885272208 -0.006201519113139119 -0.14517801674246675 0.18735545736926698 0.004668811612118747 0.9999264250926538 -0.010900581562721475 -0.9786787650937946 0.14523472194270243 0.010108713901679322 0.9893434327710329 88.36793605369537
0.9903109987504117 -0.006165471236124904 -0.13877611264873768 0.16763212535169977 0.004674804121538452 0.9999254102369323 -0.011067739961270322 -0.9830400936093716 0.13883360996771435 0.010313799581059789 0.990259979200083 88.57446909988981
0.9920121659574553 -0.005072735738752968 -0.1260884019891721 0.1285890653576274 0.003524499887031726 0.9999129339379251 -0.012499557757198401 -0.994145121734057 0.12614032500578898 0.011957371649073746 0.9919382933140088 89.01723644867205
0.9936622209043339 -0.004566689063102366 -0.11236995150576518 0.09703897677975368 0.003090841136449446 0.9999039824169976 -0.013305379434964662 -1.005742531187751 0.11241950462572922 0.012875910850826166 0.9935754641381448 89.47588185717026
0.9944122676593069 -0.004584596992033772 -0.10552443544126991 0.08301339435757242 0.0031863935123457275 0.999902077335618 -0.01341749312974191 -1.010414193787652 0.10557532461357824 0.013008267227465361 0.9943244593458086 89.70429341787593
0.9957802068594569 -0.004473220730720322 -0.09172743911917987 0.05935731829390388 0.003267073529578007 0.9999031917467486 -0.013297168755682752 -1.0199263029643133 0.09177781623666022 0.012943522817461974 0.9956936031940334 90.19103091428643
0.9969097560135626 -0.004097682545277542 -0.07853074600297805 0.043194144910404894 0.003075629222882789 0.9999062070716861 -0.01313880629984935 -1.0285577192035134 0.07857721265076621 0.012858778532115197 0.9968233191132296 90.70298168709672
0.9973684782581899 -0.004004053828149501 -0.07247700961168183 0.035394418168836275 0.0030601869403884064 0.9999058217973092 -0.01314058650531885 -1.0333655019872023 0.07252291801126386 0.012886135805075765 0.9972816136544658 90.95579935645124
0.9980755821200444 -0.0033740220593571845 -0.06202314915194597 0.019361865254773576 0.0025549766261863706 0.9999053105369478 -0.013294439604835558 -1.0444020205069469 0.062062138550676445 0.013112396946742433 0.9979843226903394 91.48506069600948
0.9986612486216551 -0.002717996011699287 -0.051782732754303694 0.008241993671431126 0.002099518338292217 0.9999225284979223 -0.012009376270976134 -1.054247146910553 0.051811454211887695 0.011886245414669646 0.9985842294379557 92.04286909058504
0.9989176320238763 -0.003392345976551131 -0.04653661413713908 0.0031304238393129666 0.002875626530091021 0.9999302932306372 -0.011182816952286874 -1.0585081685141298 0.04657140170296374 0.011038556102821081 0.9988521255558529 92.32825337315795
0.9992274179162689 -0.004616997000349529 -0.03920070142475362 -0.006072723517860756 0.0042359482371153645 0.9999397506482813 -0.009815181787123862 -1.0680063553044516 0.03924387291114452 0.009643202042202065 0.9991813496934736 92.89937837559087
0.9994607351013828 -0.004502148015347638 -0.03273185906680175 -0.014758929103280445 0.004192538923763268 0.9999422520097312 -0.009542710554455805 -1.0796163898471707 0.03277324126616943 0.009401692542978509 0.9994168180356424 93.4700271905737
0.9995655586078914 -0.00440458061503358 -0.02936604975483686 -0.01874164804316078 0.004131796374010518 0.9999439337253019 -0.009374572725009222 -1.0850257596829234 0.029406060825784685 0.009250515338765272 0.9995228122246028 93.75632908836053
0.9997679470927423 -0.0041211585363640476 -0.02146391751481514 -0.01850153128093123 0.003919529472629017 0.9999444904838232 -0.009487409728923087 -1.096480904922888 0.021502294883240423 0.009402652184922023 0.9997229694756709 94.30356283591202
0.9998963788580417 -0.004152608747778905 -0.014261657093519951 -0.01446648998259454 0.004014292840652545 0.9999407646835646 -0.00980414417158548 -1.111041019400691 0.014302017335083253 0.009747117174815512 0.9998484226009112 94.86507985166187
0.9999226920560957 -0.0042306777813522056 -0.012235257079677809 -0.01420432510506178 0.004112767890906416 0.9999407016905711 -0.00975790152313726 -1.1169892205059224 0.012276336615427604 0.009708073902440694 0.9998755752293141 95.14814039929256
0.9999742348384859 -0.004111552509775249 -0.00687677155662163 -0.011858495690892326 0.004051608925790436 0.9999486690892294 -0.008917052818022285 -1.1253812338892737 0.006913734933973528 0.008890125599033617 0.999934571074584 95.71596802379882
0.9999953403014699 -0.004545259424880599 -0.0009628696905216909 -0.003945396131159545 0.004537429649378753 0.9999408232396475 -0.009528492802529697 -1.1398760907574865 0.0010068873195458721 0.009525119973855623 0.9999522673790994 96.28068531196104
0.999987754478216 -0.006034700166591777 0.0006889847838774662 5.563172793080287e-06 0.006044086341007959 0.999906373452934 -0.012000354747448328 -1.1497466870825297 -0.0006156664329466739 0.012005432789158582 0.999926010462635 96.56826806996872
0.9999419112313248 -0.010227089973854147 0.004933818607092285 0.012610104565679257 0.010307129676014475 0.999812060149411 -0.01621273355790362 -1.1707051195839007 -0.004766239926603771 0.016263671363461282 0.999854826592445 97.11966609358691
0.9998951147974621 -0.012434875188793134 0.008293428443851614 0.02220058603317319 0.012573049368571072 0.9997780878079605 -0.01671347132896458 -1.1854009380525548 -0.008083060797508274 0.01681708840415507 0.9998245276598965 97.6862975372126
0.9998781447301026 -0.012736690136996498 0.009735785722761413 0.03054217610676986 0.012898423778673049 0.9997755792770736 -0.016618326298706604 -1.1915211799551462 -0.009521220258531573 0.01674303398216329 0.9998130224902102 97.99270617703496
0.9998253370194821 -0.012175757282507024 0.014691469774364465 0.04560361049594608 0.012424081639102963 0.9997776403564625 -0.01689426515323218 -1.2066856272910398 -0.014481963029134848 0.01707520977537444 0.9997481406994407 98.55445099166782
0.9997711743468537 -0.011926872725228823 0.01814734168599366 0.061269461764421704 0.01222317433494361 0.9997903271022389 -0.016248806659977133 -1.2189083712220323 -0.017948993075647873 0.01646791810867747 0.999702185489813 99.14278338074085
0.9997450281869585 -0.012524298271308909 0.019175818206887348 0.06948536382051068 0.012820753695388957 0.9997966195591929 -0.01538848527964648 -1.2241617086677385 -0.018978453363455088 0.01563140125633312 0.9996966068016532 99.45648491325757
0.9996279046939526 -0.016362655706507176 0.02215120947087413 0.08995835716406 0.016678367144411517 0.9997583775800984 -0.014114380570639778 -1.235183638058962 -0.021914079685151862 0.014479414040653902 0.9996537846080673 100.07729263747018
0.9995124805871413 -0.02026393074984853 0.024044935840091687 0.11106407573056883 0.020631734744616208 0.9996696564356815 -0.015122418305357583 -1.2516421772355775 -0.023729769961892886 0.015612047397217985 0.9995949664797464 100.71111089368011
0.9994218201133667 -0.023540963757406993 0.024835544381617825 0.11963543858971512 0.023933682277868667 0.9995886469336801 -0.01563856496866676 -1.2601747154741196 -0.024456560602848686 0.01622501440327917 0.9995677229557908 101.04444673527242
0.9993742743960677 -0.02393965412969121 0.02632734764161723 0.1388701620720515 0.02436596031828122 0.9995723725006439 -0.01599461597400476 -1.2768662056125106 -0.02593255895573728 0.01662718146091516 0.999523835288036 101.68033028450776
0.999344100027397 -0.022999495595092217 0.028227688386589855 0.1586202824262101 0.02345330881352101 0.9995962517246892 -0.015834740720633938 -1.2912220347178942 -0.0278517288664284 0.016487888288691053 0.9994740747629097 102.35307926104183
0.9993267444458858 -0.023166040645583225 0.028695413357004377 0.16834319775852233 0.023615339608444075 0.9995990960149023 -0.015385143178657617 -1.2978095108912249 -0.02832730805757754 0.016054164908266683 0.9994676909137448 102.69836316173736
0.9992950023805149 -0.023508929651680614 0.02951629247399937 0.19046354361508405 0.023927603792210473 0.9996136943805403 -0.013885223529579395 -1.30915747973731 -0.029178351959285698 0.01458340907689364 0.9994657836577168 103.41149792184906
0.9992762523016648 -0.023727888655721202 0.029985233756972263 0.21274765980972804 0.024150106476459644 0.9996102513304641 -0.013783456170538118 -1.3233688568508961 -0.029646205833209267 0.014499120706659471 0.9994534683363336 104.12463341502585
0.9992532237054677 -0.02449038866401189 0.030145464626657376 0.2223168499379864 0.02491542658748004 0.9995914143977834 -0.013799480479832643 -1.3312550965930992 -0.029794965295155983 0.014541729979029418 0.9994484402305304 104.48609781941391
0.9992368478002244 -0.02479338237753782 0.03042788438920975 0.24398271205108554 0.02521946175088044 0.9995847996029459 -0.013686501491572516 -1.3452259668573157 -0.0300759209023278 0.014445144788032157 0.9994416013839288 105.22127133314368
0.9991769371244947 -0.02647793805612315 0.030961108874162844 0.2691811007767748 0.026895245986476416 0.9995484873584091 -0.013119383566889804 -1.3583879859428456 -0.03059975305754358 0.0139426959691891 0.9994329559369776 105.97814748225795
0.9991786226475048 -0.02596382257269468 0.0313425045863425 0.27900803196605184 0.02638671207963258 0.9995617540382707 -0.013132875209222728 -1.3658152049604408 -0.030987778846338538 0.013950858644879204 0.9994209041687656 106.35658789025518
0.9992038207143443 -0.02437416295124664 0.03181898194440538 0.30309546535554965 0.024788798367964358 0.9996082515532394 -0.012682149291261872 -1.375515328186522 -0.031497446314971055 0.013462495526729932 0.9994118852987554 107.1248689834045
0.999206632512993 -0.023817848395980754 0.03215728566326479 0.32917592602106793 0.024233292576753548 0.9996235913820514 -0.01257768633977776 -1.3872637046162086 -0.03184542613071948 0.01334842214549493 0.9994026789331035 107.90522164933613
0.9991898310246736 -0.024309179186364233 0.0323136824617996 0.3417128392402688 0.024720289180242296 0.9996143399605759 -0.012374401141920635 -1.393180205255622 -0.03200014204554787 0.013164514073013594 0.9994002054235446 108.29177383589126
