1.0 0.0 0.0 0.0 0.0 1.0 0.0 0.0 0.0 0.0 1.0 0.0
1.000000238418579 0.00011897087097167969 0.00014421343803405762 4.108063876628876e-06 -0.0001188516616821289 0.9999999403953552 4.4673681259155273e-05 0.0009792072232812643 -0.00014421343803405762 -4.464387893676758e-05 1.0 0.03826272487640381
1.0000000880596058 0.00021945641080378664 0.0002773171462369106 0.00015412399818975908 -0.00021920201227842995 0.9999998663971645 9.940472273939349e-05 0.0030285942434536556 -0.00027742532215135896 -9.949464197234192e-05 0.999999918756842 0.043536013641275254
0.9999996060884702 0.00033719354125240174 0.00041757621386957923 0.00043638582817396334 -0.00033660722413189533 0.9999994787369807 0.0001420210855055899 0.005108716041797367 -0.00041796126755219384 -0.0001419955788900229 0.9999997563955756 0.06511010662823921
0.9999998800129222 0.00043379608659322057 0.0005399280142050857 0.0007503331493314068 -0.00043354179988599914 0.999999678978041 0.00018146796205147921 0.007271285361850479 -0.0005401371472432737 -0.00018185188880874017 0.9999996996556747 0.08828627796105915
0.999999533389941 0.0005371518424104872 0.0006572827037274911 0.0009981944156186424 -0.0005367386279074643 0.9999993861981357 0.00023434600140553085 0.009423929320372637 -0.0006576287776605637 -0.00023447896803157687 0.9999996266552167 0.11123687976055513
0.9999993912717067 0.0006288460852250427 0.0007986058161213103 0.0012137576930366214 -0.0006283840360686795 0.9999992044903333 0.00029080513496448825 0.011558701186841063 -0.0007989596588055036 -0.00029113385447042416 0.9999995204807287 0.1361882950322158
0.9999995924402818 0.0007185485334190822 0.0009239199848807523 0.0014072506434425066 -0.0007184533617814469 0.9999993747081426 0.0003309297062989047 0.013719003131615238 -0.0009239544154015385 -0.0003318261642975949 0.9999994086753501 0.15978583162248994
0.9999995106910685 0.0008436393117521417 0.0010441806006392027 0.0013237905499165435 -0.0008435437090552058 0.9999992672062703 0.0003838616303661743 0.01591911704731733 -0.0010441653302290434 -0.0003851090996090046 0.9999992800023075 0.18289724740153662
0.9999992109195762 0.000948350476436901 0.0011896211246023962 0.0014146107851466003 -0.000948235374486813 0.9999990435125943 0.00042567069691769386 0.01806185472239162 -0.0011895900025737244 -0.00042720987742049033 0.9999988140035403 0.2055053959971275
0.9999988349875991 0.0010552623578234826 0.0013201934038016248 0.0015141645623708304 -0.0010551022980378637 0.9999983288661429 0.000466286503303363 0.02019242908630144 -0.001320197456218919 -0.00046768915862192693 0.9999982836895155 0.2290494657910297
0.9999985580348036 0.0011472368341266111 0.0014564931930270576 0.0015357461063101483 -0.0011470760689152636 0.9999978548500276 0.0005078062327486184 0.022393940932345 -0.0014564700593799754 -0.0005091760410473528 0.9999979055051398 0.25094722218515975
0.9999981223385005 0.0012567949685489725 0.0015875171199047288 0.00155245486021934 -0.0012564572352041813 0.9999977100621846 0.0005450578217045543 0.024535784947256858 -0.0015876037735920003 -0.0005468567343134277 0.9999976956907748 0.2736987003625721
0.9999979572586329 0.0013352182030493258 0.001704491264849089 0.001675244350150873 -0.0013350798358290285 0.9999975853595474 0.0005925349257409351 0.02663997753957438 -0.001704445441439713 -0.0005948139773364458 0.9999974840332905 0.2968685572025916
0.9999979350801891 0.0014545088144719582 0.001833856086550577 0.0016908646019459597 -0.0014547234757448732 0.9999976408676946 0.0006317609292261785 0.028823772705028606 -0.0018335378711809916 -0.0006347737569031271 0.9999973594016797 0.3191170113297144
0.9999969809503678 0.0015453618504460568 0.0019570506935083815 0.0018045503638878838 -0.0015454292049211602 0.9999970558851479 0.0006879675059381337 0.03096294014157313 -0.0019568605383675735 -0.0006910280872146702 0.9999967998538235 0.3417140405951301
0.9999968426751462 0.0016826677967036862 0.002102133481747936 0.0017834315909418183 -0.0016828879633262043 0.9999969337577809 0.0007297348213586734 0.03315390788553516 -0.0021016945493131808 -0.0007334671713567408 0.9999966062652461 0.3647933662527728
0.999996167567982 0.0017785710987981093 0.0022330364735561516 0.001938897726062552 -0.0017789462839875874 0.9999965028033925 0.0007721316617890538 0.034117446797371116 -0.002232544820105279 -0.0007761369103150382 0.9999960616197585 0.4038692020589995
0.9999956969086213 0.0018808892186372318 0.002362289143528452 0.002024703147485501 -0.001881506041078998 0.9999962818338318 0.0008221486111918931 0.03618737108086328 -0.0023616280533533453 -0.0008265525044253595 0.9999959726762893 0.40804540650358634
0.999995260221358 0.0019629307445782696 0.002481917411616253 0.0024738917275014885 -0.001963530671485095 0.9999959548302596 0.0008866540629999854 0.03824134068489004 -0.00248118637701944 -0.0008913874963780172 0.9999955177323813 0.42961189693006346
0.999994125965757 0.002082956449181274 0.0026039216038699115 0.0027485684877688586 -0.002083442613058129 0.9999952638217684 0.0009293891247360754 0.04035569525274745 -0.002603177672675602 -0.000934421535973414 0.9999948192893127 0.4517872702500613
0.9999931794774221 0.0021902186379636154 0.002744268130358135 0.003098433395323694 -0.002190651673307883 0.9999948906581562 0.0009618790935571698 0.04244129093339662 -0.0027435641039946896 -0.0009673044421895985 0.9999942446710354 0.47606556571006947
0.9999931258825859 0.0022936088425967896 0.0028550371060405825 0.0033607689122935112 -0.0022945896869664487 0.999994852190285 0.0010134031689140884 0.04458627123525687 -0.0028538819447155596 -0.0010196530805326083 0.9999940102136511 0.4993654611625146
0.9999931898253345 0.0024071678999738567 0.00299194441009606 0.0035713482399177283 -0.0024087527809669466 0.9999949110055252 0.0010501931594867017 0.04671861924585597 -0.0029902913424746783 -0.0010574689316971545 0.9999938203225508 0.5238453853816353
0.9999924767453215 0.0025171895421149918 0.0031017651462451074 0.0036923752012135206 -0.0025190762550069785 0.9999942227191293 0.001112244948840808 0.0488944054536035 -0.003099995322760019 -0.0011198759644101255 0.9999930688460984 0.545682560584763
0.999992289825762 0.002622790737663273 0.0032300547668993387 0.003807374506242697 -0.002625106930629392 0.9999937882542947 0.0011557909518799764 0.05102357252950478 -0.003227937911609543 -0.0011641617410386583 0.9999927415699572 0.5702865777859595
0.9999918551138677 0.0027511672782752584 0.003371173348194682 0.003950710468230681 -0.002753837146758 0.9999936210704274 0.0012142504604598238 0.05324225915424882 -0.0033686937504700206 -0.0012234957892957833 0.9999923372647783 0.5950846187346123
0.9999910755832639 0.0028580323369020986 0.0035152669898474657 0.004121860826108944 -0.0028609717850599024 0.9999930218131046 0.0012683024820758031 0.0554438413034232 -0.0035125069988242497 -0.0012782449376495266 0.9999917261353067 0.618554097096365
0.9999900027115367 0.0029785867437891007 0.0036546129494391157 0.004230831069944015 -0.0029817867316614837 0.9999924946455043 0.0013173754233367929 0.0575810569782145 -0.00365164685648576 -0.001327991282919994 0.999990935517227 0.6432935689052344
0.9999890587032066 0.0031194219345287402 0.003798143615229502 0.004261018772729036 -0.003123058672371511 0.9999920063760324 0.00136835651809344 0.0597921726688464 -0.003794777567152208 -0.0013799445970940388 0.9999903436771389 0.6672733349706198
0.9999875647824088 0.003260451997069444 0.003950078454290856 0.004278283069023081 -0.0032642885836725996 0.9999912328583771 0.0014364866662482769 0.061993787052480896 -0.003946541726001186 -0.0014490549245074248 0.9999893752283661 0.6908878607091875
0.9999869537878407 0.003353265527856984 0.004088492190238192 0.004344079743371686 -0.00335761927301867 0.9999908571010195 0.0014860132538781071 0.06418363088857866 -0.004084569811806763 -0.0014996383840631296 0.9999886379776304 0.7137097980221462
0.9999856553399459 0.00346914698278667 0.004223502872634915 0.004379841875771194 -0.0034739273000423832 0.9999903847866211 0.0015413201072922362 0.06639933821233224 -0.004219278006822691 -0.001555603936628619 0.9999879440485983 0.7377297163739804
0.9999841147134696 0.003549933180613234 0.004352605949334757 0.004656975871412874 -0.0035546491817915267 0.9999895595491292 0.0015847697920385521 0.06723388368966157 -0.004348430638486189 -0.0015994855101547796 0.9999868548324959 0.7769324154528258
0.9999837760036779 0.003618931138979476 0.004483590160932959 0.004828822211232218 -0.003624505090886103 0.999989575288523 0.0016443561829201192 0.06918082073059043 -0.004478883569064008 -0.0016601659685371655 0.9999863093328872 0.7790542216959593
0.9999830988247452 0.0037297165385754326 0.004571844738330664 0.005112147563087375 -0.0037356032241920123 0.9999888671422905 0.0017211353121173545 0.07120716773946968 -0.004566764557832111 -0.0017376119657315373 0.9999859065077576 0.8027877437130452
0.9999821015909167 0.00381959225652648 0.0047166381146345705 0.005723221938889731 -0.0038261221262126796 0.9999885459645212 0.001780854876976064 0.07309605545890333 -0.004711087324139269 -0.001798223718729799 0.9999851415767267 0.8269839845148726
0.9999807122668487 0.003917445192709801 0.004868765362366273 0.006347345615600365 -0.0039242318304486875 0.9999879413862707 0.0018088530049576346 0.0751470716680975 -0.004863048575291051 -0.0018272352374290267 0.9999841951841953 0.8514917863313525
0.9999799589357832 0.004062759243699605 0.004931063025855452 0.006290801303924591 -0.004070105720216569 0.9999872259468713 0.0018878232562881106 0.0774795442354988 -0.004924711058573164 -0.0019073657347848001 0.9999836893821394 0.8725124255506106
0.9999783789437633 0.004209032840016265 0.005058476241567368 0.006332150259696464 -0.004216761440841275 0.9999863527377482 0.0019706620699560754 0.07972335399502405 -0.005051683864111163 -0.0019912350219103733 0.9999829045716585 0.8939901069953069
0.999977261627571 0.0043505070143777715 0.005161584554410777 0.006297886404100209 -0.004359029498733951 0.9999856175423608 0.0020397265782634588 0.08192061039465907 -0.005154068219444609 -0.002061538731586762 0.9999822467786909 0.9163084657684534
0.9999763123063357 0.004455083765659373 0.005257367831051186 0.006295527613866184 -0.004464037708082658 0.9999847819031541 0.0021080631964992594 0.08416768382587567 -0.005249426490855678 -0.0021306232015453597 0.999981553291496 0.9392101407556963
0.9999750223525309 0.0045458468370261195 0.005425869197401728 0.006482099787589529 -0.0045554072636953555 0.9999841559380553 0.002154816105963383 0.08632348526383327 -0.00541746357594396 -0.002178753765332682 0.9999805686309665 0.9628088550330391
0.9999740523024151 0.004606443724856442 0.005553898489864722 0.006670158682889069 -0.004616329783191229 0.9999832883373527 0.0022073403430300704 0.08851914750719189 -0.005545300125160139 -0.002231712453538988 0.9999795221978881 0.9859696238943524
0.9999724673343234 0.004712848860141931 0.005686691793534081 0.0067801031900125205 -0.004722983910471548 0.9999823853017866 0.0022581064810131717 0.09071672716130254 -0.00567782739446523 -0.002283264357033642 0.9999785532383982 1.0105403094926753
0.999970844622955 0.0047722564507902375 0.005838993945088316 0.00703144021712993 -0.004782958470691161 0.9999814903851959 0.0023181536772118204 0.092884702391476 -0.005829766515352714 -0.0023437721376655574 0.9999772533219194 1.033687961195251
0.9999694833103383 0.004817638156147518 0.005973830417751484 0.007332344298863905 -0.004828806067165875 0.9999810441980598 0.0023644473218585203 0.09505203457764701 -0.005964331331313157 -0.0023908862139650766 0.9999762393156183 1.0581073377948476
0.9999681341132383 0.004926816660319885 0.006111644723539634 0.007417041777929701 -0.004938563462182435 0.999980213559376 0.0024161739608704867 0.09726529499128994 -0.006101663739823083 -0.002443602263459771 0.999975055139969 1.0809485835221166
0.9999671837180835 0.004996381458232676 0.006250163905180013 0.0075820030540533 -0.005009021511850858 0.99997994430395 0.0024823668603702886 0.09957294676855091 -0.006239475147939962 -0.002511113169452734 0.9999741677174664 1.1046986450331642
0.9999657046476409 0.005087912838582237 0.006385053688249405 0.007715529337326229 -0.005101382141086231 0.9999797034977493 0.0025370048573993115 0.10065817078641266 -0.0063737075405616885 -0.0025673566540849687 0.9999733080862078 1.140749416322659
0.9999647233346024 0.0051708293551420296 0.006491352994236619 0.007781568840127743 -0.005184917687847358 0.9999794142302819 0.0025769346546000837 0.1027544357750251 -0.006479498553719095 -0.0026086261075137372 0.999972647160821 1.1440188443099164
0.9999635633025565 0.005242581662386549 0.006631245994960163 0.008290374986394192 -0.005257427967963094 0.9999788587308632 0.002646572860918518 0.10488305437414532 -0.006618901369820683 -0.00267936595275984 0.9999714998928905 1.1645805397802116
0.9999617280220626 0.005344909917035634 0.0067552276201909844 0.008644258614435414 -0.0053600925095223986 0.9999776724740922 0.0027102939630007233 0.10710170358236841 -0.006742568330505662 -0.002743968982527656 0.999970330179118 1.1872712376754908
0.9999606955470438 0.005437250010670673 0.006870357758054043 0.008976058974240503 -0.005453088078467806 0.9999772886436239 0.002755811117943644 0.10940213230693262 -0.006857110752468309 -0.002790935608579318 0.9999694289489943 1.2101266277849032
0.9999597785992943 0.005528482091218894 0.0070009359010375204 0.009311691142939262 -0.0055454467719235866 0.999976851650711 0.002818638694073505 0.11149399773669794 -0.006986910615672126 -0.0028552504946075916 0.9999685969845827 1.2331709179254624
0.9999582956001393 0.0056094517448847135 0.007114683314567527 0.009589758081276413 -0.005626796808145272 0.9999762228614759 0.002839167185341022 0.11373480177929438 -0.007100459275411244 -0.0028770057316549634 0.9999675637938075 1.2555530607167438
0.9999575077122758 0.00570910544067197 0.007247307399151071 0.009816336246891846 -0.005727607279415714 0.9999759806341368 0.0028929006614701993 0.11602088739560147 -0.007232255013883023 -0.0029327009801717267 0.9999667059200951 1.2797024648779145
0.9999560705840516 0.005790033173526828 0.007381828793973132 0.010103387193816284 -0.005809324176776093 0.9999753795297047 0.002939009603106992 0.11812424958720312 -0.007366241686716264 -0.002980166244606397 0.9999655974391802 1.3021921005858175
0.9999542086351836 0.0059076937511144765 0.00752563142179627 0.010261377567357576 -0.005927670375804887 0.9999745660471085 0.002981626170443777 0.12045573720506494 -0.007509472013656839 -0.0030246048646460325 0.9999643508616853 1.3248725896565205
0.9999525850080272 0.006005596905983483 0.00768030982560511 0.010383702252426706 -0.006026863068302163 0.9999740346168651 0.0030430268601321993 0.12274465231205346 -0.007663246788206037 -0.003087956795774427 0.9999631227485868 1.3460995174984847
0.9999509939494704 0.006118870532725671 0.007814396412543827 0.010486395789504587 -0.006141261088606069 0.9999734460490213 0.0030886221275751606 0.1249792666965908 -0.007796434975426126 -0.003135526871673934 0.9999621924326801 1.368925339274028
0.9999491951886552 0.006235495886317155 0.007938109867708706 0.010528207920401895 -0.00625840420241805 0.9999722589190967 0.0031432352853053747 0.12727795722115298 -0.007919564079367385 -0.003191541026081995 0.9999609376685258 1.3914791319714226
0.9999474048264823 0.006328848735295891 0.008090401271742745 0.010780056096102945 -0.006352547955663597 0.9999716204852922 0.0031964927912886253 0.1294202712953063 -0.00807122123773403 -0.003246581876207365 0.9999594419759712 1.414982487147051
0.9999458678161179 0.0064188539101916724 0.008195247120571066 0.01093182557388626 -0.006443180045325435 0.9999708484450244 0.0032392790179155916 0.13174148893532556 -0.008175529014821891 -0.0032906120215789258 0.9999584568473391 1.4368446268783797
0.9999439974609775 0.006524217439290332 0.008340878348283648 0.011124560585488785 -0.006549386611796635 0.9999694497643176 0.003312250319630748 0.13387816550737425 -0.008320580560307912 -0.0033652643557486226 0.9999567288102139 1.4599163572511908
0.9999414440210672 0.0066201867738020755 0.00850770994517509 0.011437694694367232 -0.006646222968489106 0.9999681095482302 0.003381133516479093 0.13492471425405056 -0.008486750421394493 -0.003435800599133747 0.9999548704835461 1.5000898382183876
0.9999394821473347 0.006710464268271204 0.008682045359965532 0.011584446836744484 -0.006737646410793152 0.9999673215113789 0.00343445367192175 0.13688235850055044 -0.008660357837872815 -0.0034912555489409873 0.9999530875264709 1.506874483523734
0.9999378249957408 0.006802054151778048 0.008802176231848365 0.012187856846189653 -0.006829846439446024 0.9999664587878622 0.003469914104652923 0.139050753513589 -0.00877995629083175 -0.0035282294314613926 0.999951922569258 1.5270705545720482
0.9999359679438852 0.006900594417546016 0.008964096799697467 0.01277653233510268 -0.006929557248791974 0.9999656974811487 0.0035277583193139552 0.14119343273550244 -0.008941039970772734 -0.003587866974392682 0.9999504155733052 1.5510837204497103
0.9999339938597812 0.007014935248528185 0.009109574114804175 0.013264055805109467 -0.007044953885800082 0.9999646770033326 0.00359017078870528 0.14341242540552213 -0.009085699345724585 -0.003652429859442549 0.999949010357422 1.5738062555428352
0.9999318633920722 0.007093936836639213 0.009249883236054425 0.013764242456954182 -0.007124547876452633 0.9999636917195467 0.0036416048407767916 0.14551738219648938 -0.00922565032558029 -0.0037052131478561507 0.9999474281263686 1.5967553013565758
0.9999295604532573 0.007194292311706342 0.00942188498920162 0.014216882384332554 -0.007226049980769102 0.9999625072218054 0.0037028452165963075 0.14772103334951311 -0.00939686929136836 -0.003768456885916142 0.9999454350102208 1.6206087641429234
0.99992795749468 0.007272676720775908 0.009544876109878921 0.014515904053705366 -0.007305388404985214 0.9999618846664687 0.0037482996971552112 0.1498459972178209 -0.00951911359313041 -0.003815687149617794 0.9999441076903466 1.6428003266509137
0.9999256959168098 0.007356869701707251 0.009692631957147785 0.01488470435591778 -0.007390396515581083 0.9999608560204949 0.0037933544382941897 0.15190416032833273 -0.009666391703965353 -0.0038623551349033967 0.9999424090320268 1.6644085264833959
0.9999242493826674 0.007438350711584438 0.009816909824939246 0.01530890566008774 -0.00747314931047714 0.9999602806247777 0.0038466471573837574 0.15399857581541226 -0.009789749865166111 -0.0039178925677588305 0.9999410020997234 1.688986604590332
0.9999221021155859 0.007521562030031712 0.009948284300467325 0.015661962167443554 -0.007556976611943838 0.9999593295557687 0.0038840804042950925 0.1561085255082109 -0.009920722349207356 -0.003957063572373623 0.9999393893494557 1.711620845847897
0.9999200310502985 0.007609264075298884 0.010078153695059232 0.01603491414202335 -0.007645511723530885 0.9999583583841513 0.003930931936970713 0.15825671239457015 -0.010050005047093224 -0.004005708187496424 0.9999377959294293 1.7347951084581263
0.9999180744365296 0.007722991471416584 0.010221948201464577 0.016255963318023477 -0.0077601867627846615 0.9999574460510153 0.003970126350552631 0.16049197681609254 -0.010193010993163623 -0.004047265237052304 0.9999363115728893 1.7567274989073343
0.9999153143725954 0.007825166469622264 0.010356492600004118 0.016510415375834177 -0.007863022774981169 0.9999563178664803 0.004007794858241583 0.1627143446390126 -0.010326990750097523 -0.004086931458195476 0.9999344883778138 1.781062555264179
0.9999130779453683 0.007911302747269743 0.010495908642070784 0.016864641182260956 -0.00795006183321827 0.9999554934220818 0.004042581170624247 0.16491113622536446 -0.01046571438202205 -0.004123793956169501 0.9999329047603267 1.8046080376373737
0.9999115115463737 0.008008902598566835 0.010616983213135589 0.01710101539883671 -0.008049074449202116 0.9999548887717618 0.004086442545835281 0.16713200096304343 -0.010585706373656502 -0.004169969391422603 0.9999315756046595 1.8269113238667962
0.9999100138297691 0.00809605136195599 0.010748522259739027 0.017631278530191464 -0.008137437854288089 0.9999544926346478 0.004126244951520968 0.16815346950457702 -0.010716288889776512 -0.004211993162032138 0.9999303737749194 1.864478103799336
0.9999076275316298 0.008204284259716607 0.010888944794070073 0.017856836558728367 -0.008246403164844795 0.999953139735684 0.00416664669963907 0.17018729813740557 -0.01085619151251647 -0.004254459793078118 0.9999285186287861 1.8707199714370193
0.9999053270697255 0.008316037749169737 0.011010411121308225 0.018300874911878255 -0.008359167783739416 0.9999519987589668 0.004217054514910735 0.17234155717391803 -0.01097691061820241 -0.004307203746381213 0.9999268664921283 1.8904410420649662
0.999902926141095 0.008424706039324112 0.01115724205898084 0.018933750344864556 -0.008469006379245964 0.9999508995909777 0.004259964946724807 0.1745605499228011 -0.011122819771846298 -0.004352655262900261 0.9999250089032955 1.9139843499939901
0.9999011145293392 0.008513219829797612 0.011284832511300026 0.01948102193087387 -0.008558536752003066 0.9999499558834625 0.004303440260105623 0.17683340713535806 -0.011249652981486991 -0.004398196541947063 0.9999235190602492 1.9369909839737203
0.999899093307246 0.008622356627629743 0.011413263128224126 0.01989470484605196 -0.008668876790314327 0.9999490314710783 0.0043541391162727205 0.17908381299605428 -0.011377135503933503 -0.004451403314307008 0.9999219704829683 1.9597686464433035
0.9998966506650581 0.008726887640288911 0.011548281717026064 0.020264761022871794 -0.008774362408663104 0.9999479256137085 0.004397732426141673 0.18134190104055845 -0.011511424119245411 -0.004497417714022007 0.9999201797284735 1.982367045484507
0.9998944059307088 0.008834546392044923 0.011681920891073191 0.020630762583035547 -0.008883275889093501 0.99994660436209 0.004453572409948504 0.18360480018285236 -0.011644085799855274 -0.0045558503187492026 0.9999182712985 2.0063858421604484
0.9998924989192418 0.008929543157056746 0.011814166216497564 0.021024243845345132 -0.008979467655439962 0.9999457733916769 0.004475465633788542 0.1858014214948743 -0.011775401085268566 -0.004580263798728802 0.9999167477590986 2.0286477979087
0.9998908196091347 0.009016044097197796 0.011921192699856274 0.021298341511627968 -0.009067678976321008 0.9999451574690073 0.004542933490804712 0.1881116563378062 -0.011881090868073175 -0.004650251052982284 0.9999154195617095 2.0514886850242546
0.999888977597236 0.009098927449029204 0.01204304119190391 0.02161133232700072 -0.009151853851353307 0.9999444737597032 0.004578039838103136 0.19032788380845667 -0.012001961631459435 -0.004687895936917034 0.9999139264211934 2.074403008176327
0.9998867514230803 0.009202631045261154 0.012179285510976537 0.021953943214162625 -0.009256959049632661 0.9999435893258096 0.004613330914025805 0.19261063139848847 -0.0121370649950211 -0.004726188266514834 0.9999120045301262 2.0955638380703556
0.9998844281004551 0.009309669172244711 0.012298879346550076 0.022181088036728334 -0.009365268811231418 0.9999423787834282 0.004658716674693987 0.19490102893774028 -0.012255666523832412 -0.0047739521433332365 0.9999103383127809 2.119378868218827
0.9998817515667157 0.00940468590920931 0.012434939223316939 0.022495143341626028 -0.009461529283644639 0.9999412297429313 0.004711743442927995 0.19716944610302298 -0.012390737312202558 -0.004829390115618853 0.9999083579786033 2.1415362896491494
0.9998793941059471 0.009504009715293972 0.012568550272811667 0.022830796151927908 -0.009561991273786699 0.9999398572924948 0.004750951905540734 0.1994075227202348 -0.012523492083242447 -0.00487082567649463 0.9999065115072251 2.164563170105329
0.9998770707318124 0.009593913767843201 0.012685447173890814 0.023128777124462825 -0.009653018872639661 0.9999389204681411 0.004790068956464797 0.20167118135105355 -0.012639478159648236 -0.004912247607339445 0.9999049754108112 2.187096863297818
0.9998741216109629 0.009717589614054447 0.01281490698064381 0.023670402380721125 -0.009777815115007065 0.9999372510202803 0.0048373075687653255 0.20285073169015494 -0.01276801761070311 -0.004962062967665411 0.9999028085561447 2.2247991929851363
0.999872053815871 0.009794203441390242 0.012936909231658225 0.023982114228311598 -0.009855528625216735 0.9999365553642146 0.004873310185243364 0.20487629119481873 -0.012889100398599963 -0.005000297829419525 0.9999013091273955 2.2299610399294556
0.9998693659968416 0.009903868099617115 0.013061558789238805 0.024574899104831145 -0.009966247434844745 0.9999350797983977 0.004915235539451337 0.20708820285645826 -0.013012932384902637 -0.005044867318070202 0.9998992535330319 2.2499665942968408
0.9998664615350941 0.01002147026166295 0.013185586627178805 0.025123132537135173 -0.01008504220563712 0.999933661144049 0.004962668724563459 0.20936959832913093 -0.013135942129431826 -0.005095247255726245 0.9998975193272797 2.273457606095511
0.9998638180071147 0.010113067893428066 0.013311891827953806 0.02569517076428798 -0.010177868598591345 0.9999323048239837 0.005011106154466047 0.21158211421688336 -0.013261343630930792 -0.005146223149540384 0.9998954940088308 2.296887057712488
0.9998614019958949 0.01021186669328153 0.013418296074746748 0.026117188874040364 -0.010277872779999494 0.9999311942497189 0.005053536576436268 0.21387729192271288 -0.013366738068626361 -0.00519107846053622 0.9998939838881478 2.319785872051514
0.9998585024099483 0.010322790865792608 0.013545422127962973 0.02646233647413269 -0.010390025467243106 0.9999298524298855 0.005091003414695943 0.2162029932925365 -0.013492924000141598 -0.005231396635535664 0.9998919691943506 2.3425642734482697
0.9998554006443019 0.010413841140006166 0.013678592477530766 0.02690282679714397 -0.010482155199048068 0.9999282440851917 0.005136528301312353 0.2184597228155064 -0.013625314893221687 -0.00527944616804451 0.999889575563831 2.3652868618722933
0.9998531958557377 0.010514369509542681 0.013798091296883296 0.02722746542360796 -0.010584150907863125 0.999927300931367 0.0051815913158098055 0.22074803538135296 -0.01374362465798013 -0.0053275813306804375 0.9998879476223886 2.3877861965421117
0.9998505974100182 0.010613487048326946 0.01391087545893343 0.027570422041627907 -0.010684414605394231 0.9999260252871196 0.005222807757807772 0.22303922473532362 -0.013855435723742926 -0.005371445174998086 0.9998861775249781 2.411152209144851
0.9998473651858988 0.010700256022714712 0.014046985884800776 0.027992460367599753 -0.010772344397475445 0.9999246065553193 0.005268650791003223 0.2253164355054678 -0.013990755109118127 -0.005419767522505534 0.9998839250619895 2.432583917408148
0.9998450364841711 0.010804535623413844 0.014150326435228004 0.028294599467523704 -0.010877696014549205 0.999923106519315 0.005315133285442455 0.22752846542135088 -0.014093085847331882 -0.005468704987846864 0.999882168595587 2.45599287034371
0.9998428875474321 0.01089471464901531 0.014292298180536123 0.02864648188967257 -0.010969554617427386 0.9999225620924534 0.005342290827724536 0.22976831582828802 -0.014233845740224689 -0.005499128304682093 0.9998802533244338 2.478386888960706
0.9998403070287308 0.011007089126968753 0.014395577698033945 0.028924010458925536 -0.011083403272047477 0.9999210110984003 0.0053986786226120015 0.23207088842391205 -0.014335732052024113 -0.0055585792276382565 0.999878475648203 2.5009162397221516
0.9998372232715301 0.011100967637773261 0.014521460762314914 0.029384930247151133 -0.011178365572256469 0.9999197811020818 0.005431497393878994 0.23429291013251685 -0.014460746416367196 -0.005593992205604167 0.999876426347851 2.5260409562392003
0.9998343258760383 0.011202884339507719 0.014639084642481353 0.029710934905534555 -0.011281571777284486 0.9999183812538712 0.005476855489241672 0.23658179637234922 -0.01457716118408483 -0.005642021489123759 0.9998745907805107 2.547846641777181
0.9998304918275175 0.011304362989519185 0.014766237093563388 0.030446464151080196 -0.01138411371712421 0.9999164699881653 0.005527127763216946 0.2377214941463375 -0.014703516270851372 -0.005694792703919231 0.9998720363956751 2.587791844798301
0.9998276354925406 0.011400437019142924 0.014902235383857015 0.03059322783032535 -0.011481803451943197 0.9999153865644994 0.005565278446656799 0.23980429549217444 -0.014838312510488911 -0.005736234976284433 0.9998699361583279 2.591180448913235
0.9998251839858457 0.01149580311241017 0.01500965501329579 0.031168245687780326 -0.011578446543986208 0.9999137980152966 0.005619002890249025 0.24197066222493238 -0.014944771286543175 -0.0057924905653495475 0.9998680360180027 2.6124885671477127
0.9998213640784328 0.01160754501978575 0.015146754254434389 0.0318159016465039 -0.011691138707170113 0.9999120376774172 0.005656844158040427 0.24422296044012656 -0.01508109896005798 -0.00583350217464663 0.9998655266883729 2.6347025688790753
0.9998188782868619 0.011678779704814294 0.01525624404221232 0.032455481395238704 -0.011763335629030822 0.9999106153063534 0.005695648864169312 0.24650551475989269 -0.015189921989713676 -0.005874304870238145 0.9998634695236239 2.658329799064491
0.9998156728290073 0.01178222891548316 0.015383187089536964 0.032987710921862444 -0.0118682643859097 0.9999092277893346 0.005743331513330316 0.24883238591587492 -0.01531571306296874 -0.005925174955984481 0.9998612607822512 2.682184585862816
0.9998119841094595 0.011884117209601822 0.015510079082917516 0.03345852452114074 -0.011971197984611612 0.999907485581052 0.005781522477164062 0.2511249297733679 -0.015441711663217124 -0.005966345148248998 0.9998588504957754 2.705040509573703
0.9998084871757082 0.011980631427488654 0.015638514508457633 0.0339089652643962 -0.012069228462894582 0.9999058454798064 0.005841290379573742 0.2534214761520567 -0.015568959504908437 -0.006029055077369184 0.9998563931338519 2.728803628874204
0.9998055983468253 0.01207549551445516 0.015765818936195136 0.03439279775156823 -0.012165420092922919 0.9999044079918845 0.005878170751420208 0.25566153202462005 -0.015695208171476266 -0.006069129810782997 0.9998541863162068 2.751379584909233
0.9998016728502767 0.012176571899930242 0.015907073709587213 0.034755856641382255 -0.012267710465964747 0.9999025722747021 0.005917759047712431 0.2579608253948885 -0.015835588837115663 -0.006111607375438704 0.9998515471684949 2.7736147060052505
0.9997983693734779 0.012273621526304563 0.016029120070065347 0.03512294202580633 -0.012366110680818224 0.9999009182558513 0.005962933655393952 0.2602869293169279 -0.015956623970508236 -0.006159669699904491 0.9998492186570473 2.7949748130651226
0.9997957310347321 0.01236104404724778 0.016149137944474187 0.03558689385722618 -0.012454914298348788 0.9998997037023379 0.006002430290127499 0.2624943424280404 -0.016075516734487438 -0.006202048158129892 0.9998471780274307 2.8200758842883764
0.9997926726223711 0.012450641571702727 0.0162624666158026 0.03600227329372936 -0.012546030696245115 0.9998981599461354 0.006050640554763521 0.2647666012712377 -0.01618770859645753 -0.00625320364788843 0.9998448195053907 2.8436527168068904
0.9997891527215398 0.012540752139497326 0.01639526089048861 0.036429786406087676 -0.012637626407592348 0.9998968525728638 0.006096421300802458 0.26702178330866305 -0.016319379080278598 -0.006301964754993114 0.9998422630817705 2.8664498986936016
0.9997857100606452 0.01263902364272785 0.016526474811706174 0.03684994383810906 -0.01273744471129622 0.9998954213238487 0.006143880416849507 0.26926434965379104 -0.016449327181596043 -0.006352480534757115 0.999839941060424 2.88961641764883
0.9997824945278795 0.012736585150666248 0.016646404020092823 0.03725719655307251 -0.012836782324374194 0.9998941329294131 0.006186881195613627 0.2715669910889753 -0.016567831340041344 -0.006398765842816149 0.999837932744769 2.9128031865691066
0.9997788729544821 0.012845280682678178 0.01678794311943755 0.037992953369138736 -0.012947108329756561 0.9998922980250106 0.006235044507386744 0.27270499283397176 -0.016708075020109223 -0.0064505803334947084 0.9998351587637802 2.9522372527853933
0.9997750183660381 0.01293302838685723 0.01691131076558266 0.03817754487061728 -0.013036042846880506 0.9998905421360801 0.006274306356983949 0.2747651832565135 -0.016830558522760587 -0.006492639982900544 0.9998325442212204 2.956052992613537
0.9997713421047502 0.013026545311432661 0.017050102960318066 0.038855583262870655 -0.01313131140941437 0.9998891394523965 0.006318901610671511 0.27693789238960187 -0.01696805415483582 -0.00654080151801168 0.9998299165751651 2.976563145815425
0.9997686724696945 0.0131214432511514 0.01718306099565249 0.03960825935531599 -0.013228169806355102 0.9998880928153602 0.006358823014206635 0.2792462984019635 -0.017099561268206703 -0.006584769285073285 0.9998276351646541 3.0009222293573066
0.9997655393009022 0.013229797015881145 0.017296509554018926 0.04021294249873836 -0.013338340790099962 0.9998865148424914 0.006415262024991186 0.2815379951811763 -0.017211448114397194 -0.006644745623119469 0.999825445527778 3.023906208053172
0.9997623912776247 0.013311585500554104 0.01742964586467702 0.04086355904992645 -0.013422153102209396 0.999885340436904 0.006461441541960392 0.28384565735052153 -0.01734320011955447 -0.006694560116391872 0.9998229650386524 3.0472939301401456
0.9997592959257801 0.013399496172990718 0.017553694984785515 0.041400919365841025 -0.013512140108325426 0.9998841668664504 0.006511815924160992 0.28610426450988785 -0.01746572850622817 -0.00674851629749429 0.9998207152325244 3.0703320274391825
0.999755942733028 0.013500003015240453 0.017688270889108723 0.0418875781336973 -0.01361448223215052 0.999882750836403 0.006553661134285721 0.28839611287906175 -0.017598957558801736 -0.006794148304978289 0.9998181990023403 3.092561110667079
0.9997524471967533 0.01359099446404906 0.01781301383698661 0.04243531934064192 -0.013707046082448104 0.9998810831060425 0.006597652411624377 0.29068652103494363 -0.01772252656670196 -0.006841293117911526 0.9998157035738215 3.1167354529808216
0.9997488955628935 0.013685636887625353 0.017933450967469015 0.04288933897585984 -0.013803043552357699 0.9998792903672034 0.006633555439124333 0.29299283571587775 -0.0178418946678332 -0.006880495319365611 0.9998134399701358 3.139864707808317
0.9997452612724561 0.013799988066818805 0.01803884293492256 0.0432790568700164 -0.013918789651216913 0.9998772130393843 0.006678534710388417 0.295290735819939 -0.017945954568220093 -0.006929002909502359 0.999811131745484 3.1628670390297797
0.9997415018855615 0.0138757538148936 0.01817935290682475 0.043854583722313524 -0.013996392998556352 0.9998757088902348 0.006732729125950665 0.2976208882141756 -0.01808522612048288 -0.006986607117271997 0.9998081151540265 3.187255818548905
0.9997379533497993 0.013970660916951561 0.018292243729489507 0.04429134820651551 -0.014093096895413862 0.9998739608023905 0.0067912045344852585 0.29988929627519156 -0.01819664725086992 -0.007048354076436152 0.9998056684862128 3.211164273215957
0.9997339131228871 0.014068923200008337 0.018431476713167475 0.04479427180181833 -0.014192850415150506 0.9998721088286628 0.006821697565949709 0.3021786154244637 -0.01833480036538067 -0.007082540584209262 0.9998027349102698 3.233861886954218
0.9997311950079929 0.014146663650621274 0.018545338565381726 0.04532945247039363 -0.014272920520121642 0.9998708442096873 0.006876233565024226 0.30438560126956743 -0.018447026972820982 -0.007140361877293317 0.999800382766061 3.2574427756949604
0.9997272478584405 0.014240043890474988 0.01867406792812891 0.045801441700380266 -0.014367724323664368 0.999869247127925 0.006902889673025653 0.30664309744664825 -0.01857465501466468 -0.007170698826991943 0.9997979306807568 3.278676509161681
0.9997236986020234 0.014342006479665093 0.01878309065214563 0.04656509080094236 -0.014471454626313714 0.9998670895932553 0.00696465659749684 0.30783788734065076 -0.018682224899726915 -0.007235871114721486 0.9997953484779116 3.316882724543949
0.9997195688534031 0.014444533275990209 0.018908655180993182 0.046855428694182306 -0.01457551401075155 0.9998652383224864 0.00700539902653304 0.3098733207028038 -0.018806646484781205 -0.007280290989006336 0.9997925862420146 3.3217496633409898
0.9997157294765969 0.014538233146145642 0.019040133961308395 0.04763493768556011 -0.014671069336570853 0.999863645763963 0.007050633835517889 0.3120114705210363 -0.018936673059859653 -0.007329536638988928 0.9997899016658588 3.342236724095332
0.999711288031872 0.01464041882876804 0.01917645559553209 0.048451797092094934 -0.01477497503471942 0.9998620593254747 0.007092921632970204 0.3143054104030151 -0.019071751828963243 -0.007375856267207178 0.9997868282107644 3.365933029018056
0.9997072105994705 0.014741119110159137 0.01929969705481276 0.04915542967297931 -0.01487718634898083 0.9998600255440517 0.007141022583276386 0.31664027034662146 -0.019193788871875405 -0.007427493946294054 0.9997840632354423 3.388701048646577
0.9997031609283671 0.014838651711027485 0.019422621814012424 0.04977480091600091 -0.01497653867422862 0.9998582141468686 0.007187536035239565 0.3189257280176886 -0.019315275440612085 -0.007477832582902248 0.9997812981793907 3.4119558944011894
0.999698677812457 0.014935684171447873 0.019548545175346238 0.05033613543729723 -0.015075080343441386 0.9998560932723703 0.007227284546796519 0.32121060939609486 -0.019440033554981258 -0.007521106683138162 0.9997782677483107 3.4346803831656705
0.9996952006381848 0.015007032953294109 0.0196656737118549 0.05093031507490369 -0.01514791449309646 0.9998541739572789 0.007274515052906487 0.3235000241484413 -0.01955622930817288 -0.007571225191819801 0.9997753377421296 3.4586803793167498
0.9996908040724163 0.015127447757436225 0.019797231101360745 0.051373468662652154 -0.015270174879916228 0.9998524718684678 0.00730334154558032 0.32582139581945957 -0.0196862625077103 -0.007604642361869928 0.9997727783826654 3.480623746170218
0.9996866771523327 0.015213094889879918 0.019928199152917072 0.051933669943958524 -0.01535768559013402 0.9998507120973233 0.007352544782549988 0.32810151890560996 -0.01981583578846646 -0.007657865115340284 0.9997697059767952 3.50312127037625
0.9996833715714825 0.015299115054861428 0.02005830463931691 0.05248535902302973 -0.015445655527380826 0.9998492258929584 0.007387416448214803 0.3304004877127575 -0.019944493483358097 -0.0076966512840202245 0.9997670942837852 3.5272063857669074
0.9996798983051411 0.015394129106137834 0.020170961484275433 0.05301813458717753 -0.01554231595697461 0.9998476765316534 0.007427223832113056 0.33266423157761876 -0.02005567201058062 -0.007740100040303085 0.999764539615973 3.549837086016415
0.9996752584629391 0.015487511454034446 0.020305972907117054 0.05362635247594102 -0.015637498283101174 0.9998454506261446 0.007479247267001706 0.3349596445502754 -0.020189399502087774 -0.007795773122438759 0.9997610115135762 3.573985365101112
0.9996711017274446 0.015598294747893865 0.02042612486501616 0.05407392773613503 -0.015749807329970535 0.9998434486108249 0.0075118818970922535 0.33725795183596097 -0.02030821813050459 -0.007832527491705673 0.9997583266836176 3.595659251376093
0.9996665823261122 0.01570292103045185 0.02053821404114267 0.05457312615578778 -0.015856119374650493 0.9998410314379813 0.00756277853276575 0.3395660510509551 -0.020418873031376312 -0.007887141260190474 0.9997552961340105 3.619535318847911
0.9996624865847792 0.015803991714778583 0.02067193133782523 0.05507025675751304 -0.01595954110823292 0.9998392590966423 0.007612310606801926 0.3418693997893731 -0.020550747282150627 -0.007940893762315321 0.9997522933119924 3.6425536142153234
0.9996581135833308 0.0158935664495032 0.020794796191402568 0.05604017442424319 -0.01605066331120665 0.9998374681130219 0.007648230824941289 0.3430527829464669 -0.020672390165950655 -0.007980679838983387 0.9997494193951458 3.6811033440889487
0.9996542268201247 0.015996651928500763 0.020925787422942585 0.056317851187179385 -0.01615598687365073 0.9998356629303622 0.007694412797025724 0.3451169803831826 -0.02080162187560338 -0.008031489340945774 0.9997464603606708 3.685959560506633
0.9996496799243446 0.016080398464199768 0.02105054767079247 0.057213958443573486 -0.01624099407140237 0.9998336571033862 0.007729412530735052 0.3473275758908429 -0.020925446579117327 -0.008069922586249792 0.9997433408251822 3.708457864948707
0.9996459179317608 0.01617822041549076 0.021182800339015914 0.058028473919084646 -0.016341420860217885 0.9998320792450864 0.007784641665324714 0.34964473797694534 -0.021055693708919226 -0.008129652063049969 0.9997404864466785 3.73172942240141
0.9996419577862883 0.016268551777436167 0.021311927689123936 0.05888893783492242 -0.016434168068034778 0.9998306544327448 0.007834393779644386 0.3519003772655496 -0.021183039676154845 -0.00818384147122273 0.9997376011799033 3.755697404356604
0.999637782762704 0.0163556491494961 0.021452461125767736 0.05965469188221834 -0.016523585212760535 0.9998287233839726 0.007885731869959873 0.3542355041732848 -0.021321938852195903 -0.00823940059834978 0.9997340834343175 3.7793987678094996
0.9996339423975187 0.016455644328247813 0.021577438494201878 0.0602721390910673 -0.01662573324139528 0.9998267712574445 0.007934634050164638 0.3565643445842765 -0.02144517923693586 -0.008292327292930692 0.9997311348235978 3.8024056608160506
0.9996294202150402 0.016562333563004704 0.021699984217296138 0.060773000579702065 -0.016734030158081042 0.9998245352316327 0.007966481570208715 0.358891013358526 -0.0215664431852915 -0.008328715153127605 0.9997278791237627 3.8233901516378963
0.9996254604600899 0.016646210718851112 0.021840281739088408 0.06145672796440262 -0.016820605187780287 0.9998229162545877 0.008018262462421398 0.36119785892425915 -0.02170491035503584 -0.008384956365385205 0.999724778561672 3.8485859624641408
0.999621644125885 0.016723707749231 0.02197229536385809 0.06209532195699044 -0.01689991230825452 0.999821353057029 0.008047008884315521 0.3634850691997078 -0.021835683767077035 -0.008417550220055137 0.9997216636991116 3.8725106746754108
0.9996169214696622 0.016837229484014032 0.022092693700756477 0.06267058157978651 -0.017014996823661758 0.9998188727352759 0.008083302165170838 0.3657916441299073 -0.0219546102249375 -0.008458361577228374 0.9997186058823385 3.8960335717730556
0.9996124534885517 0.016927913967583474 0.0222042145034764 0.06314157639897373 -0.01710756927625476 0.9998165292840837 0.008133829708969552 0.36818196004475007 -0.022064568170455035 -0.008512634318239223 0.9997154940600541 3.91791533537139
0.9996078322557143 0.017030044572094245 0.02233432267165761 0.06362884625238546 -0.017212134383317854 0.9998145758130061 0.008183345339552027 0.37051306802865225 -0.02219284314096053 -0.00856705538766834 0.9997122010813532 3.939064182974329
0.9996042575923884 0.017115479077061426 0.02246646512504762 0.06425091878725053 -0.01729996127971204 0.9998133750178828 0.008218420415054755 0.37276315527798964 -0.022323330083339313 -0.008606992722427093 0.9997094384556944 3.9622353093526783
0.9996001304739419 0.017199686656882204 0.022583214635708428 0.06483686116842194 -0.017385985219124045 0.9998113344512771 0.008256695469847992 0.3750476171396735 -0.022438791706980998 -0.008648934078591035 0.9997063209359344 3.9844656452587013
0.9995957653832287 0.017300716795907188 0.022709978101941745 0.06534559262036918 -0.01748917307542639 0.9998090636223514 0.008299913922445286 0.3774216705360519 -0.022563910469103103 -0.008696808272249978 0.9997030404739583 4.00692709064988
0.9995916058930057 0.017396833444663053 0.022825051348024473 0.06627814149397705 -0.017587350430987008 0.999806846446696 0.008345738645938433 0.37864739055786484 -0.022677355197760932 -0.008746849779006189 0.9997000456095563 4.0435728533155055
0.9995866575200243 0.017509646630261267 0.02296102463814965 0.06632708597417573 -0.017702540991958 0.9998043013263196 0.00840719108574258 0.3807421622211549 -0.022811383643695265 -0.00881346827317571 0.9996965468962111 4.043539038210174
0.999582663900234 0.017598142332258586 0.023059648615365604 0.06703408454721965 -0.01779260288700333 0.9998020546370855 0.008442343439188385 0.3830063763147176 -0.022908642573009144 -0.008852000704536072 0.99969392616618 4.062062832045078
0.9995786984793721 0.01769606235025564 0.02317235257547305 0.06783485745096281 -0.017892774593045908 0.9998001255945629 0.008488087185858324 0.38532616395819547 -0.023019466987219517 -0.00890220947192393 0.9996910590611048 4.0844341242619855
0.9995749261216934 0.017765571505448326 0.023302591858290395 0.06880155737104321 -0.017965150356998093 0.9997985496185424 0.008549333768351642 0.38767750453148153 -0.02314772836705492 -0.008967871817018271 0.9996877582377067 4.108584902793948
0.9995701999396602 0.017866454129264533 0.023425816754884525 0.06947502730416466 -0.018068189272001378 0.999796459335889 0.008591559572368053 0.39001014146191776 -0.02326926144398707 -0.009014415927665042 0.9996845244395466 4.129865699054772
0.9995657326216241 0.017963643428275333 0.023542351921454773 0.07003437534989436 -0.018167510898130183 0.9997942501091825 0.008639555699113738 0.39243449652421597 -0.023384031014555662 -0.00906687707021826 0.9996812615846069 4.1500956855449855
0.9995619662668173 0.018062014059846022 0.023652574528310835 0.07060645396409053 -0.01826851841982403 0.999792280473214 0.008696899190033358 0.3947675734239074 -0.023492030342886126 -0.00912868070082406 0.9996785276665735 4.1718896581236455
0.9995573084381965 0.018167403321019918 0.02376891262378882 0.07124180833032816 -0.018376074258442666 0.9997898809203914 0.008746516097824945 0.3971544414767738 -0.023606563930865715 -0.009183025790460417 0.9996753431240593 4.195659250323215
0.9995523985467838 0.01826401410703683 0.023891603914928637 0.07184109592022946 -0.0184750144974541 0.9997875541442811 0.008804379245521604 0.3995169317556156 -0.023727332448392268 -0.00924528391458131 0.9996719193093756 4.217858120324198
0.9995467715579889 0.018383218871986115 0.02402593604657334 0.0723178329558892 -0.018596472544598005 0.9997848017637492 0.008848393235558555 0.40187257610408816 -0.0238597446588723 -0.009294615278877568 0.9996682612482454 4.238872498838594
0.9995412748492647 0.018503958805195182 0.02416218907063745 0.07292300850221418 -0.018719507336152432 0.9997825063063621 0.00887644042967413 0.4042134949171401 -0.023994107999318108 -0.009328441810371733 0.9996648572645584 4.261822620104407
0.9995360325756282 0.01860424196943221 0.024302148094750568 0.07365819247524961 -0.018822020645000125 0.9997799485192569 0.008921388239896933 0.40658151539047505 -0.024132501793726932 -0.009378154868804134 0.9996608960986378 4.285766865457198
0.9995311028968105 0.01872510752357911 0.024427137001105766 0.07419706955995219 -0.018945000498191013 0.9997774627632615 0.00895376106912434 0.408956642707618 -0.024255571056602348 -0.00941616009534639 0.9996578068695983 4.3079758580502805
0.999525227303555 0.01885128398428905 0.024546443789810787 0.07474880569637646 -0.019073101131374493 0.9997741242547651 0.009001600148333615 0.41134492370249887 -0.024373051843775285 -0.009469149138503316 0.9996540453571461 4.331421384885441
0.9995197220480434 0.018973178237065614 0.024676965758518753 0.07537324262243915 -0.019196969830005076 0.999771488362716 0.009031777224379763 0.41369513942443664 -0.024501872282271783 -0.009504852700475297 0.9996505683480121 4.356192725633878
0.9995142279117291 0.01910234199595426 0.024814683560518982 0.07624067459714903 -0.019329219275042546 0.9997688969712482 0.009090475969975203 0.41506267524875884 -0.02463696329456798 -0.009569849094099225 0.9996468764254413 4.390816694068451
0.9995099846907285 0.019185956344822053 0.02494055344851469 0.0764290864673758 -0.019414865927261746 0.999767405209622 0.009111978677424632 0.4170707416941201 -0.024761261966454073 -0.009596208525178541 0.9996437945962128 4.392397786223091
0.9995033367441392 0.01932043980370223 0.025081945802094413 0.07714605936250844 -0.019551263164505932 0.999763949686413 0.009147918191324518 0.41931825849921717 -0.024900985661232795 -0.009637722552884413 0.9996396408976607 4.412504815526433
0.9994973647396196 0.01944117847572073 0.025231615154263257 0.07795299706191625 -0.01967369207446426 0.9997616413655733 0.009151876974562587 0.4215174061533174 -0.025049345582654668 -0.009647558187397754 0.9996359683365109 4.4358449117615
0.9994920899961032 0.019569320170375135 0.025356056324957774 0.07876434333512333 -0.01980414116952771 0.9997591538400855 0.00918245441488044 0.4238189599434665 -0.025171622154474955 -0.009684249931412762 0.9996326663574806 4.460220696494805
0.9994859565977956 0.019712616021585194 0.02551079288388932 0.07942619504477844 -0.019949716971284122 0.9997564722055214 0.009199839293086334 0.4261153102783861 -0.0253242920476506 -0.00970852065191093 0.9996289392200987 4.484001589464883
0.9994785052669233 0.019862282982712427 0.025684752544842263 0.07998118767218461 -0.020097457469075528 0.9997549813979468 0.009054486737924444 0.4278350208869208 -0.025499623200999633 -0.009570415798498556 0.9996258379370637 4.508159331421521
0.9994732652368147 0.01998885425161736 0.02581404445608914 0.08048181079745134 -0.02021701407663182 0.999755676312052 0.008725473611535087 0.4291404065665816 -0.025634144992679957 -0.009247487205746795 0.9996257358744677 4.531493526254681
0.9994657212231589 0.020182047453401082 0.025961088071442383 0.08100015432686998 -0.020409243046099937 0.9997528791975381 0.00862780323666085 0.43115013395098856 -0.02578130807659692 -0.009158092743351725 0.9996229108242577 4.560296408817525
0.9994575169716562 0.02036876955521146 0.026127160236346165 0.0816541770458704 -0.020590888953989032 0.9997510644878927 0.008380170403308605 0.4325111077076059 -0.025950923524185997 -0.008918605708755674 0.9996206170119418 4.596392266822663
0.9994483246968613 0.02063952748633508 0.02626767396213467 0.08206432396971448 -0.02085822631476148 0.9997466281377291 0.008202602514548279 0.43399538070791727 -0.02609279754075052 -0.008750759744433099 0.9996182549003931 4.646070166215474
0.9994409065508222 0.020865108126558188 0.026372735377703876 0.08266139415705005 -0.021083539859240663 0.9997421039868208 0.008158947005263548 0.4359258819866698 -0.02619679938049336 -0.008715209732327235 0.9996157928435847 4.682074053874791
0.9994286230423781 0.021333758090226168 0.026462839395296766 0.08304382140143513 -0.02154983597060253 0.9997328672217985 0.00804165937556611 0.4374263010723594 -0.02628553648846892 -0.00861188191383672 0.9996142541751556 4.75043771654931
0.9994193330280167 0.02173753387767978 0.02647681175770671 0.08334586506658999 -0.021949809597549122 0.9997251960534407 0.007893480264384302 0.4386759217672845 -0.026299452408712645 -0.008474574523358027 0.9996150769982836 4.840483729114069
0.999411372775489 0.02201285834375406 0.026549023158067668 0.08404286070326437 -0.02222508489293423 0.9997193563333616 0.007867513098629066 0.44033418687967174 -0.02636990126796011 -0.008457374088761923 0.9996136079184254 4.896388997780401
0.999401173254016 0.022228536424343852 0.026763113110363196 0.08604003060246058 -0.022438843316790302 0.9997160134706108 0.007719016320754949 0.4413374390766596 -0.02658531849341497 -0.008319374410404826 0.9996092102237316 5.005608682685611
0.9993943102507266 0.022399149905071233 0.026875436455850058 0.08932712022339692 -0.022599297572194553 0.9997153095506934 0.007312167762221461 0.44143727193284427 -0.026705624785713797 -0.007919304085196083 0.9996092270189925 5.150715058142567
0.9993877437739137 0.022616082236516493 0.02692553212172426 0.0901424656864758 -0.022813594528364355 0.9997109961844481 0.0072062541887843385 0.4428078841502064 -0.026756590572961824 -0.007820190457293574 0.9996083571385648 5.207222722810635
0.9993870098756108 0.022641912451381543 0.026922155158759373 0.09330759140870698 -0.022833769953837686 0.999711840142785 0.00700040957908523 0.4434111219314836 -0.026757886154059295 -0.007614640373845667 0.9996098732460516 5.355323754092734
0.9993763037703391 0.022928234255457376 0.02706548077526837 0.09660670408614012 -0.023120906612329555 0.9997051480685848 0.006993467927994715 0.44477864750840634 -0.02689931805486259 -0.0076185488516905394 0.999606001869513 5.526138820364324
0.9993703367488271 0.023098515987830623 0.027128312292085264 0.09815718035428934 -0.023292941580704114 0.9997004199510354 0.0070567285685292375 0.44633313814585834 -0.026959816078511948 -0.007687524635266149 0.9996036191943193 5.610254297385119
0.9993652550737981 0.023173503427479116 0.027247252243977612 0.10417824611371064 -0.023377949384434014 0.9996958415431252 0.007391397835334145 0.4486509528126339 -0.027070313572011638 -0.008026782832828571 0.9995978484384862 5.816999456481388
0.9993623368528616 0.023105007839124624 0.02741032955699851 0.11055723691983027 -0.023316669471930878 0.9996959097615167 0.007607978898631955 0.45067181330165085 -0.027228791515743773 -0.008245778986827568 0.9995918007437418 6.047936935006212
0.9993535747095894 0.023274821269158218 0.027586684394900453 0.11219844377083264 -0.023486797591257255 0.9996921217473417 0.0075682411402705815 0.45173814961839787 -0.027404680604501575 -0.008214838633484663 0.9995871477446375 6.1617900615514705
0.9993503169377913 0.023154689347294536 0.027831958347425422 0.11876377827227085 -0.023363483461538454 0.9996969097807017 0.007366676287645474 0.4523757031714852 -0.027655309964072186 -0.008015902087404592 0.9995822626597828 6.416302104292407
0.9993413685901313 0.022973391409630742 0.028308305854811387 0.12640267197917202 -0.023184609921368438 0.9997017428947422 0.007310960880019586 0.4535857995951248 -0.02813415847305431 -0.007966450717461942 0.9995695285141076 6.697013141697842
0.9993321359590817 0.02313827608349501 0.028508788226934315 0.12812391251473598 -0.023349863936335077 0.9996983053545284 0.007257690713884183 0.45477925133121094 -0.028334386012416977 -0.007922407638143942 0.9995642401862472 6.837525785735816
0.9993252515498914 0.022987573847727334 0.02888095966648692 0.13632603391614156 -0.023199447377839976 0.999702565000753 0.007170760814039993 0.455888641833445 -0.02870961146358499 -0.007839964793624577 0.9995543754903002 7.1473346485002
0.9993323817815484 0.022592903490471876 0.02895254846929647 0.1439534610902978 -0.022796401707032343 0.9997144152995326 0.006856458278981665 0.4564997904491536 -0.028791333834259393 -0.0075161200917515155 0.9995545629060322 7.479015296145423
0.9993208717128601 0.022868910814582286 0.029130271277906274 0.1464739782127094 -0.023074251566805235 0.9997080066634783 0.006867398144759413 0.4581809240379165 -0.02896667414806 -0.007539038600735021 0.9995493396975832 7.652320851118387
0.999248666563496 0.024379018667659024 0.03035197985466058 0.15547037581763878 -0.024584842776476917 0.9996739809032205 0.006559660341971041 0.4592465936980514 -0.030184257551005768 -0.007304905705634248 0.9995150136044342 7.997876218326497
0.9991995480979702 0.02549701921073298 0.03104765113546476 0.16447858585803632 -0.025716489251952118 0.9996440222066532 0.006812000587602234 0.46316841571122447 -0.030864784485266878 -0.007609127575996365 0.9994921107931913 8.353978089096838
0.9991790131722988 0.026196159870231033 0.031138361047074563 0.16908827965664153 -0.026418218526532842 0.9996256711064601 0.006856292619726173 0.46557292007658646 -0.030948663989547865 -0.007677683522915214 0.999489229377085 8.54940570436275
0.9991407098970413 0.027280632278452517 0.031431447279727305 0.18072372611597312 -0.027487453048788826 0.9996002993537441 0.006278628355211367 0.4659756549758246 -0.031249337893909355 -0.0071413368466434115 0.9994837054398849 8.938383772763215
0.9991292645821482 0.027254247404330093 0.03181847643924083 0.19463780303958056 -0.02744097162864222 0.9996061339080317 0.005552622309453191 0.4649892076130557 -0.03165619051977373 -0.006425011484827577 0.9994759780324457 9.330178443854587
0.9991379679484684 0.026855267320261764 0.03188710139629315 0.19976316983373102 -0.02703252246974798 0.9996189205042798 0.005247644762847092 0.46539177221564704 -0.03173560871269671 -0.006109118370107954 0.9994754887854616 9.542538671617958
0.9992080090470306 0.0238217858686109 0.03208791282928653 0.21160228630455416 -0.0240123403769582 0.9996930625793783 0.005691694682334916 0.4695798840619107 -0.031943815914682615 -0.006462019353401348 0.9994664505172476 9.962833245808268
0.9991963871237796 0.023824739843936935 0.03242951765766978 0.2222635536886217 -0.02409601516139981 0.999673420085577 0.008139765382233807 0.477172573663931 -0.03222579051474496 -0.008919668943300001 0.9994378340607476 10.396891185884124
0.9991986994128287 0.023768111048819044 0.03240348582453958 0.22740311341603905 -0.024045271188659165 0.999672974077293 0.008330191588144265 0.4791596080798657 -0.03219574451068632 -0.00910762513997168 0.9994371269150837 10.638539012851535
0.9992060554055378 0.023866747640735562 0.03211164607661494 0.2381040730985368 -0.02412706709484493 0.999674780960575 0.007878086779505434 0.4791213088489096 -0.031913750533861696 -0.008651686376027473 0.9994503594530721 11.086166879887967
0.9991905987982557 0.024474810964084964 0.03214417483201322 0.24808734357463758 -0.024727903828197572 0.9996621582199561 0.007625321114344234 0.48061134717925996 -0.03194710005913015 -0.008419186763218999 0.999451546536633 11.542294160691425
0.9991765707816992 0.024824459006844928 0.03229908738595589 0.25330929264435714 -0.02507608185592184 0.9996541101825586 0.007535572543162856 0.48210263051837776 -0.032101372849108786 -0.008344314416356951 0.9994470705356195 11.790971865945439
0.9991725880161634 0.025057349727788145 0.03225077855677996 0.26463860437168685 -0.025317049060633562 0.9996464244398264 0.007785675470856308 0.4862133563660096 -0.03204450017344122 -0.008601066682999857 0.9994469833461781 12.255889119762704
0.9991873283537643 0.02467987613722454 0.03209105871117043 0.27808070506452764 -0.02493147469047974 0.9996576190578326 0.0075794685663438215 0.48845688569785095 -0.03189328224165638 -0.008378572922678454 0.9994538639851842 12.765340620200982
0.9991760687826216 0.024902016825270414 0.03226713799291982 0.28348039950003995 -0.025156300174874014 0.9996515601648546 0.007622353487883235 0.4904851489389885 -0.03206651734929205 -0.008433041110919514 0.9994477656142745 13.032493388298871
