1.0 0.0 0.0 0.0 0.0 1.0 0.0 0.0 0.0 0.0 1.0 0.0
0.999999463558197 -0.0009997189044952393 4.001334309577942e-05 0.0018647389952093363 0.0009999275207519531 0.9999996423721313 0.0003419555723667145 -0.001168906455859542 -4.0411949157714844e-05 -0.0003420636057853699 0.9999998807907104 0.49943089485168457
0.9999997003222597 -0.0007610030492398723 9.170058893004374e-05 -0.00010031794928654081 0.0007610145491853126 0.9999996954397353 0.0003617661879429246 -0.0018641660026505469 -9.191804563357664e-05 -0.0003620109429234297 0.9999998123376768 0.7506905382208431
0.9999999750303903 -0.00024243401705065318 0.00010196607667061741 -0.003059158286831374 0.00024218238502067048 1.0000001247018415 0.000265721088701595 -0.004710068457441745 -0.00010168418684387183 -0.00026633356643752785 0.9999998461730073 1.2310696993542296
1.000000217831591 -0.00025899729638777263 2.059225546073355e-05 -0.006158831833071048 0.0002584463929991828 1.0000002577240683 0.00019843755910225054 -0.007732811755378455 -2.008979080240433e-05 -0.00019924689589549455 0.9999999915729878 1.694088487921156
1.0000001289045235 -0.00013653787282300796 8.710145880246267e-05 -0.00952036582498709 0.00013621378309852558 1.0000001260532678 0.0001204322428203707 -0.00927556525586492 -8.670342888389442e-05 -0.00012116723642004294 1.000000005782975 1.9293982325068821
0.9999997535275005 -0.001026356181407728 0.000264843306089771 -0.011376214469256156 0.00102600041809683 0.9999997934098023 -0.00010332918876301683 -0.012763385607911983 -0.00026437346159389016 0.00010296380545823748 1.0000002559088683 2.376386219036834
0.9999986809948287 -0.0018020593627388413 0.0004078827253455096 -0.014504551851427338 0.001801888418638256 0.9999987392336842 -0.00029507973415877925 -0.01610399665939925 -0.0004069870677664717 0.0002951107762570849 1.0000000791773127 2.810427395861029
0.9999973091042113 -0.0023858224175688936 0.0006064480500737109 -0.017791817975749025 0.002386041493581216 0.9999970459109663 -0.0004478018565097384 -0.017809786851008175 -0.0006051490689865971 0.0004488152818844068 0.9999998936958504 3.0277133425724214
0.9999956106929319 -0.003046469495020207 0.0007091425368944946 -0.020307127986817088 0.0030472789973570486 0.9999949225423582 -0.0010017622738522965 -0.02274412940451762 -0.0007059566467522152 0.0010034935770184298 0.9999994644058205 3.443888753946078
0.9999961401651531 -0.0028065834619259438 0.0008243835418789789 -0.02372866978783577 0.0028079027015842635 0.9999952622314449 -0.0013914058122265214 -0.027855237129785597 -0.0008203099220443799 0.0013931087880142182 0.9999988733241151 3.8482677890598693
0.9999956958609392 -0.0029239573956092286 0.0008906363386935733 -0.026806379655165108 0.0029256831559580656 0.999994574861989 -0.001519548900551896 -0.02998105459593998 -0.0008861281864785947 0.0015216229720186915 0.99999858089093 4.051235434129588
0.9999958767053447 -0.002868647407389888 0.0008017036094377735 -0.03069394625818811 0.002870384138997883 0.9999945720634169 -0.0015494027079484627 -0.03343978132202155 -0.0007973416733779732 0.001551405884904656 0.9999984955340674 4.446645918210822
0.9999953127000222 -0.0032431747925787484 0.0007613334656158949 -0.0339727184144004 0.0032445184296030554 0.9999939196153563 -0.0015847454001168587 -0.03669986926568917 -0.0007560963129445042 0.0015866633450192136 0.9999987115715852 4.8319851975600265
0.9999946788030051 -0.0034157524464744266 0.0008587570820016815 -0.03755156188819234 0.00341737542674168 0.9999930970094035 -0.0017499223372859764 -0.038854833838899074 -0.0008527393166450708 0.0017522860092172106 0.9999983757348567 5.022254917083342
0.9999878756806928 -0.005138911134923721 0.00040482303493203124 -0.03895953072909183 0.0051398742397894635 0.999983541915331 -0.002824078268469815 -0.046799985100252586 -0.00039021208878793395 0.0028252789385985093 0.9999963500044096 5.7533585620601055
0.9999862828206294 -0.0054278187311996885 0.0003772429865346673 -0.04173979215378868 0.005428753327403777 0.9999819004565164 -0.002879637998362002 -0.04879167920047562 -0.00036147096614305837 0.002880764196835305 0.999996204308071 5.929644950119556
0.9999868073544856 -0.005265728081923652 0.00036730550904607955 -0.04137733268438196 0.005266955897835448 0.9999818838918462 -0.003107830974834988 -0.05345157541750435 -0.00035102924087803447 0.0031090792793653033 0.9999954319307252 6.30039206835807
0.9999868096822921 -0.005180306013433597 0.0002806481230582338 -0.042914921056875936 0.005181776822373001 0.9999813480872203 -0.0032906782567018377 -0.057614628447489234 -0.00026400245199583746 0.0032918546309077547 0.9999945379956288 6.634749434901412
0.9999875028809242 -0.005009962599863744 0.0003125669728457343 -0.0460424537447548 0.0050118594969548935 0.9999812474817725 -0.0034805630399395494 -0.0602275940805009 -0.00029576495442580077 0.0034818568683627604 0.9999936657964561 6.798783770751259
0.9999879333688438 -0.004919783704836652 0.00018898169210566763 -0.049000671670954496 0.004921393446702612 0.9999807235461098 -0.0037614452611033234 -0.06526763818637214 -0.00017120747833388735 0.0037620894866855093 0.9999927269355696 7.124062132125107
0.9999881721707548 -0.0048210171698175215 0.00023733554272593028 -0.0519180041607238 0.004822748364387397 0.9999805599540885 -0.0039338827981497595 -0.069332747134707 -0.00021908378051099827 0.003934745982539439 0.9999920691848675 7.4256107757069465
0.9999887070436425 -0.004680878282951529 0.000329287014490513 -0.05554181576712141 0.004682921368660514 0.9999809599302572 -0.003973105907262551 -0.07103370811304516 -0.0003113959898127963 0.003974530400094506 0.9999917737939594 7.568452438537647
0.9999881321501487 -0.004807779267078522 0.0002686263514237337 -0.05812624244047123 0.004809783591195418 0.9999801682390028 -0.004053259722917683 -0.07483860491018283 -0.0002499157495471037 0.00405423135122351 0.9999912965409656 7.859448460941029
0.9999887568553828 -0.004727844784497896 0.00026457636023999407 -0.061300087111012154 0.0047296604101474396 0.9999806892665378 -0.004078701634117027 -0.07813531690444639 -0.0002459788930922761 0.004079335481217263 0.9999914329360395 8.14455812819453
0.9999887155067587 -0.004702603077540683 0.00041737896375632674 -0.06386675890900373 0.004705250684301605 0.9999803754655242 -0.004067040219964023 -0.07948404960400372 -0.00039914440212095376 0.004068628384821943 0.999991141933529 8.279225556127463
0.9999889512252045 -0.004798528396023582 0.0004923496867589304 -0.06587503061585583 0.004800979080054548 0.9999799545774709 -0.004235400769449725 -0.08312099911168468 -0.0004724867229363084 0.004236961833878661 0.9999909027365897 8.542936276011558
0.9999881054109178 -0.004952734463253326 0.00046032624463656214 -0.0686655171130451 0.00495565810708913 0.9999775653709103 -0.0045117026502712885 -0.08703461374144117 -0.0004386908061847753 0.004513595775849257 0.9999895100471551 8.800203764396002
0.9999881923373377 -0.004896208110269248 0.0006220507170951472 -0.0720652960571733 0.004899791062320069 0.9999773392736555 -0.004623047565287213 -0.08880765365937532 -0.0006000558638597207 0.004625715963347281 0.999988933160597 8.920468916293165
0.9999880544474952 -0.004894276262614968 0.0006672897399218179 -0.07439157873101979 0.004898206290176585 0.9999762798457889 -0.004854061876376186 -0.09261464553609336 -0.0006441710127560581 0.004856769738760386 0.9999877178526291 9.16205294199413
0.9999886120727094 -0.00474853219923019 0.0007200913534791667 -0.07727893667188863 0.004753056928093888 0.999976022401664 -0.0050045133330620705 -0.09589651074431053 -0.0006970603627182721 0.005007562066211812 0.9999868927447338 9.384796210394033
0.9999899861357516 -0.0045087200927727365 0.0008911612662555095 -0.0802020218227067 0.004514008950083954 0.9999767786875615 -0.0050803528780628505 -0.0970888230055867 -0.0008687588212929837 0.005083985903865685 0.9999866283291046 9.486045273811015
0.9999914510887199 -0.004130643240517811 0.0010260074314359293 -0.08262681478163263 0.004136951047717825 0.999976446894626 -0.005421694738235647 -0.10071562304548454 -0.0010041917841042928 0.005425961091713011 0.9999847144363072 9.688887223053188
0.9999930869768129 -0.0037373477114198334 0.0010148306939130954 -0.0842873383297073 0.003744065763233366 0.9999753315247447 -0.005883285912474212 -0.10475792600516833 -0.0009933892238667811 0.005887047235071099 0.9999821040223359 9.892910632330707
0.9999934311922174 -0.003610144117813217 0.0011440940803263335 -0.0851756294619423 0.003617749595762321 0.99997477940285 -0.006037414736469347 -0.10600849697747396 -0.0011229406650294532 0.006041353196697672 0.9999810659640632 9.978999190077971
0.9999938709208545 -0.003457526734117539 0.0013457343888662247 -0.08547507859892924 0.0034664984521620185 0.9999742666952549 -0.006193323629051997 -0.10871501696732602 -0.0013248151709818307 0.006197700130286917 0.9999797746366662 10.16596141683496
0.9999940578717454 -0.003282420637826823 0.001478411499657697 -0.08698658687759166 0.0032927697993133734 0.9999737888681056 -0.006338833100080765 -0.11142954669381724 -0.0014582759159015419 0.00634364473361543 0.9999786352387449 10.339278317641766
0.9999942898549272 -0.0031665629434220128 0.0015795030846965437 -0.08854299062679279 0.0031774199675615265 0.9999734694271604 -0.006430170002215321 -0.11264604088934725 -0.001559622210121907 0.006435175008980224 0.9999777875160092 10.415692019290839
0.9999950425582038 -0.0029986365836804515 0.001666602458188977 -0.09088604628518043 0.0030104578335076976 0.9999716065850076 -0.006821221866863231 -0.11624260808806633 -0.0016464103563521289 0.006825823214870281 0.9999752545080454 10.57078589151708
0.9999945589441388 -0.0029554040416172205 0.0017121050247179087 -0.09318403750225211 0.0029689711465040423 0.9999662404833691 -0.00756487439889572 -0.12041421916545601 -0.0016901751879275246 0.00756977760069719 0.9999697485532228 10.715811481282701
0.999994306691695 -0.0029207604800051946 0.0018496715757425398 -0.09489012771634171 0.0029356758482202237 0.999964789709675 -0.007745897971064402 -0.12186538939114432 -0.0018274022042407754 0.007751328078058906 0.9999681435124477 10.79006904015861
0.9999942770093327 -0.003065626787418253 0.0018954699288246093 -0.0970273045201523 0.0030809787555113317 0.9999632036384768 -0.00795729661908673 -0.12500319215246256 -0.0018712199252226224 0.007962859149392567 0.999966659669023 10.937948335339648
0.9999947863857434 -0.003023820078352311 0.0019466108677704736 -0.09871008818338604 0.003039335266012191 0.9999633413684504 -0.007986375281939604 -0.12755862504693777 -0.0019223967311710571 0.00799160080365922 0.9999664505432085 11.093040796902415
0.9999957053437761 -0.002727830921550562 0.0019337502793415136 -0.10112498788361592 0.0027439282495636246 0.9999620134004766 -0.008227597463433411 -0.1319778046650005 -0.0019114057479984049 0.008232450829487589 0.9999644895699071 11.315863580147404
0.9999964878007492 -0.0025383475896065687 0.0019194770633804241 -0.10414176734103375 0.0025546024690281076 0.9999617769267227 -0.008304940513123547 -0.1348690770552295 -0.0018985400946209482 0.008309481836565661 0.9999637616215927 11.46405164105336
0.999996415124738 -0.0024917468190092176 0.002019560497319475 -0.10582260028279239 0.002508701875474767 0.9999617653036561 -0.0083780270170257 -0.13638978336577093 -0.001998583751637176 0.008382500036812937 0.9999630817207632 11.53849884032104
0.9999961409860149 -0.002537932578436822 0.0020986270770319716 -0.10754523976653824 0.0025558483914678997 0.9999596382599134 -0.008617550875694041 -0.13989762525804955 -0.0020765712498272268 0.00862249314979447 0.9999609153571272 11.688888664925432
0.999994940836653 -0.0027693262816044 0.0021064747040522415 -0.10983082392174408 0.002788088257255903 0.9999557380954356 -0.008938666681530299 -0.1436728679230585 -0.002081630830671408 0.00894446532355436 0.9999577740258127 11.837792067733222
0.9999948893875402 -0.0027702440054468095 0.0021866690801881318 -0.11141766667509352 0.002789696286637408 0.9999553123246766 -0.009012411885216174 -0.14515286890992904 -0.0021614601321830167 0.009018435930166463 0.999957184309441 11.909573813114955
0.9999943162800241 -0.0028410358894023478 0.0021406330550283203 -0.1113342249572557 0.0028604439433729608 0.9999539492907135 -0.009101792818842184 -0.148396209282312 -0.002114685258161178 0.009108168090521254 0.9999562409727903 12.075378239905614
0.9999943713906186 -0.002837493892796358 0.0021755355336675352 -0.11194294010859272 0.002857183910680469 0.9999535889547854 -0.009155515020486138 -0.15125284527616104 -0.0021494064688615776 0.009161922965662116 0.9999557964637127 12.216706168048852
0.999994743878375 -0.0027523670858284107 0.002280274042228832 -0.11244876856915069 0.002772909513780619 0.9999535235287939 -0.009201886595153141 -0.15262321674648774 -0.002254521469347322 0.009208439477224429 0.9999553824396668 12.289587818925241
0.9999954472920359 -0.0025341157485488145 0.002235167827377622 -0.11497452907617975 0.0025547342073173156 0.9999522238802173 -0.009402184997086204 -0.1566235071694941 -0.0022109014306217357 0.0094083297788021 0.9999535228050704 12.446975822597771
0.9999962980017071 -0.0024004009155986685 0.0020596973007489597 -0.1180847304515622 0.002419543184267418 0.9999510996319176 -0.00954567795807801 -0.1607021081930881 -0.0020363027913502326 0.009551167635270962 0.9999525060818089 12.589283774609639
0.9999963467253915 -0.0023591349402601654 0.0020552660436932643 -0.1191457627393011 0.0023782849177408113 0.9999509292482086 -0.009599211344220445 -0.16260378953219315 -0.0020321367979817106 0.009604340325053176 0.9999520041408806 12.656224252322453
0.9999968626560735 -0.002656525018502381 0.0015213439512558199 -0.1225522894451865 0.002670479274482076 0.9999493146189682 -0.009720310525551688 -0.16728444608203338 -0.0014949811144309441 0.00972424042222961 0.9999518791825934 12.798597227822661
0.9999974455131427 -0.0028720883002241564 0.0004881878020367497 -0.12768733206037153 0.0028761838704023657 0.9999450264151576 -0.010092774675180443 -0.1732541597987482 -0.0004587914796897411 0.010094063581687804 0.9999491742635129 12.950506016417455
0.9999969591274348 -0.0030721837364179228 6.429011326250506e-05 -0.13087912877796698 0.003071863195384244 0.9999435079505681 -0.010211424451579106 -0.17720572536637572 -3.24391786244987e-05 0.010211185588206021 0.999948183492433 13.04961252342551
0.9999874765064688 -0.004211752700123239 -0.0032227732740894304 -0.1389812899316834 0.004175893759651441 0.9999334527265982 -0.010785356469114356 -0.18405788899946385 0.0032684392123480026 0.010771349461207322 0.9999368101420567 13.189425819247198
0.9999517940635542 -0.0052412383521815145 -0.00845577723950161 -0.14927575892993028 0.005147946856631881 0.999926547751728 -0.010954304393936413 -0.19179840517530758 0.008512637298723374 0.010910286533087711 0.9999041116749591 13.352118253402319
0.9999370459410437 -0.005364361490842946 -0.00998958728683302 -0.15546808743791946 0.005253882403415153 0.9999256029343287 -0.010985343719310406 -0.19700693621114232 0.010047954002838774 0.010932274371501856 0.9998896681394953 13.446026559093669
0.9998393489561189 -0.005042611324492481 -0.017259278351706313 -0.17098307025992684 0.004843284670814434 0.9999213648715232 -0.011541065600618915 -0.20643507242319614 0.017315839327255517 0.011455967465801494 0.9997838686404416 13.621796952626488
0.999668823449444 -0.004914008370145798 -0.025291249966790663 -0.1883460899135291 0.0046093307202837155 0.9999161988746281 -0.012073172944364448 -0.2173272024001338 0.025348059564409428 0.011953086939421969 0.9996064021311252 13.788093682303185
0.9995770942708928 -0.004715398385682518 -0.02873157860743286 -0.1975180648524956 0.004367449003651408 0.9999166066925544 -0.012140953654175633 -0.22427429703042628 0.028786186086978898 0.012010589504443343 0.9995127565822668 13.885747380496134
0.9992726525261612 -0.004509613958427317 -0.0378926104584548 -0.2198503273620144 0.0040397571257448596 0.9999142717601023 -0.012447772596636299 -0.2360525008986049 0.037945462934625356 0.012285766996640237 0.999203770649327 14.075192477916056
0.9988202555616283 -0.004132715097085421 -0.04841095071589156 -0.24841204641593986 0.0035269624886749775 0.999914792344317 -0.012577098222836598 -0.24547508527349204 0.0484591005427908 0.012391423672490626 0.9987482762475367 14.28633761198561
0.9985024708228472 -0.004232524461534751 -0.054559269206062126 -0.26272530590767634 0.003558038061521749 0.999915956031108 -0.01244293602094666 -0.25265966411100016 0.054607173993035836 0.012230568737961042 0.9984324897637482 14.391285329525493
0.9977327081191876 -0.0035763960808116576 -0.06722131867677644 -0.29735577926471224 0.0027664462016733205 0.999922324554424 -0.012130464422979659 -0.2631837473838952 0.0672593121371603 0.011917431951711726 0.9976638184313792 14.606691275467549
0.9966424655625724 -0.0027888997958413365 -0.08184308309438515 -0.33748956785673706 0.0018277836180410427 0.9999284422465872 -0.011809499857338887 -0.27458247717397205 0.08187018740135746 0.011620406121018837 0.9965750497329633 14.823857147831541
0.9959123869831965 -0.0030543880739479917 -0.09028461157937531 -0.35912227895741566 0.0019819884131159486 0.9999262617355584 -0.01196171744619698 -0.2849522201495959 0.09031457102897592 0.01173407559323308 0.9958438666913121 14.938036319570735
0.9941699657047905 -0.002599229552613047 -0.1078042092651453 -0.41085001838622004 0.0013445235149110702 0.9999303018627126 -0.01170591684781379 -0.2972392029146669 0.10782723422549802 0.01149301618535989 0.9941028504589421 15.16065067772749
0.9918111523442951 -0.0017672558677987527 -0.12771047834970997 -0.4713905247370357 0.00025732271605639407 0.9999297814421744 -0.011835181094043568 -0.30918889038160846 0.12772236024330308 0.011705681902675085 0.991740441179092 15.397628812532979
0.9904927137166839 -0.0019586932931522413 -0.13755971475690132 -0.5028458153642968 0.00034556850128265453 0.9999307110210985 -0.011746200832886225 -0.31977327638312614 0.13757298046566863 0.011587193161573656 0.9904231754637207 15.518451320828309
0.987301489717809 -0.0008010027285728481 -0.15886319445610808 -0.5785940734652912 -0.0009571070179754089 0.9999388365421146 -0.010986656039694774 -0.32831467141758647 0.15886208840734795 0.010999324621098688 0.9872386518796248 15.765079839219753
0.9833877104899281 0.0013085207488024231 -0.18151992061014383 -0.6693571536682238 -0.0031842335114016006 0.9999441131953335 -0.010039613525873268 -0.3340414081384898 0.1814964480622487 0.010450964822218684 0.9833353539463227 16.037547584861347
0.9812743230873927 0.0018092050036814962 -0.19261275125775854 -0.7159901976442531 -0.0037164107545893496 0.9999471359674237 -0.009538680267318564 -0.34097708072133204 0.19258516260571765 0.01007621693255857 0.98122762091962 16.178470467256577
0.9762933460085154 0.002943786116454197 -0.2164378007044581 -0.821557579103138 -0.004843935966143745 0.9999538975440921 -0.008247714903542107 -0.3455017343132428 0.21640333049982569 0.009100850785748316 0.9762609954056847 16.46584230809259
0.9701487200396806 0.0035591020033563458 -0.24249067877213043 -0.9406796333823674 -0.0053940213819715505 0.999961354367812 -0.006901531988991149 -0.3485696153260019 0.24245648643173845 0.008003856817823141 0.9701285341926867 16.75922569715258
0.9665473361264584 0.003385327123857076 -0.2564713265435048 -1.0018632818232627 -0.005143079577853416 0.9999672949555236 -0.006181423502871712 -0.35555629339076045 0.2564416421202591 0.00729423986875007 0.9665312169175099 16.90490585647452
0.9581775478674742 0.0032924603345563163 -0.28615982034916987 -1.1416736833038985 -0.005016086639340561 0.9999733727302732 -0.005289428165621413 -0.3605782497523469 0.28613422152064233 0.006504083669827916 0.9581666821867723 17.204959542113382
0.9488312486177811 0.004713762374842184 -0.3157527338890546 -1.3019456978195223 -0.006353365735989953 0.9999711802317729 -0.004163266766486214 -0.3626169261370348 0.315723375195305 0.0059566264621905216 0.9488319035825501 17.515848576822634
0.9435384393514948 0.005418033023821306 -0.33122210255579565 -1.3872574365025776 -0.006896040849744823 0.9999707819471901 -0.003286963566359374 -0.36581482600753756 0.33119370588865665 0.005386077149668861 0.943545894881009 17.670130516726037
0.932401056403455 0.006706096803419944 -0.36136570891465064 -1.5667608984585033 -0.008189582967270381 0.999963114568695 -0.0025730050376089973 -0.367719181023558 0.36133414968523914 0.005358933343309337 0.9324195236796798 17.9715490751533
0.9194914359638754 0.007817749210022292 -0.3930346664852352 -1.7706820704079897 -0.009178379315173893 0.9999564740501319 -0.0015815907176386047 -0.36940681591379004 0.3930041987508032 0.005062248363305634 0.9195211200682396 18.300995669589025
0.9121037952829574 0.008490920521385673 -0.4098734284079623 -1.8752722598836113 -0.009516063708072812 0.9999546047792144 -0.0004606028744743424 -0.3725946886184881 0.4098498261757555 0.004321113536415898 0.9121415324089838 18.463903372730574
0.8965987820627866 0.00919532263984948 -0.4427500046649843 -2.10218949664886 -0.00972952096272354 0.9999520913117208 0.0010656096617067826 -0.3744080608545497 0.4427373694802268 0.0033529070432889814 0.8966437834482816 18.79313170365604
0.8795739565854716 0.009435154711195192 -0.47567007580385834 -2.3482014553163255 -0.009577786391500089 0.9999519971406037 0.002124672856377848 -0.3769041539997964 0.47566611314785334 0.00268755718702365 0.8796206081257189 19.128259294697163
0.8703876533335739 0.01004997092872363 -0.4922660711376119 -2.4603881345552807 -0.01000142548979289 0.9999463958827753 0.0027312858593616153 -0.3811323605788996 0.4922658626033618 0.0025465490423131963 0.8704398986968648 19.268373322499695
0.8508526265747497 0.011934083658616125 -0.5252705750149527 -2.7315461166060118 -0.010997965873990757 0.9999279477883221 0.004902966016272433 -0.38037392372572615 0.5252895144556013 0.001605542278326796 0.8509210442849634 19.590548989289353
0.8299505654885915 0.013936220237833797 -0.5576645248505111 -3.0216289654334796 -0.011842815605200641 0.9999029759588568 0.0073627214771509785 -0.3787377459466448 0.5577111540819376 0.0004939987589722456 0.8300337142011885 19.911346718182983
0.8188949816667408 0.01522042810343265 -0.5737426807543373 -3.160488201477359 -0.012801095520345064 0.9998839590790556 0.0082541020629721 -0.3809397367958277 0.57379999559709 0.0005854798354413238 0.8189934023938747 20.057536880464273
0.7962773256220766 0.016730616559093185 -0.6047007398118776 -3.4647223669922242 -0.013939773036133333 0.9998588106007235 0.009308548260517802 -0.3824513234380479 0.6047698917953589 0.0010173960801068086 0.7963973255063108 20.35733664046992
0.7726154962209789 0.017672422117500454 -0.6346282469829171 -3.7752844719066716 -0.01448827075591528 0.9998418588388458 0.010205175376779587 -0.3841779858578643 0.6347073674826126 0.001310175672360221 0.7727489281506033 20.64425362521332
0.7605825444276506 0.018688171170387246 -0.6489728508968649 -3.9193801674194826 -0.015341973188682634 0.9998228734353167 0.01081173623079425 -0.3886660804253079 0.6490591803580595 0.0017331709984820113 0.7607346177872165 20.770695161797505
0.7362583927969564 0.019963380524422796 -0.6764073798457648 -4.228810190722078 -0.016578224146046698 0.9997962788580395 0.011462371734682569 -0.39091299607596447 0.6764971503346918 0.002774125210636583 0.7364390084718557 21.020691394398312
0.7115719120470337 0.021215029703155502 -0.702294776521783 -4.5580231607293005 -0.01748811467175282 0.9997689534217336 0.012481264919872394 -0.3904423679843469 0.7023955726832377 0.0034002254681307843 0.7117779536999892 21.275580368694815
0.6990398347891866 0.02222222081608288 -0.7147394518967994 -4.715129952939893 -0.01808631324307803 0.9997465474652579 0.013393631493768618 -0.3933132678915472 0.7148539327609263 0.003564016147147176 0.6992646483607252 21.393904317874583
0.6742940677044386 0.023258125253148125 -0.7380981051778674 -5.058154204308617 -0.01853106079798941 0.9997219017644974 0.014572560218609625 -0.3859838337769544 0.7382298238513528 0.003851303114101134 0.6745377756099694 21.629093489962585
0.6502971064501949 0.0242777972578582 -0.7592943404312174 -5.388435143179199 -0.01900499385944917 0.9996971996730949 0.01568638116613965 -0.38020615629029497 0.759442167146018 0.004229529066856971 0.650561038762718 21.84357549701252
0.6390035858971304 0.024875195096066154 -0.7688038019720363 -5.5481961685845915 -0.019039160217657856 0.9996830212236246 0.016519601210200296 -0.3830107590448133 0.7689682567124574 0.004081342216076833 0.6392739154762772 21.94882654121913
0.6162658315890533 0.02533568101461368 -0.7871329919446227 -5.878492084641496 -0.01883025155857038 0.9996712755023572 0.01743260730463919 -0.37926042962140416 0.7873133418764507 0.004078825132212571 0.6165395636995237 22.153177071398133
0.5954758841507136 0.02582337547508092 -0.8029605469552388 -6.200551710191526 -0.01876486824108121 0.9996586157781968 0.018231950600722514 -0.3750257013852675 0.8031542882704523 0.004210847904091354 0.5957563065982059 22.343251958377113
0.5862970384182205 0.026034801940073043 -0.809679937522052 -6.356208782820206 -0.018563038022521655 0.9996536445306287 0.018700696062019403 -0.3779953911653099 0.8098837804572949 0.0040661749089036785 0.5865761399458387 22.435450193623634
0.5682966731418736 0.027240202718316467 -0.8223749921332993 -6.676812432433556 -0.019790636764216316 0.9996162612688718 0.019434089862810842 -0.3746386249546399 0.8225859873677149 0.005231266105416266 0.5686166526128114 22.612900876699978
0.5508815422183304 0.028323497989544845 -0.83410564952262 -6.998943427779443 -0.021060856635735568 0.999578862170322 0.020032152312366436 -0.3713634778774696 0.8343183719683362 0.006531873989176511 0.5512454079488779 22.784438139464257
0.5429630038615655 0.028308900539611624 -0.839282551742741 -7.148633610388443 -0.020846508575115073 0.9995796388598585 0.020228643893856896 -0.37429590274059066 0.8394989065532872 0.0065128125921449205 0.5433245167050814 22.864759173266542
0.5281027677953745 0.02900933525280065 -0.8486883748379815 -7.441299462636341 -0.022125238354251796 0.9995490040846751 0.020397857787488344 -0.3750715932338523 0.8488934119142852 0.008005422747328659 0.5285063087488162 23.01205297067829
0.5141038710079225 0.029357085384644023 -0.8572292206143184 -7.735297901412046 -0.022432094300534392 0.9995345656317925 0.020776860475991928 -0.3755721051647006 0.8574358161339936 0.00854808017998385 0.514523178900865 23.157459744715773
0.5066035404331763 0.02907449056713612 -0.8616929982401129 -7.8710003131307085 -0.022003234174908032 0.9995438911089186 0.020788955046192013 -0.3799339770270421 0.861900169214701 0.008428154330530098 0.5070127685855096 23.22327175399187
0.4928953997489264 0.028266150993656883 -0.8696336139810731 -8.14975721175134 -0.021612907343100164 0.9995636854842859 0.020238887159252514 -0.38365944047382367 0.8698220100471489 0.008819568176232636 0.49329191442436265 23.35308645036759
0.47990178690665436 0.028550080447880332 -0.876862151687956 -8.406654345627027 -0.02237513436864233 0.9995458945167338 0.02029801440249065 -0.38757668134461226 0.8770389529744158 0.009878631717349548 0.4803234609294681 23.466596888704213
0.4729520681231987 0.028414026003591875 -0.8806344707289464 -8.528540944445416 -0.022012432953029726 0.9995513180523692 0.020428034436300063 -0.3923026529195157 0.8808155106879582 0.009723065388620396 0.47336656401825433 23.520456895562873
0.461248233321649 0.028638479038065805 -0.8868130305625428 -8.761444456134333 -0.021996756398028103 0.9995430795512112 0.020837038668322174 -0.3960360042242689 0.8870005899677187 0.009895698208324654 0.4616684026363852 23.617168482847074
0.44983492419681737 0.029060955762514072 -0.8926431614714548 -9.00975400550003 -0.02224473875009892 0.9995273542120815 0.02132957457185346 -0.39469305472985416 0.892837077618775 0.010261450570928872 0.4502698574930828 23.717703510369503
0.443616940999326 0.02903435024440106 -0.8957504985057504 -9.119336700741828 -0.02205160297896447 0.9995284992330244 0.02147583587380319 -0.39701496398545355 0.8959477116780419 0.010225265050588383 0.444049120207158 23.761123710037577
0.43297870663357807 0.02860743878342767 -0.9009549464006994 -9.330635433740708 -0.022153342936161398 0.9995346225194753 0.021089628265123745 -0.40219065231718615 0.9011349028820285 0.010827178039614398 0.4334124051006988 23.840458776374636
0.423192610755719 0.028492944797459688 -0.9055965940219012 -9.546494612814355 -0.023086411314279697 0.9995225834315843 0.020658117832183482 -0.40754078936314503 0.9057488030172858 0.012163950465528078 0.4236497780399747 23.91992909934617
0.4179081732179681 0.028443625099687418 -0.9080489165802912 -9.656638661515368 -0.023187302206091807 0.9995205666369629 0.020635889440804515 -0.4110362737737221 0.9081967292124901 0.012430479772552227 0.41836878257265225 23.961433702436953
0.4092414975737413 0.02762904412049146 -0.9120127749489682 -9.86490030960325 -0.02198880576945916 0.9995522387187588 0.020412457591852656 -0.41519300140385124 0.9121648601381585 0.011699695387449617 0.40966727569678346 24.036884807302094
0.40038874701948163 0.027037807290389557 -0.9159517772799162 -10.0627709980694 -0.02145719030413122 0.9995695056921508 0.02012497324461483 -0.42021225502144893 0.91609810760494 0.011595176652236479 0.40079822781240015 24.104807451934082
0.3962156965408135 0.027162484633786857 -0.9177611351579205 -10.170024563235401 -0.021867150588055554 0.9995603022803409 0.020141473031790497 -0.42340637239278994 0.9179015825450797 0.012087544972252973 0.3966372853718264 24.141791552840623
0.38742722256856293 0.02726781134594486 -0.9215024208578801 -10.368857829538372 -0.023344982194794847 0.9995345040065001 0.019760525515049625 -0.4277316325801142 0.921609326908069 0.013855893221015148 0.3878851266378047 24.204718028622416
0.37800528458527566 0.027762892077025293 -0.9253924309491103 -10.575831196736564 -0.024370845363660767 0.9995048144000452 0.020029647433843847 -0.4298780345544199 0.9254871913298002 0.014980315475349329 0.37849644299719337 24.26850153189322
0.3740230706508917 0.028154323547801865 -0.9269971977725039 -10.679233659229107 -0.024972065543121612 0.999484963798247 0.020278361563318328 -0.43180265648320876 0.9270875576691493 0.015563429320236861 0.37453532409549145 24.300558142356927
0.3650741300008583 0.0281569533300072 -0.930557768913285 -10.881432024844878 -0.025426518058091516 0.9994738406511369 0.02026500538819016 -0.4349958250149189 0.9306356060946817 0.016261471506105588 0.365599708548377 24.36120032087758
0.356269166836252 0.027260746244350677 -0.9339907093761483 -11.081913690547376 -0.02553566772218549 0.9994875458092752 0.019430218768074218 -0.4407819758541164 0.934038727787803 0.016926778659928955 0.3567841882893617 24.420089745833028
0.3519217499964936 0.027057800673334777 -0.9356434537110281 -11.18677855807696 -0.025259083037364904 0.9994950902450107 0.01940179841221275 -0.44421607510462596 0.9356929145206677 0.016804607530210174 0.35242908046063814 24.45126913760774
0.34285061201108447 0.026766032425723896 -0.939013695681137 -11.390016869750522 -0.024507014296815052 0.9995108584647309 0.019540845472755294 -0.44820266273899123 0.9390743877482642 0.01631170682678952 0.3433403004843094 24.50764017742158
0.3345175725279173 0.026656379546785507 -0.9420174142110973 -11.598495764892409 -0.024381397363779454 0.9995121975333628 0.01962364075400331 -0.4516559307768058 0.9420781354622347 0.016402259852612223 0.3350052925886603 24.565348194601533
0.33145255236516463 0.026667151816921315 -0.9430997124882501 -11.725338494878894 -0.024475233923401975 0.9995091664886182 0.0196585320756836 -0.4512426177041172 0.9431580428276903 0.01656581576448885 0.3319435008312724 24.604082963736083
0.3235088830301437 0.02638090119148874 -0.9458619600380995 -11.932155928261514 -0.024633291269598994 0.9995094977619065 0.01945013012839139 -0.45290017892095946 0.9459079810421953 0.017006573169509605 0.3240008473014468 24.66068604845388
0.3156970010995323 0.025914224847244902 -0.9485107184075993 -12.16031322335113 -0.0238629494092163 0.999529909587221 0.01936399331764671 -0.4544769680126857 0.9485635517761482 0.016520303485345975 0.3161676390591458 24.724192190830223
0.313424071636474 0.02585763714922867 -0.9492659943265633 -12.281760049435439 -0.023564503878263327 0.9995355704050098 0.01944475458159621 -0.45515727794241956 0.9493245131233407 0.016273792091478487 0.313888543362224 24.75786187966937
0.30687710138808666 0.025908911629568706 -0.9514011832016368 -12.533930790039028 -0.022601539486017664 0.999548205999017 0.01992802479564316 -0.45355752771517177 0.9514843207690367 0.015386983027391034 0.3073247861974782 24.828707339578155
0.3022778466382626 0.02667369874069998 -0.9528511608464297 -12.797349928701266 -0.022630126103202006 0.9995299292730515 0.020799499271502625 -0.4499729053280572 0.9529550549204417 0.015274962091704041 0.30274011289176406 24.90290698803315
0.30142362999567046 0.02685724320312051 -0.953116731698691 -12.919275294558908 -0.022817792573452362 0.9995227385557701 0.020947019659510836 -0.44856456385127014 0.9532214324262825 0.015432797934895201 0.3018935187392069 24.9349544764537
0.29806821389919436 0.02734109765319322 -0.9541576727370211 -13.172341682295203 -0.023205368852589673 0.9995045529996521 0.021389574033462252 -0.4454232173980576 0.9542665678396811 0.01576473463089269 0.2985558735367424 25.006894050341423
0.29538493111861297 0.027783395247707572 -0.9549787409812784 -13.434280246546214 -0.023480011636454884 0.9994888462327797 0.021813950144375656 -0.4412771849552915 0.95509334104933 0.015978389356897105 0.29588701894387 25.081357860998583
0.2950189738687289 0.0278765407913462 -0.9550891709809722 -13.567988376266507 -0.023616749930983953 0.9994845329634149 0.021875299143104505 -0.43875267688464425 0.955203285651608 0.016101157413928854 0.29552608008425585 25.117590483962363
0.29328774242120714 0.02837448766399475 -0.9556076877947991 -13.83480023247411 -0.024058291487449555 0.9994652482734653 0.022290740293487543 -0.43323935695557986 0.9557255730985778 0.016450988569355323 0.29381471968259404 25.193835273881902
0.29134673608635603 0.029001924100260815 -0.9561824524899659 -14.106368005381418 -0.024354946739988077 0.9994445910507728 0.02289095186695518 -0.4268366017952309 0.9563116970128935 0.01661662330084328 0.29189248847412264 25.270460862380823
0.2883656045464697 0.029911100024431293 -0.9570576737734786 -14.489006683348402 -0.024643849658243025 0.9994160407144116 0.023807582792230504 -0.4170108564812617 0.957207207842848 0.016718423928576878 0.2889355516621151 25.378103291357643
0.2853903312485446 0.030378202149544547 -0.9579342478096955 -14.754453391373982 -0.0243913193897806 0.9994071489304029 0.02442454742083751 -0.410695625175381 0.958104496186138 0.01639297057291206 0.2859634223297289 25.449403080374204
0.2837818788545218 0.03059004713862604 -0.9584051300058859 -14.886445303861246 -0.024127260498830017 0.999405437376247 0.024752586843296155 -0.4079605771781426 0.9585887134975069 0.01609752673588088 0.2843525866674533 25.480450426840694
0.27708564243553224 0.030823703077952024 -0.9603550618496054 -15.156639256108411 -0.022809858543521223 0.9994176527991017 0.0254941943401834 -0.40236027330877827 0.9605780077401347 0.01483974865919296 0.2776287769606838 25.546030782144893
0.2691781414144858 0.03090040065854849 -0.962599024421721 -15.42727471662339 -0.022137807823274062 0.9994227237933938 0.025889845795747626 -0.39895899107867916 0.962839899371695 0.014338988352038257 0.26970827165573436 25.608401751481573
0.2644478168399114 0.03139019973323157 -0.9638936791391697 -15.563528060901826 -0.022146433212683746 0.9994076115835389 0.026468657469655252 -0.3983913756724749 0.9641502063382175 0.01434517428481044 0.26498801698439206 25.636852633084487
0.25357235791625155 0.03165873441814881 -0.9668031785407712 -15.821014734726896 -0.02260880226149591 0.999388768347684 0.02679345806288939 -0.3969851791657423 0.9670566428904517 0.015061976948574078 0.2541350839746935 25.683260925942008
0.2405939453435827 0.031397642793444695 -0.9701231312479757 -16.07745735258074 -0.022049139393895918 0.999399084501023 0.02687422900465206 -0.39709858031818157 0.9703800780236141 0.014922289569834615 0.2411438546047963 25.72354609548744
0.23291689535691754 0.03104555839004175 -0.9720062098708918 -16.21564639111424 -0.02073663552394783 0.9994252836505444 0.02694975058376735 -0.3994839049343952 0.9722805533740321 0.013876589586235217 0.23342919833379888 25.74526014668182
0.21978453922980537 0.028555726961384125 -0.9751360648805013 -16.48082857924058 -0.017235672662651497 0.999532991544118 0.02538268982390588 -0.3998619400016413 0.9754017141397212 0.011225718046442089 0.2201767643232692 25.7819518985705
0.20563333231183495 0.027813618254967656 -0.9782393409558174 -16.73741071005685 -0.01689548584367943 0.9995517998331251 0.0248653936281825 -0.4020598670665621 0.9784886335756825 0.011412023056525658 0.2060137955728924 25.810202684824876
0.19766262180856553 0.02773137056765328 -0.9798832967586358 -16.867662766347422 -0.016484190431809622 0.999556323401187 0.024960210688725178 -0.4058998695482295 0.9801369713647993 0.01121629542591839 0.19803487408016895 25.823915497555554
0.18242194994908778 0.02780691552828705 -0.9828321173312055 -17.135497647823772 -0.016894531995658074 0.9995448385910248 0.02514136546895518 -0.40798594536728433 0.9830804816999626 0.012015643051046215 0.18281140695063725 25.84683295462771
0.16717729232544593 0.028000356134480285 -0.9855343538585911 -17.432242769944036 -0.018772856443333687 0.9995094983541601 0.02520997440893473 -0.4086228984845623 0.9857536377728134 0.014284181006142382 0.16762376070739116 25.8682832130098
0.15917583415049183 0.027923236462426504 -0.9868604847048619 -17.57839035262996 -0.01876520027226305 0.9995086203378349 0.025251194947554702 -0.41161092303936403 0.9870773085655355 0.014496738511591828 0.1596245532053586 25.87985340210379
0.14423850626143483 0.027961969298673145 -0.9891527044876027 -17.87559267219365 -0.018749551775954873 0.9995019853525987 0.025517264287887843 -0.41216382025211556 0.9893706921236376 0.014863096682971212 0.14469379203914431 25.89765171696264
0.12971868824155314 0.027819566138703716 -0.9911656511955642 -18.177165356139124 -0.018889993550327475 0.9994978840085549 0.02557790896927188 -0.4129613567696375 0.9913762167229878 0.015402676193194359 0.13018204263872576 25.91236920415077
0.12254886136496101 0.027661337719913894 -0.9920822457484795 -18.33744788784192 -0.01863303979047869 0.9995033340639379 0.02556315225439349 -0.41588548602259306 0.9922930752238851 0.015350253547157204 0.12300645758938221 25.921542664506678
0.11053519151141783 0.027208328019881104 -0.9935046307921463 -18.643079373322337 -0.018764105366105194 0.9995078481597022 0.0252818581934275 -0.4167923473039018 0.9937004710454174 0.015845295888393417 0.11099419187230256 25.93434075677971
0.09916458108290452 0.027365730809475675 -0.9946992318132066 -18.961778174849155 -0.018134735607042023 0.9995093308292163 0.02568705976532009 -0.4141562460136032 0.9949111125199185 0.015489097022033039 0.09961478119368031 25.945392509350736
0.09337280585358852 0.027856581600804654 -0.9952460675050091 -19.154274177993617 -0.01724242887974112 0.999507870464815 0.026355078957086418 -0.4112639033026541 0.9954876559848712 0.014697079033091026 0.09380959153386235 25.95480628031793
0.08460445441627373 0.02808261829625896 -0.9960234231243402 -19.47999366610644 -0.015463176586504493 0.9995234232972777 0.02686475174739513 -0.4047967628455705 0.9963005771600115 0.013126088859538428 0.08500089641393858 25.968184461484068
0.07714671734210651 0.02795490025106522 -0.9966326098200624 -19.831441036224906 -0.01362700429023304 0.9995475790175716 0.026978557391133272 -0.3984035778376011 0.9969332595496407 0.011496652527372144 0.07749535325349892 25.983742383531123
0.07577127973310505 0.02785443911696459 -0.9967411604571417 -20.00697343259718 -0.013422942917152564 0.999552587088852 0.026909077885865905 -0.3958922535426004 0.9970421308952203 0.011336638315504407 0.07611423911525206 25.987876514055337
0.07074525154076709 0.027695872942164305 -0.9971146610842175 -20.372979894599307 -0.01407470734549686 0.9995475046644352 0.026761354250855417 -0.3898391423086613 0.9974021232737279 0.012137254706028338 0.07110597650350085 26.003395436257943
0.06822470155780383 0.02779347239799154 -0.9972876354147562 -20.736881590853336 -0.014483834413892187 0.99953884130466 0.0268619114086499 -0.38154543269034924 0.9975721535874253 0.012608250563584883 0.06859880730167646 26.020348724532905
0.06793956073569384 0.027787554329541657 -0.9973068411346532 -20.92678840487532 -0.014702561828721731 0.9995356571365683 0.02684462232554222 -0.37618161895176977 0.9975880025993773 0.012835840606254265 0.06831940062102697 26.02767556194198
0.06615012275103974 0.02837445663814167 -0.9974105389372817 -21.289581543581395 -0.01473495466274678 0.9995186300672108 0.027453640484181745 -0.36510572943965475 0.9977079052674913 0.012877414591471067 0.06653918519871885 26.045360116890482
0.06458374333675791 0.028942634910868754 -0.9974970498221585 -21.671672598331178 -0.014728856540513488 0.9995027468683486 0.02804347276328847 -0.3532537854949043 0.99781113797741 0.012876965217123301 0.0649810159198571 26.063337024857965
0.06449091365075409 0.028938374582563663 -0.9975030098423989 -21.858282975518584 -0.014825429673759678 0.9995014047083184 0.02803428323010529 -0.347048443429053 0.9978156618289422 0.012976801604070354 0.0648907357144277 26.07052007189649
0.06460793134061327 0.02890067277353126 -0.9974966657377047 -22.21986294721132 -0.015067718025935435 0.9994993524612839 0.027979186356789813 -0.33749474231811716 0.9978044394626397 0.013218868959441982 0.06501390749910259 26.089196807035297
0.06478256595503654 0.02878234992534848 -0.9974887906113499 -22.582598885745675 -0.015243739523820993 0.9995004037893932 0.027846420932750547 -0.3284839391148231 0.9977908321199243 0.013397990990413975 0.06519188752408993 26.10861068279801
0.06499528305236019 0.028694534032576477 -0.9974772144446165 -22.757608398407243 -0.015435008786089803 0.9994997649772066 0.027743654442646638 -0.32269408613877393 0.9977736210507523 0.013589735720044955 0.0654083550069094 26.11616828906156
0.0656764239056962 0.02861467857283335 -0.9974351283797802 -23.11319095043953 -0.015987814503901663 0.9994949541305023 0.027617656645341236 -0.31311135769343 0.9977208184631868 0.014129583048522394 0.06610365092822196 26.136680683072164
0.06775769373851383 0.02863348164769743 -0.9972955282522018 -23.464077898002 -0.016490281203515422 0.9994883753878957 0.02757269640594639 -0.3034244190453427 0.9975737269915124 0.01457364454796212 0.06819830858091654 26.159449363721777
0.06861780148368087 0.028641770911119614 -0.9972365499031898 -23.639102245877837 -0.016735158014213648 0.9994846754314535 0.027551778041843222 -0.2965104531347019 0.9975106584381179 0.014794695081154021 0.06906491136246422 26.170181948651216
0.07167634148868028 0.028892247173881135 -0.997014188211445 -24.00097079489723 -0.0169078361677181 0.9994769408463872 0.027744960760496467 -0.2861219056021386 0.997293113677729 0.014864575725965333 0.07213052737465617 26.202812578393015
0.07611547759603121 0.02909225921084032 -0.9966792889826368 -24.342375969383383 -0.017089678108785263 0.9994699164570368 0.02786525401688657 -0.27617164184069243 0.996960928256783 0.014908055253418007 0.07657558201984196 26.235064404552542
0.07738864125588904 0.0290923691910011 -0.9965811600890124 -24.523183140228422 -0.017275326460559466 0.9994673074683272 0.02783209407033812 -0.2694100289284359 0.9968595819179836 0.01505872606198235 0.07785324846700557 26.251360008253226
0.08186185549398799 0.029190666960352905 -0.9962208939757088 -24.872472064253778 -0.01746046502163146 0.9994637779225932 0.02784790855896508 -0.26010270433232935 0.9964988649963498 0.015111006216028136 0.08233087460514399 26.284789963221883
0.08614215031523714 0.029282515711339118 -0.9958571377323275 -25.231806171081566 -0.01797829708017774 0.999455050710855 0.027830143177262994 -0.2505927257734406 0.9961284023483542 0.015502842247338382 0.08662494863105104 26.318786110548903
0.08742097903974902 0.02929528249280729 -0.9957455991096358 -25.410810481479487 -0.01833460670621177 0.99944994896899 0.027791257729478342 -0.24396077242988481 0.9960107200840379 0.015822942220567664 0.08791357792766216 26.33401453182404
0.09184685090361569 0.02947216262234577 -0.9953419200661073 -25.762989826491765 -0.019148674408168337 0.9994338062189347 0.027823058667193742 -0.23289498133731337 0.9955969611336337 0.016499907489551147 0.0923627475011725 26.368535313207115
0.09628438398220238 0.029697540054542438 -0.994915721830177 -26.10729853087902 -0.01988454926104148 0.9994173778819879 0.027904421233043698 -0.2221069541971937 0.9951632371046177 0.017092338537013953 0.09682227771379287 26.404792503110155
0.09744134294890229 0.02972588419502624 -0.9948022009502904 -26.27582297787327 -0.020298670671038396 0.9994100266906928 0.027871993832045954 -0.21540611199450074 0.9950423016868657 0.017472839105940476 0.09799079333280264 26.420981634952774
0.10129081184099673 0.02993783535091628 -0.9944112466380989 -26.603587479005366 -0.02089099420731902 0.9993948029245001 0.027956410626546625 -0.20470356773886383 0.9946450303544883 0.017938600378435157 0.10185866496535165 26.45665600770831
0.10505240512151529 0.030133925342118627 -0.9940149615964102 -26.911226478670777 -0.02123401971155273 0.9993850210740449 0.028049108424500407 -0.19504103089176 0.9942476120666276 0.018156303117967912 0.1056313709634817 26.492307550082977
0.10584892063384505 0.0300760416748148 -0.993932301946166 -27.069347552917318 -0.021402616791235687 0.9993838656218321 0.027958307129102942 -0.18916411323298463 0.9941596084444676 0.018309363201529212 0.10643110778200247 26.508814797579813
0.10903435185538377 0.029978282885243273 -0.9935907725404549 -27.357299207832284 -0.02167425055402526 0.9993828889555384 0.02777119565319025 -0.18151837745635116 0.9938089557362493 0.018503665351012406 0.10962056957549782 26.54310935863519
0.11250885087151544 0.03016576754397875 -0.9931974254928373 -27.663249534458227 -0.02184520216983308 0.9993758585623844 0.02787545184139004 -0.1724478142474122 0.9934176546204846 0.018557102947065973 0.11310137476731938 26.581342924801454
0.11336307366185229 0.030247918931048022 -0.9930974178829858 -27.80407611487005 -0.022085843909992374 0.9993691401523143 0.027914550443288725 -0.16610596602342656 0.9933148351859997 0.018766082508272237 0.11396313431217878 26.597278027659748
0.11752554243529152 0.030410659279205336 -0.9926085413360204 -28.105469818230358 -0.022576872242453833 0.9993579886134843 0.02794119949270801 -0.1569407331957359 0.992820153624175 0.019123022427304112 0.1181400405083608 26.636182281125453
0.1218193588721987 0.030083775056330694 -0.9921003753985548 -28.39829389999929 -0.0242990127875776 0.9993347434529618 0.027316171206296636 -0.1486022675236236 0.9922616487126754 0.020776279972385098 0.12247286526443829 26.676317913498654
0.12291441902018224 0.029964933223658178 -0.9919691525235624 -28.512494795136963 -0.02471086959850866 0.9993302660988084 0.02712188454232529 -0.1430778581584556 0.9921168789073066 0.021175121005322543 0.12357630350360721 26.691264615085014
0.12833052690455252 0.030079647063586203 -0.9912794680358648 -28.7847982964377 -0.02492901210189246 0.9993256388372599 0.027093126122992684 -0.13455630134658558 0.9914255133508124 0.021231175922827982 0.12899748877083822 26.73453654442791
0.13439664688910258 0.030236860700350608 -0.9904705395995455 -29.166637201830206 -0.02485631231192475 0.9993262229288278 0.027130854366415057 -0.12506286828624372 0.9906232934533663 0.020969784668475946 0.13506134978698564 26.798110231405087
0.13699006694012825 0.030221735830738755 -0.9901157777446805 -29.2925155150643 -0.02482092918325008 0.9993291342546585 0.027065117249758096 -0.12041925989017213 0.9902689531478827 0.020864235978140556 0.137652013128522 26.818557433110595
0.14356917953143175 0.029951109788720637 -0.9891913729288953 -29.632837932565554 -0.024355017035818716 0.9993501030956977 0.02672015982709185 -0.11297446518083669 0.9893482575406805 0.020251953634736485 0.1442089974980695 26.87961380159599
0.1501182064590982 0.029997102628535048 -0.9882171796277013 -29.85079572943058 -0.02465821309376541 0.9993462659083135 0.026585467773371636 -0.10633861000990177 0.9883683502622624 0.020373270535777227 0.15076323816664924 26.923774983648418
0.15318042704783688 0.030186471169231753 -0.9877412561111555 -29.93497141901563 -0.02488078599148601 0.9993379255317433 0.026678649988627182 -0.10103959344060567 0.9878923108049928 0.020486020976139732 0.1538336490521659 26.93931690827477
0.15974280054488676 0.030464755077652953 -0.9866923924666251 -30.178447804083874 -0.02495968461877017 0.9993319411315583 0.026810113147978595 -0.09254725831167024 0.9868501187349564 0.020341776561502396 0.16040033002638407 26.991824595712853
0.16671693775256602 0.030301924790923206 -0.9855431798867377 -30.39928440081004 -0.025164945981197808 0.9993362457109548 0.02646515170941102 -0.08626586182743402 0.9856907921091532 0.020385850352176115 0.16737255903290874 27.040557673828015
0.16993116160163813 0.030242857188564308 -0.9849957121782291 -30.49094393246219 -0.02521645509236921 0.9993381887765792 0.026329047127395668 -0.08117640205635834 0.9851404948145015 0.020360847937343888 0.17058507774963586 27.059420890919345
0.18588396247002817 0.029403966456543824 -0.9821356381615665 -30.909533064110978 -0.025308626901513923 0.9993668999499713 0.025126089146111214 -0.07290992580639288 0.9822532975846883 0.020182939191821892 0.186514067223941 27.16403994440678
0.18832469203923705 0.029427582391604493 -0.9816696652099883 -30.985747425934427 -0.02547710132186179 0.999363628475287 0.02506694877714857 -0.06899908759913267 0.9817832927273638 0.02028688596044438 0.1889582178204545 27.180282886074576
0.19480168566770883 0.02941762494192527 -0.9804051622518346 -31.178999821289306 -0.025724986272813097 0.9993618040743403 0.024871178617465392 -0.06244714817528551 0.9805120153618002 0.020373562631831918 0.19543789332911438 27.228608056344317
0.2013323828642604 0.029279221225658472 -0.9790893276340352 -31.362649515644296 -0.0258846565562585 0.999365530983252 0.02455908327212525 -0.05627221568597899 0.9791878251194728 0.020396416612667025 0.201966062267826 27.276177877658462
0.20380225747405809 0.029238841769941293 -0.97857931104007 -31.437519656681065 -0.026005584657895937 0.9993655460420344 0.024440166681203544 -0.05187012218665458 0.9786733728444791 0.020465318159378444 0.2044368035169137 27.29287847693916
0.2104009541438034 0.02885379378408567 -0.9771929765934956 -31.61822118104592 -0.0260569490131032 0.9993768660465988 0.023894173587805653 -0.04663440396292081 0.9772745148159336 0.020433466386001468 0.21102538082248587 27.342852760148563
0.2168055913812945 0.028636163991489137 -0.9757983095994813 -31.78649295992938 -0.026214621801692053 0.9993817575446279 0.023499236407721006 -0.04071094552036942 0.9758692613563459 0.020483989709860404 0.21742627336459686 27.39136825547345
0.2186311819432221 0.028662518951876048 -0.9753903325222114 -31.854373992096292 -0.026390656585484795 0.9993791951208714 0.023446885059550723 -0.03575154151140901 0.9754578381232463 0.020612898225559288 0.2192558284069623 27.408532919841676
0.2243582654341315 0.028659799496880113 -0.9740892296236934 -32.00981558858116 -0.02658113251537148 0.9993781323862126 0.023276151001631662 -0.029279040156634243 0.9741513106183729 0.020668198718297184 0.22498461793802302 27.452827316171923
0.22966839762421362 0.02878433627553549 -0.9728471844398024 -32.16382697852606 -0.026784002245019513 0.9993736700808341 0.0232406819228666 -0.022469835463993306 0.9729074635415477 0.020717071095007197 0.23029945366301316 27.496896021315443
0.23100237620971628 0.028880574651531432 -0.9725285845083356 -32.22995748705351 -0.026937901609405682 0.9993690160122032 0.023273733638072443 -0.017882192751581535 0.9725875185326868 0.02081938919024272 0.23163863604792917 27.513585585880982
0.2364249051387952 0.028913182639850682 -0.9712235634889372 -32.38844378115157 -0.02695893963836943 0.999370565861189 0.02318314484846325 -0.011691741479644266 0.9712830478627944 0.020699779667422997 0.23705954636678303 27.560199801154987
0.24101507952823203 0.029082408169302812 -0.9700895436150386 -32.51787084056729 -0.02705554206389 0.9993666315732678 0.02323273817555645 -0.005245642709191882 0.9701514851999166 0.0206447617237588 0.24165331482889604 27.599084377682782
0.2419546742775887 0.029144076029143692 -0.9698536621461026 -32.574144286326614 -0.027242942259439823 0.9993615246381425 0.023228899817349786 -0.0010808110276480376 0.9699123995932952 0.020799332442729527 0.24259815821328345 27.612864649209115
0.24631397107597447 0.029294749874111597 -0.9687509382267137 -32.706900263098596 -0.027465425340063906 0.9993553884729178 0.02323141444634327 0.004835201491151341 0.9688081445895065 0.02088306780479149 0.246963711646679 27.65246776188769
0.2502061986571517 0.029368586133935254 -0.9677507135580754 -32.82302934043652 -0.027627615454725817 0.9993523727278029 0.023179196431818924 0.010397869335796391 0.967805579615077 0.020935239621855527 0.2508594143244165 27.687685140516074
0.25107598447090884 0.02939814398356263 -0.9675241432852165 -32.873769545444915 -0.027806537742661258 0.9993476385322448 0.023143910143670614 0.014460039998307346 0.9675746162453809 0.02109128779378624 0.25173341791657033 27.700504190967344
0.25443584335711855 0.029506339526278933 -0.9666428638982708 -32.973051815749635 -0.027941438409014165 0.9993441057238981 0.02314460577707588 0.019967505974664575 0.966692710358552 0.021119199527247494 0.25509713408165846 27.731391837541167
0.25788499686295013 0.029670330378394692 -0.9657232764396197 -33.08399771360567 -0.02810858430850661 0.9993380993242285 0.023191710207742647 0.025934499987724464 0.9657733750455706 0.02116304833239003 0.2585520669787826 27.76558589826922
0.2587651202518422 0.029728762187339806 -0.9654860768163297 -33.133587526962245 -0.028304040345619997 0.9993328824479814 0.023179659816516082 0.029854423278633246 0.965532543494748 0.021327478852726182 0.2594377524054873 27.778238737189064
0.2617248895649583 0.0298214059112767 -0.964685052940497 -33.2240550514886 -0.028540109171154435 0.9993270134451385 0.023143708866550816 0.03481294393129592 0.9647275653900202 0.021473355386193084 0.2624036222787563 27.806638323333093
0.264275515832685 0.0299744905201196 -0.9639844989399763 -33.33736126006931 -0.028745172829932764 0.9993194198111566 0.023187382547909648 0.03854496466996726 0.9640258071235105 0.021580871105541192 0.26496121397443484 27.84148675338456
0.264829223642718 0.02999264718385672 -0.9638319852484406 -33.36900253293212 -0.028956232608142174 0.9993145010988972 0.023135426434034587 0.04146706959215022 0.9638674710903781 0.021780650941672294 0.2655202002576701 27.8508843201739
0.2668693308134007 0.0300541687905802 -0.9632673833309843 -33.44542219607312 -0.0291537494630971 0.9993099032983437 0.023096558436658896 0.045702759551403446 0.9632985799749901 0.021917837859829863 0.2675652649015415 27.87567042370574
0.2686202303573785 0.03010208521082776 -0.9627792416215328 -33.522804251078576 -0.02934271811242085 0.9993058933885133 0.023051929945731478 0.050009642522111195 0.9628063017717158 0.022056719629315564 0.2693209537835119 27.899706458177718
0.26908652518599147 0.030099243672972835 -0.9626492984773015 -33.56838098998541 -0.02954832092145264 0.9993017513779541 0.022980147771787765 0.053493013408637005 0.962670061832169 0.02225905200013927 0.26979207757797385 27.91200796379732
0.27068368601563414 0.030096356868154296 -0.9622015842224607 -33.64002493715375 -0.029848919083151283 0.9992958651479432 0.022854017368717738 0.057371341985833525 0.9622128992566187 0.02253254626593836 0.27139549403825186 27.93405719022641
0.2722620966753474 0.030031685454420507 -0.9617580686206723 -33.70933348611124 -0.030077201985218273 0.9992928052759432 0.022683561566075296 0.061100698589426926 0.961760292491379 0.022749306705027155 0.2729768287851022 27.95537169837294
0.272727306240073 0.029995959961867866 -0.9616272734188058 -33.75544178118433 -0.030292196890666912 0.999288820063629 0.022573874524913187 0.06438910159942204 0.9616216851908097 0.02297149987708447 0.27344590291173415 27.967839256559646
0.27414858499576966 0.029977182925580603 -0.9612236238676372 -33.82469560183801 -0.030474554404227396 0.9992860664155493 0.02246671079218006 0.06808725662562196 0.9612120966522492 0.02313135881874065 0.2748703726106333 27.98946445721826
0.27539187652476427 0.029998670206113874 -0.9608673507057434 -33.88698954164612 -0.030652122313662947 0.9992817438375319 0.02240693383378603 0.07189054737617458 0.9608508039754191 0.023279934446274752 0.2761174904723906 28.009080299498336
