1.0 0.0 0.0 0.0 0.0 1.0 0.0 0.0 0.0 0.0 1.0 0.0
0.9999921321868896 0.00045293569564819336 0.0039628297090530396 0.009610485285520554 -0.00045418739318847656 0.9999999403953552 0.0002187490463256836 -0.002131332643330097 -0.003962844610214233 -0.00022046267986297607 0.9999921321868896 0.6735258102416992
0.9999729441505569 0.0004759142174601827 0.00738754719617063 0.021035038177548385 -0.00048810391032994005 0.9999990404138082 0.0015480150252233926 -0.0015696343817439423 -0.0073871644012606374 -0.0015513271405094287 0.9999717128865604 1.358139688642424
0.9999593166799319 0.0005387305000347656 0.009034374588980772 0.02550614414733228 -0.0005559195325339558 0.999998557968648 0.0018382884019714604 -0.001184481179584238 -0.009033822730042855 -0.0018429675310633932 0.9999579045126541 1.710366383531466
0.9999123248999131 0.0008213694898055306 0.013255454670592953 0.03868352161748238 -0.000858924620716271 0.9999962992453872 0.0027807462034915176 -0.0008997227374244196 -0.01325365700527121 -0.0027916622073119314 0.9999085562792531 2.403535310478326
0.9998490182286578 0.002202563940833031 0.017281369174245838 0.0530509986521054 -0.002277380048088966 0.9999887822637122 0.0042701757128460315 0.0008974405057810306 -0.017272497452722465 -0.0043088636961537835 0.9998419813734354 3.1103314754252165
0.9998135317643764 0.002405803618912271 0.019187746434085565 0.0603839243510929 -0.0024911502925649906 0.9999874614844014 0.004409263493866027 0.0013493028954485108 -0.01917781806253275 -0.004456130463407305 0.9998066475146873 3.465162003736069
0.9997209215952086 0.0023748657745366795 0.023544883080401424 0.08149655269015726 -0.0024806612797468246 0.9999878608214454 0.004433375261763631 -0.0007224837718389063 -0.023535098889207046 -0.004490227646783293 0.9997134979827166 4.127764817627887
0.9996203351804002 0.00236785053349782 0.027492598455340703 0.1043778464389609 -0.0024819112578963473 0.9999892854610164 0.004083767968623045 -0.004921434974446882 -0.027483666728878545 -0.0041501425355266585 0.9996145566712951 4.788682971162123
0.9995666849212765 0.002632646431467557 0.029355334224211098 0.11494018147119689 -0.002749213866262636 0.9999891531557268 0.003909099067784454 -0.006443853580479281 -0.029345882072632223 -0.003987813912712193 0.9995621885981644 5.146573724656282
0.999406921680986 0.004514825065861374 0.034197744195691285 0.13928623464335677 -0.004596045547152546 0.9999876380546977 0.0022819552407060007 -0.012823269900716198 -0.03418835120206534 -0.0024374391259178742 0.9994135124945638 5.80155714088613
0.9992290752707788 0.004225212399471231 0.039076242937463236 0.17177786722179855 -0.0043210889212239945 0.9999881754057921 0.002366496901382898 -0.016043826026560886 -0.039066971077799564 -0.0025333906099784358 0.9992343342349641 6.464230830133135
0.9991626177985931 0.004389720771999282 0.040721255853938494 0.18576899794816654 -0.00448498673867209 0.9999876254713671 0.0022485889976222497 -0.01797171670302251 -0.04071208053664918 -0.0024290370381268626 0.9991689690520444 6.812910772786184
0.9989989395818407 0.00391230593897644 0.044590959818788675 0.21850491712413883 -0.0039585471289260744 0.9999914393862431 0.0009577875972092316 -0.025097003054272937 -0.04458809302742239 -0.001132932974419237 0.999005568512544 7.432915783014593
0.9988038900533196 0.00317899989209261 0.04882240961533242 0.25582506770563185 -0.0031524037763208538 0.99999456398982 -0.000614496838933991 -0.03339394225121159 -0.04882535426295384 0.0004603024103578964 0.9988080549496287 8.065700359175821
0.998723476577358 0.0028106850895376406 0.05046344917224333 0.27403918500756314 -0.0027722463203681395 0.9999956302858632 -0.0008280842482574743 -0.035525635405665106 -0.050466855991402215 0.0006874410745423972 0.9987263934734079 8.402625691718939
0.9985334059250801 0.00046514742916366734 0.054165910410303816 0.3141021520222066 -0.00039343769541381134 0.9999988748299261 -0.001331884938579782 -0.040697214514303345 -0.05416773516769654 0.0013088316326535794 0.9985320304220625 9.04622199507288
0.9982459349738897 0.000268951378738685 0.05922713685439962 0.36224225111115 -0.0002376400481919656 0.9999996406151866 -0.000534951773485824 -0.0431086486877961 -0.05922836786125112 0.0005200751592898773 0.9982453463869042 9.688209701963537
0.9980937590684406 0.000309362229260146 0.06173949606255138 0.38715696646632336 -0.0002909801477964377 0.9999996916479753 -0.00030485598649451117 -0.04354458424752723 -0.06174066966812013 0.00028638518138418627 0.9980933007466972 10.025906141994774
0.9977440128789998 0.00012977658966856572 0.06715496952521789 0.43773927027948106 -0.0001319354716147918 0.9999996612975525 2.929255450996273e-05 -0.047387511150658895 -0.06715605486415079 -3.818440000340396e-05 0.9977435398411066 10.657116244786431
0.9973920925313117 -0.0019987595868887166 0.0721660178920587 0.4911668523067513 0.0020349051167953933 0.9999973975898028 -0.00042745025859884195 -0.05318130604577037 -0.07216613228324953 0.0005731424752776536 0.9973934261202504 11.287655689452217
0.9972125486412188 -0.002384291962179661 0.07459387450089336 0.5162514908799432 0.0024353191195183184 0.9999964517930257 -0.0005949242112966613 -0.05509628364782453 -0.07459336540210361 0.0007748360814799127 0.9972146970602624 11.601850100793303
0.9967511756723211 -0.004844430458096419 0.08041795182673854 0.573951001020479 0.004964928844431342 0.999986710933188 -0.0013042299818478336 -0.06043336791900795 -0.08041190688690279 0.0016993626514784982 0.996761160398771 12.223066543386173
0.9962510289901977 -0.0076496941059315685 0.08619499719814613 0.6337751596494053 0.00779969617140849 0.999968899577457 -0.001412279271909827 -0.06521850589536256 -0.08618304753595213 0.002079680309835296 0.9962782402262496 12.838954584928654
0.9960586946869454 -0.007606794229415374 0.08839334717466216 0.6615496979921258 0.007748437627872501 0.9999693880773691 -0.0012646740231267387 -0.06640664570445218 -0.08838269711758204 0.0019452314816361446 0.9960856790755226 13.149654646343508
0.995534136751291 -0.007721991020141303 0.09410667018599855 0.7263383054482491 0.007802240744396731 0.9999695647390594 -0.00048736694135598484 -0.06974937037008623 -0.09410160902492352 0.001219883856605665 0.9955630177703538 13.762659254258523
0.9949601316034857 -0.007859845663881926 0.09998533984999865 0.7952371738266156 0.007890487849506878 0.9999686553047389 8.800258470928783e-05 -0.07411744886526661 -0.09998456600306388 0.0007016842591784337 0.994989881622096 14.36365107714469
0.9946841526176177 -0.00774464344529663 0.1027062108365545 0.8289070848659063 0.0077413021274369154 0.9999699126176104 0.0004275277747832309 -0.07477047882684307 -0.10270810942142528 0.00037003930219180756 0.9947125965579133 14.673293501361629
0.9940507151894628 -0.00834604980643856 0.10862472228576218 0.9005834069121926 0.008207065976426982 0.9999651580010172 0.0017202651761680696 -0.07538224091048976 -0.1086370418893277 -0.0008181253621548935 0.9940825971484756 15.255202950690162
0.9933727919510577 -0.008496053059074908 0.11464689751548016 0.9766976982000896 0.008231192629981366 0.9999624935477072 0.002777948438087422 -0.07687885667165219 -0.11466780757699109 -0.0018156164690570295 0.9934036392266359 15.842731408753046
0.9929336805946872 -0.008539194421464544 0.11838613985655683 1.015870180434825 0.008223676583088231 0.9999612758376177 0.0031490790092795597 -0.07653484457880821 -0.11841006081831218 -0.0021530574699996263 0.9929637967899623 16.146023422721356
0.9921513411543647 -0.008859749993548573 0.12475035789340566 1.0985186902674156 0.008344517211687183 0.9999544157812948 0.0046469617680249455 -0.07564671782979418 -0.12478742046892881 -0.003569425038044004 0.9921782333472431 16.729030314693503
0.9913920065183345 -0.008913963565837013 0.1306445230297735 1.1807655596840894 0.008253985019227753 0.9999501568749551 0.00558719718552261 -0.07532216372190069 -0.1306894202437873 -0.0044609750053307565 0.9914144028939765 17.28872279923007
0.990957555049163 -0.00884707439393863 0.13390579634086983 1.2303869675472605 0.00815032129701108 0.9999502386679485 0.005746120481454505 -0.07345105805798519 -0.1339515551276602 -0.004603018861953944 0.990978454981069 17.61241762265675
0.9901136200277886 -0.008629702837074427 0.14002101764494157 1.3190219803041747 0.00789896232428341 0.9999513572225815 0.005772036315334863 -0.07481311334309963 -0.14006562399583183 -0.004609451699080213 0.9901323101029333 18.16140192664661
0.9889613982073562 -0.008606655334452009 0.14794169347591277 1.453857241248411 0.007825827581497124 0.9999510733058392 0.005858769374293281 -0.07595957032484235 -0.14798669293763345 -0.004636608271405311 0.988979113307392 18.963528808012267
0.9880240580364531 -0.009236802305697739 0.15403864689800933 1.5493532527953422 0.008378087519061625 0.9999440874256688 0.00622258190890923 -0.07724913756239679 -0.1540894629500123 -0.004857840104583907 0.9880452571851606 19.505829081284343
0.9870615358203936 -0.009458034266760236 0.1600769948138595 1.6504346621860666 0.008545470638529404 0.9999414106914221 0.006389208710470257 -0.07984367788663022 -0.16012988754944202 -0.004939097632592621 0.9870837434350253 20.06313258624839
0.9866152875374358 -0.009433462475704806 0.16280707617049678 1.700996399469945 0.008474380405309338 0.9999406392519825 0.0065856228551197035 -0.07923044913975777 -0.1628613559264066 -0.005118215459669175 0.9866358019464794 20.352354966355126
0.9857296841763341 -0.00925028549949316 0.1680969633842183 1.7991660268178127 0.008122821727205845 0.9999381219652872 0.0073951017687880136 -0.07640894996815002 -0.168156839398432 -0.005924417418752756 0.9857426346017276 20.893827634811515
0.9848682680273433 -0.009066093389082382 0.17308274786684405 1.898681888217894 0.007819655156320432 0.999937069131277 0.007882524002795563 -0.07440213865279316 -0.1731452551218986 -0.0064098644569516436 0.9848755731753904 21.426277602577986
0.9844688592552858 -0.008927331651363111 0.17534617923754098 1.9510262940294676 0.007631698198595362 0.9999366317005606 0.008063303808558272 -0.07237048191433566 -0.1754091142154523 -0.0065999811443118684 0.9844735625153566 21.70928283499227
0.9835403088057975 -0.009122185461423701 0.18047142649814024 2.0531886399431327 0.0077583140809314 0.9999339887713845 0.008263713683142172 -0.07194051330501193 -0.18053689846510756 -0.006727800824872966 0.9835452441915147 22.22964141272161
0.9826884614272255 -0.009747109473997448 0.18502300479383843 2.155340276003772 0.008421501674908861 0.9999311102054202 0.007950587994720384 -0.07365399803300052 -0.1850897506708873 -0.006255095330970039 0.9827020313223004 22.73779355722019
0.9823427649329489 -0.009534785045232454 0.18686127221703996 2.2075538388682334 0.008219151214870053 0.9999338908642799 0.007815171851931882 -0.07287960156658195 -0.18692534229967686 -0.0061414431382739885 0.9823553783826491 23.010395409902145
0.9814369775829177 -0.008424968397204795 0.19161852518275102 2.3055245716880455 0.007144798580249446 0.9999458860592856 0.007369156465298096 -0.07418689766032169 -0.1916724971047743 -0.005862936356897152 0.9814423586543705 23.498833303542504
0.9805085503301085 -0.006668787684737904 0.19638191146761896 2.4020643704815994 0.005402666966874039 0.9999597199593141 0.006980506757564927 -0.07404375232737434 -0.19642265445235046 -0.005783032045140883 0.9805031118174714 23.971858478183695
0.9801449301135435 -0.0056005257777526135 0.19822339152828755 2.454528545010577 0.004353818041073013 0.9999666428301026 0.006721827592653379 -0.07158419611736654 -0.19825632980504052 -0.005725036938557185 0.9801344246964744 24.234468126245037
0.9792555736905603 -0.004649426601918401 0.20259466651266625 2.553318672794108 0.0034409902259291292 0.9999726202028568 0.006314778006134063 -0.07224744492893842 -0.20262031000048927 -0.005486388947004752 0.9792428834499138 24.701502623193893
0.9784638021220323 -0.00447195876059904 0.20638530971222285 2.6595809500032703 0.0032371623919249595 0.999972801599584 0.0063211543077406115 -0.07171873125244882 -0.20640979092453646 -0.0055167951585181636 0.9784505009454265 25.176316618297143
0.9781354319521022 -0.004315827475017108 0.20793882601050384 2.713190337606358 0.003052898239069403 0.999972751507977 0.0063949353858644056 -0.06903332858735496 -0.20796264875977735 -0.005620026536244996 0.9781209985308985 25.417201245400992
0.9771558763714993 -0.0039050747022627472 0.21250333608777433 2.813924368115706 0.0025692168253125813 0.9999733807969128 0.0065621239165684665 -0.0672139301909462 -0.21252514940195483 -0.005865913428616454 0.9771386852542688 25.862626227462574
0.9761255634436629 -0.0031407549020329014 0.21719815673281762 2.9138197982286385 0.0017333556680138456 0.9999743095614203 0.006671074577060413 -0.0654097123670379 -0.2172152687390887 -0.006135107521297514 0.9761049262160231 26.29734914789674
0.9757870610323489 -0.0029303107307710207 0.2187175852999242 2.9659929450848517 0.001478026508981959 0.9999741000901771 0.006804013640888216 -0.06256150816137226 -0.21873353918258137 -0.00631584616838865 0.9757646994546364 26.525715411750177
0.9750192827654451 -0.0023541811474620854 0.2221214830675811 3.060312295750834 0.0008105258627688793 0.9999730299646238 0.007042565988925409 -0.05948826820500679 -0.2221337467013492 -0.006686524218117147 0.9749936975634025 26.93499752299357
0.9741453478921929 -0.00210476391973344 0.22592604269500238 3.1571619955219474 0.0004859927163673403 0.999972141305904 0.007221737451367396 -0.057768913238959524 -0.225936586399107 -0.006925081696846112 0.9741179497234735 27.341523633774493
0.9738654552333929 -0.002041670942908264 0.22713095049373772 3.2086786832794916 0.0004124204182381495 0.9999725434304526 0.007220322305609867 -0.05549608079365429 -0.2271408912460023 -0.006937836254488692 0.9738378335534208 27.55923243482711
0.9730297880821712 -0.0019027981300256647 0.2306868745442705 3.302659301555767 0.00024382981326346407 0.9999728605582768 0.007218476393723609 -0.054861201001545803 -0.23069578231877683 -0.006967359337186056 0.9730016323439045 27.945887765505564
0.9723187092892214 -0.00159204820226985 0.23367099037144914 3.397195024521554 -0.00017399475454949788 0.999971519932657 0.007532523141015123 -0.051967215566120314 -0.23367759393206616 -0.007364381777929264 0.972287147942689 28.336966801472535
0.9720881917052195 -0.0015242139696904449 0.23462747111993473 3.4510042188312964 -0.00030061509521510973 0.9999696486106736 0.007738469299316273 -0.04869262238968381 -0.234633610902344 -0.007592657901925758 0.9720550668169665 28.56073336176422
0.9715346502112014 -0.0015760503195744863 0.23690929154929405 3.544849453108488 -0.0003808665693490794 0.9999659070169209 0.0082109857363028 -0.04497263837126129 -0.23691566108421097 -0.008067163202255399 0.971497346437242 28.943813005996812
0.9709609399713818 -0.0015294509188881803 0.2392497088101755 3.6389746888959182 -0.0005077609229145335 0.9999641323922973 0.00844998904978256 -0.04226878698055511 -0.23925553183746145 -0.008325781568575503 0.9709215849005958 29.32370720335024
0.9707509848312458 -0.001462716244729277 0.2401007438151786 3.6893184843938047 -0.0005887768924829992 0.9999640499469284 0.00846886601222031 -0.0395416487182439 -0.24010591967385292 -0.008362253741143258 0.9707112211702932 29.52888683706601
0.9701563263382772 -0.0010971605408618295 0.2424927446525895 3.7841607136944546 -0.0009917031101314422 0.9999633180300969 0.008491260844398324 -0.037674613081594796 -0.24249475063998654 -0.008478040806481514 0.9701163659792571 29.90823722013915
0.9697884569254056 -0.0009531937120976939 0.24395987835206417 3.8838168969335194 -0.0011650245675591735 0.9999627533698497 0.008537194212023662 -0.03569761540625141 -0.24396038524614605 -0.008563267052990705 0.9697480056158829 30.30430385649531
0.9696612245867794 -0.0009219423700894373 0.2444631858322978 3.9456598222466344 -0.0012218483249533019 0.9999615258378598 0.008617586024031143 -0.03307852351672618 -0.24446344442660495 -0.008654402025626664 0.9696203115501063 30.53915240476305
0.9691766009047011 -0.000821893452112266 0.24637760242273501 4.0448360080298125 -0.0013568765670685377 0.999960879729745 0.008673149707079686 -0.03055341099768815 -0.24637673983175912 -0.008739710000197286 0.9691351813797845 30.918264914674253
0.9687852279132478 -0.0007256843139844075 0.24791467907541537 4.149495819744805 -0.001387585917126754 0.9999641354780773 0.008347629926212422 -0.030017860007607106 -0.24791322323667242 -0.00843082120599642 0.9687461011489665 31.320595902368726
0.9686972494828557 -0.0005690853464630643 0.2482588179687231 4.203036351284594 -0.001537263428667968 0.999964292544382 0.00828953125469149 -0.027453902130559538 -0.24825618496778146 -0.008411524157310108 0.9686585320011072 31.535772411771692
0.9684215916076232 -0.00041311550398431834 0.24933226470321843 4.302037162545179 -0.001655343504289217 0.9999654369549849 0.0080863950268855 -0.026351306339212868 -0.24932867436814107 -0.00824351008557581 0.9683844161838281 31.922941464579992
0.9680056777265539 -0.00022151062574744974 0.2509412956204028 4.406058169105815 -0.0018305111083600503 0.9999661744828204 0.007944400959527791 -0.025391244255645085 -0.25093627984479094 -0.008149190163061641 0.9679698424850601 32.32549624151701
0.967850153444228 3.13646383666585e-06 0.2515409376394614 4.463601277343597 -0.002058733701610952 0.9999660362044309 0.007908993022669095 -0.022832739669850808 -0.2515340883098165 -0.008172267356327777 0.9678143705785426 32.554247585567396
0.9675149802364041 0.00041644052125110924 0.25282704767315545 4.568367494915551 -0.0024777297448188664 0.9999657572477805 0.007834562710213279 -0.02117707050364026 -0.2528167837988847 -0.008206243301526594 0.9674797861563041 32.960961047204485
0.9671823310086298 0.0007297603134077015 0.25409799912154357 4.6812040153743935 -0.002842863803258167 0.9999642048845832 0.007947289132887269 -0.01810814895246509 -0.2540845871221797 -0.008408553313498148 0.9671460629474701 33.39788678413974
0.9670849096280427 0.0008911576918396452 0.25446952035230397 4.744130404233295 -0.0030560127468890015 0.9999626692346791 0.008109151762665185 -0.014317504198096588 -0.2544539796941143 -0.008619686080326268 0.9670472463379162 33.64580526225944
0.9667673977521734 0.000624351308113244 0.25567396648169954 4.860509878790925 -0.002827046098689331 0.9999622633267694 0.008245807705375745 -0.011358918978364812 -0.2556604290105512 -0.008694380691015375 0.9667284217265019 34.08871593548138
0.9662064180200636 0.0007544374431952507 0.25778654109344645 5.034521842084387 -0.002321822484795648 0.9999810322561853 0.005773438795801675 -0.015127367894034892 -0.2577784748136515 -0.006176783156594981 0.9661852405345133 34.73052574699714
0.9658948351220177 0.0015256519888425248 0.2589487276815663 5.154395132171582 -0.003004018993881388 0.9999817525870547 0.005311572831726519 -0.01653955665418959 -0.25893720295507267 -0.005907997984037228 0.9658769318332543 35.18410412897177
0.9655437099644555 0.002026892700252548 0.2602524437542365 5.28053790586332 -0.003522882780568503 0.9999802429200234 0.005279440374795947 -0.01598189623914783 -0.2602377397457552 -0.006013860696054465 0.9655268453489496 35.658239373874935
0.9654180317091845 0.0025632514450959843 0.26071193480473026 5.352201105024439 -0.004024904813320637 0.9999792131427396 0.00507159098790781 -0.014889115029783094 -0.26069495091013484 -0.00594480109711704 0.9654036346420437 35.93340951681393
0.9649895479949997 0.005354827718616256 0.2622515189056659 5.48516438176802 -0.006461491425632798 0.9999737798967262 0.00335709620036691 -0.01818084020832744 -0.2622283430351551 -0.004933177060310247 0.9649938424745611 36.43244547280216
0.9646446558182513 0.0028490883244086467 0.26355782877313494 5.629762812318279 -0.0034299562990944823 0.9999938482166927 0.001741318551907605 -0.019384315636853437 -0.26355268151046174 -0.0025828110018025208 0.9646422904406107 36.94573679870102
0.9645190231222269 0.003042761358779608 0.2640142648547001 5.70750991003726 -0.003637874594783551 0.999992975153829 0.0017641331393046425 -0.017595388205946597 -0.26400868177947545 -0.0026609654787836477 0.9645173570747165 37.234298607350794
0.9641391975641084 0.007112810037347616 0.26531989632697545 5.844439626735375 -0.00801178557369157 0.9999662086596752 0.0023044563823863278 -0.014967872384894039 -0.2652963281573186 -0.004346410363404414 0.9641578079909904 37.740805794049855
0.9637320637616873 0.007134545272905084 0.2667931161272967 5.989776089320848 -0.008111043059311809 0.9999643530874545 0.0025580517808019574 -0.014687229790994532 -0.26676732249061874 -0.004627967226234423 0.9637504358662126 38.25767033717664
0.9636382794952574 0.006921928609239321 0.26713698516657136 6.068553260940428 -0.00795454072114529 0.999965046397894 0.002783463083334404 -0.012841176379291917 -0.2671104429031471 -0.004805890229750312 0.9636544594356972 38.546805436347995
0.9632957959340407 0.00663121657037237 0.26837660988220946 6.213464442290614 -0.00780459892472522 0.9999645505024601 0.0033060278447472904 -0.011332655932888649 -0.2683473455031178 -0.005278046365114157 0.9633081968320467 39.065791587219785
0.9629067872009958 0.0038283978005350604 0.26982208102642846 6.375700905298229 -0.005360106109536161 0.9999733592840271 0.004941789890142894 -0.007571120457316191 -0.26979800193365716 -0.006204232852903596 0.96289715437791 39.64045576404108
0.9628047702666993 0.003947628327981589 0.2701851181359521 6.455957122967046 -0.005611607189081913 0.9999698074937243 0.005387725332214243 -0.004435488133793489 -0.27015754544581616 -0.006703092430764195 0.9627931358546234 39.939320151986855
0.9623507269462821 0.0062538900039052665 0.27175496358495566 6.610371134784887 -0.00809956039654718 0.9999510710448033 0.005672593292163462 -0.0013116287783522486 -0.2717081308694266 -0.0076598816742303255 0.9623495151914144 40.49546198702121
0.9621768194514757 0.00577068216608253 0.2723810220296771 6.771957484816743 -0.007469905366208045 0.9999584773842243 0.005203058967642244 -0.0017798618595310858 -0.2723415421328296 -0.007040832745442535 0.9621751199626147 41.062146615030535
0.9621231657049152 0.0054022245572307595 0.272579395138166 6.857087015489745 -0.00698827167016534 0.9999637999609547 0.004848821711881853 -0.0005254340883835975 -0.2725451864875785 -0.006569948128299848 0.9621208162323698 41.372975346584894
0.9619252486680269 0.00565258286359638 0.2732747575343418 7.011743813641216 -0.007002141006376863 0.9999682411892127 0.00396132035838888 -0.003711031076890305 -0.2732448191490847 -0.005724423526357609 0.9619280989940133 41.92217133928289
0.9616085424663158 0.0060478998812006956 0.27437820521921213 7.171530249780605 -0.007320288600996534 0.9999673362786918 0.003611566076591495 -0.006205457364934582 -0.27434853742220566 -0.005481673282860655 0.9616151312601849 42.48329466643596
0.9615184380155861 0.006298302897856685 0.27468902043414156 7.257438015907143 -0.007564994238685562 0.9999660052015991 0.0035498038381998527 -0.005163966823986619 -0.27465826432146145 -0.005491689810961708 0.9615268022240858 42.79489883042487
0.9613618517057547 0.006765432368870702 0.27522595852406107 7.423621576939268 -0.007983783796229533 0.9999635873128097 0.003304413832812497 -0.006481889677824164 -0.2751946866871146 -0.005374444286822718 0.9613740681166552 43.38450402432908
0.961173438317423 0.006789055095343338 0.275883596146766 7.586412886401382 -0.007911608478771915 0.9999653228277773 0.0029533859492194177 -0.008243725715516716 -0.27585498076983644 -0.00502177126100315 0.9611866939941823 43.95519726020397
0.9610485123653126 0.006891993802168419 0.2763131581459714 7.6901939435695335 -0.008062611641017193 0.9999631588809499 0.003099816114671462 -0.006885939960299354 -0.27628290933893485 -0.005206680318470014 0.9610624535264161 44.311878025939556
0.960662030588286 0.006983700554103941 0.2776515644213222 7.862935558774672 -0.008397428112018622 0.9999573826790376 0.0039023053764133493 -0.003351841216095272 -0.27761384480379037 -0.006080121500696732 0.9606736986285959 44.905445925448014
0.9603944826464418 0.007292279331765081 0.2785668841833972 8.03807745964473 -0.00894674404879634 0.9999493701207284 0.004667624684103424 0.0006603171772931525 -0.278520052166067 -0.006974798605093458 0.9604053022011452 45.51124983989351
0.9602878422490935 0.00773341970521181 0.2789218424700222 8.130722381316449 -0.009397747094576948 0.9999451460236736 0.004630936657178702 0.0024912427981768977 -0.27887242692374603 -0.007067883571486998 0.9603022141296165 45.839588901529645
0.9601241125423673 0.00838298380449157 0.27946661850404686 8.302480665433086 -0.00991642341197474 0.9999427859784853 0.004073891430956807 0.0003921516385915493 -0.2794181044841931 -0.006682653417372895 0.9601464204922089 46.43523823559219
0.9603012517634234 0.00531595332450731 0.2789332667168663 8.473897347771935 -0.0063879956408392875 0.9999753801664398 0.0029350711302877264 0.0016125983841003889 -0.2789124648415942 -0.004600387515825552 0.9603057483925728 47.0358089082472
0.9625933574923656 0.0019550582754093294 0.2709635714627452 8.700971755248109 -0.0020709613936302925 0.9999979682572517 0.00014155674294305835 0.000966500307883698 -0.2709644238243999 -0.0006976394610211474 0.9625893401702657 47.87897708740933
0.9648829128644528 -0.0006016606571278273 0.2627032985415338 8.863822041140555 0.0005030135933706141 1.0000002689696916 0.0004407144715409128 0.004928453228987529 -0.26270533246887107 -0.00029292253125587006 0.9648764978680153 48.52660416839514
0.966425143494314 -0.0015465081410032389 0.2569687086874407 8.94461962374807 0.0009062087060247081 0.9999967322755687 0.002607768853764513 0.010023212692602233 -0.25697389136482107 -0.002287307976067854 0.9664164581317739 48.8734832900003
0.9699090496767341 -0.003351474650354536 0.2434715592393846 9.088382267858117 0.0014378238768584497 0.9999673082670146 0.008034656479056556 0.025215750797838277 -0.24349259631975256 -0.00744268565536467 0.9698751724722207 49.53616184332699
0.9736614286061579 -0.004173323740072092 0.22799019095629533 9.221713640077754 0.0013269695313508764 0.9999201546157354 0.012633864360326152 0.042780280919549135 -0.22802683162033016 -0.011998488750191806 0.9735820192772688 50.21490898801414
0.9753303595743079 -0.002327169743521146 0.22076903817648288 9.287575167543523 -0.0004237363619706519 0.9999239255457758 0.012409825251442333 0.0467875999509975 -0.22078319730486273 -0.012197111863286595 0.975247857254604 50.5867628700201
0.9789219174356202 0.001512166429029061 0.204264611522672 9.387156464268394 -0.0029214798769470586 0.9999751654883215 0.006595070985628633 0.03987202723995579 -0.20425140913598056 -0.007052642951064771 0.9788947632122558 51.2102956017714
0.9826049775979424 0.001786088449584653 0.18574005377722355 9.478694530708092 -0.002029704624934846 0.9999986513237333 0.0011174077871558396 0.031016648618531283 -0.1857393275991718 -0.0014750721305333905 0.9825998935819271 51.82932016393194
0.9842138751438535 0.00023572119271039727 0.17703088273407408 9.521405738427138 3.415766355481916e-05 1.00000027860333 -0.001526689660730782 0.026756208539507543 -0.17703249761509454 0.0015082624230599196 0.9842063072352597 52.15522881307894
0.9869597638166927 -0.0016731857708537296 0.1610111579068486 9.601256615060665 0.0022683210057422376 0.9999925066177877 -0.003519594076105044 0.02160764642214935 -0.16100530618570175 0.0038381744566581884 0.9869484542515478 52.7873294474934
0.9891996562143295 -0.0012617070603270616 0.14662527799808311 9.67120532878892 0.0007775821892064974 0.9999951287074123 0.003351978456890423 0.0355091860325771 -0.14663014411333258 -0.0032023278309898607 0.9891881594076096 53.45199003583322
0.9900999894920004 -0.0005875693582714836 0.14042088461814403 9.70659451612665 -0.00042448197308974896 0.9999752635492427 0.00717008202480429 0.047377006519747536 -0.14042281799024417 -0.007159021664964499 0.9900675898088477 53.817292400984584
0.9920148159788854 -0.0007829541775887202 0.1261850396006435 9.772333468329453 -0.00048335388700762697 0.9999507324467622 0.009997008486200764 0.06005976236799539 -0.1261879595545467 -0.009978544498418503 0.9919578809059755 54.51374332610025
0.9935671438471707 -0.004640785742780544 0.11321998790121661 9.832108412674488 0.0036803967486864265 0.9999561509347648 0.008685409269951958 0.06864507296929005 -0.1132568560436841 -0.008213246621159541 0.9935333587963082 55.2135624261559
0.9943028688412988 -0.0034271319207896823 0.10661648052565952 9.856327820021242 0.002586267448923153 0.9999651899451126 0.008017723624856827 0.069760052509247 -0.10664124892659282 -0.0076968023730607585 0.9942695195733158 55.57447687310662
0.9953737684012949 -0.0004115319031687133 0.09616683554899266 9.8975194907379 -0.00012013193029219597 0.9999856155402668 0.005515976084589612 0.06845959348401735 -0.09616865590477452 -0.005502603310287495 0.9953517744922646 56.246819054701966
0.9964653117058467 -0.0006390280817507789 0.08410628213147975 9.936710349890346 0.00024157995113616049 0.9999894455949224 0.004728317374113953 0.06855780292407304 -0.08410952902104597 -0.004691997733046731 0.9964473703322745 56.92512867916509
0.9970956535305651 -0.0005563412621253558 0.0762764041748819 9.951277373152402 0.00025268595817135806 0.9999927377803425 0.003980613073138215 0.06685110396041105 -0.07627879755963826 -0.0039506624213027 0.9970809475890343 57.26727125401407
0.9979427134488325 -0.0006200321252012403 0.06425150336868049 9.974879773035351 0.0004465584330431382 0.999996813425193 0.0027018050442223617 0.06421890635877932 -0.06425380785095369 -0.0026683802470507693 0.9979325496443425 57.934838192808016
0.9985843567518654 -0.00046988929783863497 0.05335772479301733 9.994812330445665 0.00022096296484265768 0.9999896247665108 0.004655957246243028 0.07122921863887037 -0.05336025761630586 -0.004638389332968588 0.9985669542849303 58.646798853687926
0.9988901896412546 -0.0008391928111380833 0.04728484192108782 10.003090169026477 0.0005393999042019354 0.9999803006829288 0.006334967851823621 0.07717846212718929 -0.04729034377499771 -0.006303121864506185 0.9988638106249961 59.03120544330471
0.9993240185061609 -0.004067331556245396 0.03678374486815482 10.012298626666807 0.0037408760258662746 0.9999536767576177 0.008916912208043304 0.08952394237227285 -0.03681953653410011 -0.008774004651983549 0.9992860107287083 59.73162224303402
0.9996462597165169 -0.00486048324462231 0.026494706352251124 10.012513214204878 0.004604054613324464 0.9999426906088084 0.009694814395263146 0.09912225234808247 -0.026541520854736364 -0.009570231805034501 0.9996044938881606 60.42868338889736
0.9997854810530089 -0.005082589862296184 0.02052291790102062 10.009409072491849 0.004867587151405526 0.9999338051684968 0.010468603122687374 0.10474856338341565 -0.02057602914168983 -0.010367238616192364 0.9997371510118913 60.79666101272404
0.9999495868608412 -0.004723442173631044 0.009815119168516016 9.996254021329406 0.004596784403149694 0.9999077192929996 0.012817011455311151 0.1178477483691475 -0.009875971671197584 -0.012772037878315004 0.9998719874501496 61.50132605778518
0.9999912712343987 -0.006002795374775717 -0.00017431310831423318 9.979594254856131 0.006003502667865109 0.9998962060347731 0.013137951284321443 0.12807679588672785 9.453295843526652e-05 -0.013139688071037114 0.9999162278918274 62.20582063313637
0.9999653638607084 -0.006834292988811703 -0.0064940018317438414 9.970388867224768 0.006922214591473569 0.9998812672342298 0.013819746004628302 0.13275227810109266 0.006397727683976283 -0.013864995840670854 0.99988620380685 62.597025285680324
0.999838862054286 -0.00924036195115679 -0.016009368613847344 9.945556638717393 0.009491009059126868 0.9998318341370038 0.015715595193168053 0.147737373879175 0.015860504027929323 -0.01586596212871966 0.9997510566859429 63.32066630609471
0.9996488139954038 -0.010183512754241977 -0.024849130079853322 9.914259754636996 0.010603999433656657 0.9998013217661413 0.016883333871998807 0.1630522740590507 0.024671446736573774 -0.01714196081878246 0.9995513282292454 64.05669114209567
0.9995370500002057 -0.009353083583950884 -0.029267342509396877 9.893183194429133 0.009862165509756868 0.9998012055238039 0.017325511273198244 0.17093558081495716 0.029098270161515005 -0.017607291126773287 0.9994237685663963 64.44540560815226
0.9992868217276114 -0.008531983860746974 -0.03704028546742568 9.850377612727325 0.0091823794638288 0.9998057535505791 0.017446108116951648 0.1839249201648345 0.03688314998282424 -0.01777502889877559 0.999163886741175 65.17149610681356
0.9989615602154512 -0.00709894440051069 -0.045213217401307466 9.801139818638742 0.007815430866629511 0.9998461016680656 0.01570750831626073 0.19164469910361442 0.045093442103423406 -0.01604563954265513 0.9988560800518728 65.89234826579218
0.9987312917568807 -0.009509942127584116 -0.049638756918633925 9.775093949378071 0.010253532826876365 0.999838500534711 0.014764434764742415 0.19780982872357425 0.049488969356688145 -0.015255792939031572 0.9986603329643058 66.26837191518659
0.9983085000670594 -0.009184251394700074 -0.05757018717553242 9.720157558213845 0.009978475723520432 0.9998584391472224 0.013537025786329962 0.2045255726964827 0.05743604194708215 -0.014089444128553442 0.9982516719926278 66.98998878651298
0.9978399222118043 -0.011012462759780035 -0.06490904277103832 9.66344936400458 0.011793931608651876 0.9998621607282041 0.011680789746586375 0.21127423327950814 0.06476977838003115 -0.012422082793915573 0.9978249614609199 67.72517709479206
0.9976862210444842 -0.009481198012925105 -0.06746435663669953 9.629134142654593 0.01026593950613928 0.999883461119221 0.011306200438075014 0.21435388246921075 0.06734775964724801 -0.011973784961339587 0.997660021714442 68.10583810396234
0.9973589715167709 -0.00375862273254951 -0.07266551616295977 9.557867836183442 0.00447490385749395 0.9999428441176489 0.009706908674410056 0.21741296864746992 0.07262336576114775 -0.010007455338359625 0.9973114467465923 68.82266347218571
0.9971447453458135 -0.0007670124782223405 -0.07564047796463479 9.493349941801306 0.0011791679516497137 0.9999846971263452 0.0054140167358100845 0.2136235378737882 0.07563382597231708 -0.005489148805955985 0.9971232127057328 69.50301339423855
0.9970599607703765 -0.001369697751942694 -0.07674539428068253 9.462368780328474 0.001760823114867626 0.9999860356087983 0.0050394533575380904 0.21507752520549384 0.07673620593410432 -0.005161088722137518 0.9970408935465478 69.85810042351011
0.9968966693123016 -0.004354079654700859 -0.07873115269879553 9.400856947678907 0.004931411822562306 0.9999627989789682 0.007153952718105058 0.222105933138398 0.07869574372397838 -0.007521160192324093 0.9968734109809817 70.58632194922863
0.9968190010705676 -0.002768344293191199 -0.07977456434370778 9.335016943685357 0.0037385539210338923 0.9999211494004009 0.012027615924653118 0.23521689498404372 0.07973391783462137 -0.012289149437597676 0.9967431699903955 71.34457025802682
0.9967731666372452 -0.00039982955771871494 -0.08039455378169255 9.297584854155437 0.001526225769522565 0.9999017659224247 0.013961807200964857 0.2442020765011105 0.08038003238876859 -0.014040992097277213 0.9966681739326848 71.7409044446746
0.9967032370041038 0.004070598313103884 -0.08115660448173125 9.231147284627697 -0.002715173646316509 0.9998553956280914 0.016815188258362476 0.2589276103436156 0.08121210654339966 -0.01654079962366451 0.996562662738557 72.5016209805123
0.9967180896840399 0.005418393923003124 -0.08089543061993083 9.170180192997433 -0.004145808327248105 0.9998656396294464 0.01590034805701531 0.26632594605358284 0.08096953604878634 -0.015514049405526253 0.9965990699958003 73.25272444744083
0.9967061683112718 0.0034207098332798423 -0.08114431049245246 9.137353617856382 -0.0022590206324756027 0.9998933760174966 0.014404467415665785 0.2697691046125194 0.08118342320280375 -0.01417440516308115 0.9966012415371842 73.65661568120304
0.9966788621879338 -0.005318910259073423 -0.08137676041732123 9.082486167123488 0.006332790151592475 0.9999046193567571 0.012205695982466928 0.27676528932483824 0.08130251918636497 -0.012681314263043624 0.9966114661917381 74.42255810480974
0.996850439643444 -0.005400171035879256 -0.07923921658190014 9.023896061523615 0.006338971806474222 0.9999117676219815 0.011598233506785719 0.27954493382359097 0.0791679536944185 -0.012064751674962569 0.9967909277315941 75.1854433647386
0.9968883199100973 -0.0032400751925266017 -0.07888003721064929 8.989130220801753 0.00399852352486117 0.9999468318292191 0.00945853960616003 0.2778090147751341 0.07884375365170161 -0.009744978020492942 0.9968425843062646 75.58832559466447
0.9970940265831 0.0017347981917140128 -0.07628157329163353 8.927792770855808 -0.0011789076386443664 0.9999718836603849 0.007330803089733471 0.2766580760880646 0.07629076305722957 -0.007219690214592625 0.9970619877127337 76.32600825562577
0.9975092193025034 0.0009155276038419915 -0.07065417940237313 8.883319008220772 -0.0004147493608070697 0.9999742220144368 0.007098212703638029 0.27596126552918554 0.07065752554646886 -0.007051378103917677 0.9974781971405793 77.08378963956322
0.9978234755241365 0.00018103765149927932 -0.06607398549123915 8.862497358142802 0.00033966835634426887 0.9999681722338436 0.007863651336266134 0.2780040065944589 0.06607202183837746 -0.007869426964963936 0.9977862343926168 77.48917133248354
0.9985894986723213 0.0025129872245101036 -0.05319146543640907 8.835463564001172 -0.0018534646920379382 0.9999199108394605 0.01243568973730702 0.28737259578114094 0.05321783532207087 -0.012320326784857115 0.9985091186717893 78.30167623070665
0.9992266991257333 0.004040978711114334 -0.039332553373562756 8.824139505354024 -0.0035307674629979895 0.999908097435081 0.013018710431129987 0.29221492597832427 0.039380824237197035 -0.012870785452669124 0.9991435946798645 79.07834633891478
0.9994545922154262 0.00504147061676058 -0.032913689486872254 8.820291147935292 -0.004626272833103536 0.9999086585997263 0.012671631359747753 0.2927132653315617 0.032973601644952714 -0.012513083735635134 0.9993803356982822 79.47152886938345
0.9998630043685672 0.007940684461256144 -0.015152484858694342 8.828204105027432 -0.007767633966688923 0.9999043736396312 0.011424924642562204 0.29442269610117083 0.015240926478760217 -0.01130633190760081 0.9998224844750099 80.2073796532645
0.9999243871409392 0.009540207556634922 0.008945191803258697 8.863140844364285 -0.009636682231148936 0.9998948521805862 0.010833509352116091 0.29575718613663593 -0.008841907641248392 -0.010919599354553984 0.999904335720916 80.91941953386105
0.9997741104727681 0.008340599865904203 0.020025140909883228 8.888824490138612 -0.008560265176988727 0.9999033535918037 0.010932194926724991 0.2969268827388242 -0.019932635431226288 -0.011101843933153418 0.9997425562428768 81.32944849340059
0.998930677148926 0.006545214035431999 0.04596680082391505 8.952628989228465 -0.007071946240302291 0.9999107927851062 0.011316730384556321 0.300462156599287 -0.04588886217582685 -0.011630282757939535 0.9988815665150558 82.07278820508324
0.9974809555615994 0.00278771419193548 0.07100868676592317 9.042906293687706 -0.003559632831128625 0.999935565228358 0.010753045802083023 0.30377010343744326 -0.07097424373935622 -0.010979381345569021 0.9974203847421194 82.8431072001488
0.9966835236158011 0.000774357724003405 0.08147802366141738 9.095862009019775 -0.001633267701453351 0.9999428401523062 0.010484342014786402 0.30447200489648885 -0.0814650792087637 -0.010583612854651243 0.996622313474217 83.2516199911324
0.9944524159241733 -6.9865672976939e-05 0.10526491358867993 9.205717297802284 -0.0009697126214308499 0.9999501630032855 0.009831728388848672 0.30627329627145 -0.10525967783326323 -0.009880172609508728 0.9943975070931468 83.99655938900014
0.9915727724145105 -0.0034383213788680214 0.12957124396192235 9.33435267465977 0.0022100930732891324 0.9999505642910971 0.009626639084575428 0.3070668372307706 -0.1295973638396415 -0.009260412041908892 0.9915257093569211 84.727149715171
0.9901083467541126 -0.005857791044893731 0.1402433978972046 9.40936189340779 0.004563897774641095 0.9999432430436527 0.009550945424059005 0.30503337347352105 -0.14029073167707876 -0.008817721047788189 0.990073406568877 85.13135024944887
0.9864958217921764 -0.009100223180579917 0.16358406985255217 9.560681700308121 0.007743174568945635 0.9999293461242623 0.008935719958641904 0.3033022023495733 -0.16365299847768652 -0.007549717766546254 0.9864912583161638 85.85833609574804
0.9822402518072562 -0.009122920215133423 0.18745053560014874 9.726591664911563 0.007888648595778338 0.9999414768966806 0.007333509484384933 0.29899033332489117 -0.18750560178876896 -0.005725866621436323 0.9822492212046615 86.56825466348643
0.9800377428263749 -0.009576477391280072 0.19862531279017995 9.821157270802718 0.008410244444549821 0.9999416203203465 0.006718579762661406 0.29447262145831926 -0.19867733130181928 -0.004915466577122101 0.9800551210209174 86.94749484284878
0.975050751183581 -0.013227630718720516 0.22162515543788613 10.015350093386404 0.01227014411408812 0.9999077865118088 0.005700279349408541 0.28948460703911943 -0.22167894094455015 -0.0028405505940910965 0.9751177251750567 87.65759309258237
0.9693683717979462 -0.016050374409796737 0.2451208637808286 10.222341065785349 0.015201898918558585 0.9998695108244032 0.005356335219644176 0.2842292138190996 -0.24517334882401917 -0.0014680820346608789 0.9694804160910399 88.35020591594616
0.9666714410526681 -0.01651463749515182 0.25552165613188044 10.339098080342096 0.015742542148249973 0.9998626212289334 0.00506978202062874 0.27969673990874555 -0.25556896319100525 -0.0008806033787714416 0.9667928729927033 88.72800488941874
0.960685030740763 -0.01741342968509016 0.2771250256530296 10.566317566570856 0.016722594623716232 0.9998477419209413 0.004859411777423777 0.2747229064006598 -0.27716588502478123 -3.643687549633563e-05 0.9608243894693177 89.4054911797903
0.954433766447066 -0.02002578734371916 0.29778031681432343 10.814620877210738 0.019185080517286564 0.9997987943113226 0.005749357699643373 0.27240609058058635 -0.29783403854755014 0.00022358853733866221 0.9546201675074534 90.09952153207206
0.9516821187332128 -0.022566962462964805 0.30628279884383974 10.951504747977618 0.021519380246228258 0.9997442210916392 0.006800888090774756 0.2710304443166322 -0.30635596661710096 0.00011591772650036583 0.9519192406365757 90.47361609273781
0.9459646599129308 -0.025485423585638628 0.3232937315497152 11.221395253224175 0.02381733901590028 0.9996736355436809 0.009119603100229728 0.27280082165313746 -0.323418769699884 -0.0009294596112999278 0.9462578628789319 91.17474866569687
0.9401760734180719 -0.02550684734116472 0.3397573656570985 11.499387452550899 0.0233561131194387 0.9996715659511182 0.010421794315909403 0.2733618394260879 -0.3399092970318442 -0.0018651928662801 0.9404584927826602 91.86752307909764
0.9376151650087293 -0.0258431348578374 0.34673732609361024 11.656558254681558 0.023616806559471622 0.999664425421394 0.010647815574134925 0.2755766939138296 -0.3468932941974017 -0.001796261515696862 0.9379056153311667 92.24269482048791
0.9320241599365432 -0.02707005948714338 0.36140682770580773 11.945560976867574 0.02495531049154236 0.9996330850132115 0.010521196990035064 0.27455193795820526 -0.3615557670589057 -0.0007883509992116546 0.9323526164256801 92.91437592982916
0.9266532814125653 -0.027269836759293502 0.3749500537347459 12.246320205846644 0.025647204966246326 0.9996276940153027 0.009320493798402888 0.2686511108087922 -0.3750613144500322 0.0009779268987587077 0.927002320787834 93.59882050542505
0.9241885095947935 -0.02679328128500199 0.38101829745080085 12.40319889173311 0.02525057146554483 0.9996404233603354 0.009050296533726694 0.26535893983358066 -0.38112030052556906 0.001254876644955773 0.9245274036988703 93.95313838427394
0.9197082612734007 -0.02724273275875008 0.39167928988249257 12.718930190648294 0.025829949683082932 0.9996272641676752 0.008877954865637624 0.26270190329072896 -0.3917721209813497 0.001949953658782975 0.9200635736716641 94.65085152100215
0.9159315559435012 -0.029902884393085406 0.4002418627213576 13.043430509140094 0.02830663602666943 0.9995508260462322 0.00990256126029656 0.26379901083908824 -0.40035517863580483 0.002257977986624897 0.9163609538177234 95.35186767870375
0.9145956019106178 -0.03020026112492517 0.4032632313868522 13.206617156846814 0.02846493816325304 0.9995426196753006 0.010298936874892622 0.2642285789496924 -0.4033866435170202 0.002058175112797517 0.9150311148301972 95.7083272428291
0.9118366379555464 -0.030706646069486972 0.4094257419704024 13.538860507393972 0.028910280999966703 0.9995269301878689 0.010578609057113768 0.26564931574900763 -0.4095537796097882 0.0021893121623939825 0.9122871731112048 96.42250724019073
0.9094020569789696 -0.031838947949163386 0.4147198583813595 13.863713617330767 0.030259380195046485 0.9994888206643014 0.01038071918861472 0.26469090994718303 -0.4148352102445218 0.0031073249670126265 0.909895189146107 97.11112464778539
0.908905442940281 -0.03173854429524792 0.415815341845539 14.022002225044984 0.030188427357416225 0.9994915941968734 0.010303593190772984 0.26392214597254543 -0.4159279004398849 0.0031863886148113564 0.909396045904398 97.45404878909773
0.9076323914081097 -0.03176106023432143 0.4185842857099126 14.349682931555508 0.030168052497304896 0.9994902371913894 0.010426101213873867 0.2664985583085771 -0.4186992398554551 0.0031633128529110844 0.9081232176496924 98.15619755669181
0.9067417737018822 -0.032831807234325265 0.4204284273762931 14.690139255305743 0.030813284679492847 0.9994578460426857 0.011594897772393274 0.27309960905968844 -0.4205782332657384 0.0024399303253557617 0.9072571561554965 98.8850769456827
0.9065711697649061 -0.03322872263163995 0.42076630068095106 14.862474966454172 0.03104386708778546 0.9994460055712815 0.012041191655171804 0.2774037138564442 -0.42092999809657133 0.0021447772358889846 0.9070947499702647 99.26049592784432
0.9061879204844016 -0.035619249229794245 0.4213965913348253 15.208738090278874 0.03204106293906249 0.9993661181456428 0.015569827157925724 0.29013284072742673 -0.42168086925604936 -0.0006077320077140739 0.9067488380819322 100.00249402801292
0.9059517090006914 -0.03440195763448973 0.4220063004827844 15.568136342150657 0.03059079906814643 0.9994083039089922 0.01579876045258283 0.30114193966486313 -0.42229655691260914 -0.0014039752716937665 0.9064618210548909 100.782447198691
0.9059313190818132 -0.03411527839229264 0.422072807697513 15.740695220149973 0.030445036349035257 0.9994181954598726 0.015433601921255202 0.3038876988218452 -0.42235057560332934 -0.001132225248241782 0.9064368289890765 101.1578405958317
0.9062053471940867 -0.03561111023130702 0.4213620689199516 16.085063354136445 0.03332315356331451 0.9993641531205386 0.01279244063336071 0.3095588430550096 -0.4215461565340097 0.002447988925636039 0.906808930983241 101.88985389566417
0.9067098507404489 -0.03457616523775633 0.42036149295648345 16.415541320087655 0.03388243520679455 0.9993856495224199 0.009117931356162626 0.3099479168148631 -0.4204151563191639 0.005975099682846689 0.9073174149844491 102.60277283046463
0.9070349416962108 -0.03177128415662532 0.41988118132203406 16.588195285749418 0.0311270571447687 0.9994815730518701 0.00838525786844738 0.3125567112808277 -0.4199264676439633 0.00546328551258512 0.9075470418610866 102.99274510986709
0.9081468274255046 -0.030609451451247563 0.41755784978845445 16.9247016850628 0.029760772558338106 0.9995217759474855 0.008542431662232333 0.3191693572831137 -0.4176161835456377 0.0046683323120075716 0.9086169300183132 103.74358497445958
0.9100002882211716 -0.03102877193213412 0.41347111982192747 17.263532524859215 0.03005732908372096 0.9995097916987482 0.008854054848744594 0.3256065781230136 -0.413540165668721 0.004370077611781299 0.9104805653501337 104.5026919592678
0.9107201160371547 -0.03136332623569922 0.41185935659977524 17.430961561320807 0.030383923196542716 0.9994994553731923 0.008923885091604137 0.3293186683506194 -0.4119300068602886 0.004386100484175249 0.9112102463288497 104.88478297060593
0.9118927601095874 -0.028948238275223623 0.4094348057168477 17.760652478909286 0.02755517118347687 0.9995781367975303 0.009300116948990196 0.33737859831261346 -0.4095281995164256 0.002800855957751741 0.9122985640846725 105.64655961748674
0.9137173809078855 -0.02388086011563641 0.40567663414559374 18.081766396130124 0.021223364246248752 0.9997148854968736 0.011045600367136236 0.3473203328172173 -0.40582157358685095 -0.001483239929741694 0.9139567444513549 106.40116369335522
0.9143017403177487 -0.023817974979285336 0.40436104643251075 18.249432788170505 0.021001101842905857 0.9997154870283234 0.011397894939033603 0.35358714133121266 -0.40451443086244765 -0.0019296389435502703 0.9145350571938383 106.79113658306815
0.9157090919206103 -0.022463593852256356 0.4012410500613705 18.57432889522872 0.01933087883331964 0.9997438308599784 0.011851487025020885 0.3633659398687435 -0.40140151498798016 -0.00309699840447674 0.91590230728378 107.5583643199923
0.9163849513875 -0.018659497788774813 0.39989016961043305 18.87692604256106 0.016018688279925974 0.9998231181297724 0.009942409204432812 0.3660454453120482 -0.4000022982863344 -0.0027061555679348285 0.916515158520326 108.2831506262723
0.9166375732827363 -0.01819472928979134 0.39933226312416537 19.035658891215714 0.015694547435268737 0.9998325605031951 0.00952659882713105 0.36870098235524246 -0.3994357976113075 -0.002465960791913902 0.9167629602855409 108.65985314745392
0.9175195255345925 -0.019240256298077643 0.3972534669874873 19.35713347819769 0.016891977671740575 0.9998142843212856 0.009405871525087754 0.3753957187131402 -0.3973578262565815 -0.0019205837227819218 0.9176669746817387 109.41391529273022
0.9185484990483821 -0.01756428182542769 0.3949465527030514 19.695901624563625 0.013658005688330137 0.9998273949568756 0.01269593317222367 0.38865062066724393 -0.3950985403978196 -0.0062684876248859656 0.9186227927446268 110.22621412346916
0.9190294525137112 -0.017106956055737 0.3938457768845944 19.868263384925193 0.01253103131887626 0.9998219173806846 0.014183361527854155 0.3984963216541746 -0.3940157454785145 -0.008100433907994954 0.9190733463081586 110.64159047304148
0.9200445270475751 -0.016491876851152505 0.3914955325607647 20.212197589624704 0.010742790014505307 0.9998012284648327 0.016866555780156313 0.41474472628678855 -0.3916933724143794 -0.011313051937874087 0.9200323806575033 111.47135378609443
0.9207961410265477 -0.015808406320867198 0.3897538520712725 20.558303956078255 0.009755677598201682 0.9998007206800144 0.017499402717049917 0.43066785583029144 -0.3899498356196999 -0.012312097763973372 0.9207601467347806 112.30175192433882
0.921106456713519 -0.01409575088049196 0.3890835468245728 20.72918051994924 0.008015997064045632 0.9998203980057939 0.017241357432540832 0.43829878478202045 -0.38925450459032856 -0.012762881984270988 0.9210474907649555 112.72069719169254
0.9214641939054248 -0.013267054589135605 0.38826577029999476 21.059397497370963 0.007756476545772993 0.9998471249420224 0.015753043657754453 0.4468326936766099 -0.3884130261621103 -0.011504805728340218 0.9214195134136117 113.51038099840011
0.9221377508197345 -0.014059928654355753 0.38663527983692786 21.37896836427586 0.01044830087805645 0.9998812819374825 0.01143748487996914 0.44972066045926595 -0.3867478422832489 -0.006507928945779628 0.922168571814221 114.27442787642073
0.9224177501181704 -0.013539874803805509 0.3859854252214418 21.53977488100672 0.010643474144926461 0.9998983406805697 0.009636413720433614 0.449359287947967 -0.3860743465224355 -0.004781250005077958 0.9224614982290724 114.66664294479288
0.9229166249588822 -0.012988616223876445 0.38481067477413755 21.86154108693813 0.011004796806250432 0.9999138968488959 0.007353330889312572 0.4498007215604932 -0.3848706207954771 -0.0025525161910260443 0.9229734076426289 115.44517476000213
0.9237001295082056 -0.01546792346142196 0.38283382424200024 22.197840154617577 0.012501564096222094 0.9998708189542626 0.010231136433573635 0.4599511414760414 -0.38294032841901676 -0.004665515694426431 0.9237673682238325 116.26515926962152
0.9241490064360992 -0.017937017393501224 0.38164123098079716 22.37135886992567 0.014160392684884057 0.9998207416318386 0.012697962455278645 0.4689924612773718 -0.38179814148804336 -0.006331451051322189 0.9242302148144087 116.69466135730376
0.9250567927464904 -0.0202623824914185 0.37931862030872227 22.707396148061697 0.015058554805870632 0.9997494329442367 0.016677042907061897 0.48517658585249684 -0.37955957648916483 -0.009715699820541514 0.9251231228915199 117.52970446579991
0.9256363238974441 -0.021483005980442175 0.37783495014877816 23.051488082018405 0.015064604890194528 0.9996894726186255 0.019930844410904765 0.5034025628297727 -0.37814394064129225 -0.012757598329482575 0.9256655753751852 118.38663769688893
0.9258781232192865 -0.02190540741928651 0.3772187905816916 23.22223599159965 0.015249575991321256 0.999673478983416 0.020616767715276853 0.513382075416939 -0.37754500547618325 -0.013337051158087986 0.9259019185586531 118.81596532675275
0.92636003860213 -0.022089514077596763 0.37602270625778444 23.55442398574331 0.014645909394455632 0.9996386211589 0.022637452847363567 0.5339223059620697 -0.3763844126268683 -0.015464390811330556 0.9263411188130539 119.6538696441623
0.9265949598093904 -0.021757504315007715 0.3754621698411311 23.877748332533848 0.01414229193904001 0.9996367230103371 0.023021668582215472 0.5527615265238576 -0.37582456073728315 -0.016022792471581407 0.9265586171993034 120.46742212558995
0.9266800316625093 -0.021479413451098415 0.37526781798703734 24.036560066689823 0.013907311993047823 0.9996431750373751 0.022870676680337754 0.5597895905219701 -0.375623344197491 -0.01597552342878222 0.9266409953500852 120.87106297262746
0.9269928193628363 -0.020976728626919895 0.3745230949714017 24.350328791514112 0.013682223219205631 0.9996630374384903 0.022120920237500192 0.5733552449381988 -0.37485923104997226 -0.015382322687599141 0.9269601934366949 121.65898454052927
0.9272438463450966 -0.021561822400010876 0.3738682098455505 24.668048157058333 0.014188406383276665 0.9996483971642565 0.022458376290535566 0.5903731154501345 -0.374219356830458 -0.015520457971187295 0.9272163471260649 122.45398076771022
0.9274645846965958 -0.02235016014369494 0.3732733897216712 24.844672766999075 0.014855753272111721 0.9996274361558009 0.02293783523641387 0.6011693228783664 -0.3736455172863171 -0.01572935750165336 0.9274440574401788 122.8914638337894
0.9278948118977149 -0.023411402030668216 0.3721375742239168 25.16527797585731 0.015180274101791472 0.9995725726894513 0.025028956430343058 0.622799788641928 -0.37256279756843147 -0.01757568982420621 0.927846384415208 123.69577401648831
0.9281925802667141 -0.02504728964087069 0.3712874073340017 25.490880423489806 0.016400948830454835 0.9995173395154684 0.026422582577735065 0.6453149854880237 -0.37176825019711474 -0.018436364660105453 0.928148289912119 124.51047772893436
0.9284112393485378 -0.02638758602337604 0.37064752269340107 25.65928617684588 0.01770324383909786 0.9994842984830832 0.026809283411757943 0.6563152494850977 -0.3711623081575728 -0.01832932057750351 0.928392865947296 124.93639500040538
0.928597495079639 -0.0283655566241619 0.37003423358005244 25.972830352863546 0.019696757449019282 0.9994370876211109 0.02718070934290265 0.6770658110117351 -0.3705952278706689 -0.017952247360818352 0.9286268555059859 125.72568648563318
0.9286667713195963 -0.031369247432658176 0.369618297134003 26.2874311803016 0.02293423043745786 0.9993681291738351 0.02718898307972663 0.6977165967336441 -0.37023605538670273 -0.016773316788703325 0.9287921591492864 126.51554575014045
0.9287770329815646 -0.03337906772841724 0.3691649933544536 26.438566923340872 0.02501592232220807 0.9993119452219668 0.02741392136567893 0.7080748020866374 -0.36982441167000124 -0.016227268918244362 0.9289658387441813 126.90341569445695
