1.0 0.0 0.0 0.0 0.0 1.0 0.0 0.0 0.0 0.0 1.0 0.0
0.9999996423721313 0.0004254281520843506 0.0004864633083343506 0.0014905226416885853 -0.00042566657066345215 0.9999997615814209 0.0003978312015533447 0.0015031814109534025 -0.0004863142967224121 -0.0003979504108428955 0.9999997019767761 0.336201012134552
0.9999996080074736 0.0006036561631015402 0.0006463997073291594 0.00018931390936303277 -0.0006038884711800918 0.9999996696657725 0.0004379069428050997 0.0026651697755972065 -0.0006461328684927992 -0.00043835962541649565 0.9999998466490476 0.4869558877517276
0.9999997565835339 0.0009914865960085042 0.0009763290817820527 -3.836919028875997e-05 -0.0009925062499914119 0.9999999208915065 0.0004175614360564545 0.00251784053107033 -0.0009754275860921102 -0.00041900049103080943 0.9999998807128903 0.7810233184145835
1.000000476133174 0.0002152272394790938 0.001271355988757895 0.0006692382415687146 -0.00021711359515507128 1.000000930314045 0.00041591271282576873 0.002314472920766154 -0.0012705125946653184 -0.0004169023000984434 0.9999998319210699 1.1836070158381768
1.0000001601601896 0.00024757086991414697 0.001373651247018562 -0.002792126235414787 -0.00024919369728026064 1.000000539070718 0.0004799655092690455 0.0029215932517166325 -0.0013729593781214194 -0.0004808395157400066 0.9999995560487649 1.3088655181037194
0.999999899970469 0.00029770241873094554 0.001553962890813557 -0.004017550376121097 -0.00029916940879275167 1.000000569671419 0.00039009632311142 0.0017307442835774623 -0.0015533585691126384 -0.00039118832338341065 0.9999993516487352 1.6759556319621483
0.9999987306364807 -0.00035911792653816666 0.0020486751440220645 -0.004579686173355917 0.00035760052735364585 1.0000002576427143 0.00047155439712516105 0.0006868276526059249 -0.0020483924747469696 -0.00047131227599920883 0.9999980744594822 1.9742387376326658
0.999998177689703 -0.0009723277138003291 0.0022693370577310185 -0.007271018825200712 0.0009706496783486201 0.9999999264523959 0.0004561659508777487 0.000431384317280407 -0.0022692929721394636 -0.0004545439797884986 0.9999977489676212 2.187409291268513
0.9999961081465394 -0.001138309292065451 0.002952598783818607 -0.007625922452953405 0.001135770227372477 0.9999996018267412 0.0006862624572504779 -0.00015761490977460872 -0.0029528522801003185 -0.0006830646916657414 0.9999959148355952 2.4998086370575034
0.9999950590436886 -0.0009349621985336558 0.003305406229250258 -0.009811152544718461 0.0009322163786259072 0.9999995820512969 0.0007046935067695761 0.00029010531924458636 -0.0033056601634003 -0.000701695472862386 0.9999947414568909 2.775880883185665
0.9999948786113697 -0.000963825477177207 0.003315662118290044 -0.012233805500303537 0.0009612364508506168 0.999999498717941 0.0007002773788229793 0.0005817671955507954 -0.0033159916870957092 -0.0006970700395130529 0.9999946510683901 2.9474118224528665
0.999994299840091 -0.0012255391995405456 0.0033420181539736984 -0.013470395046120864 0.0012227924373342048 0.999998941636638 0.0007967876899896218 0.0008495767676913006 -0.0033427865641243943 -0.0007924491711275453 0.9999943768963976 3.24347817239297
0.9999936516783723 -0.0011418337271940596 0.0035668625287104353 -0.016204054888085306 0.001138064102463056 0.999999019777657 0.000977783992074882 0.0017481158906215762 -0.00356766622766677 -0.0009736599803322614 0.9999934813325595 3.563141899798997
0.9999931520020787 -0.001158752607637055 0.00370150436564799 -0.01978547082994333 0.0011546514459372982 0.9999988863328803 0.001034189241632062 0.0025792234679047794 -0.003702417927601773 -0.0010296580771056731 0.9999930651830435 3.7084930191174577
0.9999932146479913 -0.0011825604863431776 0.003741566237006642 -0.022333111561066446 0.0011785415973478363 0.9999991565006858 0.0009768066568751786 0.0016940803734999989 -0.0037424378906354186 -0.0009720513047011125 0.9999932146551246 4.02693967978907
0.9999924639096663 -0.0013001516240521245 0.003809112855184008 -0.025756426384243223 0.0012967603823278442 0.9999986878373728 0.0008876428706256281 0.0012919463889722567 -0.003810232146632822 -0.0008819796852939713 0.9999927509828007 4.325853064432627
0.9999920618144962 -0.0013014160088419822 0.003882816032221364 -0.02585346654205268 0.0012977377021857286 0.9999984880422883 0.0009770857373989947 0.0011739170501995472 -0.0038841418361426233 -0.000971412181143822 0.9999922716991363 4.473512300264996
0.9999914473765037 -0.001612303664755543 0.003906112908359726 -0.025426171693422615 0.0016081351074642243 0.999997810653946 0.0010749569546469957 0.001328733825357831 -0.003907941869442135 -0.001068061110318372 0.9999920260664217 4.767024317480636
0.9999910964279504 -0.0018316663391938438 0.0038441880507015603 -0.02754458169102359 0.001828320894688659 0.9999974204339225 0.000942654023710728 0.0008839480779361812 -0.003846128098836677 -0.0009349250819339483 0.9999922312859804 5.0653839554117965
0.9999913534335434 -0.0018152086535054724 0.003816652724253312 -0.031248958189179186 0.0018115985178804891 0.9999977197544984 0.0009093443740126897 0.0008647065359520673 -0.0038182479434033787 -0.000902056808140126 0.9999924877307902 5.220455260361221
0.9999909565909051 -0.0023316497075553566 0.0035654437098328047 -0.034026362507608494 0.0023288059139288794 0.9999963632386121 0.0008470492913193106 0.00039427392358424543 -0.0035674959070897527 -0.0008381249919348621 0.9999933839188953 5.52225681799551
0.9999922605068012 -0.0022486425418971447 0.0033211264457499137 -0.038215102416749004 0.0022455969975265213 0.9999967409993323 0.0009105853290823876 4.156859892365407e-05 -0.0033231388236538493 -0.000902764930913693 0.999994320476565 5.827386730999727
0.9999917900582505 -0.0023619342507717805 0.0032958359246092806 -0.04278281839973036 0.002359493562248331 0.9999961463477763 0.0008255617477353806 -5.501781731503708e-05 -0.003298057815952991 -0.0008171380642604535 0.9999942434408979 5.946588471038249
0.9999921089759755 -0.0025375372405424526 0.0031096240186392907 -0.046355770748434416 0.002535838759429455 0.9999960338871177 0.0006015300214418544 -0.0016735848758039245 -0.0031113426960574357 -0.0005931894605667815 0.9999949824258438 6.2435219919528695
0.9999921103099227 -0.0027726514008326814 0.0029557255032330327 -0.04999328111524161 0.0027708325384141193 0.9999955217529631 0.0006600739945555069 -0.002043051790328424 -0.0029577031963747 -0.0006516307924269463 0.9999954258362646 6.534015358005031
0.9999920247984193 -0.0028103584997354342 0.0029086912514584163 -0.05487343007369788 0.00280865230763483 0.9999951704891313 0.000672803257388249 -0.0018279211276126478 -0.0029108784319923794 -0.0006643490610877287 0.9999953180459091 6.655894580087848
0.9999928817546561 -0.0026479071995653965 0.0027300514553614814 -0.0589873956349626 0.0026465292399457546 0.9999957937476416 0.0006001796355463317 -0.002898168185011643 -0.0027319273991334176 -0.000592938547342578 0.9999958269478498 6.93835973476577
0.9999941445723824 -0.0024672540732685842 0.0025737679577226722 -0.06350050161692875 0.002465873641636136 0.9999964764686486 0.0006566290848620276 -0.003022825313761706 -0.002575568277636489 -0.0006504442552022777 0.9999963389882325 7.2081730025016775
0.999994283810481 -0.0023615998748416547 0.002551097711997213 -0.06770825864747897 0.0023603582649089866 0.9999964697241756 0.0007009786403489766 -0.0025755692261636687 -0.002553087911304063 -0.0006950920095441413 0.9999961893974186 7.328635815879313
0.9999955405815345 -0.0020969175670170767 0.002397479754753061 -0.07161730294028237 0.002095405725462101 0.9999973274862275 0.0007080964430703408 -0.00295779328863778 -0.0023990950778950615 -0.0007035463649329318 0.9999965763551535 7.599878156849146
0.999996037746645 -0.0021486168521140966 0.0021199228770598347 -0.0750542519426772 0.002147279136546461 0.9999970074754299 0.0007543491926461578 -0.003347173316476549 -0.002121702422937186 -0.0007501672576708877 0.9999970898481477 7.871431420376814
0.9999965196957294 -0.0020374705309520935 0.0021181488476985375 -0.07928630227223299 0.00203576108569434 0.9999974580331775 0.0007893929712408996 -0.0026828359419350935 -0.0021197715313092365 -0.0007857786708049325 0.999997067160842 7.975405814886875
0.999996982536471 -0.001923346072336076 0.0018405756696569702 -0.08118087602814567 0.0019220158029384614 0.9999977610003686 0.0006987651337172327 -0.0041385554099998435 -0.0018419541948760814 -0.0006960472380334172 0.9999977267128742 8.24488875343809
0.9999974657202999 -0.0020251810572549165 0.0014393508019743613 -0.0838091533704328 0.002024190069206761 0.9999977067955788 0.0006656584039274998 -0.004906676074103482 -0.0014406482427511715 -0.0006637626084240382 0.9999984883745375 8.499567838958582
0.9999982361971798 -0.0019344041585212994 0.0013635702084360442 -0.08705530953966463 0.0019331956761184028 0.9999982207198982 0.0007066026440255754 -0.004446217767112073 -0.0013646820963331126 -0.0007053188761574873 0.9999988085678821 8.605711195746217
0.99999932278887 -0.0019348417256628105 0.00021647165771310922 -0.09207279891000876 0.0019341839161976344 0.9999983249451816 0.0008936745601895695 -0.004906605866311328 -0.00021785977028387546 -0.0008947421357053135 0.9999997631489022 8.894215848952491
0.9999969400721851 -0.0020080201259061858 -0.0018299159811785866 -0.10002295851950291 0.002010065344341027 0.9999974629699617 0.0010961702996653267 -0.005940934184830449 0.0018275266608479004 -0.0011007044249721656 0.9999975803732326 9.159276039730901
0.9999959457695696 -0.0019250733830067058 -0.002334168050867362 -0.10631364447712842 0.0019274396420287164 0.9999975600825536 0.001050065407798916 -0.00689879252689526 0.0023319612612754392 -0.0010554617508837017 0.9999964102791093 9.277588741275029
0.9999893113569804 -0.001738243268501633 -0.004461712712899839 -0.11457903246376805 0.0017440609932248045 0.9999977295596714 0.001340260721903898 -0.008177568711984811 0.004459315365272802 -0.0013488329336396989 0.9999889938370267 9.551130161107418
0.9999792046701914 -0.0014674999192222692 -0.006404528564920287 -0.12379641244710103 0.0014778149240042284 0.999997807944241 0.0016292904153614508 -0.009005495732921278 0.006402103878755036 -0.0016397654531313125 0.999978090195863 9.827260374199033
0.9999771572949736 -0.0013279350635978183 -0.006830392819844002 -0.13006581176836451 0.00133891611942863 0.9999984289626977 0.0016663019720846994 -0.00941215734243489 0.006828440102496358 -0.0016767521782605893 0.9999756599789873 9.942949039205427
0.999960429152929 -0.0011740502836438233 -0.00900383441596709 -0.13991826919190828 0.0011897385403891797 0.9999984183752514 0.0017931771956370855 -0.01088146306262605 0.009001993321851655 -0.0018050016205200387 0.999958336949935 10.220593728300873
0.9999428582068959 -0.0010682261278404767 -0.010783463115863532 -0.15060485943541696 0.0010887093786186134 0.9999984959991989 0.001949992779402469 -0.01206597342105874 0.010781827352271754 -0.0019629914284941545 0.999940481128969 10.500333368379502
0.999939735209635 -0.0009843598406718895 -0.011103468691120456 -0.15796847149770682 0.0010058574321113298 0.9999986401043313 0.001983648804673195 -0.012598182539348513 0.011101962276310754 -0.001995944737263832 0.999936964328163 10.629332021898199
0.9999224324490711 -0.000795961310646732 -0.012603026279139985 -0.16889918581664884 0.0008242656093405468 0.9999980894511388 0.0022933486310903963 -0.01304181456159006 0.01260176052436186 -0.002305156791002126 0.9999185053700852 10.909942624640736
0.999899952580108 -0.0007509570541139693 -0.014266455425936044 -0.1808010443007489 0.000787011399366826 0.9999973092968073 0.002569224504524374 -0.01384313368189894 0.014265027327275585 -0.0025817424324483954 0.9998953554417523 11.19991010758677
0.9998935809142434 -0.0006777422884056329 -0.014716766255738352 -0.18905379306510295 0.0007151532442536268 0.9999975571999111 0.0025873026131955396 -0.0147491871799659 0.014715630799462556 -0.0025993566289738744 0.9998888241010834 11.32995730407006
0.9998624751476205 -0.0006987969055030242 -0.01672364007044089 -0.20168209751849503 0.0007466009622873553 0.9999972730804622 0.00291830684813357 -0.015828855504730583 0.016722443410075904 -0.002932714291593954 0.9998566393890704 11.608112930142106
0.9998255874562537 -0.0006315416660756166 -0.01879636135479999 -0.2122764491016944 0.000693371625601351 0.9999962151882458 0.0033356083177654154 -0.016709146416663927 0.018795063545299057 -0.0033504142401032154 0.999818484880099 11.898411396368925
0.9998160747358432 -0.0006820870630084873 -0.019313204088556087 -0.21841708569478002 0.0007467436646988731 0.9999960727543914 0.0034025878136343004 -0.017083701462121785 0.01931184162656162 -0.003419042607499883 0.999808484666712 12.030381178979356
0.999765251357762 -0.0009548389041907748 -0.021783285241021366 -0.2313848586655056 0.0010339173830042365 0.9999949186160222 0.003678072237619577 -0.018191559503337732 0.02178085227349797 -0.0037025064824698643 0.9997568487174902 12.337045518784498
0.999717711460503 -0.0011806569087215557 -0.023862120190707353 -0.24607546805600844 0.0012716060904284523 0.9999942400012856 0.0038599886216628527 -0.018975948978356166 0.023858758840044132 -0.003892169659734086 0.9997089737926719 12.646370179645128
0.9997051881040313 -0.0011768542874210873 -0.024386926703791816 -0.2552362337552016 0.0012712779756393795 0.9999942324169103 0.003923842839285674 -0.01942601808649225 0.024383553339494674 -0.003956575108066095 0.9996961997123952 12.784054900230673
0.9996556115652151 -0.0012115311977736027 -0.026322458343229875 -0.2702934781123568 0.0013207420369469765 0.9999928961995366 0.004187819789744529 -0.01977398113518933 0.026318344185417303 -0.004223930265308606 0.9996458573139766 13.086037399978617
0.9996021863603772 -0.0012198768780127495 -0.028269696839638807 -0.2873875117149761 0.0013400117613087286 0.9999923795001618 0.004276940039692645 -0.020894590989725056 0.028265192387777357 -0.004315703431200405 0.9995922395290705 13.390998550889435
0.9995925328273862 -0.001104323429108796 -0.028624139054106185 -0.29758293779072664 0.0012269109212643817 0.9999926970204852 0.004321406527111467 -0.021338227979387992 0.028620405347812208 -0.0043576504426022815 0.9995820247589495 13.532786213407226
0.9995217033397176 -0.001038138803761749 -0.03101660933912913 -0.31465404626325433 0.001182891402183479 0.9999910929977582 0.004705289881711503 -0.0214961964777175 0.031012878950174832 -0.0047427449341877065 0.9995091070061457 13.841029629673892
0.9994487133681765 -0.0009469465793313364 -0.03329852880823375 -0.3330473704331112 0.0011108111562562362 0.9999899327962013 0.0049574443948110355 -0.021923881435111037 0.033295117486076276 -0.004994889885815214 0.9994344798370492 14.158001096698682
0.9994296854099958 -0.0009215167286605841 -0.03387371593191329 -0.3439645252344284 0.0010898236291951979 0.9999901663967462 0.005011000152815633 -0.022558100140199783 0.033870606439052466 -0.005048434090684916 0.9994150493597044 14.29546228427431
0.9993529544592034 -0.0008297419573349468 -0.03606258027915513 -0.36336112357537637 0.001015680981527128 0.9999891920434443 0.005197948062075354 -0.023330061863869066 0.03605980905397951 -0.005234659639194238 0.9993374140832582 14.609295888512445
0.9992695861751257 -0.0007935314901244405 -0.03829939214398194 -0.38334564038566765 0.0010013837077512962 0.9999877737145731 0.005462494658157932 -0.02334541992362282 0.038296400369817234 -0.005500119682114271 0.9992529283402615 14.924207813626872
0.9992449097892856 -0.0006220875336935755 -0.03892995112147282 -0.3952070685378595 0.0008396951445943517 0.9999867371367922 0.005616741041079479 -0.02326127951113031 0.03892742954670899 -0.005648317859837266 0.9992274382063598 15.069255062915598
0.9991685928659231 -0.0005435429432501701 -0.04083511831442025 -0.4158545392005788 0.0007811413909727573 0.9999853602299488 0.00583922466850331 -0.023295684066301364 0.04083265937396291 -0.005869179321412869 0.9991499901366844 15.388346928072965
0.9990881882913658 -0.000299435629237049 -0.04276043445882419 -0.4377673262442296 0.0005501923113909717 0.9999854910681771 0.00588889443551221 -0.02414620837278502 0.04275938564242432 -0.0059100743485204985 0.999069339365879 15.697953184277699
0.9990681709459314 -0.0002123437403238404 -0.043222070485814626 -0.4468080501860429 0.00046827401916141136 0.9999849487750614 0.005938303310927683 -0.02488551678275919 0.04322120056336914 -0.005955816804002127 0.9990489908960466 15.853476578088763
0.9989850921471792 -3.969587335093026e-05 -0.04509909978310097 -0.46521813942448154 0.0003272616306740966 0.9999821952180071 0.00639326131426992 -0.023979584591890018 0.04509903567998902 -0.006404458207460685 0.9989631081991811 16.15228358920998
0.9989065209256814 0.00033452527296331933 -0.04681698859596411 -0.48654627450469656 -3.1433065411368944e-05 0.9999815964050797 0.006505714201776314 -0.02393942826939805 0.04681964500783204 -0.006500254798439373 0.9988836374130887 16.462104634556944
0.998882490439127 0.0003494800984716913 -0.04732460660781213 -0.4983615898316479 -4.6127971200632856e-05 0.9999819178136955 0.0064380342820172486 -0.024630945670598817 0.04732725365539778 -0.006431664786790168 0.9988601069971939 16.607267655773786
0.9988106063502792 0.0008003835318726032 -0.048813264033966776 -0.5208680704068113 -0.00048242628793754365 0.99998115720606 0.006553667440936079 -0.024569063317968494 0.0488188696663511 -0.006525375161890208 0.9987877547989745 16.921467110356687
0.9987252311840602 0.0011568431113873287 -0.05053090879089153 -0.5438071549763284 -0.0008104446491751559 0.9999786395212967 0.006905120475881777 -0.02329967956296665 0.050539222490366485 -0.006858421001678297 0.9987000675099603 17.22336415011432
0.9987023214033391 0.0012055974143453548 -0.05098271390812715 -0.556411658488779 -0.0008489237254064975 0.9999775305395381 0.00704398975278359 -0.023143655679734785 0.050991348757340314 -0.006994558840362194 0.9986761270836885 17.362719638391855
0.9986162244418036 0.0016068450066999166 -0.0526305037121969 -0.5806057769451859 -0.0012248676029232074 0.9999750786536007 0.007313281801104841 -0.022372059218626124 0.05264219181842748 -0.007241873490515562 0.9985885527902512 17.662437047935914
0.9985448673452905 0.0022725634175347416 -0.05394490954571078 -0.6052832584429049 -0.0018706044003467318 0.9999722345377876 0.007521636390765821 -0.021053488674445404 0.05396160359395756 -0.007412767031522228 0.9985168536208514 17.966036605189693
0.9985449046818661 0.0025675526535003943 -0.05393201051946294 -0.6167746482979967 -0.0021634126422723564 0.9999712285605926 0.007566791485260257 -0.020164349318469752 0.05395076914838421 -0.007441920640494682 0.9985172102275353 18.101560611945832
0.9986405215559712 0.005915953170961658 -0.05185670039344462 -0.6333668343965491 -0.005515666129598637 0.9999558498020207 0.007877817094523587 -0.01636727665390263 0.05190192578493993 -0.007583887846121298 0.9986245583143682 18.393603786508933
0.9989740449016239 0.007104254387644762 -0.04480596271685673 -0.6372824609330036 -0.006753241838189402 0.9999473675070961 0.008004742587493244 -0.012742706665922409 0.044861496186455026 -0.007696638042069361 0.9989648049873708 18.692189950122806
0.999075793109412 0.007045088670610367 -0.042485577109329174 -0.6375197493001397 -0.006706454325205011 0.9999466534398785 0.008133851519911618 -0.009438192865873683 0.04254164278353655 -0.007844081911186183 0.9990651025675298 18.80937480527418
0.999324659277388 0.006063746315139507 -0.03635283027717165 -0.6379553362963325 -0.005764410191035056 0.9999508725864785 0.008370041172299062 -0.006425331440546585 0.0364026932776145 -0.008157468773435355 0.9993053681182003 19.089916491319418
0.9995574190233543 0.005973443608343137 -0.029290838034260414 -0.634220740645562 -0.00573720310634311 0.9999525841740347 0.008183549645849272 -0.0050569961624200785 0.02933924397885268 -0.008014754219492305 0.999538906466311 19.371898095837413
0.9996780779268803 0.00616233158672261 -0.024796925860586225 -0.6306627008661116 -0.005962634613894409 0.9999515282079962 0.008183139319035537 -0.0023330030055104733 0.024847067253185535 -0.008035448386808194 0.9996603481758224 19.498189533658227
0.9998900817377531 0.0069104695371139686 -0.01343541482686359 -0.6156537178004351 -0.0068154463669776915 0.9999533038882422 0.007233218191246564 0.00017014215649990925 0.01348568083512157 -0.00714384453722806 0.9998848524584446 19.77967242719383
0.9999716086922924 0.00704954692927873 -0.003971738684767644 -0.5986090401812865 -0.007024565561822396 0.9999557349169067 0.0066939535517752296 0.0021919695458184844 0.004019692494204259 -0.006668795852662454 0.9999710984811145 20.066918664068357
0.9999798702919269 0.007052562704545083 0.000245226153313181 -0.591169130285304 -0.007056162564054408 0.9999559952120183 0.006657827966145403 0.004927146997708395 -0.00019733716696962965 -0.006662325756734042 0.9999794504639699 20.20792486941207
0.999903654627552 0.0075140400477693645 0.01210955215841729 -0.5681621922961879 -0.007590044595008558 0.9999557201518882 0.00608478351736641 0.006033874577219402 -0.012062358514707366 -0.006178956973824055 0.99991003333596 20.525766591758142
0.9996511702568819 0.008065728347602547 0.025358545453461383 -0.5378966265293704 -0.008211275288203115 0.999953942459882 0.0055669924104121814 0.0065532538288486175 -0.025311492956981874 -0.005776104662624311 0.9996649977085968 20.855943581085647
0.9994734394565522 0.008123340028062958 0.031594115824802656 -0.5231376044940808 -0.008302739639326385 0.9999538890642401 0.005484159335691491 0.008823010625004872 -0.03154732033400411 -0.005746143443740362 0.9994879687222299 20.997263338715804
0.9989810577579809 0.008514194837054649 0.04444488648036998 -0.48665411927034197 -0.008749188306618546 0.9999522668868821 0.005048002942944454 0.009635648955566302 -0.0443989924887177 -0.005434109729396557 0.9990013224270038 21.348038806063908
0.998269975307179 0.008742684077046562 0.05823782189719154 -0.44224784853895954 -0.009027796055521986 0.9999520436867553 0.004597008993736376 0.00922809378279649 -0.0581939416201428 -0.0051169543339439115 0.9982943921571334 21.71019138840281
0.9978498822633837 0.008927816077099977 0.06501207421755592 -0.42132913044764175 -0.009231610665353506 0.9999511095162157 0.0043433668786244176 0.010690640005182625 -0.06496912399650193 -0.004936449563782957 0.9978771489192315 21.8705636770208
0.9969197850542364 0.009306363754025146 0.07794464586193527 -0.370334934597129 -0.00963479489674389 0.99994973241115 0.0038131447487382533 0.00990277328497922 -0.07790418078405308 -0.004554601667290093 0.9969526869861072 22.25396906993327
0.9960200029286576 0.008429425980929562 0.08879346509812508 -0.3129404280077121 -0.00881339663081789 0.999956971933054 0.00390961600075638 0.009128208866747608 -0.08875553766871859 -0.004678941931503112 0.9960447083927125 22.676680474619765
0.9954637884372471 0.008399519681518036 0.09482619042114539 -0.2839693602124236 -0.00882686832134946 0.9999561857525057 0.0040674081347585435 0.010188556909551979 -0.09478646649138231 -0.004888216856849859 0.9954876908978738 22.8846706726509
0.9943256443800281 0.008762041729292075 0.10607029858040701 -0.2179414188868394 -0.009199724693882807 0.9999545437531772 0.003618954604350284 0.008550360540564723 -0.10603234428482063 -0.004576506986881777 0.9943542247913065 23.326491087271844
0.9932315991650711 0.007953842391516242 0.11592612550171688 -0.14532987496651292 -0.008428102173392819 0.9999611360084809 0.003585796577746252 0.006159166734220891 -0.11589149156118776 -0.004540536968621865 0.9932532003621406 23.796361581769766
0.9927056807619541 0.007643347013429034 0.12036641127150877 -0.11102171225950297 -0.008176665113067895 0.9999618224762474 0.003923295142810463 0.007526074238544976 -0.12033009798736227 -0.00488102699429129 0.9927237854347966 24.034731510882327
0.9917685659442487 0.006722007282797125 0.12790875833574522 -0.036050575861732714 -0.007412255980436229 0.9999631570335145 0.004909288795420567 0.009015244083459842 -0.12786926738502427 -0.005819092629078437 0.9917756799232488 24.513744775073455
0.9907399548549553 0.006499204529567299 0.13565599196753805 0.05246625539081898 -0.007345885865785878 0.9999594321406587 0.005730475263794865 0.011587282996741513 -0.135611427021515 -0.0066759606229619016 0.9907411596253194 25.037517133562133
0.9902183098295604 0.0062543283830086855 0.13942552757495463 0.09614084772708548 -0.007156462825771267 0.9999594661835846 0.005958883925706379 0.013802889857545488 -0.13938076400537427 -0.006900451122333155 0.9902164868253837 25.300489531763063
0.9893233898577114 0.005061592802812631 0.14568471289963453 0.18141632194637267 -0.005986126497169588 0.9999673444850582 0.005899292103710618 0.013428637502853412 -0.14564810537449022 -0.006710483985827376 0.9893152599771444 25.815759744430395
0.9884505383851979 0.003815935609218377 0.15153545265898694 0.2733346003708188 -0.004847875143061308 0.9999708674749821 0.00642810848517263 0.01408716207094312 -0.15150500989774834 -0.007089916706237151 0.9884329562387405 26.36428409786823
0.9881742675157997 0.003482515192759905 0.15333401048635703 0.3181472688410806 -0.004559458797423293 0.9999705448263096 0.00665956864919775 0.015861946524465917 -0.15330486275779207 -0.007281380313943767 0.9881539700044795 26.646093031721886
0.9875306964101581 0.0033265887254413755 0.1574284161970182 0.40837864130748847 -0.004456873847655661 0.999969555787744 0.0068162811728017915 0.016188278235847196 -0.1573994433046475 -0.007434555211619276 0.987508896168239 27.18916195957705
0.9868383088361378 0.003233498430004896 0.16171525981782195 0.5031736262125416 -0.004357993618843061 0.9999720384342484 0.006586907206252235 0.014410425365084823 -0.1616879467227985 -0.0072063938454573675 0.9868173015001692 27.74461042800885
0.986579141815759 0.0031792831155591957 0.16329234169737802 0.5525067479927888 -0.004319642044977675 0.9999722660438966 0.006614041780429728 0.015634998387250836 -0.16326522129063503 -0.007232241518755778 0.9865574093475223 28.038174733124542
0.9860201281459757 0.002595743138882553 0.1666440614632891 0.6558575846223834 -0.003851548479124435 0.9999701368810443 0.007199488254895234 0.018248477153910685 -0.166618698144722 -0.0077422592643491845 0.9859926193627278 28.631016069514263
0.9857040115914504 0.00173421632645641 0.16851335324225705 0.758520342016585 -0.0030703797823008936 0.9999692655262898 0.007657391045674895 0.021072084395904085 -0.16849313771053237 -0.008066979013483948 0.9856713518592702 29.223164093019793
0.9855801363260881 0.0014616484100875794 0.1692408926391798 0.8128875418778173 -0.0028040625782158415 0.9999703951975876 0.0076790545087952015 0.0228032473504307 -0.16922266404918454 -0.008044713874334015 0.98554668167348 29.551298826805017
0.9852219054757336 0.0006781700216526965 0.17131979216456303 0.9152013478874708 -0.001956284385502525 0.9999758721257662 0.007276842038771681 0.023302246297753647 -0.1713086282178102 -0.007506383913334491 0.9851904677190633 30.12841982022593
0.9850132350582751 -0.0003859252524493214 0.17251327546375828 1.0205456485171673 -0.0007779786722711037 0.999981496512996 0.006666271658926487 0.024112801014031713 -0.17251066689512073 -0.0067025389839444225 0.9849862912261567 30.727027514898094
0.9849372862810655 -0.0005211387469587011 0.17294833894132033 1.0714893752136672 -0.0006213318879710253 0.9999830859861975 0.006535292826894885 0.025413562831247214 -0.1729464060311457 -0.0065465407898322855 0.9849111016792959 31.034346349110677
0.9846807601944259 -0.0013722072992348579 0.17439948290420457 1.1804063914735166 0.0002925113704879011 0.9999854960235822 0.006200001822311783 0.026334343612624683 -0.1744030010318125 -0.006056230279970154 0.9846574842763431 31.644141238183117
0.9843462906419773 -0.00580341384294475 0.17618808193180596 1.3469988979867853 0.004744128416635074 0.999973245922647 0.006416705519160304 0.031104851085052405 -0.1762182451104937 -0.005482418330357812 0.984337577034285 32.55299353526127
0.9841890745543345 -0.007409850589343552 0.17700258395675741 1.463953210310911 0.006363109487448919 0.9999634599320373 0.006467950836190555 0.03465792789814303 -0.17704166463034063 -0.005241442937212724 0.9841909713939132 33.1811055451054
0.984003272527656 -0.009680060137663782 0.17792482588907527 1.5871582742509487 0.00853763374394624 0.999942685935145 0.007173304848946719 0.04021825648798442 -0.17798154883108053 -0.005541527153215254 0.9840199906383275 33.84851574169587
0.98395465353812 -0.010362527179017254 0.17815637365180406 1.6471793511837527 0.009182241569229147 0.9999353058919386 0.0074343916844550354 0.04422938728322113 -0.1782194166735792 -0.005681392915030946 0.9839760990505254 34.19425436371935
0.9838112081775384 -0.01261727115053486 0.17880177635095215 1.7665595490262955 0.011405601374396099 0.9999095708449264 0.0077904665410380896 0.049386489419491114 -0.17888141097151292 -0.005627150498249291 0.983856130327358 34.853234384291014
0.9836934626216676 -0.016066941422899567 0.17917367965950082 1.8888705881896823 0.014656242644511382 0.9998556993034203 0.009181135597340986 0.057466918174592124 -0.17929302892506577 -0.006407341652488282 0.9837766797519348 35.529356258247425
0.9836832898903051 -0.016505022098996222 0.17918970375694773 1.9519180034716768 0.015000800327428364 0.9998452865070958 0.009732545804705024 0.06241734659979629 -0.17932033934088237 -0.00688751700430651 0.9837685534006849 35.89827443238282
0.9837548430184817 -0.020338776974328267 0.1783997985414682 2.071707356529864 0.01883319295452897 0.999776351034309 0.010114773713465423 0.07094594227060864 -0.17856331970932682 -0.006592588131359741 0.9839079810643633 36.57801515897281
0.9840454199600386 -0.02220050476028758 0.17656466181850536 2.189647757677494 0.020580233050927717 0.9997324605499398 0.010987571206811373 0.08007813436184714 -0.1767591646986589 -0.007180462218985679 0.9842295636592915 37.26445891531799
0.9841739232402184 -0.023394628876613286 0.17569585240241142 2.251371577457616 0.021727961253218853 0.9997043239648779 0.011385763865276594 0.08617826544212627 -0.17590810838933701 -0.007389834587255083 0.9843804899563493 37.64156931977707
0.9846622564678655 -0.027340532154949755 0.172360468089321 2.367821762051381 0.025766251753409054 0.9996091078416836 0.011345381872760244 0.09654855707210461 -0.17260124184683834 -0.006731919240778 0.9849705694410448 38.34362368806494
0.98530813143502 -0.032605398031400494 0.16768782662883655 2.482753988001298 0.031054177672301828 0.9994523500518057 0.011847844879050325 0.11011100762462091 -0.16798008631896572 -0.006468414535124188 0.9857705775961172 39.06183048729238
0.9856450326101348 -0.03403572885426048 0.16541085531073568 2.539381945360313 0.03243851767633262 0.9994027880291816 0.012328916685079253 0.1176440085246212 -0.1657295883531767 -0.006788258234285034 0.9861495208121493 39.45263476210669
0.9865256286653538 -0.039746025187426245 0.15875391398742728 2.6490718284900066 0.038266049553624025 0.9991963078018182 0.012348573884379477 0.13204445283351826 -0.15911511086766544 -0.006109266023584284 0.9872426456427628 40.1888833613432
0.9874474599445976 -0.045796939943923094 0.15121453546689356 2.7539868807153294 0.04445545045931763 0.998941693274408 0.012218925341111752 0.14809350246995437 -0.15161222756486215 -0.005345293091246674 0.9884270392890784 40.94382556393388
0.987993678218314 -0.04853920568487557 0.14672303584786997 2.8019353817186645 0.0472641241766623 0.9988133029407974 0.012143669726569778 0.1566233248474284 -0.1471364169399095 -0.005065429882496303 0.9891045393677563 41.33801540565956
0.9888456511134301 -0.05499759714817687 0.13847348353255004 2.895397178853872 0.054028817636287294 0.9984862604952728 0.010725401049674501 0.17022009462105075 -0.1388520379418812 -0.003126686568144006 0.9903096333725837 42.09090364467166
0.9896933738141108 -0.06068831899775114 0.12976839717420274 2.985768346362004 0.06000408764115756 0.9981604740265088 0.009153987736996818 0.17846666309070983 -0.13008377394105672 -0.001275428272355649 0.9915034715558438 42.848876623389295
0.9903033694879149 -0.06289604711126436 0.12393220652254895 3.0269815639989717 0.06224465260791144 0.9980235340670891 0.009099127557434626 0.18461035834871248 -0.12425815354424345 -0.0012992856542371877 0.9922501964477828 43.24452990948448
0.9910802172757058 -0.06731884693381372 0.11508046259995852 3.1028635083756844 0.06677101221723829 0.9977348609162561 0.008587744924014842 0.19531848458659404 -0.1153965689461426 -0.0008297101268931463 0.993320267875163 44.01321862052122
0.9920737808198821 -0.06892488227225511 0.10513771635012412 3.169615912671674 0.06830469012995309 0.9976227251861234 0.009470691064140556 0.20683510786472037 -0.10553907778624308 -0.0022174340841140307 0.9944134589736199 44.77624313572538
0.9925983891840063 -0.0696378495715498 0.09956950419157731 3.2005788688079586 0.06896385455490452 0.9975703097690749 0.010175954643014734 0.21357772879169007 -0.10003492195378806 -0.003236936385452551 0.994979322639147 45.183060250079656
0.9932898227215451 -0.07261110127350769 0.09009977976595862 3.2568026369938825 0.07193823585392534 0.9973548737011811 0.010672367877746492 0.22514712008544557 -0.09063511973243377 -0.004122174402530944 0.9958762321056535 45.95701848103704
0.9939954292667241 -0.07421021682894263 0.0805044114506096 3.3056429868841875 0.07357419981907506 0.9972339877097097 0.010812943374568772 0.23589169295533916 -0.08108301585294664 -0.004827937062966688 0.996696263613688 46.73247681499055
0.9943528603419434 -0.07448445889716711 0.07568995470125767 3.3257702939980067 0.07386001931670981 0.9972110976066446 0.010990748854805499 0.24097606895667176 -0.07629644759321572 -0.005341097639573105 0.9970715343122384 47.12290856809156
0.9949197759640245 -0.07533263820097674 0.06688871735817147 3.364786479169542 0.07480983167150779 0.9971481145828001 0.01025868419905622 0.24699698696904582 -0.06746987709600327 -0.005205417336922749 0.9977082598881086 47.88584870846469
0.995443783062048 -0.07552345324364419 0.05832944405000384 3.3968296498997392 0.07514228975033678 0.9971380824469289 0.00867070416774641 0.2500469187201073 -0.0588168571408611 -0.004250769757868481 0.998260120601438 48.635152814989745
0.9956821818695737 -0.07552483045666349 0.05409334968411157 3.4102627734414157 0.07517685340811293 0.9971373619110747 0.00841192659183406 0.2524504291458223 -0.05457380604271907 -0.004311227521559078 0.9985005106031266 49.033292442273265
0.9959345249671082 -0.0776134185355813 0.045847773788543794 3.435556791186435 0.0773443595857431 0.9969774340606682 0.007597008903449979 0.2579174401422266 -0.046299239346513706 -0.004021962626189206 0.9989193334021994 49.785750923748374
0.996122001183685 -0.07941831377126894 0.03800937010458333 3.4540922534926395 0.07912675328809719 0.996824835890598 0.00909797719768623 0.26879932587344635 -0.038611677679258806 -0.006056930843085995 0.9992356953883431 50.55162970318859
0.9962609977165837 -0.07970066423035516 0.033500509328913165 3.458539438498971 0.0794091600018643 0.9967943183460312 0.009925296338053006 0.2754779425620313 -0.03418457382685596 -0.007229999102169319 0.9993890541632406 50.95491671138788
0.9963341160236763 -0.08168319721849998 0.025655302871216812 3.467561002766008 0.0814039463948185 0.9966148316375549 0.011699896461268627 0.28836644069557 -0.02652525292793771 -0.009569617400061894 0.9996026770851955 51.7211460830249
0.9964113778931518 -0.08281992140887037 0.01781849327686553 3.4704604936412253 0.08261859307606746 0.9965146627681729 0.011700137416343442 0.29843670161094854 -0.01872663414143555 -0.01018699729678697 0.9997729894612264 52.48556288032391
0.9962064445458221 -0.08663813871038344 0.008896359768849527 3.475607408773127 0.08654777897175206 0.9961995494647763 0.009993435370111164 0.30739774584645735 -0.009729633714649017 -0.009186462694979908 0.9999106740207664 53.57390289127376
0.9961493903730662 -0.08772871423973298 0.0013366036688835532 3.4711893431321807 0.08771254015333135 0.9961058639082391 0.009128121472400212 0.31333152423859595 -0.0021340264976470215 -0.008976411662523257 0.9999572641146691 54.33093880376937
0.9958693619153937 -0.09056267126817029 -0.007277842975602992 3.4590807566601556 0.09062573139473219 0.9958473478210113 0.00880518843340049 0.322995365734543 0.006448294846802972 -0.009429211414563422 0.9999342491222408 55.415952750251655
0.9959711865119628 -0.08887294167940246 -0.012387672175862823 3.439989344050731 0.08900640785097405 0.9959752395063494 0.010642252939160182 0.3333368892573426 0.011390386781812919 -0.011702558874417669 0.9998656291321295 56.20707196641088
0.9959984616405233 -0.08818647700680102 -0.01487353754487673 3.427946300161814 0.0883603828478476 0.9960236792431706 0.011463011126380632 0.340357453336981 0.013802072823811169 -0.012732141820856403 0.9998228793166108 56.59542591745804
0.9960514105225762 -0.08658896358083586 -0.01987235555873801 3.4017970803358937 0.0868392101403567 0.9961499880742978 0.012087405334179997 0.35034935278873597 0.018747431277178005 -0.01376618113248241 0.9997283678438746 57.39445065533812
0.9960549479769247 -0.08522225281649046 -0.02497044760159587 3.371358897749679 0.08552827375838344 0.9962709549412382 0.011448411979584903 0.3568374705832967 0.02390006461666515 -0.013540026881905703 0.9996221253621623 58.18347134412864
0.9960435049359267 -0.08482080481816578 -0.02674166598580404 3.352905072339564 0.08514401070801475 0.9963068204042532 0.011193833297897552 0.3601291835385933 0.025692099171182037 -0.013427791954640972 0.9995793087038827 58.57905462719335
0.9959757959758673 -0.08396034631812907 -0.03154799456211113 3.3192459500332667 0.08432441940110622 0.9963851860953838 0.010397881626447314 0.36507971067687883 0.030559674037085136 -0.013017461815819868 0.9994477206911243 59.34655970182831
0.995989753299916 -0.08240962282545199 -0.03500498590794179 3.280885232108012 0.0828107490014586 0.9965142940361209 0.010172439316414279 0.3717686637173804 0.03404342868453502 -0.01303176176259834 0.9993346280584208 60.13829333211895
0.9961462673519154 -0.07892518464193846 -0.03841806358975697 3.2232910712597986 0.07934222755040642 0.9968038337325966 0.009459992669983246 0.37863265781466354 0.03754782353738931 -0.012472888281070148 0.9992172020960016 61.297652437447915
0.9962190244965761 -0.07734523290730669 -0.03971847641695323 3.186062645059101 0.07772249268577808 0.9969439340088239 0.008048916335502568 0.37976619334721784 0.03897355089896969 -0.011106448967302968 0.9991787763011541 62.04988139774693
0.996217443168813 -0.07702482001525116 -0.040373360366948295 3.1654292507487654 0.07740067684693713 0.9969707059184112 0.007833031761147271 0.3815090316460727 0.03964655815612997 -0.010929284120626983 0.9991542453288352 62.439227011299046
0.9962063532602355 -0.07616433078669825 -0.042240762473164564 3.1242425907517544 0.0765639828205646 0.9970344885187867 0.007926794877898104 0.3870034698246754 0.04151051007234251 -0.011131726613637417 0.9990763253910052 63.22856655878805
0.9962322300682145 -0.07449750500203103 -0.0445415072671984 3.0794824034721757 0.07499493600269211 0.9971388613032467 0.009604558656473746 0.3961552783983223 0.04369731154175263 -0.012909598415065683 0.9989616236456518 64.05171964054908
0.9962510772226802 -0.07385322649348137 -0.04518847839452117 3.054195553677902 0.07438597389838544 0.9971783463743309 0.010226154053191744 0.40320771623608476 0.044304551984966335 -0.013550025424681101 0.9989265022157007 64.46533131706491
0.9963985435120617 -0.07073110530681866 -0.04689296777538572 3.0093424912031 0.07131981079028145 0.9973938155481119 0.01100416343117189 0.4123662637265063 0.045991246800721565 -0.014309611273819495 0.9988391656717763 65.2731573120128
0.9964437821875853 -0.06878969029755527 -0.048794587587263794 2.9626549472756727 0.06943232296688716 0.9975203375990065 0.01160213456464599 0.42298886466357377 0.04787458972860959 -0.01494964530489327 0.9987421102352384 66.09794276320343
0.9964478089544142 -0.06843893790275624 -0.049204154946959414 2.937897378997343 0.06910260208770469 0.9975394010382449 0.011917173459674878 0.4298319023697903 0.04826647603331582 -0.015275650863514961 0.9987183214342231 66.51958132116252
0.9965439459773002 -0.06629234120647812 -0.050190671735752215 2.8860125795209837 0.06698665267441588 0.9976796804025502 0.012282631325062025 0.4405496334496175 0.04925926977209492 -0.015603543041936625 0.9986655972077195 67.38578788942016
0.9964552541568866 -0.06716554639829495 -0.05078544745856222 2.8430409890386747 0.0678490234910348 0.9976266937036774 0.0118616042249506 0.44793661464354867 0.04986750461382237 -0.015266347131038686 0.9986407650560498 68.19218892953934
0.9964251824146652 -0.0674780735842507 -0.05095265482568963 2.818309838972991 0.06813932634361312 0.9976124562472392 0.011354465411421665 0.4505044676458462 0.05006384762296734 -0.014786588157937406 0.9986378683955678 68.60999547469164
0.9964805992638154 -0.06620497939935356 -0.05154173958602405 2.767351015350814 0.06690860080271716 0.9976877881080406 0.012050055548524724 0.46060121543356225 0.05062405182742988 -0.015457434979630516 0.9985998434784527 69.4622174444003
0.9966230198547904 -0.06299804245553603 -0.05279313675466499 2.713042948712847 0.06396786630357934 0.997810320251694 0.016887171237562944 0.47869352663599707 0.05161317751801691 -0.02020861921146387 0.9984638074206511 70.3664088470088
0.9966569956147551 -0.06209824819521424 -0.053217651933532326 2.683952850388387 0.0632282759332734 0.9978035297906376 0.019824959950576437 0.4916970936265246 0.05186913527419016 -0.023124948887298442 0.9983872523196141 70.83116344988683
0.9967570587407061 -0.05992752689752364 -0.05382786913625714 2.626495471346334 0.06114463860047772 0.9979036634247115 0.02126032587629468 0.5118367549759659 0.0524404401733663 -0.024483997036548993 0.9983246694326704 71.773855639248
0.9968628235896022 -0.058352878489582836 -0.05359806017508621 2.5796976470512085 0.05929397524916055 0.9981114346315864 0.01614444659329343 0.512828389521905 0.05255388935740782 -0.019273135292403654 0.9984327014392592 72.60904932353331
0.9968236980862086 -0.058849074679097294 -0.0537851741700287 2.5567749810205513 0.05966417081752101 0.9981261057448566 0.013682973031782205 0.511983762861925 0.052878351822526384 -0.016850051104742463 0.9984593576786513 73.03400689545683
0.9967405557551917 -0.05999447457597932 -0.05405490147721091 2.5129874817975226 0.060603669171978326 0.9981158820593733 0.0097070310692024 0.511611287994299 0.053369821375618104 -0.012952705515342899 0.9984912025450443 73.87995086014506
0.9967400730540215 -0.06028544910498008 -0.05373622977310504 2.4660499878580473 0.06087179074061762 0.9981029061859825 0.00934468080922718 0.5162184014447061 0.05306990834368629 -0.012586434185104106 0.9985118578197087 74.75847340063137
0.9967192000226256 -0.06063698827287636 -0.05373148682010084 2.439086185327114 0.061226205686045684 0.9980808939571548 0.009397353458371218 0.5195179961153359 0.0530576628344382 -0.012657721337868843 0.998511739437263 75.22109860643775
0.9966521234361414 -0.061833778590599194 -0.05361070597140009 2.3929345778352222 0.062418507748996224 0.9980079601799646 0.009311649193756218 0.5247830154344622 0.052927248786430396 -0.01262840979975633 0.9985188663605726 76.07642710632975
0.9965788280210464 -0.06294709585665736 -0.053674157639367934 2.350114579718665 0.0635097870063421 0.997943078985254 0.00884910753233492 0.5300857961019626 0.05300580858988922 -0.012229149649831402 0.9985195351315906 76.94486126342254
0.9965433263185113 -0.06338704709190619 -0.053817399975957796 2.3250953614444474 0.06395208327831448 0.997914906012035 0.008850862459268107 0.5339957072371739 0.0531433326960067 -0.012263636455214227 0.9985117602288491 77.39625511117025
0.9965558959821107 -0.06337614231488611 -0.05359538550841669 2.2794049718403966 0.06393524471760484 0.9979162723144597 0.00879168078525349 0.5390873523612473 0.05292565137485955 -0.012189369207553927 0.998524250749745 78.25198127089034
0.9965571260694399 -0.06346229020885208 -0.05346614286674265 2.2333504170653327 0.06400403242397257 0.9979144136967516 0.008489860427619181 0.5425641644174245 0.05281488896578671 -0.011883813121974882 0.9985337261323545 79.12582301615669
0.9965716873532556 -0.06328185794525204 -0.053404444913945665 2.207995572702345 0.06381136810091129 0.9979285711784359 0.008273146907400095 0.5436938200763032 0.05276910551998751 -0.011653471144052562 0.9985389918761001 79.56227633312108
0.9966048250983561 -0.06292537762458707 -0.05320853828923688 2.1614341243694617 0.06341810429148394 0.9979587125783155 0.007627726044447468 0.5450487689603601 0.052618848003333586 -0.010977388536851412 0.9985548173153319 80.4237612231956
0.9966280888098007 -0.06267407553614805 -0.053078933037738404 2.1138460445899914 0.06316037134860282 0.9979757182078877 0.007543346408492764 0.5486269513160988 0.05249792931713348 -0.010871905464797589 0.9985624872838472 81.29567356411458
0.9966542219564994 -0.06233481442665677 -0.052993366967001104 2.0865841448476554 0.06281784387652088 0.9979977440031377 0.0075112358979085615 0.5508990692420895 0.052418459120594674 -0.010816761936547127 0.9985673974975878 81.74752665458796
0.9967066217398062 -0.06162951577243548 -0.05283509757266732 2.0361411870725328 0.062132456098641334 0.9980376732387217 0.007949610404564846 0.5570372444594922 0.05224126732172115 -0.011208238944264055 0.9985726177770601 82.62593457029988
0.9967445137756079 -0.06108958992892167 -0.05274311074528475 1.9869515768553931 0.06162128208133792 0.9980644262093652 0.008528081905179521 0.5636393792781313 0.05211945694340065 -0.011752340961660303 0.9985724009206209 83.50180707414764
0.9967740451941238 -0.0606970883283059 -0.052634979651140286 1.9597134714198337 0.061227563300796095 0.9980884415568324 0.008535780583777441 0.566640435405666 0.05201562490350168 -0.011732770079114071 0.9985779270220013 83.95702299553905
0.9968372225972799 -0.060056103453399456 -0.052179855747141894 1.9122096222664076 0.060581387328708866 0.9981278586206802 0.008554393225903041 0.5719285766940938 0.05156788405249601 -0.011690487261736028 0.9986018764591731 84.83168569365353
0.9969071417338784 -0.05935234097736218 -0.05165192721825952 1.8651446084016383 0.05986644007084537 0.9981717708888045 0.008478074141536323 0.5767988753880979 0.05105392944275149 -0.011546353173238504 0.9986302352186849 85.71754239518268
0.9969526281420532 -0.0588645726851038 -0.05134161161758906 1.8389582128026447 0.05936911674494821 0.9982027576296325 0.00838058249808703 0.5793408415252622 0.050755925036433086 -0.011405775015682202 0.9986475908464879 86.17003460174935
0.9971426107139303 -0.05644192106745198 -0.05036489324718394 1.7915626324249345 0.05690344714304506 0.9983508373024722 0.007799669012595361 0.5823088867932997 0.04984150844252672 -0.010645801381954582 0.9987018458126208 87.03385056540525
0.9973371448870548 -0.05395835113339691 -0.04922471444939521 1.7473474683387618 0.05435582656806837 0.9985000566998723 0.006794987296197727 0.582913159008566 0.04878413854289833 -0.009455003806126185 0.998765940762721 87.88712208048238
0.9973996156954422 -0.05326012551356731 -0.04871707806965324 1.7240841639094089 0.05364474734877492 0.9985394495386356 0.006643072758095378 0.5849605571613449 0.04829198137077301 -0.009241585574648806 0.9987917549771707 88.35319367887791
0.9976316651409598 -0.05023105897682218 -0.04714917246253685 1.6813592913545183 0.05060781158698499 0.9986965160451663 0.006852072097724815 0.5909685330992811 0.04674340727955429 -0.009224041368744365 0.9988648111454257 89.23556383247599
0.9978000678718334 -0.0484300084807304 -0.04544039827978654 1.6414278790132046 0.048829944005555376 0.9987783880753976 0.007756844333721013 0.5980871053084565 0.04500911773605567 -0.00996072664989928 0.9989373514773497 90.13351143893583
0.9978587603867298 -0.04780705582817365 -0.04479846687510941 1.6202831176712922 0.048210412931943614 0.9988062920082434 0.007987174427729192 0.60228506101837 0.04436290571775137 -0.01013171867988458 0.9989642855827281 90.58903198995115
0.9980125822192348 -0.04644538999989331 -0.042753910886395255 1.582751402499524 0.04683600759717614 0.9988696472532743 0.008199780789307677 0.607811587781653 0.042324092467609355 -0.010187422254185556 0.9990516470256371 91.46832053140353
0.9980953729117892 -0.04624332285909172 -0.041003602322040936 1.5504286090078934 0.04663098450361575 0.9988761240752438 0.008564772297334971 0.612411747492877 0.040560767079034867 -0.010461935466860924 0.9991219419564241 92.34144653041531
0.9980997760698926 -0.04655685059207441 -0.04054283520446952 1.5322916599159513 0.046943653755961795 0.9988607486248157 0.008656033839841813 0.6150498399027788 0.040092957451349616 -0.010544140980620452 0.9991400091407306 92.79235195852571
0.9981741770875528 -0.04643672832510669 -0.03882660292914853 1.500503036837508 0.046820979126836276 0.9988630823025937 0.009073128665674538 0.6198305341152646 0.03836066458294096 -0.010876104297677023 0.9992047218872837 93.6673178499527
0.9982042205164541 -0.04700729790407244 -0.03734074455900728 1.471981967224326 0.047394175761655034 0.9988310736209035 0.009570850062026758 0.6250969591296041 0.03684667548775753 -0.01132501471226795 0.999256744279216 94.53085772939414
0.9982166719411002 -0.04722780801064303 -0.036740046592445376 1.4557292840342808 0.04761039130339536 0.9988208253435936 0.00964286883738395 0.6276663816034077 0.03624095957343804 -0.011376789741463056 0.9992785011255427 94.98336925415646
0.9982492748450779 -0.04749797659150075 -0.03548144302486612 1.4277776110340696 0.04787373292477867 0.9988062099315973 0.009855220946358559 0.6326313324071129 0.034970686262491765 -0.011538474578223773 0.9993217114194912 95.85682790861597
0.9982350845314355 -0.0491925531281416 -0.033504882057562066 1.4033382391864995 0.04955724823168152 0.9987203878212743 0.010161635015941809 0.6380130689441332 0.032961937233633685 -0.011806126963989944 0.9993867793486209 96.73429079842035
0.9982383824596032 -0.04955774006599301 -0.032855828775528916 1.388324709184912 0.049914511520736726 0.9987024327347054 0.010138967141808045 0.6403351948933851 0.03231045748490162 -0.011763019176069266 0.9994083519684159 97.19048773054415
0.9981583975008727 -0.052109227787348784 -0.031313190643867575 1.3656669691780843 0.05245450715991403 0.9985705748069789 0.010319760816443512 0.6467825443828026 0.030730396156780457 -0.011945249078081598 0.9994561579405109 98.06539527169055
0.9981635819812241 -0.052972845825345324 -0.029666792147978335 1.3449972462431978 0.05329847630349495 0.9985262049516777 0.010307835986494625 0.6515357006326626 0.029076799082215422 -0.011872052684876233 0.9995067293479495 98.94255356559269
0.9981983746149345 -0.052707107110228614 -0.02894417906673805 1.3321899437799296 0.05302283809448153 0.9985410585413467 0.010250320446126551 0.6530695614195485 0.028361040878625718 -0.011768277825263442 0.9995281742130845 99.38290189498623
0.9982420749663528 -0.05268632534217582 -0.027452750433403176 1.3145714876768992 0.052986653677406965 0.9985425257413003 0.010338828988342416 0.6595941449672577 0.026867535447082824 -0.011777381416433103 0.999569618919782 100.24848654434382
0.9982849864866132 -0.052643023081744005 -0.025937186169212565 1.297117088397151 0.05293255251182682 0.9985428280082572 0.010618906252514767 0.6670603532313573 0.025339994817284963 -0.01197586737385876 0.9996072118475161 101.11577642443602
0.998300216355118 -0.05256312340369236 -0.02551334958408167 1.2866940369647355 0.052854020803576617 0.9985442085055987 0.010879638022574125 0.6720764853545282 0.024904061213383375 -0.0122120230362614 0.9996153790894605 101.562206225246
0.9983969369633592 -0.051763443924839975 -0.023305164679390245 1.267436005304427 0.05204357197262075 0.9985788526257829 0.01162449649845911 0.6807341240382238 0.022670433383050616 -0.012821329519795381 0.9996612443519063 102.4474579807076
0.9984653363348123 -0.05153618226467403 -0.020735486793986544 1.2519367618039736 0.051794244944689614 0.9985854354770042 0.012140385082538603 0.688759128409343 0.02008067850096148 -0.013198310944239802 0.999711692993643 103.32643296382086
0.9984875804472952 -0.05138640740521573 -0.020036905493989128 1.2427770564806324 0.05163723417293814 0.9985921727278948 0.012245831964687667 0.6928658378590435 0.019379628018730777 -0.013264373063036558 0.9997245441623757 103.78662280379332
0.99852961505502 -0.05131321272617407 -0.018071246474814097 1.2297190213817453 0.051545140141870366 0.9985917891346096 0.012697511087764074 0.7010181633722269 0.017394695653056257 -0.013612817621925389 0.9997566185777926 104.64750840922434
0.9985544741441708 -0.051523041047484675 -0.01598214428128432 1.219335277940103 0.05174013591090996 0.9985701820418162 0.013588448247418814 0.7099981298792746 0.01525957972757748 -0.014398324092850334 0.9997804999673627 105.5175024718709
0.998551158269489 -0.05179286132404736 -0.015313140976249936 1.2126359951802748 0.05200175238064563 0.9985553554946678 0.013706464389786168 0.7146290148262028 0.014581648240933586 -0.014485960437631722 0.9997892922734937 105.96659511691114
0.9985885164182582 -0.05166609816198282 -0.013173586592429835 1.2037487935966356 0.05184289758728357 0.9985648155550146 0.013636565335011983 0.7207526868454754 0.012450860649235267 -0.014303478405822067 0.9998209355238531 106.82670312004
0.9986070151863291 -0.051736753977264724 -0.011364509657348707 1.1979985866454381 0.05188260586788234 0.9985689505462376 0.013168431593163159 0.7253689332841791 0.010667734148530393 -0.013742799274488151 0.999849251926405 107.65527999063535
0.9986096221776537 -0.05181648865002965 -0.010762343291377614 1.1921465521864156 0.051954436689292255 0.9985645225051148 0.01321214130237357 0.7294129690486594 0.010063109583158257 -0.013755719063274554 0.9998552228987868 108.09964861092841
0.9986417430965432 -0.05157467394154129 -0.008796830250152168 1.1843623394049878 0.05169012847123275 0.9985708805109353 0.013783699319289395 0.7390437939449013 0.00807426884045074 -0.014222446341507261 0.9998671577633588 108.95969321716741
0.9986756378431845 -0.05115924258609251 -0.00715447344017832 1.1782732573136534 0.05125276627732643 0.9985908869118196 0.013956579675897229 0.7480350402802557 0.006431025625745513 -0.014307412815162804 0.9998777943262729 109.83197931854836
0.9986826301945413 -0.051075778994852654 -0.00677527339846656 1.1734369587648037 0.05116337489237102 0.9985965833009512 0.013877185303092272 0.7520918092947162 0.006057602458670933 -0.014208237170059064 0.9998816163215848 110.28889490914877
0.9986619264291515 -0.05153760308794371 -0.006239315938734312 1.1685371812557597 0.05161988129681337 0.9985676663633529 0.014241633570550711 0.762197586886265 0.005496839631512986 -0.014547041894447776 0.9998798315836313 111.1354289330367
0.9986080616135904 -0.05254600041826925 -0.00643570590834975 1.1664186578588733 0.05263472568864772 0.998505049674585 0.014895120355511675 0.7747848371671692 0.005643814247673676 -0.01521566615392785 0.9998689984839664 112.00438975982884
0.9985766265169571 -0.05305349884751968 -0.0071406455086685345 1.1618543209776233 0.05315427809968152 0.9984742036784511 0.015107397668436074 0.7824059451765775 0.006328613077541737 -0.015467832562674996 0.9998611786830176 112.47156453253778
0.9984928842401876 -0.05422972693752109 -0.009592301857928717 1.1520717548191088 0.054373388174503254 0.9983999635180917 0.015664318649226665 0.7956119623802017 0.008727823703078038 -0.016164446455302378 0.9998319739477712 113.36803488870822
0.9982520591801755 -0.05752630529215829 -0.014303813284416555 1.1383727183042494 0.057761435246671315 0.9981914638427383 0.0167716506437363 0.8113979195950102 0.013313373376302808 -0.017570608778802645 0.9997574964440364 114.2678018499518
0.9981313585054692 -0.05882214089242467 -0.01717645891152214 1.1257837901169432 0.059117779449705005 0.9981015456826714 0.017397439872026396 0.8205769607898574 0.016120591330087256 -0.01838233391179696 0.9997017233073616 114.73995127868089
0.9979783390835711 -0.05906681286348444 -0.02391371205299026 1.0974488261167508 0.05948494180694238 0.9980820381468233 0.017282138695745335 0.8325439102803475 0.02284712621031656 -0.018671640992313273 0.9995653165774695 115.62760333521285
