1.0 0.0 0.0 0.0 0.0 1.0 0.0 0.0 0.0 0.0 1.0 0.0
0.9999997615814209 9.500980377197266e-05 0.0005827248096466064 0.0019894957076758146 -9.498000144958496e-05 1.0000001192092896 -1.2695789337158203e-05 0.0004468944389373064 -0.0005827248096466064 1.2606382369995117e-05 0.9999998211860657 0.2205733060836792
0.9999985893855015 0.0001899590217031566 0.0017605418516080107 0.004551699794946573 -0.000189945015796944 1.0000003486309046 -1.1526150113461142e-05 -3.3321510055091264e-05 -0.0017605282004513612 1.0867224625066285e-05 0.9999984792077186 0.6089713512185897
0.999995035194979 0.00022129496120523457 0.003098694330216583 0.006559502687082764 -0.00022089398712331478 1.0000000447571817 -2.5266918652094504e-06 -0.0007413038518182405 -0.0030988721955140398 1.7223307255815542e-06 0.9999952889865319 1.0052360270362561
0.999993068625725 0.0004115221486512813 0.0036621487424610363 0.0060409320084864595 -0.00041153798912633283 1.0000000028610099 6.455308732204244e-05 0.0008884830321520799 -0.0036621928136946697 -6.622073999720395e-05 0.9999934238566132 1.230242398282672
0.9999890598531838 0.0004535031884916905 0.004719740233970449 0.006308070641950666 -0.0004552665875416641 1.0000003279739205 0.0002943407977607684 0.0012958151777938325 -0.004719375216872355 -0.0002970460588812293 0.9999891185918734 1.6334887066717323
0.9999825758178583 0.0007186331177447983 0.005878500614544686 0.006162885075785636 -0.0007208778485983246 0.9999998278985734 0.0003669777225867298 0.000902887966851272 -0.005878172697853019 -0.0003716266643933267 0.9999827342504715 2.0357428659720482
0.9999778247879517 0.0010103446716661008 0.006610482887647242 0.0047514196769903976 -0.001012463968264593 0.9999995775503148 0.0003135508145426041 0.002038431839549446 -0.006610084840647399 -0.000320679789118123 0.9999782124698459 2.2531266534971124
0.9999697701647726 0.0006608790645379879 0.007756030907766875 0.006899806793869857 -0.0006628538410345991 0.9999997097486879 0.00026040053195812283 0.0013298059877681204 -0.007755887072095657 -0.0002659462321015032 0.9999698815799356 2.649073971202921
0.9999656646014219 0.0006809990043687902 0.008221928542633978 0.006445292855027626 -0.0006835384962951907 0.9999992497359772 0.00037125431621437663 0.0013198533374643628 -0.00822197218868523 -0.00037698504705356844 0.9999660006020272 3.047713265245347
0.99996409637575 0.000619351343520494 0.008446790305691223 0.004605739151287128 -0.0006221101806382437 0.9999994061320336 0.00038431802533446806 0.002352472740128982 -0.008446818414109528 -0.00038962147438561346 0.9999643852492468 3.263059198261233
0.999964163985649 -3.979777663730545e-05 0.0084449249346454 0.003615898088573778 3.7833027088848175e-05 0.999999487224659 0.00031088618591210756 0.0019686885611058724 -0.00844512053851664 -0.0003105284673355298 0.9999641908060255 3.656626384803592
0.9999693973894895 -0.000667805868231743 0.0077869585969056855 0.00032091258939460953 0.0006665384212829753 0.9999991187575038 0.0002690486182069078 0.0014750054800018613 -0.007787375977712339 -0.00026361904257574115 0.9999696413947432 4.046974617501104
0.9999700207193061 -0.0003580878562995754 0.007748953716204867 -0.003911865831925635 0.0003568135085259027 0.9999994522205544 0.0002392806438553646 0.0025107183567800112 -0.007749119637869297 -0.00023643643671609593 0.9999701837833219 4.25437654574364
0.9999717137733989 0.004190048013431799 0.006266530310147227 -0.012326953682937243 -0.004194870683475328 0.9999905039078121 0.0008390592968801808 0.005249448388940995 -0.006263053547610817 -0.0008652698477283062 0.9999802166616647 4.651863591188459
0.99988925889917 0.014439719275674131 0.0036895701319180625 -0.028296111985452788 -0.014460542246410244 0.9998782086822235 0.005809688341010515 0.015793331501571962 -0.0036054719663917603 -0.005862521877868304 0.9999768766685229 5.0508006176846685
0.9998767297498202 0.015519987299938247 0.0025371521401983638 -0.0329595806841244 -0.015535093207767994 0.9998591779207111 0.0062867762305526724 0.019800382965678445 -0.0024395461709131455 -0.00632563250580824 0.9999775226293035 5.277924503809792
0.9999418560408233 0.01069450338846194 -0.0014879279979160575 -0.038106036577464315 -0.01068666867415053 0.9999311046054716 0.004738374581177836 0.020070541577434705 0.001538193625936319 -0.0047224136965607864 0.9999880536475635 5.7213384060739365
0.9999847525587204 0.003166767210731956 -0.0044461005650108885 -0.03919102700722945 -0.003164755432726654 0.9999940632587438 0.00024773456904289906 0.009863611513485748 0.0044464351736287246 -0.0002335983602628584 0.999990388804264 6.162596332646235
0.9999832449812728 0.00033964424709807177 -0.005733942780998566 -0.04799649287835144 -0.00034600288215100034 0.9999987019550227 -0.001209463577951613 0.008366366760612637 0.005733211258130932 0.0012114485731475684 0.9999829977573657 6.409571682317291
0.9999300045773576 -0.002923893111439582 -0.01144587861204065 -0.06208947558193921 0.0028999523258176245 0.9999928634215524 -0.002155965748818267 0.006906676594395312 0.011451794603867962 0.002122622566704244 0.9999324126965854 6.842483265299729
0.9998724138209558 0.002111498979428724 -0.015821470904745245 -0.0859493536226553 -0.002132521018714073 0.9999960522365425 -0.0013465435463483303 0.007336285626534749 0.015818238547438117 0.0013801088522379923 0.9998739994947782 7.310638053199899
0.9998288257062843 0.007457138631874202 -0.0169179370694409 -0.10280805263481814 -0.007482168609585504 0.9999701235502383 -0.0014562159499704444 0.010204217010852414 0.016906239584105635 0.0015826311543524186 0.9998556677024263 7.56037009572861
0.9996381478849362 0.01791610465528906 -0.020066500001826023 -0.13556478779100153 -0.01795136462385882 0.9998366826165277 -0.0016108760614466974 0.015640481753251237 0.02003401709283405 0.0019705082062858852 0.9997972803644313 8.00307984990245
0.9994965450547962 0.017064895377236024 -0.026764729595086623 -0.15729026879905791 -0.01706368958898018 0.9998537565329357 0.0002577295869471961 0.020028955091932723 0.026764316847755893 0.00019925954994801272 0.9996418902987336 8.509775281289516
0.9994642106248697 0.013615365977202568 -0.029781486376706173 -0.17395433552435452 -0.013542358136162403 0.9999040533185789 0.00264136561389896 0.02624040287278239 0.02981372628673925 -0.002236545601479514 0.9995531732890133 8.796990376337627
0.9993649201896392 0.008354257414798751 -0.034656184945625806 -0.20190411472274028 -0.008187666071060641 0.9999535316954531 0.004941295000802721 0.03469036112669065 0.034694824207632965 -0.00465431682159364 0.999387309486764 9.32508154097993
0.9992394985158655 0.006659968370820409 -0.038437608536902985 -0.23230237250047836 -0.006567865852231019 0.9999748656806399 0.0025206069078569713 0.032869521543310236 0.03845259609079666 -0.002266751224581272 0.9992582514895904 9.821681132392012
0.9991984098093154 0.006997028971622175 -0.03943505016999016 -0.25144974810504306 -0.006936152627126627 0.9999739736051776 0.001681087027444735 0.031160546447790875 0.03944501013842672 -0.0014068285672432265 0.9992211079875806 10.075879490866656
0.9990069540620892 0.011638523063626234 -0.043031551473334935 -0.29221502410515404 -0.01161929016557282 0.9999319314009574 0.0006971527321812576 0.02905122238665038 0.04303609677894774 -0.00019725350502544235 0.9990742665116094 10.59663423735156
0.9988636432674579 0.015758246771303767 -0.045000280923769266 -0.3307959351683184 -0.015769364287331354 0.9998753751635621 0.00010724347621699924 0.028394986673311008 0.04499577059113145 0.0006015841555380784 0.9989876168763062 11.138547833869454
0.9988226007300938 0.015892237575285892 -0.045856382329814815 -0.34789689799414186 -0.015906012637068954 0.9998731059362644 6.315919470463708e-05 0.02887927550396875 0.045851026123810985 0.0006651223140938414 0.9989485213603458 11.409137313353218
0.9985804247190914 0.015641253450755142 -0.050928562819373226 -0.38313723864422244 -0.01563076632102614 0.9998769895773413 0.0005985437490024893 0.029147604080964215 0.0509308368022312 0.0001973165088389739 0.9987022877507805 11.9489892235115
0.9983397291549029 0.01606688432242336 -0.0553277262517179 -0.4214049375122823 -0.015919488199305713 0.999867769668717 0.003099110099939551 0.0339105176364332 0.05536944015426023 -0.002214116139312529 0.9984636842802992 12.5412510656633
0.9982763324062903 0.01620790318892145 -0.056420047678944436 -0.44392766585730914 -0.016028849348201205 0.9998643470812305 0.003619339235462499 0.03711911103778521 0.056470291683946204 -0.00270971097909561 0.9984008249753293 12.86118313960555
0.9979936232968984 0.017642380501409982 -0.06082012215687323 -0.49051231064150513 -0.01742148741198974 0.9998387571559345 0.004155583759561199 0.04083106530728301 0.0608826390308242 -0.003088393119616353 0.9981399657412916 13.451661362105146
0.9977159581112133 0.019318448007413825 -0.06473602294810399 -0.5411611553127575 -0.01902318160743463 0.9998048057372063 0.005169324304061278 0.046894095381967676 0.06482204583905224 -0.003926736849732738 0.9978886598087877 14.059247786796462
0.9976500683311548 0.019612651823616767 -0.06565455201252826 -0.5684983617962522 -0.01927248280386399 0.9997961676115366 0.005805339394637765 0.0520719986485042 0.06575381878222201 -0.0045270737702664795 0.9978248821720821 14.386806074009378
0.9974182364277951 0.020528511798352182 -0.06882531127330806 -0.6207257883302506 -0.020012075464099582 0.9997651834893385 0.008181530376292783 0.060665764653322005 0.06897557984956837 -0.0067836969308126 0.9975949050733729 15.02179947036746
0.9971601154132832 0.021301705122860115 -0.07225335598034585 -0.675419048894765 -0.020606451703201113 0.9997332924646449 0.010354509304252232 0.0698138705185095 0.07245263537568586 -0.008836616720791493 0.9973326965044288 15.674754684150285
0.9970945217342337 0.021603068554806336 -0.07306489228255426 -0.7065322762553005 -0.02085802432383602 0.9997217527262345 0.01094426502564581 0.07576731464809335 0.07327888509677964 -0.009388743435350667 0.9972673039309833 16.013270521625763
0.9969248705148562 0.022352116403852332 -0.07512807427084148 -0.7645210360398426 -0.02150638793814161 0.9996954421363484 0.012049186857153418 0.08512638362473791 0.07537259309608049 -0.010396999145202685 0.9971013338312541 16.68319911644214
0.9968019402433158 0.022243332248248593 -0.07677150395740792 -0.8215022479759561 -0.02133385796854225 0.9996916623249387 0.01264915040306412 0.09379198116575467 0.07702716754476395 -0.010971411230925753 0.9969687059717474 17.355862516415034
0.9967619641634767 0.02220383870861137 -0.0773004620372415 -0.85302723765614 -0.02126622779059856 0.999689485656108 0.012935038836640713 0.09899630058592727 0.07756166291639055 -0.011249828433241722 0.9969241082194737 17.697391281531146
0.9965760025423612 0.022300282166732636 -0.07962991874702516 -0.9115429099414651 -0.02127370572585172 0.9996787533073178 0.013716781601220052 0.1078437200057972 0.07990788308870614 -0.011976130774105288 0.9967301175591515 18.350069375642825
0.9964559635053891 0.022341911448897772 -0.08110832208203952 -0.9709848252509187 -0.021217351733953848 0.9996660556805472 0.014701294595114867 0.11789483165728808 0.08140723294577136 -0.012928685583693061 0.996596906149002 19.012236380865193
0.9964195250477361 0.022337481609976218 -0.08155853905552711 -1.0046663230901305 -0.021151619876524873 0.9996574215914956 0.015378915591797684 0.12488531184366562 0.0818718350249173 -0.013599353361883178 0.9965499112773445 19.36342884429586
0.9962872653059159 0.02219735446265314 -0.08319501296656286 -1.064452971907186 -0.02074560371940912 0.9996168900711672 0.018277957645678945 0.13838661629564267 0.0835666851846325 -0.016484696788135893 0.9963656225309888 20.026828834700424
0.9961865423298312 0.025318814069498107 -0.08351109265338745 -1.1278092585100827 -0.023861569609937672 0.9995449512651188 0.018406189118951616 0.1500203825766528 0.08393690669085557 -0.016343662658987762 0.9963369983313721 20.6926947152637
0.996216224119934 0.025966313540937903 -0.08296445728041796 -1.1567376536877771 -0.024532504948554395 0.9995317831203192 0.01826400611945095 0.1557167523903582 0.08339818015848169 -0.01616049770772713 0.9963856809739988 21.043519521127294
0.9963276045722608 0.02770193938537146 -0.0810431401742101 -1.2096293389318309 -0.02634030206515589 0.999493745862914 0.017831165871929507 0.16463729953854223 0.08149452898609694 -0.01563204343603541 0.9965519160676314 21.707491201142698
0.9965418937146125 0.028057289576875404 -0.07824123092708914 -1.2565237584645783 -0.02673604162168759 0.9994825918358831 0.01789848136739856 0.1726402998283896 0.0787014988970845 -0.015745991525176792 0.996774680248683 22.367656685673087
0.9966327865004095 0.028102560819602395 -0.07705688081152415 -1.2812559951865754 -0.02680391805770219 0.9994816691936812 0.01784836543603369 0.17706424784015284 0.07751694964416334 -0.015723884229201127 0.9968680050123846 22.707986003778426
0.9969366620178495 0.029334971168312983 -0.07252658343212484 -1.3258345991654767 -0.028107227549915036 0.9994445122341417 0.01789899733533618 0.18570034887832038 0.07301031232150769 -0.015807243352275843 0.9972065155748574 23.35904627759966
0.9973000857007036 0.030428909770597725 -0.06685534280654327 -1.3630661288331085 -0.029286498966690874 0.9994082643302818 0.0180094647083393 0.19360555984792252 0.06736292541719198 -0.016004850917022025 0.9976006163280562 24.01205317176852
0.9974928465092151 0.030886857172372828 -0.06369900076100216 -1.3815330209175316 -0.029801426077984226 0.9993947372423174 0.017934988879239614 0.19789692474764972 0.06421363478643959 -0.01599375738770649 0.9978084647118302 24.34221928705939
0.9978569254455252 0.03159844969628212 -0.057326478393692405 -1.4111153287163003 -0.030653995242950288 0.9993801637130372 0.017292488919957646 0.20165907929862353 0.0578366578393885 -0.015500275699644574 0.9982062146113911 24.999964717248293
0.9981939534348887 0.03178786907351187 -0.051014498507556905 -1.434777821656928 -0.030976714406648596 0.9993817841941703 0.01663319834586319 0.20332334559508036 0.05151086468500991 -0.015024957335608751 0.9985602415901831 25.66492463603488
0.998371040017835 0.03183927417336321 -0.04739528358775356 -1.4460786063799107 -0.031102319791896024 0.9993847038294421 0.01623625761379397 0.2046682020986445 0.04788225628633435 -0.014737826879965818 0.9987451237740255 25.990429029037127
0.9986862475394432 0.031519680967626036 -0.04046056904713541 -1.4616831831330102 -0.030957910678126116 0.9994160947834975 0.01447190086579171 0.2042195457959813 0.040892310992895156 -0.013202361302340272 0.9990773461447308 26.640654353106687
0.9989381413144052 0.0320157845964088 -0.03318940367407653 -1.4738735535299512 -0.031580327710814024 0.9994087013583058 0.01360637173845019 0.2044128668192782 0.03360476827881153 -0.012545872945204466 0.9993574392445896 27.30796886334782
0.9990537384491696 0.0319601730654816 -0.029565030297209333 -1.47866214830263 -0.03157753154064353 0.99941174987109 0.013370105371494679 0.20543178237248674 0.029974336082146082 -0.012425924469954507 0.999474401573455 27.632101781115484
0.9992240468018206 0.03243224475673629 -0.02243035936885998 -1.4839569711674967 -0.03215172908761328 0.999400772561334 0.012823737262530294 0.20649070661379895 0.022832147301161947 -0.012094519899565968 0.999667050826199 28.294636253891102
0.9993780057875759 0.0319182012642408 -0.015111006203153369 -1.4809555283288072 -0.03173251059308625 0.9994188453218236 0.012475061607773362 0.20683672508317605 0.015499631582976875 -0.011989465888732684 0.9998087987001161 28.973127869111476
0.9994372201508405 0.031566231486873646 -0.011523579827903717 -1.4801130226392227 -0.031424927896682636 0.9994297809604983 0.012402285266865319 0.20801569576629259 0.011907718292970194 -0.012034838419907275 0.9998576044859993 29.3194824847598
0.9994991397852515 0.03137731605243212 -0.004563622931620617 -1.4674757790286523 -0.03132370758507592 0.9994399409383327 0.0118139828240457 0.2094190999057966 0.004930981039963892 -0.011666779410666706 0.9999206107630466 29.996924581640926
0.9995024058624461 0.03143999656967133 0.0031247511547558525 -1.450190836262199 -0.03147376471820786 0.9994478350314956 0.010696708197634774 0.20720344718438174 -0.0027873434030237067 -0.010791160061499164 0.9999386145420787 30.669339927455056
0.9994858048731832 0.03137266596023643 0.006862763260339854 -1.4408493760360486 -0.03144642641662321 0.9994494528776855 0.010620217390573238 0.20800572912465326 -0.006526410319466759 -0.010831981217312481 0.9999205962517264 30.997832412877056
0.9994202627072353 0.03125381478725804 0.013668662308358965 -1.4186304335487945 -0.0313997626158426 0.9994537380770834 0.01040047065659143 0.20797451671469347 -0.013337088426007202 -0.010824862539061649 0.9998532653245316 31.662155467349773
0.9993031993080733 0.030779296885225772 0.021229438371116717 -1.390584270918198 -0.030993325530479378 0.99947410832243 0.009683871503786785 0.20492655850010272 -0.020921448859748566 -0.01033620957334241 0.9997286777339716 32.34563397482107
0.999209818304972 0.03072646014920775 0.025325049114722966 -1.376516591914258 -0.030980374539033555 0.9994765817961839 0.00955716259653661 0.20425609123458902 -0.025019410036047404 -0.010335118920826267 0.9996345818811111 32.68343786325656
0.9990162167926792 0.030262460785613562 0.03249571120495343 -1.341294902739691 -0.030581857125100545 0.9994908852525006 0.009281793128808275 0.20328895585592768 -0.03219927566429576 -0.010268062169048513 0.9994293057746851 33.36369714569089
0.9988081411212084 0.02818559766716888 0.03991647636504067 -1.301198857036624 -0.02854499234433793 0.9995596942491723 0.008375297402564418 0.1999390827326589 -0.03966406671249257 -0.009505962559800877 0.9991686457282126 34.03906039659224
0.9986830115777586 0.027979585057044377 0.04307071677985649 -1.2824382254665492 -0.028365517015702182 0.9995654620733452 0.008298333591931021 0.19919951511931736 -0.04282106053172408 -0.0095103824837095 0.9990382053088823 34.37391421130866
0.998412655847489 0.027220018085556835 0.049371710488839496 -1.2373270492023412 -0.0276792743437416 0.9995824072497458 0.008572724551498488 0.19962909097039383 -0.049118944324844344 -0.0099267628684834 0.9987444600872271 35.071856443194065
0.998134315600936 0.026345862028370123 0.0551326145693424 -1.1892395699925447 -0.026874726498779124 0.99960197312544 0.008815343053636819 0.19922767207343248 -0.05487937076361488 -0.010281854913351993 0.9984407571191785 35.763659319870655
0.9980126448058377 0.026182158493091634 0.05736697796368909 -1.1657170551199345 -0.026737279830081197 0.9996051513180783 0.008874924002925364 0.19897569299497975 -0.05711292914180596 -0.010392403100138987 0.9983142233790567 36.10835435480083
0.9977049220075797 0.025275587260007264 0.06286283281824406 -1.1126936796713471 -0.025907856967036597 0.9996239488599085 0.009213946365835675 0.19976220383175836 -0.06260718609711009 -0.01082275921489251 0.9979800461854677 36.804132631724876
0.9974297611802734 0.024681726838638025 0.06731247993102567 -1.0575057870571865 -0.025372450628723713 0.9996363918383632 0.00937571118843451 0.19995267464032102 -0.06705759425335832 -0.011060591034328807 0.9976883503457102 37.50582349321433
0.9973380246180938 0.02443787479203942 0.0687523631436538 -1.03232240914569 -0.025142036566995065 0.9996430728602431 0.009339058862731675 0.2000983321645519 -0.06850040684695768 -0.011044111643503505 0.9975906505234202 37.85015509613027
0.9970420132247825 0.02412502910558767 0.07302217490627891 -0.9784745996391443 -0.02488141949829787 0.9996490803211185 0.009413296335436621 0.20104942325459074 -0.07277016059152756 -0.011203525787173329 0.9972866610258899 38.51321497677061
0.9967585750143009 0.02374413159435221 0.07690864565101546 -0.9165827965394503 -0.02455582782038336 0.9996552588239458 0.009581791600772896 0.2041947439392495 -0.07665520729774664 -0.011440678233039023 0.9969929062143726 39.198294554920274
0.9966861718558887 0.02372883844086185 0.07784864935812288 -0.8888597554480643 -0.024561931549260962 0.9996540698698542 0.009715652674161105 0.2071942059318655 -0.07759161796157417 -0.011597168748012381 0.9969188672559823 39.5285587880458
0.996509025583171 0.023720084423869574 0.0800854759166642 -0.8300471258555046 -0.024598649484984872 0.9996506922758077 0.009959190689588506 0.21074209715444647 -0.07982170353472966 -0.011895987578892259 0.9967393088491843 40.20993351954573
0.9963363757037678 0.024206100200519644 0.08206296622454451 -0.7719876031153641 -0.02510935268177669 0.9996379356307313 0.00995313035876364 0.21315074786835436 -0.081792863811353 -0.011978698878826407 0.9965785683788909 40.891953448625976
0.996267418418783 0.024380240966348967 0.08284153436081101 -0.7458923848974639 -0.025285486784473052 0.9996341402475402 0.009859426980889449 0.21484611521037203 -0.08257150124332525 -0.01191859773761373 0.9965149742438469 41.206050077749325
0.9961754107723896 0.02454010154878583 0.08389600666980022 -0.6879242539838701 -0.025436346793916008 0.999632943104388 0.009593224316736417 0.21559724905392944 -0.08363038450281954 -0.011691934688541893 0.9964293499022888 41.879380848217345
0.9960862590543608 0.024994850588247047 0.08482302553383217 -0.6322382392758887 -0.02588317248656548 0.9996240518190361 0.009347318435206652 0.2165964170694075 -0.0845578733630423 -0.011507703159045174 0.996353545636219 42.53404053501046
0.9960513121320294 0.025152107791260585 0.08518994288738019 -0.6053370806753341 -0.026033075794151123 0.9996217855231586 0.009200450033293226 0.217542442189903 -0.08492648770334893 -0.011383656499566377 0.9963239259229906 42.86455753152592
0.995984119695778 0.02533306991991698 0.08592506527388112 -0.5496264365773907 -0.026214465540270165 0.9996182696697747 0.009095531072457341 0.21919403606578258 -0.08566176159925502 -0.011313428048819867 0.9962620386836938 43.51190084642239
0.9959349368846749 0.025480381381881318 0.08644907089442042 -0.49381906334541975 -0.026397965950283195 0.9996103470414368 0.009437977070747696 0.22255343735687105 -0.08617467686212368 -0.011683596153151761 0.9962135976289596 44.16057031392044
0.9959126425207386 0.025635943038453023 0.08666147591212711 -0.4677724513702645 -0.026555074858110136 0.9996066268994013 0.009418218185467774 0.22416624088542259 -0.08638559953022742 -0.011682969862829488 0.9961954725358338 44.48666433165211
0.9958882811510781 0.02531794808416341 0.0870354125950389 -0.41252467827943834 -0.026251823585623814 0.9996131894316272 0.009551561658935524 0.2276266967718873 -0.0867596581566621 -0.011798981862954723 0.9961615024600659 45.12128333574875
0.9958633264567813 0.025234106860827072 0.08734258643759217 -0.3568339155617525 -0.026181626476181417 0.9996136516242884 0.00967121676714067 0.23102864336699042 -0.08706459381743933 -0.011919572376594505 0.9961333972356363 45.77000820314195
0.9958667864890423 0.02498865434357085 0.08737269962688209 -0.332205821444127 -0.025934921896726398 0.9996201809895373 0.00966410523704086 0.2328981354128447 -0.08709782433220645 -0.011891711646746324 0.99613082592296 46.07836129614849
0.9958491699990311 0.024689802716376934 0.08765752767517063 -0.27939499412302554 -0.025642917000400424 0.9996266690006194 0.009720554938058828 0.23617690401941457 -0.08738481651034516 -0.011929317410395709 0.9961051756421857 46.69864182102368
0.9958934078565139 0.02380191546720087 0.08740276247033651 -0.22665710395952246 -0.0247745072073951 0.9996456456924266 0.010016637941540773 0.24097731610710685 -0.08713342722055326 -0.01214211326125517 0.99612464539319 47.323657197130714
0.9959200732770752 0.023541658356529167 0.08717249650107238 -0.19832244169492622 -0.02451948019499878 0.9996512118653551 0.01011634180343478 0.24354966822386245 -0.08690389133542185 -0.012213755941834895 0.9961439665295267 47.65541434152599
0.9959927664982574 0.02289675374671269 0.0865174498518124 -0.14822664199478047 -0.023873592216691407 0.9996666270235491 0.010218082491472694 0.24833199567265063 -0.08625440283864512 -0.012244133872468423 0.9962003759187599 48.25158746196482
0.9960366434086121 0.02265685431263693 0.08606881508719778 -0.09931605598050161 -0.023625015928333683 0.9996725100400591 0.010193775896315501 0.25177609900889697 -0.08580962822453066 -0.012188178220581642 0.9962391691910584 48.85308618243897
0.9960693443759827 0.02240482895370239 0.08575398101782462 -0.07840370139844093 -0.023374286661740303 0.9996773370432265 0.010266208331772657 0.25428160186352755 -0.0854962904958904 -0.012231519213548885 0.9962653883069399 49.14085124369461
0.9961848781536992 0.021979899880114867 0.08451323170792314 -0.035359379635397245 -0.022948695587388965 0.9996850412890842 0.010460261001108924 0.259432393832701 -0.08425684434712638 -0.012360881660265983 0.9963695283740205 49.7220507755706
0.9962921574134019 0.021971085181021574 0.08324763725099883 0.005222229074869612 -0.022927589467111206 0.9996856373420524 0.01049560938650766 0.26435225050363625 -0.08299066914213701 -0.012366930049173861 0.9964759683242873 50.30226311822908
0.996322287719217 0.021927123165011973 0.08289867251171068 0.023164510501077228 -0.02287993817952406 0.9996863820907597 0.010505813849645825 0.2672627859463209 -0.08264212140278325 -0.012365568126784741 0.9965048345760955 50.58895531722538
0.9964698201763669 0.021856910497075957 0.08112693391530083 0.06208020883532552 -0.022802082965009733 0.9996863814169696 0.0106858055126232 0.2726124160700102 -0.08086773480349263 -0.01249981149343319 0.9966488908192326 51.1656041550328
0.9967566990023495 0.020657816579419983 0.07785980315221835 0.09881921390224555 -0.02159484877228523 0.9997089559780635 0.011144476847096395 0.27934684441751084 -0.07760675880870932 -0.012791575007723592 0.9969046523471956 51.73058978242184
0.9968107791882398 0.020755935371776 0.07713763192233587 0.11362903055031665 -0.021694385110308467 0.9997052589288238 0.011282653938907988 0.2830241459044272 -0.07688064050598269 -0.012922035511731449 0.9969590914761652 52.02587478606538
0.9970640467447754 0.0197714737246822 0.07406100741703461 0.147295797921497 -0.02068539952686643 0.9997239288959479 0.011527072658656119 0.2888643273501299 -0.07381250703439793 -0.013027035662722631 0.9971894698530395 52.58221184038468
0.997361600214188 0.019188990796611 0.07010788236523753 0.1772179998519571 -0.020076162656614115 0.9997322319521661 0.011896092782937434 0.29488009171080004 -0.06986047461383275 -0.013274143072576305 0.9974709705520354 53.130132715180494
0.9974564762371049 0.01910652878627729 0.0687681793073344 0.18955347962816 -0.019985948293397917 0.9997323785178176 0.012045550984182174 0.2977306870454728 -0.068519106433251 -0.013391341869666189 0.9975625126962486 53.41789880368382
0.9977481621046593 0.018694461140627876 0.06452130867424548 0.21497926873816428 -0.019537630957958387 0.9997372872622023 0.01237831369776676 0.3028869228524144 -0.0642723417601152 -0.013613006344825025 0.997842173214799 53.945357928999
0.9979999738932741 0.018508471667912575 0.060563398314689355 0.23712489498434444 -0.019325825282346172 0.9997354863892315 0.0128452955008116 0.3090862343552342 -0.06030897530171965 -0.013992050313171652 0.998084414186252 54.466256243371205
0.9980497651874627 0.018606558431265817 0.05970914667628724 0.24541408346615234 -0.01941949619128929 0.9997323569575557 0.012966480140054672 0.3121419949542012 -0.05945107083801561 -0.014102918631984247 0.9981344505987019 54.73525477646243
0.998337460120107 0.01718388809374497 0.055150029193928814 0.2702801248006513 -0.01797020846078593 0.9997494010884754 0.013691773573284835 0.31965638989732786 -0.05490014684815463 -0.01466245780186889 0.9983871237634033 55.26223086331502
0.9985625915464813 0.016411773981425414 0.05117054093698538 0.2896533135925906 -0.017175098952672628 0.9997538246140437 0.014397599353465525 0.3277211513188195 -0.05092097317690003 -0.015257996437498355 0.9985892033626234 55.777235992438506
0.9986131594478652 0.015802193551368426 0.05036765869659269 0.2975452216710783 -0.0165648173816599 0.9997605278152465 0.014646911596666775 0.33172812661630935 -0.05012341193650153 -0.015463002268745396 0.9986265109171035 56.0544256737181
0.9987434883130898 0.015190470664176453 0.04790938716978406 0.3129950943568029 -0.015932906399053835 0.9997646979245856 0.015033597934511513 0.33803054911893915 -0.04766906370604569 -0.015780245280564095 0.9987414822058346 56.53710301398954
0.9989174526161417 0.01454502485327684 0.04434978365708046 0.32538957954949627 -0.015261426920052208 0.99976449213785 0.01573035229928624 0.3453909228986089 -0.04410984482084611 -0.016392262904137 0.9988951193645581 57.0176957228811
0.9989600078751734 0.014288760089111662 0.043456519049934576 0.3274528776300102 -0.015009010801362195 0.9997605379714374 0.016172793824755585 0.3495225018241001 -0.04321452972143152 -0.01681005076292118 0.9989271538535935 57.262461381038804
0.9990903255751842 0.013627402025555234 0.040589144895647605 0.3377681874916109 -0.01431296265886113 0.9997656757920048 0.01650604551077541 0.35553959072191665 -0.0403541115799908 -0.017073972287798733 0.9990424987243223 57.726129703164624
0.9992097267474896 0.01299565081653578 0.03776835156376412 0.347221074662274 -0.013632953527240093 0.9997753770550076 0.016502834569019815 0.3611250509246491 -0.03754457129574379 -0.017006851741594352 0.999153216088351 58.196409149940145
0.9992583354267831 0.012381203049041918 0.036677837569216054 0.3491481088166522 -0.013012814673256164 0.9997777949507943 0.016860630673013285 0.3650134972050686 -0.03646013239996182 -0.017327490333939235 0.9991879896843298 58.44859921364989
0.9993641012860454 0.012183740188647981 0.033732142682999754 0.3558519637155725 -0.012793489771539285 0.9997650221954406 0.017745606966655187 0.37329425808302913 -0.033507307350135816 -0.018167898286182843 0.9992762901014642 58.911945998129305
0.999459127835772 0.011075799590105722 0.031209197990460298 0.3618547541362058 -0.011646536871357442 0.9997750891629983 0.017975308910727135 0.3803541633727783 -0.031002381559940027 -0.018331054268187062 0.9993543925128262 59.35963485962524
0.9994805997493903 0.010861908016354036 0.030589759587800268 0.361438476472628 -0.011424630119202655 0.999775668949696 0.018083291834970303 0.3837362630807402 -0.030385811936593565 -0.018425495817850895 0.9993716750059005 59.59536975982414
0.9995276845373644 0.010939460998145056 0.028996908683760002 0.36545959525850497 -0.01148525397522385 0.9997676709121104 0.018500070784630125 0.3917335106081242 -0.028786842168658486 -0.018826718320472096 0.9994115751020926 60.040832331766325
0.999606736811631 0.01054947545655425 0.02627209610007894 0.3690641010591579 -0.011074616757608893 0.999749557176825 0.01967921919626296 0.40179388315311887 -0.026056766093794394 -0.019964855437223983 0.9994643272496322 60.49485461584367
0.9996315355388664 0.010415124135222336 0.025350675419126143 0.3673521223192309 -0.010930962223895445 0.9997429711094504 0.020061178610853072 0.4070134654934718 -0.025134457343393167 -0.02033289665302243 0.999480369227634 60.73714629179067
0.9996684864841088 0.01055486825041667 0.023772711921056757 0.3689128065936331 -0.011042118160574857 0.9997384271155396 0.020221494801094538 0.41418383056710234 -0.02355257066707672 -0.020478850021021292 0.9995157420440496 61.15623802074939
0.9996917793488629 0.010624692519823384 0.022762476986359678 0.3775447621414658 -0.011096712763728119 0.9997331298033926 0.02045356624920134 0.4222207709891746 -0.022538363546283184 -0.020701466281955037 0.9995345967447739 61.600782895268594
0.9996970643590879 0.010768796314321188 0.022447365911649288 0.379698660051629 -0.011239217361448835 0.9997259753083009 0.020697167966811925 0.42761254258063575 -0.022217963516332925 -0.020944205857314793 0.999536429504204 61.830819576180595
0.9997078038414946 0.011104404712923632 0.02180604389685361 0.3843778063067003 -0.011574979030470112 0.9997096633552633 0.021314096208794764 0.4369641100383948 -0.02156229987950743 -0.021561595655113064 0.9995378777264775 62.24626674000952
0.9997113912898838 0.011233682481778482 0.02157584446255537 0.3891134389132705 -0.01170629867416461 0.9997006557944093 0.021651292947457722 0.4458023807931841 -0.02132551993221835 -0.021898822046861777 0.9995354702137803 62.663597359178056
0.9997134938275999 0.011240347184931495 0.021486012377532202 0.38950816111309444 -0.011713474192635374 0.9996982666114895 0.021763133904815078 0.4503956891046942 -0.021234201702257167 -0.02200992036940091 0.9995351057443697 62.87586346360471
0.9997171061536569 0.011408332615193686 0.021252294758578854 0.3934117069219054 -0.011875894215925619 0.9996971528054461 0.02173757019116364 0.4571565244933324 -0.02099704208698149 -0.021985509476682843 0.9995409247801779 63.278548969217326
0.9997133689277079 0.011588255042466012 0.0213428082877383 0.39765853621171415 -0.01206108291068221 0.9996916213826657 0.0218906352648759 0.465026202025661 -0.021081638046131286 -0.02214363264983712 0.9995356116128815 63.674873408141714
0.9997059142844422 0.01186224858637752 0.02154327222771808 0.3983776869575474 -0.012340744432288544 0.9996870893744324 0.021943398716129606 0.4701548443218556 -0.021275212475850635 -0.022204782460847804 0.9995300563796268 63.88156208287849
0.9996909716391994 0.012213144429801745 0.02202684175810403 0.40392123608897446 -0.012702610022472294 0.9996820229391193 0.02195461713477874 0.4772313147555319 -0.02175071822951669 -0.022229229318712573 0.9995191494017605 64.27600026080388
0.9996840359005137 0.012400807477667098 0.022232104693930888 0.409140352269493 -0.012887425152252352 0.9996870327892083 0.021619349989082152 0.48230603030502023 -0.02195611786224695 -0.021900748804104815 0.9995219909509732 64.66050761686141
0.999676979920826 0.012633087739465114 0.02240632578573862 0.4089917547852105 -0.013121043954190947 0.9996861366970264 0.02151328731806124 0.4855556622218048 -0.022126736731408095 -0.02180189495269255 0.9995203506214491 64.8371332612499
0.9996599847765906 0.012954529185260178 0.022994068353618242 0.41536906014114033 -0.013454600161369101 0.999683206583489 0.021462309064242065 0.4918479446238032 -0.02270761030789637 -0.021766309974449397 0.9995083921382708 65.2285973680664
0.9996514024352465 0.012904090038999946 0.023395453683567227 0.42153760473767965 -0.013420080788333245 0.9996775191942142 0.021760057489291378 0.4993351214435516 -0.023105855620237026 -0.02206853650746346 0.9994927643433005 65.59796099467405
0.9996418767855718 0.013224209830405287 0.02363617285198567 0.42202282253784634 -0.013747004818982288 0.9996716166338031 0.021821487279732883 0.5039016623955374 -0.02333848678374688 -0.022140545436690848 0.9994857924752124 65.78423869940919
0.9996367984508633 0.012786803079526551 0.02407548870848182 0.4291389532384179 -0.0133234124580235 0.9996730952638849 0.022012346769476325 0.5111532409010229 -0.02378493940762404 -0.022327106700565744 0.9994710575955768 66.15908343939688
0.9996280443659317 0.012949232544183186 0.024340290593411633 0.43419420442834256 -0.01350291723581355 0.999660254322294 0.022476337367155964 0.519502764315639 -0.024039806212922593 -0.022798346765219697 0.9994542207250803 66.51839100494013
0.9996219025236429 0.013061139086994689 0.024542852646484786 0.4389808007873451 -0.013620933128905999 0.9996577661197112 0.022531768433920293 0.5228150108521431 -0.02423884576262229 -0.022859550293811048 0.9994481604167642 66.70045261206147
0.9996100651864309 0.013187802275160703 0.024940531124697417 0.44859643645209 -0.013757216105130182 0.9996548532167845 0.022567996895565413 0.5293475591535264 -0.024633237715077416 -0.022904102877977464 0.9994371610358651 67.0469459138872
0.9995952508020133 0.013420800136658476 0.02541108624664307 0.4565534088932416 -0.014016120781437743 0.9996374584123433 0.023170248754608536 0.5379400988458976 -0.025089846366907233 -0.02351873219044933 0.9994116395134199 67.40346027588497
0.9995825214763322 0.013881936073196113 0.02566838228932822 0.4576271535363037 -0.014488374994192706 0.999626169981989 0.023366310141789956 0.5428020683060255 -0.025333266150600036 -0.023730227807438744 0.9994004922299676 67.55669974915973
0.9995490342856895 0.015192852399374037 0.02622637092802804 0.4635553012322232 -0.01581418920273951 0.9996047241705545 0.02342025731131798 0.5509693476105328 -0.02585895707542083 -0.023826255675737228 0.9993847808425774 67.89955773038443
0.9995409908261877 0.01542600942261158 0.026402414611925103 0.4699743543256577 -0.01604804798354264 0.9996042928088422 0.02328555762327773 0.556558796355127 -0.02603150435143088 -0.023700615395528306 0.9993833181400479 68.22405351445173
0.9995350894641472 0.015597329121912798 0.02653474035374998 0.4704384761075586 -0.016226368436181998 0.9995985719260528 0.02341848286169889 0.5604157892570985 -0.026157361407057062 -0.02384042465275681 0.9993769635142431 68.36699514402471
0.9995286777442479 0.015169866530490581 0.026995854116676644 0.4782356519198983 -0.0158238047095421 0.9995916888115876 0.02396090011665972 0.5681062226734861 -0.026620070382792536 -0.024378852697943612 0.999351591516027 68.68082162485663
0.9995256009255198 0.014950525112722123 0.027237516910613126 0.48431247783310893 -0.015606902591679642 0.9995981928608408 0.023832759906954274 0.5735335859029492 -0.026868952171968885 -0.024248696802758287 0.9993481363205406 68.99249726567942
0.9995206610988715 0.015062588037034726 0.027352924084190017 0.4840343746806043 -0.015717960165544068 0.999599641487291 0.023694127234404318 0.5759385182175757 -0.026983786534525173 -0.024114932559235618 0.9993482378582759 69.13483535222437
0.9995066119787568 0.015499911806170275 0.027625490222963657 0.489421193321449 -0.0161637439026713 0.9995912054923964 0.023759418041769613 0.5825362559689581 -0.027244598979993446 -0.02419630634554626 0.9993392296419608 69.42775582970198
0.9994910754109826 0.015864766489407583 0.02796573756456007 0.4950532544587195 -0.016550212940313693 0.9995724312630755 0.02425903319194902 0.590650790776041 -0.02756785588705838 -0.024711044481448393 0.9993174675409823 69.72196531057558
0.999479900845068 0.0161477512276413 0.028191713026124113 0.494865629157329 -0.016838930116055334 0.9995668397742963 0.024275218444405302 0.5940551668032714 -0.02778674022299642 -0.024738600303181448 0.99931045270194 69.84828874794502
0.9994550838583668 0.01699153174704398 0.028564887765474077 0.49960263599730187 -0.017688217425421395 0.9995550322150353 0.024150000553453906 0.600176196439344 -0.0281412677812089 -0.024643063303878353 0.9993026093746784 70.12516638671836
0.9994353543127695 0.01717589005926865 0.029145468172928526 0.5064446148878023 -0.01789274893430917 0.9995464692546611 0.024349767379312118 0.6069510055570942 -0.028713437360016532 -0.024858409967139925 0.9992810069405098 70.38770072653784
0.9994280341299554 0.01728715270198391 0.029328858871073078 0.507043702711938 -0.018012705699067863 0.9995412163719222 0.02448701138947686 0.610659332741322 -0.028891421310274203 -0.025002325728966594 0.9992723137488979 70.51632386680969
0.9994226111410376 0.017448422459604786 0.029408517422429066 0.515672247587688 -0.018177041938309962 0.999537194548133 0.024527855989912462 0.6161174980988694 -0.02896626894999426 -0.02504919140639144 0.9992688555572665 70.78951829791332
0.9994118386139248 0.01765602880064018 0.02964940868782578 0.5224233405886972 -0.018385970313024396 0.9995370456642315 0.024369445985564456 0.620256563233853 -0.029204815692008085 -0.024900956898969616 0.9992655354607584 71.02511599649652
0.999407976314428 0.017711714775130866 0.029754547089271825 0.5239103070774704 -0.01844503344925161 0.9995359132382665 0.02438595686560959 0.6229929502405949 -0.029307973981747303 -0.02492128139721304 0.9992620132602115 71.14172231141256
0.9994109592594431 0.017746969430955186 0.02964148586721992 0.5298452029285261 -0.01848356371616028 0.9995305465575448 0.02458652955237122 0.6287217827675461 -0.029190150893218327 -0.02512103989208787 0.9992604847215903 71.38637544178869
0.9994172900627949 0.01770338361563651 0.029442116446216943 0.5341487624985772 -0.018439620158413172 0.9995268909927774 0.024758576121955166 0.6339483722793541 -0.028988971146473634 -0.025287807704130808 0.9992621650960273 71.6231693280513
0.9994127774944583 0.017857805504764724 0.029496352674834702 0.5340756907338169 -0.018597144124117584 0.9995225865823577 0.024819498614442145 0.6364684253312545 -0.029038201573900753 -0.02535452427661178 0.9992591768964275 71.73147350011725
0.9994079002129388 0.01804557514251657 0.029547876155067192 0.5389006112439919 -0.018788908477138325 0.9995166898681859 0.024913357090377168 0.6415080158545774 -0.029083280293850627 -0.025454702759080107 0.9992553246778151 71.96007764308187
0.9994139242237119 0.0180549117104689 0.029338391063169027 0.5426276976006978 -0.018796853824407943 0.9995131632179086 0.025048794121717354 0.6464136320300717 -0.02887114719151906 -0.02558656686677542 0.9992581421228982 72.18442776846581
0.9994115823897888 0.018199206241569774 0.029333451093531537 0.5423068731757609 -0.01894257843204437 0.9995090797512207 0.025100258669637315 0.6488991776135814 -0.028861490216737302 -0.025641909759255132 0.9992569970096302 72.2889319855529
0.9994077459456828 0.018461714014619213 0.029287057160960667 0.5463740684608928 -0.01920665236572543 0.9995011208962385 0.025208376321018446 0.6538314518882273 -0.028806607103163736 -0.025756486072608598 0.9992554640205877 72.50778491649604
0.9994100612844924 0.018599836950695697 0.029116883771141095 0.5507477594767299 -0.019347401159860892 0.999491677284132 0.025461406112959824 0.6592225628812654 -0.028628321776871076 -0.02601004777320184 0.9992537698703062 72.72445736230073
0.9994047242198177 0.018768347645842696 0.029180102395433588 0.5505550422216265 -0.019519388016538065 0.9994862803716583 0.02553324363340622 0.6617259072735743 -0.028685938542168662 -0.02608774180308172 0.9992499779814569 72.81750105716979
0.9993958288367578 0.018871149440590023 0.02941454423960152 0.5559477388151722 -0.019629137858795227 0.9994832736800351 0.025566958206953056 0.6664443754642924 -0.028917028943011576 -0.02612896205712452 0.9992423895857407 73.02603711834944
0.9993808545184223 0.018793064797712075 0.029967257861748246 0.5624381041085219 -0.01956810484437697 0.99948227464076 0.02565286814366743 0.6713982447682049 -0.029469793805129114 -0.026223584221261836 0.9992238018730604 73.22918958189506
0.9993691677932872 0.01891676703023364 0.03027143034302777 0.5633497761487642 -0.019700522770062102 0.9994785052611099 0.025689341400960866 0.6740056613613559 -0.029770115724610975 -0.026269490074091902 0.9992136238256764 73.31488655571236
0.9993381100323742 0.018989645797050606 0.03123153955235859 0.570938035685315 -0.019797405615100874 0.9994770518033081 0.025657586045936202 0.6784208449966943 -0.030728599120656775 -0.026258686353779443 0.9991847565281079 73.50748189700657
0.9993130123664986 0.01909728534060159 0.03195010549570425 0.5805985968919117 -0.01992267090098464 0.9994754830750067 0.0256172400482924 0.6828591016642896 -0.03144473517506436 -0.02623600170045579 0.9991630335993608 73.70864388390369
0.9993005845469182 0.01914795392201268 0.032308478091147404 0.5840031862031858 -0.019983318246852216 0.9994731550398468 0.025642267891687484 0.6855557604507021 -0.03180127837895148 -0.026269626723384384 0.9991505741292706 73.78170819226551
0.9992592978250937 0.019152439067685635 0.03356225586434639 0.5939119538427383 -0.020028518668333523 0.9994665334093301 0.025870114379569546 0.6912446859693618 -0.03304965496445995 -0.026522824554922355 0.9991033484139155 73.96011381571427
0.9992083047009477 0.018984314206143757 0.03514080566343568 0.6042315455949158 -0.01990647486811076 0.9994657578927103 0.025992582894543727 0.6967054251232945 -0.03462934823376412 -0.02667122426667856 0.9990457767190657 74.13402321492228
0.9991930334956906 0.018862570346769175 0.03564754701768783 0.6073743177656927 -0.01979918763048417 0.999467597543769 0.02601346533035214 0.6997538904150777 -0.035138548311872554 -0.026697894563926683 0.9990275280541369 74.21187754992059
0.9991579447092634 0.01835664965984402 0.03688170114902793 0.6174549876427726 -0.019336319577095133 0.9994698312115424 0.02629001984238774 0.7058675258688804 -0.03638014902255202 -0.02698070529974435 0.9989755131368179 74.38910096995355
0.9991040089755419 0.01823102942794964 0.03837790386786949 0.6260883419751188 -0.019253616478658888 0.9994698713042548 0.026349455137452 0.7108968819416481 -0.037877577428116906 -0.02706470225779734 0.9989175156933366 74.54248529655516
0.9990828325636907 0.01837011409332216 0.03886311587062908 0.6281082596270352 -0.01940498729331978 0.9994675712657947 0.026326162909915025 0.7138115346308337 -0.03835922602519274 -0.027055933050137423 0.9988996076544919 74.60305191952526
0.999031469165201 0.018443717338372377 0.040124162418537904 0.6358099358816949 -0.01951500953110275 0.9994637828589583 0.0263840760573913 0.7185984359067566 -0.039616509000488555 -0.027141489705981098 0.9988480042429371 74.73355418998312
0.9990016032054971 0.018443532934137894 0.040861956530237484 0.6430432493490017 -0.019537282305454075 0.99946163201158 0.026440258502494252 0.7234418985200787 -0.040352674414206376 -0.02721203426293931 0.9988165243025509 74.86526900950481
0.9989850031173355 0.018494720824550066 0.041240299707249135 0.6451637601392483 -0.019598289735303986 0.9994607374313099 0.026424691685027205 0.7261815673487086 -0.040729677563543835 -0.027205809825166266 0.9988013387461827 74.91505469526807
0.9989475228289059 0.01845539340434675 0.0421630576958071 0.6520395969257539 -0.01958352206118733 0.999461922125953 0.0264042847187666 0.7300856992208236 -0.04165314629060429 -0.027202173419844895 0.9987634198252345 75.01996155367664
0.9989110965271472 0.01838822397582164 0.04302706390079954 0.657871618135621 -0.019540674823162397 0.9994612617387096 0.026438607885884126 0.7338560313137067 -0.04251826059859843 -0.02725010690373088 0.9987253219779325 75.11372309936996
0.9988938722782921 0.018485069358010427 0.04338561179824796 0.659690497713327 -0.019646439404770344 0.9994597095315636 0.026418897212048223 0.7363391170822123 -0.042874325827467245 -0.027241675326420432 0.9987102772758651 75.15673555817567
0.9988654475110635 0.01862183621967637 0.04397626892051524 0.6632977683671843 -0.019795037203381553 0.9994594188869832 0.0263193142677052 0.7390632096669005 -0.043462934047855145 -0.027159518787475804 0.9986870731154501 75.2299595881606
0.9988380575294059 0.018757237635029865 0.04453011670505796 0.6670832972059408 -0.019944856769321947 0.9994567995841661 0.026305948117884264 0.742127239747939 -0.04401322090324456 -0.02716305461715313 0.9986627981836346 75.29523070006067
0.9988224074138787 0.01888696291605903 0.044837225805469616 0.6700896067399288 -0.02008317407329496 0.9994542798315929 0.02630565925734414 0.7440015392618489 -0.04431655373230337 -0.02717495010205794 0.9986492310442865 75.34858913291256
0.9988025104309757 0.01890916004224508 0.04527923754092658 0.6732095913633007 -0.02011621351617022 0.9994548316474775 0.026272758350950234 0.7461135646191989 -0.04475810358514053 -0.02715238551088936 0.9986303714299152 75.38540190226668
0.9987851035723563 0.018954348601793247 0.045636375611581945 0.6765980349080597 -0.020167489211628715 0.9994556891292796 0.02619204874324347 0.7483067649237901 -0.045115517250080575 -0.027080565009648158 0.998616062874026 75.43138439382123
0.9987755815166123 0.01901737609365369 0.045823769471083374 0.6789383917709924 -0.020232343550746528 0.9994562396300716 0.026118744067052398 0.7503335685099166 -0.045302619995929105 -0.027013923968535122 0.9986093022802109 75.46514600906661
0.9987601312340818 0.01906655889686172 0.04614016825890326 0.6818893076495536 -0.020284843677328933 0.9994581830403918 0.026003722485489014 0.7523124060422521 -0.04561980792110538 -0.02690739098550856 0.9985977918192838 75.50820068566046
0.9987459933592162 0.01910965111692699 0.046423222702161475 0.6845903855066281 -0.020331626440143583 0.9994592882271526 0.025919895598407572 0.7543763840083509 -0.045903307148749274 -0.026831368140894173 0.9985865976504401 75.54882292512053
0.9987345664510293 0.019179176468783556 0.04664046426222524 0.6866256961485551 -0.020405606641730526 0.9994583818497262 0.025890171642338315 0.7565485491936459 -0.04611916864219663 -0.026808940317279782 0.9985771503974921 75.58041585979207
0.9987208735016488 0.019237618266622878 0.04689801259609462 0.6892466630737558 -0.02046977422902668 0.9994570326273633 0.025873247390757175 0.7588290232766272 -0.046375679902718014 -0.026799637368134472 0.9985651419717779 75.62029284365154
0.9987102320633371 0.019271683271148806 0.04711061003659638 0.6916534038894181 -0.020512334975751213 0.9994546398045504 0.02593203012828252 0.7612545254969867 -0.046586067688596855 -0.026864417212467323 0.9985535743302654 75.65715381965671
0.9987000901963582 0.019309546040449748 0.047310090794866616 0.6936137411907302 -0.02055469602983573 0.9994541868246424 0.02591574570077776 0.7633272140418351 -0.046784842126256776 -0.026854104361551237 0.9985445858017887 75.6855258604788
0.9986882997692177 0.019347019110144345 0.047546160176072744 0.6958258334371263 -0.020597884015622896 0.9994539224160879 0.025900845158338397 0.765498097445816 -0.04702010839749699 -0.026845874627707263 0.998533787578662 75.71825913474662
0.9986814226159103 0.019358153565691663 0.04768102806891234 0.6978188573982234 -0.02061484653037624 0.9994520788438996 0.025949375569227134 0.7678087217306181 -0.0471536783305484 -0.026897602784384293 0.9985261067738228 75.75005749538832
0.998673549324793 0.0194064145774812 0.04782632824618657 0.6994284073143898 -0.020666581348755684 0.9994512929402173 0.025938539425383905 0.7698922415594421 -0.047297817022668734 -0.02689206719458379 0.9985194499495776 75.77462500207821
0.9986672976831532 0.019436199818267472 0.04794741129505548 0.7010335689657897 -0.02069971755344312 0.9994510261135336 0.025936156130873144 0.7719669621985565 -0.047417863649172456 -0.026893785388297977 0.9985138315856572 75.80001123292026
0.9986601291374915 0.01948792855567687 0.048074535626347226 0.7024583293240465 -0.02075089484315594 0.9994522456791912 0.02585279848654042 0.7737785760233573 -0.0475452473447962 -0.026815505969286713 0.9985098923272665 75.82234294558921
0.9986522271835947 0.01955546522328066 0.04821128770686716 0.7039184465817719 -0.020817186316178012 0.9994537063811647 0.02574747980165711 0.7755711511231546 -0.04768229649758663 -0.026716420803182716 0.998505975275776 75.8443207175682
0.9986460026241826 0.019606284879087582 0.048322094628263805 0.7054625865312015 -0.020859748636298258 0.9994591672280885 0.0255103666400398 0.7763106694892312 -0.04779658523792673 -0.02648385121474864 0.9985069780994926 75.87042746737389
0.9986411872624947 0.019618339369298653 0.048414262063778496 0.7061997781106543 -0.020866735536761147 0.9994627571496839 0.025356969805715685 0.7774882106429529 -0.047891654068397876 -0.026332694901220623 0.9985061979842725 75.87304303631471
0.9986346629258882 0.01967082322575096 0.048535024823704885 0.7081807974078692 -0.02092311653352541 0.9994614779223049 0.02536574323790834 0.779588767126091 -0.04801060700554264 -0.026346668454352302 0.998500239091404 75.89585519892255
0.9986327991887872 0.0196270518089294 0.048593521224588265 0.7102818612604714 -0.020888425658565385 0.9994581884222413 0.025519574422839936 0.7820647305085834 -0.04806697308111152 -0.026499617584497318 0.9984934877135188 75.92175663253096
0.9986268794918827 0.01963701720367468 0.048708757349879506 0.7121916772788212 -0.020900696385975095 0.9994583836969159 0.025501966836917998 0.7839971335807213 -0.04818214921017382 -0.02648487049642792 0.9984883294922581 75.94499252783866
0.9986191628650958 0.019687222814419564 0.04884415899931457 0.7140044248827686 -0.020953431239194884 0.9994576146174271 0.02547937027495757 0.7859407497767051 -0.0483167394036956 -0.026467660378169115 0.9984820625530847 75.9696210729504
0.9986158765699835 0.01971296681979727 0.048905880986872693 0.7157174342425101 -0.020981688881968084 0.9994566920613828 0.025497003546129028 0.7880237606969643 -0.04837734375423493 -0.026487849478043266 0.998478831984087 75.99575830796559
0.9986107800705722 0.01975693004162577 0.04899957351673028 0.7172800832500185 -0.021031913734928822 0.9994540060094674 0.02557016327133489 0.7903369055030874 -0.04846816061145882 -0.026565478983257302 0.9984726134002402 76.0204414286194
0.9986037132732882 0.01980597125925811 0.049123861405384814 0.7189265532026735 -0.021084094109840447 0.9994529657357581 0.025563491447694955 0.7924312803525876 -0.04859112265178279 -0.02656365047223253 0.9984666251455953 76.04556465312123
0.998598737342114 0.019811455629816888 0.049214236481805694 0.7205317139610367 -0.021090643907410334 0.9994528395658646 0.02554222285056263 0.7944477299183512 -0.0486819559628335 -0.02654411281768813 0.9984624844834583 76.07063533010557
0.9985938459879045 0.01985200644616825 0.049297056794527616 0.7220549843368623 -0.0211340412263843 0.9994510169532891 0.025561480013803203 0.7966178243737424 -0.04876349333408286 -0.026566749814691912 0.9984578498986569 76.09604332910726
0.998588248759149 0.019871601354665137 0.04941231796229362 0.7236740397617921 -0.021157983303832215 0.999450448818203 0.025577894532783266 0.7987723802751046 -0.048877520398507124 -0.02658694004457445 0.9984519775629033 76.12058802631852
0.9985833200499066 0.01988114198572736 0.04951288785533859 0.725282622461599 -0.02117177662553164 0.999449556117907 0.025605922916630282 0.8009306146048614 -0.04897712485709087 -0.026617849825760168 0.998446401793764 76.14606411862168
0.9985786604741889 0.019867096627918204 0.04961739456400912 0.7268833054208389 -0.02116081291812893 0.999449796344575 0.025610355423611186 0.8029501313897924 -0.049081735197021595 -0.02662380082326891 0.9984412249881552 76.16980838005647
0.9985723745573871 0.01987295701796563 0.04974030688012956 0.7285711519648654 -0.02117018683995969 0.9994492271779893 0.025615718709922013 0.8050678164309685 -0.04920436890447591 -0.026631838178587032 0.9984348598740235 76.19531041316772
0.9985681709192298 0.019836139870403776 0.04984914507663282 0.7303493167239864 -0.021137554187504994 0.9994497687761319 0.025635617505393386 0.8071840151240884 -0.04931340868606301 -0.026652419653538185 0.9984291659748654 76.22068446695157
0.9985636789815209 0.01981901674537925 0.049950716196922436 0.7330691478781034 -0.02112486748314235 0.9994491850502901 0.025668948865719396 0.8085481314525459 -0.04941463958196596 -0.02668705548865067 0.9984234777422556 76.2569050752904
0.9985574533742729 0.01984235826903782 0.05006831329162614 0.7339491184301107 -0.021151686843446243 0.9994483080253969 0.02567633923974281 0.8100706764289954 -0.04953139480884377 -0.026698095811459734 0.998417404401123 76.25940872242111
0.9985523755080455 0.01982466005905886 0.05017911773022653 0.7359675974517917 -0.021138197996105196 0.9994482400179143 0.025699416568723307 0.8120530259327173 -0.049641930820252575 -0.026722728001198338 0.9984114931258061 76.28109996702305
0.9985463991963944 0.01982102929640895 0.05029950540161168 0.7381745084487864 -0.021136954225736113 0.999448618354385 0.025685455319359733 0.8140118768687703 -0.04976267378831772 -0.026711272016586612 0.9984058019568782 76.30560213135742
0.9985390980949954 0.01985233941730679 0.05043697083191505 0.7402598146527182 -0.02116896659744794 0.9994501543545637 0.02561782975514146 0.8158786705980283 -0.04990037455562976 -0.026648412870274966 0.9984008550855986 76.33128179766999
0.9985341374676625 0.019935099096116706 0.05050739628990025 0.7416148632096097 -0.021210532920404358 0.9994710942749289 0.02475473398654986 0.8163852023770768 -0.04998678708709816 -0.025790191863613005 0.9984190858962864 76.34616215707699
0.9985393733718637 0.01994008065840337 0.050397229659518865 0.7425403133429932 -0.02112006672458556 0.9995172492139374 0.022899060892525108 0.8161194074033538 -0.04991580522476811 -0.023930582297881926 0.9984687596419666 76.35751225788084
0.9985306351311208 0.02001559735559961 0.05054757300587698 0.7444221677351756 -0.021186253611395357 0.999521684277602 0.022639298642807955 0.8180255488229539 -0.05006977289455439 -0.023677413529871256 0.9984671289228738 76.38644941397561
0.9985147796307831 0.020091739631277004 0.05083061731963399 0.7473658891322452 -0.02126538598846447 0.999521371084802 0.02256337219168608 0.820321144753554 -0.05035249484306959 -0.023611147673577235 0.9984541633822113 76.43287904662535
0.9984941571674308 0.020151929975320178 0.0512166642488098 0.7515555972099791 -0.021337651418000123 0.9995186170852326 0.02261713622934404 0.8230812820938844 -0.050735664303392006 -0.023676503308529613 0.9984332952209509 76.49016598552205
0.9984797018883801 0.020176321554850322 0.05149120572445157 0.7543278376030357 -0.02136617296337606 0.9995189928174003 0.022568563350016824 0.8251496429142257 -0.051010501160477145 -0.023634839871074596 0.998420252919699 76.53008308227159
0.9984462474930019 0.020157087433042134 0.052147552535548376 0.7600680648307644 -0.02135594690335973 0.9995223576689987 0.0224394558685688 0.8275421022371454 -0.05166960821338083 -0.023519047860704013 0.9983892626717654 76.60113646012435
0.9984089126674291 0.02013040357226885 0.05287162051371071 0.7663652698608096 -0.021341569980279956 0.9995248402825292 0.022342651176491972 0.8302531086997226 -0.052395826635787915 -0.023436412044373692 0.9983533811087358 76.67859630312083
0.9983903652599309 0.02017004612621484 0.05320674575716395 0.7695082725857997 -0.021386946328055063 0.9995251050386855 0.022298325851069396 0.8325166447454204 -0.05273076381883622 -0.023401232704571798 0.9983366256802653 76.72628689085406
