1.0 0.0 0.0 0.0 0.0 1.0 0.0 0.0 0.0 0.0 1.0 0.0
0.9999729990959167 -0.0009186267852783203 0.007308512926101685 0.018798716366291046 0.0009158551692962646 0.9999997615814209 0.00035241246223449707 0.0011710107792168856 -0.007309049367904663 -0.00034552812576293945 0.9999735951423645 0.1635730266571045
0.9997281448729693 -0.0013709987429408876 0.0232829201562339 0.054854300614463225 0.0013815811781774379 0.9999992133740134 -0.0004450925848855647 -9.872676005434622e-05 -0.023282572647620903 0.0004773794270875875 0.9997290860759533 0.4388457946325951
0.999256260674173 -0.0008472292444403744 0.038554062990787646 0.09178554626723123 0.0009027697940823357 0.9999987464612062 -0.0014276703387510637 -0.0019842316619051916 -0.03855310082663506 0.0014617104368830236 0.9992557762582432 0.7213446402545645
0.9989128213580065 -0.0002792982804867826 0.04662656196596784 0.1083824596651077 0.0003697877205310656 0.9999986390658611 -0.0019303513314324879 -0.0005318826591741085 -0.04662619224116038 0.001945949947207534 0.9989109082967266 0.8577926859929291
0.9980313612539438 0.0017247824938513747 0.06269997045508702 0.14768861630188285 -0.0014395301981878126 0.9999889952006633 -0.0045935018175316976 -0.002503378975641237 -0.0627074131800579 0.004494679082434998 0.9980222492637327 1.1533123222986492
0.996972984704808 0.001571072156368911 0.07773546744611216 0.19454981179545938 -0.001085093950000971 0.9999798958872542 -0.006296648465661966 -0.006094909696477661 -0.07774394988558264 0.0061937104242269754 0.9969544279971103 1.4406435571111695
0.9963779254356873 0.001339498628786882 0.08503149158983282 0.21676983990886006 -0.0007874434587380423 0.9999785991229332 -0.006532763948528739 -0.005597054059318465 -0.0850386368800783 0.006442595445478158 0.9963571387873752 1.5777194557320264
0.9949969590042972 -0.0011140119802742789 0.09990504814929438 0.2727773243136769 0.0018051334358966697 0.9999753147600435 -0.006835249745437045 -0.009619283114322995 -0.09989526720198645 0.006981675154544535 0.9949736999574569 1.8877642993929917
0.9936111778553453 -0.0007079134437863497 0.11286333021121014 0.3284500682059038 0.0016171948547816816 0.9999674819165377 -0.00796804752717767 -0.015992112610273154 -0.11285436448945373 0.008100062910129378 0.9935787515471447 2.2026001937607824
0.9928653161044717 -0.00032744135522175195 0.11925098563809178 0.35287551720970545 0.0013409183873382973 0.9999647803407635 -0.008424858554970839 -0.017452625308801973 -0.11924455338428054 0.008525703143503016 0.992828798129142 2.346462535958704
0.9915120287183797 0.0011917367661728124 0.1300189581525012 0.4095444285542351 0.0001472848917136228 0.9999479132621935 -0.010294002483807197 -0.023796229060054346 -0.1300250527195059 0.010226857278880619 0.9914583269760436 2.6658093521287896
0.9900203937488151 0.002736615683410956 0.14090337600673047 0.47163696499500474 -0.0011227181784852333 0.9999335212894275 -0.011539917810726101 -0.02989647406095033 -0.14092616732055277 0.011267529905225941 0.9899558483734476 3.000567147862162
0.989176198705684 0.0030754789528243585 0.1467064978419032 0.5006413677347339 -0.0013906084711854843 0.9999325126344847 -0.011592793436619162 -0.03014107088353341 -0.14673280211951112 0.0112641274778455 0.9891120333713215 3.1507486463042387
0.9875806174998922 0.003423852870208536 0.157082194470528 0.5710333661998153 -0.0016477863253867883 0.9999339622420418 -0.011440673528669093 -0.03401922227357225 -0.15711142230799932 0.011040277877007057 0.9875190717847895 3.4808608810820716
0.9862422291372562 0.0025970639274334652 0.165290679883577 0.6458763998103196 -0.0007771514070997563 0.9999391171697574 -0.011077721579210859 -0.04035467851266371 -0.16530965734412054 0.01079745278731231 0.9861825630382186 3.8275903748360425
0.9857098708119718 0.002150638717641547 0.16844385074969176 0.6783394751989332 -0.0002907802113036548 0.9999394636170534 -0.01106828820891828 -0.04280434457224455 -0.16845772457150732 0.010861733380773182 0.9856491595544907 3.9866081375171976
0.9843649580756735 0.001138370835182129 0.17614396099648333 0.7593654214798248 0.0008637736498229708 0.9999368593534148 -0.011292802346308362 -0.04936015396688063 -0.17614603552046487 0.01126905838193096 0.9842996328039304 4.342389378952893
0.9829707699921205 0.000333291979185581 0.18376887410653583 0.8420996120223706 0.0017005842923188616 0.9999400569427753 -0.010912784341578382 -0.055521981139087934 -0.1837619251622069 0.011040236702656853 0.982908843992132 4.693938944823522
0.9825442204947125 0.0003129313787921964 0.1860388958689506 0.8781217543088737 0.001738629551215017 0.9999409389932525 -0.010869759835921741 -0.05790124676199039 -0.18603157927986078 0.01100415138640091 0.9824823002634525 4.854190680394765
0.9814065277566939 0.0007055623073637927 0.19194889821616187 0.9572219837883176 0.0013904433924766448 0.9999420895150473 -0.010789096241215837 -0.06452905022326375 -0.19194563599001677 0.010855893790499112 0.9813455330640011 5.213254803418755
0.9802246273615748 0.0004468062378464314 0.1978965321560399 1.0440369240271392 0.0016497212568677207 0.9999450920707615 -0.01043200533004872 -0.07216388740144096 -0.1978904813315627 0.010552225740678337 0.9801671043189848 5.5872450169322185
0.9798045830978441 0.0005896938772961792 0.19996516331518288 1.0832628457132374 0.0015154346037905358 0.9999456642499996 -0.010375725025782583 -0.07496432253717698 -0.1999607888594655 0.01046935244426338 0.9797479776679476 5.760485211130196
0.9775772953487601 0.0011583709597350908 0.210582851799352 1.2527707286194072 0.0012900090441266513 0.9999340293059641 -0.011489046527506847 -0.09363707329685036 -0.2105825661755388 0.011503046746766827 0.9775082333647513 6.482070553165263
0.9772818350037016 0.0013617929672022013 0.2119493324890007 1.296960890536675 0.0011332898951856656 0.9999321991314313 -0.011650611602837722 -0.09854018945179806 -0.21195116487922 0.01162610915395519 0.9772109193470091 6.671009810117036
0.9761311159408846 0.001509708332556619 0.21718620491682428 1.3863873724625475 0.0010907878591485897 0.9999298897640913 -0.011853462051833087 -0.10809243893427771 -0.21718916596955445 0.011807404885916792 0.9760580261175821 7.0380647936650345
0.974883478137127 0.0015710996766140199 0.22272095537489517 1.4807553251017453 0.0011080493642501709 0.9999294979510439 -0.011905091460358471 -0.11753237535621376 -0.22272426185494887 0.011852928598945376 0.9748095983384304 7.417359924004382
0.9745030505154822 0.001902775460703635 0.22437801683317934 1.524771007531754 0.0008265619752485363 0.999928065911202 -0.012072323685043462 -0.12150331053714068 -0.224384939604456 0.011949880718640287 0.974427672618126 7.600132242966083
0.9733315440488802 0.001504820171774575 0.2294099518210656 1.6238852835235769 0.0012903017545478565 0.9999282214313214 -0.01203544178397486 -0.13050234169430455 -0.22941157188786263 0.012010230429584216 0.9732559263306024 7.986978787102529
0.9720442423192921 -0.00031559043070444534 0.23480931926121046 1.7289528700334063 0.003107998719248273 0.9999302484104393 -0.011523277289594569 -0.13880510590849326 -0.2347892263765604 0.011930670336906913 0.9719735095255472 8.388198629465268
0.971693655113609 -0.00036873825757715824 0.2362544135218653 1.779140773141699 0.0031467359573356638 0.999931524927298 -0.011381306843558054 -0.1421571286725381 -0.23623407492949403 0.011802297202508647 0.9716247995179446 8.585651498877846
0.9703763538023636 -0.0020381661961654017 0.2416005795489808 1.888253024598404 0.004630339128276352 0.9999391903044179 -0.01016195732354122 -0.1486643447556692 -0.24156509956646718 0.010979505829767443 0.9703230696154255 8.989744067787854
0.9691522365330739 -0.0018034603156085835 0.24646707249046884 1.9966595174279183 0.004418973552383451 0.9999414495049431 -0.010060084073268485 -0.15771413921760638 -0.24643440916077958 0.010839038144791457 0.9690995306985879 9.393186702612457
0.9688170754534139 -0.0017928639397839748 0.24777999187588848 2.0538106711428563 0.004435015117664766 0.9999403941194299 -0.010104405005865173 -0.16070938048826794 -0.2477473705594915 0.010888673226367775 0.9687641159250874 9.596397532463023
0.9675610787967541 -0.002031151646870481 0.2526391302237486 2.1632535537513284 0.0047702341521816925 0.9999378653320846 -0.01022963923309172 -0.16891264280161938 -0.25260290934408597 0.011103563682362814 0.9675071323511735 9.979779302333366
0.9664328822860953 -0.0015988928349244772 0.25692464794486486 2.2734878292446945 0.00439196723336166 0.9999388720492233 -0.010297860667654531 -0.1774546528849889 -0.2568927603436128 0.011081239649129515 0.9663772563052107 10.373010601477095
0.9661434655009002 -0.0016528450755226873 0.2580110044859943 2.3262965991564717 0.004495624499881602 0.9999366624472104 -0.010427720415968192 -0.1811081073777228 -0.2579779209932482 0.011235200237786543 0.9660864327000965 10.559985589882526
0.9650745584367634 -0.001847577651249354 0.26198004586010293 2.433968926441905 0.004811385827328985 0.9999325177440153 -0.010671156412867285 -0.1902828051779712 -0.26194319896911256 0.011559531993487112 0.9650149764811166 10.936054423626947
0.964192206802369 -0.0017725995580766558 0.26520910658368857 2.5431487144608207 0.00480020157100181 0.9999314431077085 -0.010766028498350873 -0.19933089198712692 -0.2651724006924673 0.011654168897543808 0.9641315645203643 11.317243272543624
0.9639800014314561 -0.0019433920073009415 0.26597813724919445 2.594696297637415 0.005012708861226676 0.9999294255890366 -0.010858660655769466 -0.20288344757001459 -0.26593880511225976 0.01180129466899365 0.9639186791788185 11.500705475011786
0.9635232560189192 -0.0017715606476750492 0.2676299409910195 2.700665038098977 0.004830161972092261 0.9999315582543695 -0.01076868488103174 -0.21002624455350136 -0.2675929354110681 0.011669096627450986 0.9634625429097254 11.87599347780704
0.962957170751481 -0.0006847368646838047 0.26966398729566643 2.808017658989039 0.0038130081970305786 0.999932200082443 -0.011073449633338608 -0.21796238002723678 -0.26963890944314395 0.011692307896106128 0.9628915217952407 12.259832983362026
0.9628009856242916 0.0004452998480470426 0.27022188565871696 2.855179451141736 0.0028192663178397246 0.9999284596688917 -0.011689745300682033 -0.22187845442040663 -0.27020853132723055 0.012017309806108215 0.9627280046093958 12.435835290044933
0.9619844900106567 0.006935524029813736 0.27302598178738025 2.960574324617344 -0.0034566973869051094 0.9999077760573305 -0.013217832099271427 -0.22804310287208374 -0.27309310026065003 0.011772225901137096 0.9619170596074705 12.827834517257951
0.9615755489162243 0.011318176124125476 0.27431764147380727 3.0649402243940265 -0.008092010424179083 0.9998854901691221 -0.012886333453083274 -0.23162407481948472 -0.274432594710593 0.010171964227224429 0.9615543762223766 13.206913099025043
0.9614526650771679 0.011600459115991977 0.2747372833929513 3.1148945278136355 -0.00839416020879644 0.9998841151034404 -0.012840812476806525 -0.23372922977847 -0.27485468849548894 0.01003993334751024 0.9614353922812439 13.385549761993373
0.9608942858713108 0.012210069579792985 0.27665958893203785 3.220735077461989 -0.008960160376913428 0.9998773696708919 -0.01300664530562502 -0.24191520672616407 -0.2767845645521099 0.010019267663318277 0.9608819417341324 13.748948198723202
0.9599537204994558 0.012644484798735105 0.2798856713442553 3.3293204269529135 -0.009299081270923427 0.9998706632305778 -0.013275451066308678 -0.2515806097157514 -0.2800173564568267 0.010141309607952521 0.95994360974276 14.110674527754718
0.9598074315467682 0.012807790661357189 0.2803783309961006 3.3754842609348445 -0.00938390253960624 0.9998660783793601 -0.013547127458323914 -0.255903976203477 -0.2805145565327904 0.01037211487528692 0.9597958377319616 14.271539066856585
0.9594525676881468 0.014281183636585378 0.2815174510683931 3.4922411048442648 -0.010379082777392119 0.9998301287897459 -0.015343066791295316 -0.2674948859745455 -0.281689515017746 0.011800098010167322 0.9594349912571506 14.656847831339652
0.9586391463559321 0.017073152448791047 0.2841206467422047 3.6077885432441335 -0.012777308051931368 0.9997760304353435 -0.01696238946938437 -0.27787877854639126 -0.2843475949190242 0.012631446722827374 0.9586398559677646 15.03889154512197
0.9582076717266329 0.017985279651385497 0.28551697180026087 3.6756694139737824 -0.01366022939181001 0.9997616996211411 -0.017129464437062678 -0.28088976646595765 -0.2857577596564334 0.012514059616761396 0.9582221239828624 15.268751559207304
0.9565039871927632 0.023057872108650616 0.2908148250328878 3.802138379306134 -0.018844715306042724 0.9996749934909487 -0.017277199383096853 -0.286901304316782 -0.2911192920319484 0.011046008714280988 0.9566246040546964 15.679272141745699
0.9549821890757582 0.023273506125006137 0.2957571141175681 3.9331493523193406 -0.01902176276389786 0.9996721129037186 -0.017241972760380038 -0.29640706981228027 -0.29606201416225275 0.010840398807255548 0.9551088186932578 16.072691579284548
0.9545678775265434 0.022739646564663627 0.297132461315448 4.005790322536314 -0.018477578948271872 0.9996837792410042 -0.01714080795785974 -0.3009348925173336 -0.297428962913292 0.010872179228010122 0.9546836334014439 16.296666092732238
0.9527917902999659 0.01853895475293532 0.3030654477898312 4.140634766823445 -0.014099327514385383 0.9997606684776815 -0.0168266435307 -0.3099651026216768 -0.3033055695810352 0.011759947803944121 0.9528224785816348 16.684717530199066
0.9509635024156375 0.011625189152273709 0.3090935695905298 4.280087534122129 -0.006111345039235875 0.9998069237344875 -0.01879865811265584 -0.32648862387401645 -0.3092536000726134 0.01598936274201282 0.9508473151103193 17.053655226347885
0.9503780129351264 0.01111466271608578 0.3109080889973977 4.339236152735608 -0.005461323279009773 0.9998059351009022 -0.019045229162693238 -0.3308138574195653 -0.3110606833415459 0.016403742069759735 0.9502506449255165 17.236147834901555
0.9486943035787713 0.010286478522323533 0.31603600988556707 4.471843335545125 -0.00554382254960588 0.9998603479035253 -0.015898647772827512 -0.33564885838040986 -0.3161563268670521 0.013331975847446139 0.9486152278361785 17.6145166239666
0.9469953363236596 0.011064056483674225 0.3210653955337162 4.61136453565064 -0.007061206407929699 0.9998843395225052 -0.013625876903760837 -0.34071453471682545 -0.32117977012778187 0.010637488469292699 0.9469602208382818 18.007013845521506
0.9462817832690961 0.012247274707151576 0.32312062428941707 4.679057056403376 -0.008243090317935197 0.9998736703360013 -0.013755078175258992 -0.34348580173135285 -0.3232487852733804 0.010353743643614442 0.9462592716390459 18.2040986281966
0.9444389927525884 0.013766169959881685 0.3284075858042244 4.817858694496457 -0.009537312500087186 0.999851764604399 -0.014481558077602505 -0.35348161416081897 -0.32855876366629927 0.010546031379361066 0.9444267304240418 18.590665489863024
0.9427286672312097 0.01293162248618648 0.3333178000827006 4.961307103896664 -0.008528728354966732 0.999857562055172 -0.014665858103799586 -0.36382681605473194 -0.33346046388524414 0.01098400243166336 0.9427018190732619 18.97599739593851
0.9420384450885323 0.012850187122361415 0.3352680929170486 5.030764740048817 -0.008534639099569967 0.9998627751076058 -0.014340470650851178 -0.36619455289408837 -0.3354066429391253 0.010648717689115272 0.9420152151975959 19.167039239800093
0.9403960286984504 0.0054424049096847196 0.34004668907794083 5.194199680612869 -0.001727089211293689 0.999937538082572 -0.011225894977190063 -0.3697946007058338 -0.3400865709444905 0.00997043436669955 0.9403431743905895 19.57934367209066
0.9385246455968739 0.0002080581416007357 0.34522083222910066 5.3651332722398655 0.0029026655274077507 0.9999617803413094 -0.008491948020929212 -0.37282552476223246 -0.3452095855737112 0.008973154783920738 0.9384846489478696 20.002060022774554
0.9376924624727889 -0.00013169327787166608 0.3474746359618362 5.444953270627842 0.003298345284693153 0.9999600914487935 -0.008519615179404397 -0.3749634953283565 -0.347459919244794 0.009136025493881329 0.937652162314348 20.20918675250215
0.9357141887113557 -0.0003601996052561534 0.3527669486911051 5.5991355149050115 0.003709045856963433 0.9999560963422859 -0.008814156980276579 -0.38384286480972574 -0.35274848953753085 0.009556992235754676 0.9356710980006326 20.59629201270481
0.9339752968350964 0.00041638911838104214 0.35734644518785336 5.763248540010399 0.0028517409711720306 0.9999608186667798 -0.008615736557451115 -0.38978279217048895 -0.35733636203280666 0.009067246153588407 0.9339337902223184 21.014884626075442
0.9334790543045278 0.001638001746374476 0.3586369638422555 5.845952951612036 0.0014202325797870985 0.9999667837907853 -0.008260640931714384 -0.38940811459359503 -0.35863881705156975 0.008221835917211867 0.9334423241244943 21.234360797875127
0.9316852273652552 0.0030392047856549575 0.3632636657814827 6.013229954068963 -0.0004463118806242056 0.999976143349354 -0.007218615585573139 -0.3918093984914959 -0.36327735906548736 0.006565017503462571 0.9316608351435718 21.651225808068443
0.9300755609725292 0.002934371604998567 0.367366086237617 6.188804355806422 -0.00048436110994830403 0.9999793350237951 -0.006757975352264691 -0.39744944477376487 -0.3673786692310322 0.006109103868287518 0.9300543359483651 22.079382830869847
0.9297252107944832 0.002906970346871059 0.3682510040365628 6.2724112457318295 -0.0004440128643779125 0.999978805829248 -0.006768251568160069 -0.4003020434628195 -0.36826358025187034 0.006130834291299148 0.9297040182333458 22.289534982407325
0.928133133617255 0.001411439880009302 0.37225346084955524 6.446203472640934 0.0015949299858051696 0.9999699380056354 -0.007762904085985567 -0.40966187229523315 -0.37225404237832915 0.0078003080987809215 0.9281005831242702 22.708865202873415
0.9264742207729558 0.0008773895651603516 0.37636490140177076 6.624389479235332 0.0025577112282178993 0.9999608703822117 -0.008622243003240144 -0.4203817043108343 -0.3763585216744954 0.008952504903945162 0.926433406874308 23.13265569278531
0.9261838279615149 0.0008035714723747337 0.37707955975808655 6.708271849495102 0.0027582811003379532 0.9999580743764813 -0.008900740073886615 -0.4240068438303174 -0.3770716982136636 0.009285403199911474 0.9261401609295918 23.340585826019097
0.9256697158062487 -0.0015110415989990082 0.37833795226177297 6.88240734470752 0.006231202768756752 0.9999186975900389 -0.01124674261665672 -0.4339905707081557 -0.37829107688590424 0.012769928025480212 0.925601325125134 23.75994451007648
0.9250430458997266 -0.0005814113001386387 0.37987073924986436 7.056514970651338 0.0062638860914689 0.9998878646392362 -0.013717963980656457 -0.44745339697885667 -0.37982083796478605 0.0150706412273722 0.9249402584327896 24.181937516889217
0.9248236661073451 -0.0004143179867275867 0.3804032280774021 7.140907401144669 0.006125830025229336 0.9998869307861197 -0.013796685396750977 -0.4511303144919383 -0.38035568251284213 0.015091608903456342 0.9247198828408163 24.391850024693767
0.924476526436707 -0.00047082696067443397 0.3812459283530343 7.314097057838168 0.005246485774644868 0.9999210075140087 -0.011480016699578486 -0.4542474401653491 -0.3812115524704348 0.012614776836405439 0.9244043096789103 24.820338609581803
0.9243214312366981 -0.000541199657828401 0.3816216234617809 7.4970784293668835 0.004237174942722779 0.9999525953545214 -0.008836922509080329 -0.45591624475578146 -0.3815998407931873 0.009786634135049928 0.9242780685589519 25.274797564706535
0.9243433056980795 -0.0006097211127071888 0.3815684057220183 7.597385153239181 0.004152180835832522 0.9999565860901944 -0.008453122451022305 -0.45761644855538347 -0.3815474866455791 0.009399370965719835 0.9243038409743437 25.515456293810832
0.9245767865231168 -0.004066584884937153 0.38098089951852726 7.782290483669993 0.006731318527214985 0.9999620457299873 -0.005654713388209104 -0.4565956609915848 -0.38094426842476403 0.00779397888655141 0.9245675245331592 25.967858562949722
0.925319121288058 -0.008919202026177622 0.37909106572615814 7.97157360418938 0.011240495462700888 0.9999302326215992 -0.0039027143968732103 -0.4541707616588906 -0.37903037219153873 0.007873604717644764 0.9253531743531631 26.446721034724426
0.9257307158567234 -0.009637550331201332 0.3780672421196324 8.063614158607052 0.011834962098945974 0.9999251416260696 -0.0034816767665930954 -0.45436903444571575 -0.3780057255091337 0.007698540689225597 0.9257736749515848 26.69314636348296
0.9263723115048964 -0.009743342986838434 0.37648971257294217 8.236342239260118 0.012435012664662863 0.9999129020357699 -0.004711621142974756 -0.46087776058579233 -0.3764115813529605 0.009047596222360059 0.9264109609222275 27.137125058912616
0.9279551303415352 -0.00992046803563707 0.3725666201750849 8.404635967708169 0.012675286712695476 0.9999087236354453 -0.004937427831115421 -0.46612171530296825 -0.3724843102921755 0.009305435110552268 0.9279944293275032 27.579413681847548
0.9289809439604734 -0.010127148704087551 0.36999418084459823 8.48895924512002 0.01256996027107527 0.9999134547229875 -0.0041829727170439885 -0.46714746970481436 -0.369920478092433 0.008538107291266278 0.929026657885593 27.81321493796078
0.9310318736232591 -0.010668511646092583 0.3647882081101386 8.663630539351631 0.012590659561253662 0.999918072100899 -0.002882288164605458 -0.4680529353412882 -0.36472865738620924 0.007278031933456611 0.9310882755712149 28.28833380349295
0.9329144351756427 -0.011435859331372884 0.35992263007282815 8.834534678437121 0.012613005217555626 0.9999214530527694 -0.000913084556411153 -0.4663404572152456 -0.35988488396396456 0.005393120380217062 0.9329838828014304 28.761972860313904
0.9338821404977056 -0.012071557369376023 0.3573839590507463 8.921298287162738 0.012645797308224333 0.9999211737832239 0.0007390549636382335 -0.46442787730066915 -0.35736590858859635 0.003830838014655939 0.9339594358345837 29.012775371532364
0.935882461116198 -0.01296891126508527 0.35208052973702475 9.096894311429358 0.012633193533217502 0.9999161961756551 0.0032600144651668173 -0.46022914456945724 -0.3520943187179464 0.0013981710940905285 0.9359659062128399 29.512538820457696
0.9375918504374883 -0.013501333000793115 0.34748234384154647 9.27132341269229 0.01267622870078532 0.9999101140664682 0.004657092712356859 -0.4564764418982964 -0.3475149301967088 3.954330268429555e-05 0.9376767301449705 30.014487794378535
0.9379105183403929 -0.013342759610349286 0.34662795223743886 9.352655477712496 0.012512071324739388 0.9999121982908156 0.004643812667150289 -0.456637957570242 -0.34666046527810457 -1.7260475346857393e-05 0.9379930979623433 30.25867015633176
0.9393810731199614 -0.015843703699790844 0.34251618603068335 9.517262958412875 0.015399226046695394 0.9998745536590669 0.004026954977019748 -0.4553997836203747 -0.3425380478963159 0.001492752248212628 0.9395051411533955 30.73220055795463
0.9409095347277157 -0.015797190719027618 0.3382971163985686 9.67351735812621 0.015934580819575075 0.9998715646080786 0.0023809362852733095 -0.45825253522498155 -0.33829219300733265 0.0031513806887943944 0.9410382298849042 31.196516380858867
0.9412444742086596 -0.015591754822732565 0.3373728711563238 9.746348401958807 0.01583727421754452 0.9998738173864304 0.0020347327864191113 -0.46033376076597227 -0.3373630740334768 0.003428897694803758 0.941370542844154 31.42325377886835
0.9427139442711591 -0.018627280592546328 0.3330888521494726 9.91452201204312 0.019148056836831857 0.9998165237011786 0.0017297512700365728 -0.4594666759652782 -0.3330610168566496 0.004748367117382618 0.9428955167945303 31.910439980945622
0.9446736134537868 -0.020285978567265342 0.32739177359592164 10.071374236795219 0.020855200613631365 0.9997824169420261 0.0017817854204338407 -0.4576991997722204 -0.32735777043268666 0.005145756742130518 0.9448887078845055 32.387368631236505
0.9451858761960408 -0.02079927025461139 0.32587706690049933 10.144397965828436 0.021411780979536648 0.9997704458672495 0.0017178581611880643 -0.45839434789038613 -0.32583931301735086 0.0053551853754925565 0.9454122688667935 32.622346656252624
0.9467358524953956 -0.022606412720271994 0.32122367026646453 10.298098144096008 0.02315890060948228 0.9997308334063538 0.002111933229471132 -0.45691691040132476 -0.32118629748564687 0.005441163705223325 0.9470025668520327 33.099498520945346
0.9487859769819704 -0.023004684353935337 0.3150893672991437 10.445611544356554 0.02340112487377717 0.9997243974667168 0.002536137499364435 -0.4561261770583977 -0.315061975335596 0.004968597431103474 0.9490603606463512 33.581352269828855
0.9496816086351928 -0.02182130370016879 0.3124667816527547 10.51860007327176 0.02206665897957011 0.9997546083687768 0.00276151583804859 -0.4560850209881593 -0.31245069914007834 0.004273606380152183 0.9499271986279406 33.84066927428221
0.9513856469888877 -0.019423319510180004 0.30740001509714643 10.664390059636702 0.01952874253350586 0.9998074369300438 0.002744106070803062 -0.45632935090888854 -0.30739484607990514 0.0033937636371065066 0.9515785294935262 34.34221688046268
0.9532376333377203 -0.018807138314076238 0.30164774836468367 10.806442496659582 0.01894287707643516 0.9998192758179882 0.0024863911967292845 -0.45695544980919817 -0.30164082138668763 0.0033453206306428207 0.9534184602615702 34.829818155692735
0.9541330418689445 -0.0189756621396088 0.2987932520204371 10.876254360406238 0.01893679872277937 0.9998182899978371 0.0030354271188791555 -0.4563585483442108 -0.29879712243042555 0.002763390390668183 0.9543153399004097 35.07917026475249
0.9560885451936143 -0.02022929745421525 0.2923913281155756 11.019989547125377 0.019731890427184606 0.9997965284614222 0.00466088634290214 -0.45189994072154255 -0.29242651391208657 0.001314574209871037 0.9562895558553951 35.58567344630404
0.9576656503865876 -0.021843691167389802 0.287066473346408 11.159666990870523 0.02091436657884036 0.9997633748566139 0.006313930534570204 -0.446294910505373 -0.287136772966287 -4.164995124383646e-05 0.9578921600850285 36.0869048998475
0.9580318111175857 -0.02211374301722043 0.28582306556001247 11.2265757743486 0.021130342104913664 0.9997578238841012 0.006533508976418992 -0.4452444817818756 -0.28589836077577757 -0.00021868334907014137 0.9582627850242785 36.33914951452864
0.9590722190280112 -0.021322963024232377 0.28237378346922587 11.354238603192545 0.020299784924821134 0.9997751237682458 0.00655762039100219 -0.44420714135891454 -0.282450030801201 -0.0005561811297990056 0.959284852591774 36.81280595953432
0.9600511652179892 -0.019221911891598966 0.2791801606248693 11.482672972371914 0.017708418399028016 0.9998144585997616 0.007951305841060925 -0.43831577012787937 -0.2792809638192164 -0.0026889279610181425 0.9602091229023708 37.30188875634643
0.9604483750094086 -0.018999523044540827 0.27782537849755584 11.548648985061778 0.017032074773766826 0.9998124762583667 0.009503418369211244 -0.43295549639633385 -0.27795370683280496 -0.004394742053243875 0.9605881263013053 37.55580139562011
0.961466296908972 -0.019838638105457346 0.2742225936405561 11.682397874571315 0.016900024140501332 0.9997744207697198 0.013084694957599901 -0.42179590847017023 -0.27441999398265227 -0.007945212958812887 0.9615809398265188 38.056796683189305
0.9621507024884859 -0.0200026037748807 0.27179951064169194 11.815696889709823 0.016578284958250852 0.999754650443312 0.014899036605014756 -0.4126705400420881 -0.27203060501248105 -0.009828259174086206 0.9622422457955531 38.54239520400773
0.9622976727379001 -0.020273605542606633 0.2712603525582607 11.876347934446846 0.016837183551372162 0.9997489880097122 0.014998161557324549 -0.4092449344839266 -0.27149588293912386 -0.009864763579028235 0.9623928186125192 38.77109359672178
0.9628821379686828 -0.020383289554050832 0.2691709768015339 11.99328689381392 0.016840941935425017 0.9997419687000415 0.015470523775826786 -0.4027696231078559 -0.26941615136260777 -0.01036274990761233 0.9629720782996168 39.214111177923066
0.9635092289053365 -0.020771431797178448 0.26688769570344106 12.102116885670586 0.017142813261775566 0.9997295980111078 0.015926502657765497 -0.3963569337454472 -0.2671456902855718 -0.010769643953382447 0.9636000068130713 39.633360643789715
0.9636713903007457 -0.020717954128734624 0.2663074701442225 12.150230924126593 0.017099261739979405 0.999730887204207 0.015907178056381702 -0.3943184201600398 -0.26656451316962326 -0.010775260281020762 0.9637610307955431 39.83123689622077
0.9640175625393211 -0.02042239980835936 0.265074929894324 12.249395134195742 0.01672112544789124 0.9997321581949068 0.01622001040390013 -0.38893310468414866 -0.2653346200992791 -0.011203520585140162 0.9640954544267628 40.21951279459998
0.9643617858133997 -0.020256952914371226 0.26383360186801097 12.343926430987034 0.016537330451855944 0.9997336242517019 0.016319522150031976 -0.38447623456863217 -0.2640933189149735 -0.011374307015767473 0.9644342136614523 40.59336510849485
0.9644961638857876 -0.020680589669607008 0.2633088642970621 12.387675893901667 0.017044737512739484 0.9997285569223585 0.016093735437559122 -0.3827635892296508 -0.2635699523487207 -0.01103372179275398 0.9645812737128497 40.77632611703076
0.9646945099061285 -0.020161675645875936 0.2626202985169419 12.474794138697087 0.016561884848822202 0.9997392992792443 0.01592374203393418 -0.37962285618127056 -0.26287309432256034 -0.011011490365491443 0.9647714547206757 41.12273931771642
0.9648248982147238 -0.01837697990664374 0.2622713987478636 12.560745231683379 0.014792478508376545 0.9997715144781928 0.015644648747929205 -0.37473277426640045 -0.2624990270257937 -0.011214041067859296 0.9648709114172164 41.46923199239645
0.9649527350508148 -0.018260838533641573 0.2618089167813316 12.598370395822768 0.014672173528624103 0.9997727913763713 0.01566557098233511 -0.3728001571342422 -0.2620357088388139 -0.011274603930395956 0.9649960371891039 41.62873980161487
0.9658182134214246 -0.018353070854763346 0.2585907497197579 12.673931363363039 0.014540612018535591 0.9997585028246079 0.016659019631762476 -0.3679304719009999 -0.25883431501605225 -0.0123287411858185 0.9658467190003662 41.940791240114336
0.9660930647688294 -0.015038892650318722 0.2577760142566407 12.745003105169411 0.011209710337510559 0.9998065317186177 0.016329067417328987 -0.36273404724204583 -0.2579723295084455 -0.012884861766461322 0.9660695555400547 42.249464351390706
0.9661159178148891 -0.014350631470184859 0.2577295111985982 12.77804099356982 0.010533427788598304 0.9998160366633659 0.01619671466458384 -0.35991297579428083 -0.2579152017298805 -0.012932286935337454 0.9660842008526764 42.394401789452964
0.9664569853230169 -0.015568801547938986 0.25637630996121524 12.843745305252485 0.012269880960557452 0.9998223055920387 0.014474539687895376 -0.3590163801231227 -0.256556997650165 -0.01084221447193972 0.966471484293009 42.66635882114416
0.9667398118595038 -0.01571202818625375 0.25529877205503104 12.899196711036875 0.013281368595086494 0.9998508409425982 0.011254745184434476 -0.36162032754259504 -0.25543856884295324 -0.0074886568276009546 0.9667994960728847 42.9026337559523
0.9666727819592471 -0.016560031075862982 0.25550112234630484 12.936693385405327 0.01419172155832918 0.9998403652014236 0.011121290556861904 -0.36012445627276496 -0.2556453963740226 -0.007123730921783986 0.9667477386976451 43.04018317172402
0.9666743383107641 -0.022094836376892284 0.25507813108970495 13.001825261949328 0.018793415830702615 0.9997083294901903 0.015383362499842068 -0.3457217525485714 -0.2553449292150075 -0.010075561357363665 0.9668013828891301 43.27674756384099
0.9669667362668579 -0.0231240216959224 0.25387577915865683 13.057668483807674 0.018659164419220123 0.9996292590038359 0.019991593633832627 -0.3315439983385929 -0.2542452874197524 -0.014592508388620156 0.9670334570639977 43.517243688438654
0.9669887071067093 -0.022925350273053546 0.253810032773776 13.082027294100875 0.01840601360612255 0.999630139751289 0.020178420704848852 -0.3284750151290948 -0.25418030246779855 -0.014838840709975905 0.9670467940525317 43.624375303140525
0.9670311266035329 -0.022177897426498918 0.25371512567315113 13.135177756076846 0.01768528560564306 0.9996471182250183 0.01998586665978913 -0.3252591183785743 -0.2540701690673934 -0.014837951183388529 0.9670757207744188 43.84432750987603
0.9674131684446379 -0.017200565945087478 0.25264233029445937 13.181804451094399 0.0125984848233513 0.9997272757989645 0.019833371315362485 -0.31944772128044113 -0.25291589612483795 -0.016002208899658726 0.9673596463429619 44.071085653524555
0.9674614778051989 -0.016522688583907225 0.25250487327249843 13.203111541824802 0.011939460335830501 0.999738811679892 0.019682137755845902 -0.31655108900052625 -0.252764875082301 -0.016025167658331653 0.9673991389799714 44.17470238625425
0.9676430165840659 -0.015592097659035901 0.2518673185877257 13.248401482181263 0.011025882232230994 0.9997521695627904 0.01954025236497719 -0.31298009301029306 -0.2521103471395326 -0.016129121363895698 0.9675681902775556 44.377158968284775
0.9677127098405834 -0.015374928330183427 0.2516149197524137 13.291599940695116 0.010713894365587917 0.9997490921086597 0.019891317708904382 -0.3085514098972693 -0.2518579123055707 -0.016551974411500848 0.9676270497412961 44.55594314683232
0.9676835901977565 -0.015565033043828586 0.2517152697197003 13.309214653116 0.010853797026102976 0.9997435291636486 0.020101581481183642 -0.30595724297628346 -0.2519638482255913 -0.01671856290751522 0.9675967565916643 44.63111772777184
0.9676361963370608 -0.01698247692465041 0.25180614538164536 13.351232999599565 0.012111255499999928 0.9997129671908003 0.020889195359783237 -0.3002769006359226 -0.25208886888870147 -0.017162114743094765 0.9675565697560442 44.79752667466881
0.9676322249283484 -0.01513633955049079 0.25193988154388447 13.386314510382519 0.010272641998037799 0.9997393492912152 0.020615043722678975 -0.2954261691030664 -0.25218628983655267 -0.017358532193274316 0.9675279297086156 44.960662291637036
0.9676487052931493 -0.014155060229706157 0.2519307684738634 13.396524590249635 0.009411658380946597 0.9997593522694697 0.020031552398802763 -0.2941052357323313 -0.25215434110633395 -0.017010744099855767 0.9675419950359313 45.0195064668658
0.9678541176954022 -0.012303765295514003 0.25123567876451347 13.420647297401315 0.0077695115837217105 0.9997927861053134 0.019040141743700476 -0.29371668784399235 -0.25141883590158015 -0.01647441758593387 0.9677421530982538 45.145756812913824
0.9680160141125506 -0.011942773209351266 0.250628939822888 13.442853680956722 0.0069449825075418555 0.9997634965323133 0.020824705850262186 -0.2880562257818623 -0.25081917975142254 -0.0184164704828631 0.9678627145239512 45.254158010941765
0.9679669232067762 -0.012109696657756144 0.2508115660248601 13.453965240733316 0.006937277227232395 0.999749260118435 0.021504791169942895 -0.28491389752739504 -0.2510098068149591 -0.019074521762661282 0.9678005452839424 45.299161219010195
0.9677368552101183 -0.014893241323246015 0.25154827651386946 13.48903384757065 0.00962073232163134 0.9997118498817985 0.022186194120391155 -0.28095322436720055 -0.251806725215749 -0.019049092445707065 0.9675939274172226 45.41820367764071
0.9677280066432525 -0.016631847721873656 0.25147303808208793 13.505288134729792 0.011459075659079053 0.9996957238281909 0.022029729401772145 -0.27922445195574463 -0.2517634069444559 -0.018435798281433612 0.9676170747845495 45.48655065558781
0.967730582629139 -0.016702443148811145 0.2514580065399559 13.515154957067503 0.011555801873055941 0.9996965992216699 0.02193979872105965 -0.2780690350080722 -0.2517486300510238 -0.01832464022543558 0.9676231518145022 45.52951444282822
0.967709555393423 -0.01657892226316334 0.25154884152347823 13.529034641183408 0.011450646482061951 0.9997001197068494 0.021845113201956923 -0.2767626544275324 -0.2518357063464292 -0.018258198981170676 0.967601939404016 45.587172181357175
0.9676729076401878 -0.016210398659398682 0.25171268466792895 13.538972264313887 0.011103443237141356 0.9997070417690053 0.021704995602279606 -0.2751287951902078 -0.25199113121639993 -0.018207335379533687 0.9675623231599282 45.630258575679214
0.9676582771152946 -0.01604218062631339 0.25178105678508955 13.547015989782555 0.010951168213213028 0.9997110180727795 0.02161558487771401 -0.2733371695885842 -0.25205496883058526 -0.01815844298718542 0.9675469112137818 45.66473968718422
0.9676705553983352 -0.016021530931652584 0.25173423733018585 13.555429320639949 0.010960175552881174 0.9997132432739843 0.021502650492743663 -0.2718869176551281 -0.2520064943014262 -0.018047618840366257 0.967561494565447 45.7006987071734
0.9676181723091279 -0.01597119392937079 0.2519384547417459 13.563419077588497 0.010922861785416288 0.999715194709771 0.021430493145258963 -0.2700554624858324 -0.25220878804858116 -0.017984216331369596 0.9675098427606162 45.732085139623955
0.9675703805706177 -0.015865817868964655 0.2521284711922067 13.570325085494435 0.010817364063411024 0.999716927079745 0.02140334772176399 -0.2679587718930914 -0.2523964768595067 -0.017981507241395186 0.9674610871258604 45.760100167005724
0.9675570419506674 -0.015760078928300753 0.2521888136656758 13.575897365014535 0.01074503507790047 0.9997209766998189 0.02125577367857758 -0.2663485657547586 -0.25245307203987494 -0.01785629931797615 0.9674487492899639 45.78463425880295
0.967551261343403 -0.015645182635967238 0.2522181266768309 13.58008031358524 0.010739834150582906 0.9997302058999123 0.02081870511576428 -0.2653316717904603 -0.25247544825772905 -0.017434322969812316 0.96745064922896 45.80438609356517
0.9675170578804163 -0.015463501252246733 0.2523612693686221 13.586086608663477 0.010598339964887314 0.9997357609093546 0.020630356556366004 -0.26353300958420833 -0.25261301520030127 -0.017285670476127283 0.9674176308717044 45.83048783332452
0.967473008450748 -0.015219138293036602 0.25254662554955115 13.591839746265663 0.010393108982151192 0.9997420614639693 0.020436161558941592 -0.2616675052423507 -0.25279175140925636 -0.01714678226764883 0.967373666444354 45.856075702393156
0.9674396549511178 -0.01518089652570952 0.2526766679229119 13.599671603849044 0.010334714897373446 0.9997412528560637 0.02049969051667386 -0.2590097141713676 -0.2529218007838913 -0.017220921246821827 0.9673383750119828 45.8878132368599
0.9674093641792605 -0.015064206925405006 0.2527991630534665 13.606497718886473 0.010211026995192675 0.9997424511225852 0.020503589505733343 -0.25674584625015684 -0.25304248238182825 -0.01725423048129545 0.9673061724657207 45.91628490089944
0.9673744104024001 -0.014930239946516774 0.2529402882375892 13.61299217816291 0.010093141766155014 0.9997453458638464 0.02041523181174547 -0.25487897265446885 -0.25318039985348306 -0.01719656547257023 0.9672710399766099 45.9432870742733
0.9673353484685427 -0.014768779056825852 0.2531023927182317 13.6245531841243 0.009934612210677754 0.9997485800473674 0.020369369689536534 -0.2536013099791345 -0.2533387954266011 -0.017190328261475374 0.9672299875348279 45.988592868319195
0.9673048453346973 -0.014615938583275947 0.2532290803263442 13.625956382965688 0.00976980493373155 0.9997501164481019 0.02038554489375779 -0.25178593330188886 -0.2534626703009908 -0.017246162203118923 0.9671967421252862 45.9961983474585
0.967277816845983 -0.014463189004039728 0.2533417993293863 13.631898428247563 0.009603645770804588 0.9997516268301085 0.020408349556705965 -0.24965934993859926 -0.25357269510325026 -0.017308803492510714 0.9671668729610419 46.02031755401252
0.9672375277341332 -0.014319755841940127 0.2535036748461321 13.639007100132549 0.009465689549278174 0.9997539745064933 0.020358313662605987 -0.24764235972664878 -0.2537316060015415 -0.017293053641739536 0.9671254653299153 46.04822083337034
0.967202913552282 -0.014193376966863439 0.2536424395718234 13.646513701326056 0.009338287168406869 0.9997554454065892 0.020336603905946857 -0.24543433051429775 -0.25386807428230124 -0.017302328894878673 0.9670893644486813 46.07791185750687
0.9671714749589141 -0.01408655716391907 0.2537693331215592 13.653862214931962 0.009222489694907528 0.9997565381508889 0.020347635097928245 -0.24320319013181732 -0.25399304917039006 -0.017340599061197712 0.9670559749148029 46.107169903819226
0.9671333328314314 -0.013943117985790992 0.25392188265759547 13.660604238443222 0.009077279898262547 0.9997584434647018 0.020325546335850226 -0.24100681687970274 -0.2541428571472917 -0.01735414914518155 0.9670162853609354 46.13481429195291
0.9671015089503802 -0.01380181043355384 0.25405075779772035 13.667881801742102 0.00893477772358609 0.9997601905695661 0.02030342329133299 -0.23883061304146153 -0.2542690511479464 -0.017367036058021697 0.9669829100725653 46.16455433956423
0.9670698863155603 -0.013654063291648281 0.25417819447616385 13.674598690794866 0.00878467759627679 0.9997619125020919 0.020284816263554772 -0.23660389859628866 -0.25439366250483497 -0.017385331956197386 0.9669499433055811 46.19262215937202
0.9670332920691922 -0.013519757947371988 0.25432385879151076 13.681585099734534 0.008646858710078394 0.9997634035823911 0.02027112079298109 -0.23437833031941563 -0.25453682999893 -0.01740507192493972 0.96691194049846 46.221290688732
0.9669940619037918 -0.01338198518786412 0.2544798500424272 13.688274224401681 0.008508323656520564 0.9997651198236672 0.020245698768595007 -0.23219794942993469 -0.2546901099331192 -0.01741351311495644 0.9668715669307396 46.24902958437134
0.9669638571034829 -0.013238018163016166 0.2546012775073915 13.695192882592927 0.008361778745593131 0.9997664035696953 0.020229482781043917 -0.22998070992709377 -0.25480898272862657 -0.017433338426774168 0.9668398852587654 46.27788922332283
0.9669306876363298 -0.013109191054622315 0.2547338611959916 13.702016120262185 0.008230918230883032 0.9997678571520071 0.020211558078569895 -0.22777203463220436 -0.2549391498359365 -0.017447812075268066 0.9668053465870305 46.30616419601528
0.9668940666533646 -0.012953906133486915 0.25487986005369817 13.709007409816925 0.008073557973274926 0.9997694754709818 0.020189826061312418 -0.2255378083599833 -0.25508219005553534 -0.017464931994560375 0.9667673331264403 46.33519224581703
0.9668617385974649 -0.012810491857461853 0.2550080756489034 13.715646051476698 0.007928065495145504 0.9997707237958575 0.020171853153601958 -0.2233345867101417 -0.2552079323508129 -0.017482792083034562 0.9667337822063705 46.362817889923626
0.966828316498742 -0.012671352862212739 0.25513903073639066 13.722784928881802 0.007787667889115151 0.9997716599401681 0.02015173259542113 -0.2211291354507565 -0.2553365779790893 -0.01749713298442688 0.9666992266277596 46.392383854764645
0.9667897865560053 -0.01253496488751384 0.2552916198995339 13.73383598017322 0.007647845636824355 0.9997726835480752 0.02013770481767708 -0.21992695901109202 -0.2554867349107616 -0.017516996566545182 0.9666592463166984 46.43510471831065
0.9667508682434539 -0.01240113335793639 0.2554463467661977 13.735643551761905 0.007512067861328637 0.9997741223650961 0.02011798044576474 -0.21834770195447487 -0.2556390030514769 -0.017530666511593282 0.9666187941362749 46.44321317794723
0.966716462677145 -0.012258395005147853 0.2555838001570684 13.742014004688338 0.007368368683616674 0.9997754535423092 0.02009383685649597 -0.21638965453317582 -0.2557738027414456 -0.01754214688436473 0.9665828485769868 46.468063532694195
0.9666771503525059 -0.012123809770263375 0.25573926272174446 13.749590122673542 0.007231119855059875 0.9997768238393316 0.020075948652434627 -0.2142189618522541 -0.255926805874923 -0.017558122006792704 0.9665419894624483 46.497291764369756
0.9666390349505513 -0.011965924675979431 0.2558915933625155 13.756739323002822 0.007070260931098517 0.9997785300474372 0.02005450314236906 -0.2120150360636139 -0.25607578366795913 -0.017576807142902964 0.9665022525200926 46.525474612909925
0.9666010146727303 -0.011834653226056757 0.2560409500982919 13.763945653274233 0.006936508540816161 0.9997795888720575 0.020037297235728755 -0.20984846090395742 -0.2562227626042714 -0.01759240507721891 0.9664629422359173 46.553807860677175
0.9665606914237304 -0.011683435823056434 0.2561997785328009 13.771178169703637 0.006780989490092103 0.9997807084768088 0.020023504823082433 -0.20762249293864024 -0.2563788587693766 -0.01761697900099441 0.9664209651825761 46.58278897093718
0.9665140145892849 -0.011542310500186738 0.25638500662701413 13.77822569599884 0.006636506054049549 0.9997828102329066 0.02000246215251205 -0.20540902742929681 -0.2565609783081708 -0.017631923507051953 0.9663726666528991 46.610884030428025
0.9664686061698942 -0.011387382981771128 0.25656324465252667 13.78466121792255 0.006479167817593547 0.9997844618555535 0.019977700884580427 -0.2031676044552503 -0.25673610937243846 -0.01764647736173578 0.9663258295783802 46.63739227104682
0.9664278078084364 -0.0112419170312661 0.2567234202715303 13.791673585026793 0.006330040533026991 0.9997858789107611 0.019961046958651675 -0.2009086759393678 -0.25689345506887107 -0.01766683977323864 0.9662837698392078 46.66598535160998
0.9663825271951634 -0.011080228946854835 0.25690043596179263 13.798515892037573 0.006167006095134088 0.9997872816052241 0.01993371502438251 -0.19868525259185707 -0.2570675840796916 -0.01768024843083116 0.9662370578011351 46.69385409247744
0.9663373828678661 -0.010925398719607338 0.2570766486192895 13.805189897558348 0.006008554244446316 0.9997885092175426 0.019915438794466545 -0.19642055060604324 -0.2572408615301435 -0.017701144442415315 0.9661904603149849 46.72119749325029
0.9662919975153536 -0.010776486835210996 0.2572547505156769 13.812194142165708 0.005858301358442861 0.9997903238571857 0.019887139905460025 -0.19417537136858284 -0.25741578924470465 -0.017710790745105908 0.9661439021493377 46.74977184110686
0.9662528956855881 -0.010626844397027215 0.25740634284491815 13.819070740445003 0.0057069401147584265 0.9997913006422106 0.019864992013245264 -0.19196368434817385 -0.257564856264119 -0.017726533908208265 0.9661038083842148 46.77786323590625
0.9662152740324175 -0.010482779952634504 0.25755459220386684 13.826049537545153 0.005559002990580907 0.9997926873204633 0.019849361722097503 -0.189752680802339 -0.25771019621326513 -0.017748165369954997 0.966064753751699 46.80634257552316
0.9661695745739574 -0.010330056817696085 0.25773138603570306 13.833097252407606 0.005404752102909454 0.9997938279307484 0.01982352655970133 -0.18756609994214163 -0.25788416655961616 -0.01776070882241419 0.96601790401381 46.83462011868408
0.9661330995300941 -0.010202330374596842 0.25787358838951513 13.844706872436133 0.0052745181442088035 0.9997948809849514 0.01980575575652447 -0.18639820541292235 -0.25802401212112575 -0.017775741835361496 0.9659802058121639 46.878694611346866
0.966095957291965 -0.010046806593867372 0.2580189271155973 13.846386013676186 0.005114844391010761 0.999795907492455 0.01979024759271706 -0.18476683209145603 -0.25816634871592153 -0.017800589993643808 0.9659416012044875 46.886640054060166
0.966049860613359 -0.009901718356966533 0.2581972962888051 13.852660643989998 0.0049678783620326255 0.9997973895289713 0.01976527002891954 -0.18284119995953999 -0.2583417601232962 -0.017812656977304955 0.9658945907652373 46.91057334223634
0.9660131905256242 -0.009755952484652771 0.2583401036343769 13.860478689375158 0.00481696088227753 0.9997982850350113 0.019754886533916688 -0.1806414170511197 -0.25848178627914425 -0.017840101040528307 0.9658564435037016 46.940708611756456
0.9659812269125869 -0.009614315129121982 0.25846342481157153 13.867947227257712 0.004670607255020822 0.9997988120406767 0.01974617146563488 -0.17843725506420474 -0.25860258529422014 -0.01786799872343885 0.965823451432911 46.96986038252872
0.9659307273439428 -0.009461548825776909 0.258657965126707 13.875283654818775 0.0045144377211538515 0.999800087157671 0.019724436027020047 -0.17621653116996597 -0.25879404063656913 -0.017885547842273638 0.965771834707475 46.99836614148684
0.9658975014203343 -0.009330614412341643 0.2587855320404125 13.882800777646725 0.0043789667547185045 0.9998007537297348 0.019715851235170313 -0.17404502527519025 -0.2589192647577978 -0.01791090863298163 0.9657376590885197 47.02807198259361
0.9658636776084942 -0.009192128107971726 0.2589176948724771 13.89003457293684 0.004235366063566338 0.9998016759365163 0.019706738583172297 -0.17180843618153804 -0.2590487929098992 -0.0179382548044486 0.9657025531221725 47.05708314766168
0.9658238051380109 -0.009049867129981003 0.259072034225487 13.897207933730693 0.004089707065689775 0.9998027477104419 0.01968947942060656 -0.16962990378240098 -0.25920029830825464 -0.017958087499365106 0.9656616481041281 47.085761768323536
0.9657903013682848 -0.008920872353924497 0.25920047567956533 13.904509817118283 0.003956161662872337 0.9998035815652312 0.019681053114582164 -0.16743269817416334 -0.2593263253706895 -0.017983329828124617 0.9656272991612102 47.114901168202415
0.9657538865430922 -0.008793270814656907 0.2593395125471453 13.911959061415963 0.003821921780139168 0.9998039693103423 0.0196793535969903 -0.16524021108715306 -0.25946307012391906 -0.018015151415535863 0.9655897654282738 47.14446525260168
0.9657171900626119 -0.008647133684306009 0.2594798823066092 13.918840098230858 0.00367028474204126 0.9998046503694135 0.019671204892683217 -0.16309533464645654 -0.2596007429587199 -0.01804540278875957 0.9655520453725654 47.17219820375095
0.9656901269702814 -0.008500410918713426 0.2595853561125758 13.925833584967446 0.0035202859090684734 0.9998054752924291 0.019657331647637787 -0.16101665143667543 -0.2597035373364537 -0.018070034143269846 0.9655239213478128 47.2003157919182
0.9656570689461355 -0.008350936791654356 0.2597126839440213 13.932778452063532 0.0033677880272620594 0.9998063452789774 0.01964042612113021 -0.15887872224784416 -0.2598280682225136 -0.018092243616862423 0.9654901561121991 47.22827160949539
0.965618348379313 -0.008222256680882098 0.2598626818979908 13.939910309397892 0.0032369783047259217 0.999807300175558 0.01962021247787951 -0.15672216889551208 -0.2599755040819627 -0.018105486307518674 0.9654503416718022 47.25671802967984
0.9655850925219845 -0.008087022368392744 0.25999002352132955 13.947082859693078 0.003099025806754851 0.9998080759208311 0.019603359099281913 -0.15463512674806468 -0.2601002832388533 -0.018124090819834775 0.9654165318678064 47.28534740359972
0.9655551043776367 -0.00795897276164387 0.2601052747210737 13.958983843598208 0.002967636897235961 0.999808486800778 0.019591063992104838 -0.153516126376251 -0.2602131743696819 -0.018145432927266017 0.9653856820108341 47.33032741754992
0.9655233266766524 -0.007829880070097148 0.2602261529429969 13.9604537688302 0.0028373559194711947 0.9998090979275511 0.01957057513088389 -0.15204286683778334 -0.2603316582599017 -0.018158555676263743 0.9653534056719191 47.33702882136897
0.965495973758791 -0.007681801722820665 0.26033252753743397 13.967088045861335 0.0026835064952510463 0.9998097710875853 0.01956430252342269 -0.15016457115278392 -0.26043523852475736 -0.018191941594437083 0.9653248576566683 47.36235475364656
0.9654644612343353 -0.007565435069432575 0.26045383588429094 13.974644049705427 0.0025672923222390008 0.9998105779673212 0.01953880543878438 -0.1481624358823183 -0.26055417519310836 -0.018196758675733945 0.9652926592422952 47.39087296812179
0.965432645761907 -0.0074313259135908 0.2605766722382081 13.982370187965005 0.002430906643846044 0.9998114076162796 0.019519885282097613 -0.14605248548385757 -0.26067432294693194 -0.018213510180051 0.9652600219390589 47.42031945106409
0.9653961390860213 -0.007299172099026189 0.26071434392726134 13.989868471379548 0.0023005620409026276 0.9998121248942464 0.01948757301105454 -0.1440437858086611 -0.26080960032801503 -0.018214990810995497 0.9652234482383447 47.4490288984551
0.9653609940150508 -0.007135565486722064 0.2608493681992654 13.996947192162107 0.002138248392411685 0.999813194543952 0.0194518676629167 -0.14195932477765294 -0.26094157846052995 -0.018221874679833987 0.9651875742307787 47.47679444146853
0.9653316240930693 -0.006987089060418868 0.2609606335213803 14.00424896976707 0.0019939664932568657 0.9998142052146466 0.019409829598668417 -0.13998095472959524 -0.2610500437092127 -0.018218052740172606 0.9651582273915944 47.50547669245186
0.9652970029689324 -0.006849833081856459 0.2610913930114115 14.011343946680732 0.001856686410525509 0.9998151258806964 0.01938262553504564 -0.13791123379588477 -0.26117820257795343 -0.01822674400463616 0.9651233574995866 47.53356814321131
0.965253623363543 -0.0067309067831814295 0.2612555594515994 14.018690031492948 0.001736147628025304 0.999816019517402 0.019359999701180058 -0.13582910572680476 -0.2613398435125816 -0.018235528282876844 0.965079523627853 47.56200907499287
0.9652207044863216 -0.006621216161185395 0.26138061208986996 14.026040821063976 0.0016292396861324512 0.9998171065441325 0.019325540685388633 -0.1338119235211805 -0.26146259443991515 -0.01822951531647297 0.9650463617663714 47.59069329117133
0.965189885493706 -0.00648607444624963 0.2614980833479768 14.032806733398749 0.0014990996827834483 0.9998184335506923 0.019279945169014805 -0.1318538379039201 -0.2615771762355298 -0.018218926423284803 0.9650157048598252 47.61729832619196
0.9651585151867824 -0.006321249138181292 0.2616191126016254 14.039719929584482 0.0013343291504770622 0.9998196495374435 0.019247479903527914 -0.12979450175019094 -0.2616947831582365 -0.018230539394290646 0.9649838040689896 47.644957283980034
0.965129372472533 -0.006184807638944448 0.2617318302800284 14.046643650773024 0.0011986292742271801 0.9998206320686673 0.019217872827387558 -0.12776247388426623 -0.26180477739939884 -0.01823706767285353 0.9649540823790841 47.67241473733968
0.9650945738865487 -0.006058415697055151 0.2618610492724106 14.053741465225661 0.001074033337802448 0.9998211469315832 0.01918689072477555 -0.12573362352557022 -0.26193180856917286 -0.018238653154944193 0.9649194031528672 47.70028551807728
0.9650525273069851 -0.005908568168530937 0.26201937407669174 14.06102889717657 0.0009237794674592116 0.9998218121601031 0.019157715559653263 -0.12368757543130797 -0.26208734517088084 -0.018248724356873927 0.9648769548771589 47.72876778766788
0.9650193694036591 -0.005785487029757111 0.262144839276225 14.072208432098467 0.0007966735565257917 0.9998218730371116 0.019148537811731096 -0.12255913092778696 -0.26221079511711487 -0.0182722036332238 0.9648430040993837 47.77002389734462
0.9649851153071745 -0.005649610219860112 0.2622736967802604 14.07381313233513 0.000656604255448899 0.9998223340371419 0.019136367761959275 -0.12103946630199647 -0.26233705805531643 -0.01829655876445703 0.9648082351665453 47.77728444768625
0.9649478309535721 -0.005505310479042577 0.26241433654886354 14.080857829995947 0.0005109995142855423 0.9998229011643945 0.019111700902334643 -0.119254677262425 -0.2624750230369787 -0.01831015840896935 0.9647704308001417 47.80328994103515
0.9649182706537015 -0.005378304508273833 0.26252763123319367 14.088247389460529 0.0003832876903972849 0.9998237636315426 0.019088493862766443 -0.11733099283513115 -0.2625857609867393 -0.018320811468313495 0.9647403216369634 47.83079757976278
0.9648906551526231 -0.005226882676671124 0.2626333786397711 14.095286865441446 0.00022706258746687367 0.999824390681609 0.019077187686273697 -0.11529971475986961 -0.2626883733750867 -0.01835059952689927 0.9647120160066264 47.85763815872105
0.9648545518029462 -0.005092695973998451 0.2627666575606512 14.102879698590824 8.994393041581154e-05 0.9998241017340022 0.01906320873409223 -0.11323102454537537 -0.26281951496894695 -0.01837211120181342 0.9646756994047249 47.88626549236503
0.9648241597564847 -0.004982738095505535 0.26288189174808946 14.110359900970346 -2.1443184208098168e-05 0.9998248196339213 0.01904469022273733 -0.11116678576982533 -0.26293248720634854 -0.018383015385961977 0.9646449237730544 47.91478739324462
0.9647947995422822 -0.004847629737199174 0.2629921515845854 14.117455291565795 -0.00015636422308614112 0.9998253224964988 0.019018198151822523 -0.10903312172053227 -0.26304021136673233 -0.018392317541215557 0.9646153989423161 47.94255089459106
0.9647581737910141 -0.004706336029138118 0.263129786856438 14.124940763940266 -0.00029757503191844197 0.9998259607115408 0.018989749418392123 -0.10690609463392056 -0.2631753707209391 -0.018401378032013912 0.96457843476364 47.971779882720575
