1.0 0.0 0.0 0.0 0.0 1.0 0.0 0.0 0.0 0.0 1.0 0.0
0.9999195337295532 0.000939100980758667 0.012617364525794983 0.02162490040063858 -0.0009336769580841064 0.999998927116394 -0.00047988444566726685 0.001811065012589097 -0.01261787861585617 0.00046806037425994873 0.9999202489852905 0.17400413751602173
0.9992912103396348 -0.0006295446682519079 0.03762017160958023 0.07622759554634906 0.0007109240162073149 0.9999966143183596 -0.002165804318891573 -0.00032324144040959957 -0.03761849107620538 0.002191230707312461 0.9992895633778793 0.5193576165533162
0.9979564157042472 -0.00268346291108921 0.06383487701713245 0.14049962698342527 0.0029554605733272832 0.9999861673480945 -0.0041764721577396725 -0.0040413936472775925 -0.06382275649906155 0.0043566188877168085 0.9979517585734224 0.8705269212103318
0.9970194028514162 -0.002506373985141696 0.07709957346204546 0.17483438409693686 0.0028720010477597704 0.9999841986210466 -0.004641404168079815 -0.004536361754774832 -0.07708657150411533 0.004849154763228223 0.9970125112834817 1.0330101639443297
0.9946557584132093 -0.0014649147496644643 0.10322791476685973 0.2523896077454455 0.002017017000011656 0.9999834482798219 -0.005251283250588375 -0.0066994755058612685 -0.10321846196322666 0.005431419369985334 0.9946438481368557 1.3945307990272675
0.9914025311768914 0.0018920506123730814 0.13082381533506224 0.33653892434120136 -0.0010696691301504005 0.9999784134983973 -0.006360671874683763 -0.009614363201420017 -0.1308325889718986 0.006165932538490491 0.9913845882999985 1.7490979455818845
0.9894670029093405 0.0026509186858111244 0.14472391422620337 0.37887698561306904 -0.0016353579099790338 0.999972292743012 -0.007141021422562141 -0.010748836181530549 -0.14473839873739422 0.006828968174532469 0.9894455779413083 1.8914489582209784
0.9851152444752803 0.0036614958562756392 0.17184621498727187 0.48081578539805647 -0.001960356052970794 0.9999464396572864 -0.01007198276234153 -0.01638143815849888 -0.17187346286330699 0.009585026869166492 0.9850716026787847 2.2394979596216436
0.9795587617741466 0.0039058298591144046 0.2011124918509733 0.5968590745901795 -0.0019004502688359393 0.9999458654768512 -0.010166868500704173 -0.019325360667669562 -0.20114095511474286 0.009576447704715212 0.9795149502439305 2.5881173103035637
0.9764501039679834 0.0043350843534109545 0.21569588997399594 0.6546383768298796 -0.0021777452572375763 0.999944895110032 -0.010239274246294965 -0.019331255927471244 -0.21572811784871282 0.009527564265549885 0.9764067179146781 2.735120521423748
0.9694407065335924 0.0026430098319870383 0.2453098383368509 0.7878390979377937 2.123669008013355e-05 0.9999410061419527 -0.010858237122880053 -0.024389419369563632 -0.24532403445454753 0.0105303983028812 0.969384022734595 3.07338563003913
0.9614121561381622 0.004932170994407946 0.2750664472078274 0.9326832404405221 -0.0018342156134690778 0.9999317364553193 -0.01152020711048522 -0.028927702594868494 -0.27510429062048986 0.01056999419112763 0.9613559302960576 3.4170590186753627
0.9569175407318952 0.007124484113064396 0.29027275566831945 0.994745143997825 -0.0036215430658355797 0.999914202625975 -0.012603925693169218 -0.029219462549297692 -0.2903376398039486 0.011008232422633329 0.9568608124788637 3.546490116029077
0.9474278206785219 0.010123576437206114 0.31980975016031643 1.1579871915047648 -0.005874541265512746 0.9998816232990644 -0.014249446483839124 -0.03415627492502332 -0.3199162206294234 0.011620286681591468 0.9473748736061348 3.8928597851384676
0.9374178637383426 0.010485373022586505 0.3480481886024849 1.3271860450129083 -0.0057971515323796225 0.9998780903609477 -0.01451026498171207 -0.03866359752289753 -0.34815796556781925 0.011583429402908907 0.9373642932456486 4.220147210804453
0.9319536168413934 0.010961245609516251 0.3624114762934778 1.4094927373669666 -0.006060370659262178 0.9998742387964714 -0.014658997011278088 -0.03927099374860405 -0.36252679529822956 0.01146453938721379 0.9319027956408744 4.361956283769866
0.9196388323919937 0.00912532917118928 0.39265863767435893 1.627967419362541 -0.004062847772960528 0.9998976166245165 -0.013723910509643776 -0.04185734790987763 -0.39274372026663895 0.011025139540638381 0.919581919401052 4.734161911774662
0.9071427461278962 0.0054090966564195805 0.42078886863169684 1.8396946059194088 -0.0009601263651362932 0.9999414586562215 -0.010785392110524707 -0.038986496513354375 -0.42082313940887706 0.009379147391124415 0.9070947358735902 5.059284545024253
0.9004951454544287 0.00421964661731259 0.4348457393794125 1.944455368362564 0.0002420429703260603 0.9999477934199693 -0.010205295167109519 -0.038086554378836145 -0.4348665025667156 0.009294504793218177 0.9004473772472446 5.20912804377465
0.8860826259267437 0.0057498738566974395 0.4634918509650289 2.175107321385993 -0.0008953105736047961 0.9999423197277741 -0.010694354884452265 -0.04211401247514661 -0.46352695135557065 0.009060377055083866 0.8860368605172599 5.545150712032096
0.8700132805059518 0.006108858655514562 0.4929904075562477 2.4144078092782513 0.0005314738098934011 0.9999107312314733 -0.01332931411694252 -0.05146550435844909 -0.49302824712340015 0.011858053029134783 0.8699327240652336 5.861913359371548
0.8621429253285811 0.00655266637477245 0.5066228726346595 2.5326052587502312 0.0003751681614968022 0.9999076353925886 -0.013572307426719837 -0.05335451494304252 -0.5066652416360189 0.011890448944945311 0.8620611081710127 6.009725606576804
0.8455278200102342 0.005421425306050794 0.5339037465435041 2.8009378951060437 0.0010969071417494438 0.9999283706043081 -0.011891748867374596 -0.05399416996772049 -0.5339300173097771 0.010639977391512056 0.8454617500404541 6.343929121033022
0.8284004959279133 0.001278671846701419 0.5601349552581869 3.082682028442006 0.004311514823451126 0.9999530221646432 -0.00866024036920114 -0.051180472870879866 -0.5601198953404917 0.009588497093857905 0.8283562251688158 6.6660807919457445
0.8191420796118594 -0.0008271762078056836 0.5735896935147083 3.2280568886355683 0.00629655226072303 0.9999514587220144 -0.007550862532065656 -0.04973551461777663 -0.573555657281236 0.009796274089767548 0.819107675793555 6.822801411772725
0.7992956159895677 -0.001196749673860088 0.6009364137326609 3.5239809743601844 0.007247838207396446 0.9999443805655186 -0.007649969362627989 -0.05242834001367337 -0.6008939100078129 0.0104692918635109 0.7992597181050892 7.1325058873452525
0.7788149259771957 -0.0020164126169108184 0.6272497598715459 3.83047943985934 0.008655997607907579 0.9999337842474568 -0.007533955376160225 -0.05549828321012882 -0.6271930129023731 0.011296569696766264 0.7787810823624013 7.432090109350377
0.7684565588020172 -0.0028382739318873773 0.6398947095860306 3.9846910523235843 0.009581475288847828 0.9999287923954845 -0.0070724132368344475 -0.05531359628059358 -0.639828687872311 0.011565376512115125 0.7684294760965058 7.57237217130435
0.7476200117297627 -0.00489190609308982 0.6641073690404006 4.3107633280309186 0.011724262102981413 0.9999139032394134 -0.005834105789016518 -0.05598240429230319 -0.6640210395365034 0.012147792244643022 0.7476136708373807 7.867068142879006
0.7271724195373651 -0.006651990334511382 0.6864210023342275 4.644185715874581 0.01411843235248165 0.9998857970429859 -0.005267892673890294 -0.059246969739040596 -0.6863069663745682 0.013521968569518688 0.727184141284384 8.155831814825339
0.7174683162827268 -0.00684452987278547 0.696555589694337 4.8003071055236415 0.014667773533353325 0.9998775204759952 -0.005284141917893283 -0.06017017688657617 -0.6964333244881619 0.014008420619460895 0.7174818978375683 8.284182102101234
0.6984557991815603 -0.007646575609200403 0.7156107368062742 5.144988340000026 0.016790116931461728 0.9998418646716403 -0.0057048258470125774 -0.06470270381851019 -0.7154536358374288 0.015999931711944238 0.698474771539978 8.566071947496143
0.68049112995294 -0.010074895640220257 0.7326857449322767 5.522970570894517 0.020256329962292333 0.9997812940619656 -0.005066765430432871 -0.06673938320078114 -0.7324743440483812 0.01828932570608598 0.680547370996449 8.859848095822844
0.6731644807488723 -0.011143823500362394 0.7394075044458757 5.695402613702556 0.021799307450323192 0.999750237613464 -0.004779793171535078 -0.06660723233902945 -0.7391700811656221 0.019336304403196884 0.673240084028671 8.988054991950223
0.6583863917218473 -0.012430010766218785 0.7525759116418614 6.061206425521341 0.02451153566072606 0.9996866455972417 -0.0049334479960371986 -0.07240788255804673 -0.7522793021333037 0.021694999209526354 0.6584856154305371 9.264686288146065
0.6453427472183298 -0.012910691376796266 0.7637824046942241 6.4313048428535415 0.025968760395601993 0.9996493106547504 -0.005045458191025828 -0.08043743774909512 -0.7634497943617554 0.023090527391716496 0.6454525994096555 9.539439043150441
0.6398641864272983 -0.013122880851572387 0.7683744640551755 6.601720018631668 0.026413183784029286 0.9996380566402461 -0.004924861136768947 -0.08280119904605893 -0.76803212568029 0.023446202836231653 0.6399801936948437 9.664225867010272
0.6288020458917318 -0.013502714920872946 0.7774468848142766 6.972828121551381 0.02702298730742267 0.9996237513715504 -0.004496286713518714 -0.0884369023298819 -0.7770945571667539 0.023835911132533992 0.6289311188511858 9.934485016652713
0.6182517209666171 -0.015103198939541568 0.7858340064558178 7.361324717641142 0.030150203174225863 0.9995345037751665 -0.0045118724897173215 -0.09699039476042162 -0.7854007159918239 0.026482093995903774 0.6184198627945061 10.210637264675672
0.6131702241712282 -0.015098515708242314 0.7898056100496368 7.550845049882513 0.030215937713039695 0.9995338181888677 -0.0043520678954995515 -0.09970699526426736 -0.7893716850883309 0.02653314793220166 0.6133410074463549 10.345793440929919
0.6023704696362 -0.016651184701299608 0.7980420743154104 7.96021037825353 0.03290225378182494 0.9994506639330134 -0.003983085335067895 -0.10593373129971657 -0.7975371068406414 0.02865638621282219 0.6025876847585698 10.628262815261435
0.5904192018463199 -0.014936828972608061 0.8069578259430381 8.39799346105431 0.028273323399320736 0.9995981426868836 -0.0021857534294992082 -0.10705635907412969 -0.8066004762950362 0.02410536752721207 0.5906047628235377 10.927156141262909
0.5850473748195452 -0.015029421692449854 0.8108593502781477 8.613136466977265 0.027809363750468278 0.9996124045659605 -0.001538655767279737 -0.10685970741094311 -0.8105213493187639 0.02344918568349404 0.5852391622791281 11.067024887311312
0.5724003896073793 -0.018794455884218974 0.8197580262872378 9.07009577415969 0.03188305046349298 0.999491559252506 0.0006511545759438453 -0.10613376797822528 -0.8193528647587107 0.02576322234590964 0.5727091840114887 11.35390125497588
0.5608864358961707 -0.019939453874920472 0.8276517926960487 9.501410470602513 0.033968435070688266 0.9994225145359744 0.0010562249341393589 -0.11050082626298481 -0.8271944734515246 0.027520965805333752 0.5612402869427391 11.620056440342966
0.5554461897146252 -0.01990023561071687 0.8313136127935618 9.727790405987188 0.034260905257217034 0.9994125741408665 0.0010310230772515702 -0.11338867130574959 -0.8308454760536217 0.027908187845670875 0.555802072999164 11.759557688605499
0.5448736122234483 -0.02195966467183166 0.8382296520372772 10.198030788218691 0.039493645938842206 0.9992197085997765 0.000503441325540366 -0.11830807992979916 -0.8375864608758867 0.032829464338254025 0.5453159837759507 12.037977166969958
0.5374806726545349 -0.019030624475292874 0.8430602185831356 10.650738496148193 0.03825542008085963 0.9992661595483641 -0.0018343845533892898 -0.12995739014699237 -0.8424062706670213 0.033236764866437236 0.5378148251350514 12.315313665913113
0.5354231818729642 -0.018514816343684775 0.8443794334252813 10.904118974020506 0.03825449203506269 0.9992647843578347 -0.0023475834494539635 -0.1336213279625718 -0.8437150216361899 0.03355727775118942 0.535738913261689 12.46817904817067
0.5315762447511976 -0.01696834881062018 0.8468389997089909 11.34679606982095 0.04022598032448345 0.9991765391315369 -0.005231016884540999 -0.1448177092889265 -0.8460527811486976 0.03684452096994183 0.5318219399413368 12.734425250374722
0.5288935431179334 -0.016627000242713397 0.8485237965727425 11.80543193266196 0.03984465830810918 0.9991912999672915 -0.005257071712451037 -0.15340928850455332 -0.8477503992054886 0.03658848758938148 0.5291295055495596 13.015268203085444
0.528341408345807 -0.016861032891248788 0.8488628640595618 12.032173115931267 0.040331880097339894 0.9991715235758138 -0.005256931567436382 -0.15577682171600224 -0.8480715436094746 0.0370124236867697 0.5285849817850476 13.155529822365036
0.527953235574427 -0.017512043693704078 0.849091328897325 12.492743522689645 0.04155295630330627 0.9991215370668932 -0.005231150274672625 -0.16117874155245776 -0.8482545294886256 0.03804269471574856 0.5282183425142543 13.442712646790307
0.5295468541014053 -0.017674195653576003 0.8480946956335434 12.947356863215463 0.04161670562959054 0.999119013016473 -0.005164020118336863 -0.16713017108383837 -0.8472571491784148 0.03802807633737841 0.529817448653977 13.7347975992586
0.5300957691462834 -0.017554274044109575 0.8477540713500379 13.18629863212671 0.041369710611689633 0.9991291059147539 -0.005179471594966493 -0.1705475810072212 -0.8469256386612244 0.037815512272193735 0.5303620963393656 13.890969163182811
0.531369439544511 -0.017311848140294676 0.8469615863489285 13.631593801641925 0.040837248031853214 0.9991510507373862 -0.005198041270245964 -0.17638220364307283 -0.8461531811705134 0.03734826007904261 0.5316267491507446 14.179963866018808
0.5325628665252276 -0.01654556941629069 0.8462276520702269 14.091918056777628 0.03991169265747413 0.9991866130895901 -0.005582104445639501 -0.18319807948489655 -0.8454470587604456 0.03674571559746531 0.5327911423577048 14.479892982131854
0.533099480168363 -0.01619696460544306 0.8458965962106351 14.316829300395584 0.039484092030723845 0.9992028575529414 -0.0057518075087723405 -0.18628358808288245 -0.8451290097896346 0.03646421718117787 0.5333149542116135 14.62849083032802
0.5340037843050436 -0.01466856584645825 0.8453531752313979 14.768978754923836 0.03758769014650422 0.99927173182337 -0.006405008362607957 -0.19364461247318357 -0.8446441472971683 0.03519371955610312 0.5341673780034872 14.925826447218284
0.5345217596650658 -0.014114057567887476 0.84503551918669 15.232980587373474 0.03695152886385432 0.9992938089629368 -0.006683737763770387 -0.2008533880408117 -0.8443448389508259 0.03479630683626009 0.5346665240678949 15.22659531278365
0.5346201671524661 -0.013943779848594883 0.8449765362972579 15.470535370407918 0.03671730612238295 0.9993022052800873 -0.006741348123684377 -0.20391503021901092 -0.8442932146841553 0.03462767699231045 0.5347596948396584 15.381754837486985
0.5347965857816409 -0.01393507148995808 0.8448648494346908 15.940681531579562 0.03657165053103091 0.999307702139613 -0.006667476577731586 -0.20992395276447282 -0.8441877671377557 0.0344622327293174 0.5349367684918945 15.684340772787914
0.5350259489775265 -0.014355204132471783 0.8447121999802012 16.420934540394153 0.036295536900744045 0.9993214012017415 -0.006005965232856446 -0.21405097692122907 -0.8440540021925744 0.033870930630872896 0.535185211471642 15.993883718257111
0.5350604830999673 -0.014296796422043217 0.844691883913659 16.6608771769251 0.036115415199792666 0.9993286650193282 -0.0059631784637541145 -0.21674478582275838 -0.844040421899358 0.0336954621920718 0.5352182030460969 16.150878501664824
0.5351243164220293 -0.013750381813516378 0.8446605972227381 17.148466224003432 0.035464016310751155 0.9993506193311558 -0.006199545669479303 -0.22340059585981592 -0.8440277571992437 0.033270897556426086 0.5352649472989711 16.460613880445603
0.5358253919372215 -0.013120359221983341 0.844226441964922 17.62419856763618 0.03496311891857576 0.9993654550846869 -0.006660106792304632 -0.2309792275373763 -0.8436041710316755 0.033083870521827624 0.535944386878497 16.767175909442933
0.5361782912535731 -0.01292598780586083 0.8440053718096117 17.866553433823317 0.03475812413955445 0.9993717400252269 -0.00677576294296296 -0.2345114645578865 -0.8433884479498001 0.03296750365757005 0.5362911822724904 16.925565574655376
0.5368165032617103 -0.012351004242817324 0.8436090630351342 18.337458459769255 0.03436062187124599 0.9993826697388033 -0.007233857064211678 -0.24277786133985288 -0.8429993733572904 0.03286885764049493 0.5369090987446372 17.231664774750584
0.5375306298041718 -0.011539221833997365 0.8431654928091893 18.80364250355437 0.03411036213179839 0.9993847275195382 -0.008069384768885524 -0.2523303200200936 -0.8425541162082925 0.03309679924778644 0.537593240116579 17.534540578989354
0.5375684193640233 -0.011172974807550706 0.8431463712818447 19.04962844745088 0.03367193113405229 0.9993983180954529 -0.008225230708669375 -0.25651901072995553 -0.8425478980407863 0.03281051644264057 0.5376208915137821 17.69690158437597
0.5381364739764409 -0.010970568350887356 0.8427862876292374 19.526615159523057 0.03327781641069429 0.9994110069521072 -0.008239056841920072 -0.26417422494342463 -0.8422006483764953 0.03247842238042509 0.5381846194050348 18.008616445792427
0.5386138004992017 -0.010637963047509951 0.8424854493344711 20.02338507661261 0.03268435000835168 0.9994303440795274 -0.008275707810650224 -0.27201466059762436 -0.8419185364424864 0.03199208779315063 0.5386547216067746 18.334076019821996
0.5387426625478418 -0.010320744584939734 0.8424068026333011 20.275087373128983 0.032228566254499755 0.9994445041744716 -0.008366101765411568 -0.2759155778003392 -0.8418534370187614 0.031655224569413894 0.5387761192471303 18.50138358382144
0.5393637230087852 -0.009976308748628242 0.8420127370160899 20.75407457889823 0.03191977690614728 0.9994519866950756 -0.008604518003765093 -0.2843205041821762 -0.8414668911542748 0.03151622424599739 0.539387122532578 18.8156489902971
0.540103941134725 -0.009389115626461865 0.841545111423513 21.23274490496364 0.030970684942014666 0.999480770956889 -0.008725582792758473 -0.29162765169766264 -0.8410275057398857 0.030774197588777842 0.5401147383021966 19.13290367503064
0.5404547599752941 -0.009290040425631415 0.8413212083212463 21.486338982724252 0.03074816524208119 0.9994879828749103 -0.008715831269748155 -0.29527469434160597 -0.840810405478056 0.030577956327954122 0.5404637558653322 19.302010389915843
0.541256246272097 -0.0093497085707637 0.8408054435166347 21.966037719531684 0.030852046151625595 0.9994847490220371 -0.008746740805211048 -0.302627776373076 -0.8402910039268576 0.03067332393982446 0.5412656885798428 19.617817254608415
0.5415786912050459 -0.008783941922671833 0.8406034773673865 22.458108534999436 0.029748618779694994 0.9995183642477332 -0.008722052112576227 -0.30971709535217895 -0.8401228977518208 0.0297290958423145 0.5415791617522395 19.944591989303852
0.5416597741918 -0.008661815216671065 0.8405520616314941 22.71773788982355 0.029417837795393833 0.9995283046346689 -0.008656821229709191 -0.31334811027235615 -0.8400820569994525 0.02941494962321579 0.5416594659210852 20.11727342214995
0.5417596172109543 -0.00826926296359666 0.8404916097481654 23.203928147494928 0.029028728680345915 0.999537667763789 -0.008876969155629761 -0.3225138414680413 -0.840031164511353 0.02920631580254471 0.5417495373937139 20.4365770904944
0.5420540019288099 -0.007399832863108542 0.8403093509262004 23.70811103111179 0.028111270502650106 0.9995596211690768 -0.009331166150725366 -0.3317401515404992 -0.8398721593083839 0.028678738675045543 0.5420237586929982 20.764405321755703
0.5420977869845404 -0.0071231853924134635 0.8402839661070876 23.967588932490482 0.027708935329417636 0.9995704947965351 -0.009402824737239973 -0.3357286830404717 -0.8398575082392408 0.028379464830655416 0.5420623195536393 20.93457926740654
0.542139620785718 -0.0068225994915036324 0.84025948573367 24.472650937932617 0.0271750369718985 0.9995850408330534 -0.00941706899642956 -0.3441551007456006 -0.8398480491315871 0.027938391728038976 0.5421000209763117 21.264982658537594
0.5422252818532253 -0.0063933506879200516 0.8402080768409069 24.996734274230988 0.026700852008855303 0.9995962087500367 -0.009625130199474233 -0.3539255393291517 -0.8398085216836805 0.027652193247293344 0.5421765307809898 21.608191779555604
0.5423951200962749 -0.0064697772691002025 0.8400977737196583 25.263342034509552 0.026574414060425416 0.9996011862471041 -0.009459034959963418 -0.3575991399851521 -0.8397026011127542 0.02745459978285316 0.5423504151731878 21.784501220075743
0.542644227400681 -0.0066107038359492385 0.8399362845040452 25.786735895447453 0.026128903835476638 0.9996172405614644 -0.009013577658304414 -0.3645952996035379 -0.8395560763049918 0.026836887839302763 0.5426085493210905 22.128472121959824
0.5431236706979975 -0.0035873644721213477 0.839644673844736 26.294471291320544 0.020138130247780488 0.9997583089084526 -0.008755234510147786 -0.3721678706468556 -0.8394109791305855 0.021663184692204764 0.5430639117403013 22.468826957363888
0.5432192896105362 -0.0018629237331844685 0.8395886083183314 26.557194977342682 0.018173465421351846 0.9997889196303992 -0.009540157918729576 -0.3774305900520633 -0.8393939712584603 0.02043978412980929 0.5431376132150801 22.645676096311384
0.5437493925683863 0.0009007674846038651 0.8392468440292458 27.050194822288006 0.01614092707383063 0.9998027812962509 -0.011531054723689683 -0.3916143586209289 -0.8390922183764353 0.019815351331134635 0.543626777658283 22.97355215541798
0.5442595224270586 0.0028437117969601507 0.8389117065903424 27.53722348207545 0.01489963697752944 0.999803306538771 -0.013055542594792151 -0.4061771184376754 -0.8387843843157026 0.019604259938727248 0.5441094125819287 23.295726768556815
0.5443574891012865 0.003476374224626422 0.8388462590156659 27.78595866724593 0.014947734033894397 0.9997922948543259 -0.01384392938617731 -0.4134688720286289 -0.8387203891052838 0.0200740553018791 0.5441914038574489 23.460705936609997
0.5448872966562335 0.0048855807395244855 0.838494881289432 28.265479362941754 0.016175902884532963 0.9997352278623993 -0.01633686999009859 -0.4293006799342574 -0.8383533600360265 0.022464271090517247 0.5446632674738093 23.773646473330583
0.5445587503777278 0.004728804470028833 0.838708935448376 28.7728178574802 0.01580494194878554 0.9997480946937807 -0.015898484522342757 -0.440360101048214 -0.8385736289275274 0.02191250607800289 0.5443462292501993 24.106407589852996
0.5444377355121838 0.005018241133596202 0.8387855837309651 29.028747397866418 0.015017199562790894 0.9997627203515964 -0.01572826763366344 -0.445282168009952 -0.838666349638989 0.021158307230067626 0.544232994344802 24.277953329924543
0.5443649321923436 0.0057881217798764146 0.8388276050205488 29.52435902903414 0.01408712507542309 0.9997710127792389 -0.016040114654497322 -0.4593101889077556 -0.838729695675824 0.02054729809821389 0.5441587798661991 24.60423185584915
0.5443910236008733 0.005893199137146961 0.8388103939647835 30.015012352048196 0.013384900133554376 0.9997860784908627 -0.015710543967898116 -0.4698997446551039 -0.8387248391926585 0.019778884929382817 0.5441954636433562 24.927542246528926
0.5445082804923622 0.005679400958243343 0.8387358126892478 30.28263943760367 0.01334265379047395 0.9997910287657779 -0.01543150221561084 -0.47503264583541077 -0.838649405465818 0.019592366794495133 0.5443184770010695 25.10047168771944
0.5447570540884913 0.005457297281748025 0.8385759646056995 30.773173094664358 0.01352393995732657 0.9997907756927454 -0.015291289989695119 -0.48591697033877335 -0.8384852851817629 0.019669654487341794 0.5445689793729889 25.41974337070398
0.5448064215067581 0.005213321005228355 0.8385453843215795 31.251081588896888 0.01429396405322398 0.9997766644711414 -0.015501768143944068 -0.4979176851066828 -0.8384404376239741 0.020430310087936665 0.5446100500934068 25.731034803899774
0.544816582332333 0.005255651238131714 0.8385386359777842 31.495259468958906 0.014210310508235447 0.9997780350716855 -0.015498166137433548 -0.5037535415528118 -0.8384352612775922 0.020358277552536986 0.5446207620433124 25.893100757510023
0.544805296125808 0.005820574792412256 0.8385417819566553 31.95898510845573 0.013111133222792233 0.9997935772554152 -0.015457226403574604 -0.5151011482721459 -0.8384599431006807 0.01941411819332823 0.5446164266140132 26.200712088619873
0.544844252904317 0.008215758399145606 0.8384974388781273 32.43552511451184 0.010000507772754403 0.9998166648599659 -0.016294050510290974 -0.5295183510028394 -0.8384778631270687 0.017261677858105305 0.544661826188426 26.51831340032676
0.544787182919713 0.008964675232036519 0.8385266626212663 32.67244419860796 0.009292956778161322 0.9998160485977841 -0.01672606189923093 -0.5364160095931856 -0.8385229584460518 0.01690298939314447 0.5446034753829216 26.676700046460883
0.544926629220762 0.010202022353765088 0.8384214129594437 33.12665581762331 0.00823635491659079 0.9998115360052923 -0.017518254106124558 -0.5514547695577243 -0.8384431443202341 0.01645027324962834 0.5447398854035801 26.97831271254809
0.5450156108519386 0.010739231604847906 0.8383568527750375 33.59300132323335 0.007562732426833305 0.999813254076601 -0.01772324268005668 -0.5644799915502269 -0.838391786684566 0.01599825630414258 0.5448324403807163 27.28756514828947
0.5449546854130624 0.011144062237175302 0.8383908587675587 33.83196332361901 0.006887712048751505 0.9998170123904588 -0.017765338776864932 -0.5702417441213715 -0.8384370538240314 0.01545443572466396 0.5447784164174937 27.448137121793113
0.5448295073731351 0.011474502088172097 0.8384674286624324 34.29125733691332 0.005640249715313812 0.9998319869604029 -0.017346101550951416 -0.5803018529331364 -0.8385273805124526 0.014178110315283377 0.5446735937920009 27.752722798689963
0.5450947721785033 0.009113346544102889 0.8383241043978281 34.76991651826351 0.00444904383422875 0.9998939310024462 -0.013760771727817133 -0.5842770390539535 -0.8383623244969499 0.011229018940554055 0.5449968093283116 28.06974156331998
0.5454091776614747 0.008270264768758162 0.8381286510212129 35.021717196844946 0.0035237244429007254 0.9999186108876877 -0.012158222714890487 -0.5854400944122604 -0.8381626671167544 0.009583043724490948 0.5453356269366078 28.23915525498523
0.5455478982070731 0.007614202523137752 0.8380450679087944 35.49161109834332 0.0022781838532068732 0.999940677530021 -0.010567250415570878 -0.5907896010752204 -0.83807677904771 0.007672797104916176 0.5454980273785143 28.551175059388175
0.5455773704101587 0.007979913146533735 0.8380225541410532 35.95459004895742 0.001668479207397585 0.9999416437970268 -0.010607335504431532 -0.5992848462162914 -0.8380589658398166 0.007184076662575067 0.5455318385896969 28.858369775167766
0.54554054598407 0.008233340856904895 0.8380431925494772 36.197977283349374 0.0013965363827065714 0.9999400606189306 -0.010731470337780363 -0.6038905647447491 -0.8380829105413387 0.007023421816988689 0.5454966285727069 29.021797806223564
0.5457667471960163 0.00945963729207899 0.8378823551443718 36.6621866773603 0.0006706889692435045 0.999929344241125 -0.01172393852193454 -0.6158756479520593 -0.837936448667464 0.006959066382369974 0.5457224485132602 29.324950972260098
0.5462590695916506 0.012361706366155889 0.8375240737949082 37.115948466407595 0.0005051228694522898 0.9998845549043762 -0.015085689537907506 -0.6331345506650883 -0.8376159200090627 0.00866225983094604 0.546190266807406 29.61960946610479
0.5462102623114358 0.01351112063885327 0.8375390132183773 37.35504454018945 -0.0011186619288050365 0.9998796425309185 -0.015399076434592032 -0.6381164804725435 -0.8376475867075796 0.007472432052616664 0.5461597940790548 29.779573991374203
0.5458863605201274 0.014267688335649736 0.8377375177587365 37.82808781750264 -0.002401726332475956 0.9998762806187289 -0.01546268621615877 -0.6487764142869883 -0.8378559400650678 0.006427055148450384 0.5458533746603775 30.09145656124333
0.5453368460187901 0.014222543469664598 0.8380959631452432 38.326286096125685 -0.002759517551508335 0.9998795784298268 -0.015170932669006645 -0.6596679356680707 -0.8382125104888518 0.005958701837862537 0.5453108674561297 30.416346701243878
0.5452108298365134 0.015095542003781716 0.838162585064331 38.57598198914748 -0.004098830422344295 0.9998723619355921 -0.015340121566688616 -0.6648179293113098 -0.8382888032180201 0.004926380691391541 0.5452037683242874 30.58469161173638
0.5448248365744218 0.016537485266842383 0.8383867511586337 39.041648808256575 -0.005919153218301629 0.9998550455729237 -0.01587469568365891 -0.6775135416501342 -0.8385289514119612 0.003684594227961857 0.544844326586396 30.892248481840642
0.544375617234294 0.018475548476278202 0.8386372494058532 39.501457768889615 -0.007955270360893569 0.99982447834748 -0.016861113612879057 -0.6921291520083761 -0.8388033920277146 0.002505447926045815 0.5444279407488952 31.195199630913596
0.5442355359659499 0.01904212760919705 0.8387148339615318 39.73397483345708 -0.008193782277919852 0.9998132735397609 -0.017380526746449736 -0.699663532593565 -0.8388914723438777 0.0025849366922554387 0.5442914669743485 31.34918805845084
0.5440704771612955 0.019001230438163853 0.8388231537631062 40.19475372980482 -0.007509206622823554 0.9998119008979659 -0.017775393809909824 -0.7130137461876306 -0.8390055282210352 0.0033703953481752113 0.5441119440584253 31.64984791391697
0.5436752275738098 0.019139704382415225 0.8390760174398311 40.645707614255116 -0.007580450979995461 0.9998090484137646 -0.01789222896802568 -0.7263104547389551 -0.8392609142410087 0.0033652341283851245 0.5437178644470266 31.944323905490247
0.5435030691128118 0.019129012557906482 0.8391878557812499 40.883581465964156 -0.007700367183018376 0.9998097718594227 -0.017801155677946955 -0.7318178367452529 -0.8393713555848017 0.003211182706448981 0.5435482701519193 32.10131121972899
0.5432536263815162 0.01823462175669889 0.839369582798908 41.36697716520531 -0.008369618028838233 0.9998301897366554 -0.01630208793538756 -0.7409625652964728 -0.8395267313453737 0.0018295122816550402 0.5433150414434467 32.41737245856343
0.5437552775582737 0.01730646006385244 0.8390643027704908 41.8566759447936 -0.009211656411641025 0.999848483989468 -0.014651572126315111 -0.7490350010972862 -0.8391928664539486 0.0002361695746262906 0.5438334520003059 32.74078926535598
0.54413693790686 0.01719222552867396 0.8388185328577673 42.10474081721394 -0.00932327082906684 0.9998497335638648 -0.014442577750074069 -0.7534759852607482 -0.8389437045576491 3.674082855864954e-05 0.5442171781667869 32.907160683854144
0.5448529829490364 0.017948075074396344 0.8383378982409498 42.568106362907756 -0.009736350156424925 0.9998364993012603 -0.015075721412509333 -0.7670410194986578 -0.8384744027607809 5.012023552680646e-05 0.5449403165910545 33.21557307306533
0.5468445131068376 0.018890626128944054 0.8370197917497402 43.03989921126907 -0.004128434722035616 0.9997920167924302 -0.019865714581929875 -0.7873457291893504 -0.837223656749689 0.007406432095863965 0.5468099846051448 33.51909031111741
0.5474790377561468 0.01961729377196914 0.836588332592358 43.276216162078825 -0.0021474394010160213 0.9997528014905811 -0.02203701625594122 -0.7962462334196512 -0.8368165597486367 0.010266801113642858 0.5473869712583672 33.676747760090926
0.548261278162945 0.019930638673136714 0.8360688009226634 43.727294391879774 0.0015935460145478522 0.9996873859797477 -0.024875278200897702 -0.813077824448643 -0.8363057753087056 0.01496919283666319 0.5480591020574133 33.97298775779265
0.5482285835938666 0.02004591213697894 0.836087684485625 44.16367539836483 0.00128514781559593 0.9996896093127645 -0.024810725195211186 -0.8273873713339917 -0.8363280812731952 0.01467522536610512 0.5480332249089782 34.26362325419666
0.5482613009220185 0.019957542635417127 0.8360685406446775 44.384755449473076 0.0011309834188083425 0.9996950367105699 -0.024605207537997716 -0.8337561287292733 -0.8363071562002559 0.014434356936201407 0.5480717351791792 34.41244816203845
0.5485033625511976 0.019934567631555863 0.8359103179471002 44.83388600268732 -0.0015190633887202482 0.9997360992510831 -0.022844661644833744 -0.8447391917321405 -0.8361480561694403 0.011259112584722538 0.5483889815590918 34.71501354169031
0.5490207693726133 0.01961746204446814 0.8355778809876581 45.28286221739247 -0.0028667728761576495 0.9997610675701799 -0.021588379335091033 -0.854898010989089 -0.8358046246235301 0.009455532518657913 0.548946091666579 35.01875304721434
0.5494812282052227 0.01935373014555151 0.8352814112496055 45.512647577410874 -0.002813475713202552 0.9997671464888881 -0.021313892120491507 -0.8602706555336329 -0.8355022000052075 0.009359969018238072 0.5494079402636916 35.1759951936224
0.5503158189259566 0.01949922112591523 0.8347283439993577 45.94314926930107 -0.0022367284215038257 0.9997562486954086 -0.021879480141507538 -0.8747684625030668 -0.8349545478391192 0.010172086581217694 0.5502254340111982 35.46605989945526
0.5508313020012052 0.019944438227697092 0.8343773000649058 46.38979762370685 -0.0016999507669559586 0.9997370361251952 -0.022774284714053235 -0.8912538113446908 -0.8346153767486811 0.011124765060414939 0.5507208939006876 35.76492446777044
0.5509722938520838 0.019905653350499146 0.8342847974274437 46.60307708057271 -0.0013792233084428578 0.9997336504700464 -0.02294165710843844 -0.8983149980923213 -0.8345226928073924 0.011487783563433765 0.5508535789247863 35.91095196789536
0.5510199893905265 0.020719105261077515 0.8342335891846708 47.03445421592775 -0.0027052145223721634 0.9997288028586696 -0.023041916177605676 -0.9115645923274401 -0.834488008755491 0.010438068479757095 0.5509273928182374 36.20532563576667
0.5505861822395284 0.022887106311589363 0.8344635548173988 47.484946719308915 -0.005968330569512566 0.9997045902531252 -0.023480647916571486 -0.9256688686625102 -0.8347575138850569 0.007946000216531909 0.5505608212449461 36.51162979888444
0.5504965848997747 0.024116305712878143 0.8344882329223268 47.70850158818983 -0.007435733114220359 0.9996827442052666 -0.023984907594685648 -0.9317760182893589 -0.8348051158257873 0.006996772805803038 0.5505018037660333 36.66639641882105
0.5506803368539733 0.025054066570861355 0.8343386106170206 48.14934156609948 -0.009365957665738521 0.9996695453447484 -0.02383630843925924 -0.943798112900037 -0.83466417695928 0.005310054762109333 0.5507337865591687 36.96666828572038
0.5507600924364706 0.025049641309913252 0.8342868081559985 48.58042337308311 -0.00935338590041091 0.9996701701427808 -0.023841093816861433 -0.9569422980957671 -0.8346122695185797 0.005325552321115214 0.5508127074802348 37.25633532371214
0.5508284600123086 0.025024476968122645 0.8342425387141709 48.8162916380932 -0.009277197575889148 0.9996705080156936 -0.023862010362063424 -0.9648992962090708 -0.8345680077347918 0.00540285477616076 0.5508788547900585 37.411955162689
0.5506831788349933 0.025214486908510796 0.8343330028251356 49.25160232445946 -0.009019653515418865 0.9996635509200248 -0.024258690684022366 -0.9809400554181574 -0.834666901714054 0.005831947687412463 0.5507248919884697 37.6986585535321
0.5504595332057218 0.025550919095352228 0.8344701505045207 49.69490927209267 -0.00905530892926868 0.9996538267593297 -0.02463596582884963 -0.9978228569753075 -0.8348139268451851 0.006003245024530252 0.5505000667065899 37.992754217873696
0.5504135867898606 0.025715968269665615 0.8344952895521033 49.91715044171626 -0.009252129351043265 0.9996503794998589 -0.024703497883827332 -1.0046125588102268 -0.8348420878249133 0.005874818412465511 0.5504587213311155 38.14279146345852
0.5505425092589726 0.026581921374908515 0.8343834524878655 50.33588612909861 -0.010037803652170586 0.9996298300836316 -0.02522397663987177 -1.0209834947795673 -0.8347483807575379 0.005509928089154807 0.5506049093404183 38.42571659479577
0.5507234781469732 0.02705859441891192 0.8342480598223043 50.74854800289784 -0.010309855668459019 0.9996167039855104 -0.025616369679074727 -1.0373352730868128 -0.8346251832411715 0.005505074130044814 0.5507912413727206 38.70322153995608
0.5507482153421688 0.0271946324668847 0.8342275317086646 50.96470681714564 -0.010424897101466865 0.999613518749368 -0.025703824842452868 -1.0441895658991993 -0.8346077249366387 0.005458117835631583 0.5508184831664505 38.8502598773459
0.5508322110930084 0.0272977172586282 0.8341688761619958 51.3948077069652 -0.010785243854445535 0.9996126824587829 -0.025590196376133415 -1.058547021967204 -0.8345479384130797 0.005097760734920266 0.5509126206395746 39.14065871969343
0.5509544425924585 0.027469308835686827 0.8340831331091959 51.81409404786794 -0.011211897830768263 0.9996102373653545 -0.025515880793867997 -1.072151786507999 -0.834462175307414 0.004705240812342391 0.5510463338045603 39.42419045760678
0.550944913013798 0.027618868040804035 0.834084346242073 52.017635886292254 -0.011296133958427958 0.9996058415479978 -0.025639098306543744 -1.0786688098910011 -0.834467335364795 0.004702617112379402 0.5510385760476192 39.56279566670333
0.5512427631385524 0.027583525092950388 0.8338889442307084 52.412756029993794 -0.011308360000615846 0.9996070640329515 -0.02559091831405462 -1.0920840481538494 -0.8342706617027918 0.004675694489334348 0.5513368056996029 39.829597016479134
0.5514821112000201 0.027462551823252936 0.833734787218168 52.83211650172473 -0.011599312865719273 0.9996123672785956 -0.025255134267921166 -1.105261208374745 -0.8341087120214371 0.00425571654715886 0.5515855506342051 40.11311050338047
0.5514925734226296 0.027828993241018073 0.8337164439483864 53.024371077125515 -0.012036128394649525 0.9996037313420023 -0.025406324815703 -1.111122278182546 -0.8340960058828107 0.003975531608313052 0.551607003194727 40.24589808783309
0.551426363358057 0.028946285119953355 0.8337224614170694 53.42201418848772 -0.013179099128571119 0.9995745455606789 -0.02599001936807476 -1.1270700091298957 -0.8341226464123866 0.0033427010733181857 0.5515710259809192 40.51518342796929
0.5514817896410411 0.029173702767401954 0.8336772593384023 53.81072138658851 -0.013813804573546654 0.999569338905069 -0.025842657920213178 -1.1392024617000729 -0.8340752621061855 0.0027342749486343612 0.5516456453484778 40.778683872215154
0.5514432352527189 0.02921027565343294 0.833701889516707 54.007592474565236 -0.014079346530860327 0.9995691984081906 -0.025711122710355454 -1.1435723578638899 -0.8340966417143577 0.0024391298439373 0.5516150166666349 40.913124348466226
0.5515890615230439 0.03024831861530252 0.833568393426209 54.390962424014155 -0.016888938563944692 0.9995413973581887 -0.025097318499412057 -1.152910619715217 -0.8339480192007233 -0.0002358469661518289 0.5518449554101161 41.171476303153376
0.5511232472971486 0.030666011578553844 0.8338618330880215 54.7810025662111 -0.01751100396804665 0.9995288809216463 -0.02518755248869832 -1.1652897232147539 -0.8342438047474183 -0.000721478136058291 0.5513978248911225 41.43071968387607
0.5510573561647056 0.03077522432840303 0.8339010660220745 54.96235458002708 -0.017665904558697827 0.9995253868001517 -0.02521575406167816 -1.1693518911176501 -0.8342836539490789 -0.0008374499607736531 0.5513369900220456 41.55223890980794
0.5515666988838787 0.029566030432984742 0.8336077496494783 55.345356376330685 -0.013048528098031012 0.9995535350547976 -0.026819629517091055 -1.1825148356150965 -0.8340311386479873 0.003913425490765688 0.5517046890052042 41.807131262989444
0.5514805283457764 0.0298245338887796 0.8336557266785471 55.705672737381164 -0.0133169148581862 0.9995466104960774 -0.02695166046958628 -1.1956855601481735 -0.8340839260604824 0.0037595327547537065 0.5516259957626234 42.052173938108595
0.5512896974065944 0.029609661679047133 0.8337897851632895 55.872259267388955 -0.013799067344303757 0.999555757989889 -0.02637461005603981 -1.197385964061671 -0.8342024009107752 0.003032548796229749 0.5514513732223381 42.166293482294755
0.5510743186959055 0.028575622044315258 0.833967957680072 56.25800902532332 -0.012625519711483015 0.9995832097365656 -0.025909368620694036 -1.2082023612331696 -0.8343627196628794 0.0037464378052851177 0.551203579626627 42.42347052165626
0.5509695811626055 0.03132959076371615 0.8339389818808772 56.63830833841201 -0.014661168067600299 0.9995030544313149 -0.02786535504728444 -1.2263602366759863 -0.8343990895536326 0.0031240205695127437 0.5511528918611781 42.68247851714967
0.5510611485888965 0.03255724438805712 0.833831459193015 56.81423868842019 -0.015566214793100122 0.999464816033465 -0.02873909375278104 -1.2334274835406118 -0.8343224367719485 0.0028551540460308765 0.5512705462811789 42.805428844678225
0.5514334733073994 0.03386254119264264 0.8335338597343557 57.17026871909168 -0.01584414437937937 0.9994197779864189 -0.03012225605304885 -1.2509401348292772 -0.8340717642789255 0.0034016057475190578 0.5516470674136424 43.04558287732506
0.5515235729151938 0.030815401250411746 0.833592170628114 57.547836321123334 -0.011637537664289946 0.999503233439064 -0.029251271232753163 -1.2602326347176125 -0.8340808184158016 0.0064292166952907796 0.5516054350667352 43.2989916123178
0.551400509928 0.030898650506027994 0.8336708141425959 57.7213986984273 -0.011719755283690663 0.9995012168874593 -0.029295855377005908 -1.2652389145117178 -0.8341611871928609 0.0063807796213647084 0.5514846569996134 43.42048724162572
0.5517385169325141 0.03311151893962596 0.8333622634665491 58.05734288754697 -0.011874769152750068 0.9994213223023495 -0.03185044395343832 -1.2845979518062187 -0.8339354368389492 0.0076743219751427795 0.5518095596544571 43.64615724682298
0.552100426959324 0.03384197172543397 0.8330930339175798 58.395896359285445 -0.011612711523687858 0.9993902626549954 -0.0329045802217054 -1.3018262211312548 -0.8336995845584412 0.008489424775113993 0.5521538070005416 43.87475591745541
0.5523377554501362 0.03372931652784868 0.8329405583272494 58.572333109181656 -0.011880359764798749 0.9993974610956455 -0.03259545083310096 -1.30670428428693 -0.8335388342079996 0.008105293764958246 0.5524022816743099 43.99654485751024
0.5526567625879045 0.032693408546666275 0.8327702533564701 58.9139335327853 -0.012301131111061757 0.9994407222536253 -0.03107705889369438 -1.3164725575559353 -0.8333213075791363 0.006928271690705071 0.552746392784959 44.22828097396511
0.5526939454460408 0.032749182824137676 0.8327431248520569 59.26296569094905 -0.012585233869087782 0.9994407541973117 -0.03095555424250432 -1.3296690772500008 -0.8332920965891631 0.006626151624316999 0.5527937713848189 44.45898185789697
0.5527803923111917 0.03276133069718811 0.8326856625110395 59.43122076513565 -0.012630672373091668 0.9994406373533657 -0.03094098413709946 -1.3349982047200821 -0.8332345026274801 0.006583746675721943 0.5528815807154109 44.57210611793114
0.5531684406181474 0.032120423098837746 0.8324531519256214 59.75210702312536 -0.01248259084589267 0.9994629904966513 -0.03027360466124286 -1.3446903027463348 -0.832979455071549 0.006352867716650215 0.553268779150865 44.787824816575764
0.5533934079361048 0.03151384635293568 0.832326711397261 60.06707244193061 -0.013136433116338523 0.999489082730893 -0.029112944025286996 -1.3526169951893134 -0.832819688146904 0.005174779062353212 0.5535212290647349 45.00222531225822
0.5534423994793619 0.03142718071082875 0.8322972086722832 60.22254033636442 -0.013319006190488423 0.9994930003789047 -0.028887599010676425 -1.3559803420109444 -0.8327839682921102 0.004899986776246052 0.5535772270384237 45.1090323305206
0.5537140060234128 0.031611223830082864 0.8321092282405335 60.52866037676436 -0.014597357367980617 0.9994926525688281 -0.02825989696140268 -1.3639436972402585 -0.8325818777214402 0.003499120705273023 0.5538915262826176 45.31952242989164
0.5538336681089937 0.032621762944113356 0.8319909387441777 60.816959517819576 -0.01608342400700709 0.999463610824357 -0.028485616497989544 -1.373335595473885 -0.8324752388876188 0.002392742888804182 0.5540579313597146 45.51878886256904
0.5538368460159763 0.03274533431464909 0.8319836876747464 60.96219996905553 -0.016271009467793012 0.9994598600739828 -0.02850934625191291 -1.3771266378071674 -0.8324692140906177 0.002249808673736394 0.5540672771384292 45.61973630356407
0.5544941570787275 0.032482599925306575 0.8315561940722459 61.23771098841938 -0.016487421951305276 0.9994693886649372 -0.02805144098326889 -1.3851361636473611 -0.8320271807503311 0.0018416267061067265 0.5547323221072834 45.80818308631137
0.554689377893129 0.03206776746572412 0.8314421025838225 61.503894271891475 -0.016844323280903323 0.9994838015743062 -0.027315187667306742 -1.3918670571711296 -0.8318898634054203 0.0011438304242423422 0.5549400345862098 45.9900399585835
0.5546948715815354 0.03213839525872627 0.8314360300051943 61.624632247918946 -0.016940339730382274 0.9994819709339947 -0.027336322164781116 -1.3949134509934396 -0.8318843994297098 0.0010759983011659842 0.5549485223011964 46.07462923903114
0.554915023935444 0.03244381506760457 0.831277788439663 61.86587522872904 -0.01729955362986791 0.9994725044953693 -0.027464410272744783 -1.4041340710547332 -0.8317307192582828 0.0008572476617182499 0.5551797226593737 46.23998311316178
0.5552769810614212 0.03238355238224657 0.8310384250504353 62.112570847357965 -0.017419216969637358 0.9994746067944276 -0.027312500679363406 -1.412258292354983 -0.8314865979400485 0.0006876094147027437 0.5555454207602143 46.40864896434106
0.5553436055297444 0.032461085259270585 0.830991743533379 62.224114023681196 -0.017604520812558762 0.9994726871841444 -0.027282830032361285 -1.414793291951044 -0.8314389405067306 0.0005200356626520396 0.5556175677224775 46.4870441414767
0.5554847609748162 0.032479515732683956 0.8308971309338526 62.4563561091154 -0.017901255772576233 0.9994725038767259 -0.027107188995614612 -1.4216565788810744 -0.8313386633755852 0.0001815761490464139 0.5557681229754791 46.64534837541262
0.555572324538725 0.032523586458581596 0.8308371549824184 62.687131611800325 -0.017982862208876352 0.9994714412638052 -0.027106210397442928 -1.4294147584451133 -0.8312786852747198 0.00011665617282933494 0.5558580509645482 46.803154005191224
0.5555728371961606 0.03272544146419551 0.8308283681909436 62.7994953965708 -0.018209318343052616 0.9994644706235607 -0.027196960116804714 -1.4334735157857263 -0.8312730139171518 -2.100903359746162e-05 0.5558663309955525 46.87920051695608
0.5558917216408067 0.032779523574111374 0.8306128421105584 63.01329589726771 -0.018506131783615924 0.9994624551894187 -0.02706331728726182 -1.4403064107281849 -0.8310531761078224 -0.00032931797270898587 0.5561947883149577 47.0225208961968
0.5559126688713069 0.03283703682049987 0.8305969601764851 63.229522784748404 -0.01885926466306721 0.9994608004603766 -0.026896727390237234 -1.4464661632206186 -0.8310314447461226 -0.000714330154564272 0.556227039007274 47.168908810152864
0.5558854177957137 0.03306720323126721 0.830605598047065 63.319679348898696 -0.019106914405308727 0.9994528954226175 -0.027007412347637552 -1.4486916988810008 -0.8310435521369335 -0.0008593091513488142 0.556208360669565 47.232618314096456
0.5558100310390186 0.03329162310420682 0.8306467471993018 63.519063387722746 -0.01936167340179772 0.9994450942148981 -0.027106665971880408 -1.4558403890165057 -0.8310876905804118 -0.00101864458771667 0.5561418789190289 47.368448076476156
0.5559018052971046 0.033374939465204374 0.8305819862473947 63.71678018810034 -0.019610220712468707 0.9994420750212802 -0.027040505016627196 -1.4620364109774477 -0.8310203812580613 -0.001258122467498438 0.5562418284320831 47.50412700612471
0.5559397183518275 0.03345637388552587 0.8305532051436982 63.80004985688197 -0.019723272621420703 0.9994392548298496 -0.027062958813183484 -1.4640063290310024 -0.8309922088389398 -0.001338065939750947 0.556283605597076 47.5638103086065
0.5559600277024653 0.033632311757656894 0.8305332054158233 63.98087548795988 -0.019830445598079526 0.9994338283746059 -0.027203480312767064 -1.4708038397240606 -0.8309767955118335 -0.0013479808203754901 0.5563074878743126 47.68804045783345
0.5558548860285932 0.03373066243195673 0.8305995481291435 64.16342978817423 -0.01999550485990127 0.9994303337391273 -0.02721124431729595 -1.4767839469948592 -0.8310432005206905 -0.0014850176659481208 0.5562080635166167 47.81306852896467
0.5559104248516759 0.03380944078520284 0.8305595654209403 64.23373109963276 -0.020149099826286834 0.9994276018380897 -0.02720318502782597 -1.4780663276281898 -0.831002644354828 -0.0016144726899450378 0.5562685930572941 47.86429800180675
0.5561948667688297 0.03386583250545963 0.830367013098002 64.40154374593503 -0.020410112084873706 0.9994256244468596 -0.027095855620973525 -1.4834772873977873 -0.83080603645031 -0.001879315344570853 0.5565613363698373 47.980759418074115
0.5562095901222593 0.03408849933819862 0.8303484028260598 64.55787544089586 -0.020672158315769112 0.9994178874079467 -0.02718857555597509 -1.4891643968413109 -0.8307903165228656 -0.0020444034305354907 0.5565848029665359 48.08948699116279
0.5562078476778283 0.034270827097217266 0.830341974243338 64.61837635907125 -0.020757381424926134 0.9994115284032971 -0.027350781269231864 -1.490555915477991 -0.8307893626554436 -0.002024953582570631 0.556586364399673 48.134086970080475
0.5562474122180033 0.03457380139491714 0.8303033709676723 64.76428613004005 -0.02062614232115851 0.9994022297555244 -0.02780372146515725 -1.4962660651496866 -0.8307664405109045 -0.0016621795281302498 0.5566221293194947 48.235537456225416
0.5563182540411206 0.03476132221950891 0.8302487633818012 64.90377924214496 -0.020590705470308505 0.9993962654579572 -0.028053608328470012 -1.5013995019890507 -0.8307207488958266 -0.0014904147866088414 0.5566915346033801 48.33327482753121
0.5562866006795751 0.03489375940191275 0.8302642614075902 64.96228665004465 -0.020644652273602914 0.9993915725096059 -0.028176962054460988 -1.5024540982548635 -0.8307403940598002 -0.001467870807818157 0.5566620991881025 48.3762945633543
0.5563094231180977 0.03491568832243225 0.8302479488520564 65.11227661723488 -0.020632634038317863 0.9993906121622443 -0.028211040566670863 -1.5080961868683405 -0.8307252668250741 -0.0014378802798579642 0.5566847045963161 48.476839410973135
0.5564908466355188 0.03492541487789002 0.8301255505290015 65.24005940523784 -0.020785629432788038 0.9993896100947757 -0.02811938951121104 -1.5119088060792134 -0.8305996163549351 -0.0016081713613916215 0.5568713577214369 48.56437905745483
0.5565643621560116 0.035011738753392224 0.8300728956565472 65.29376393895329 -0.020923351063108057 0.9993867823816384 -0.0281311410257123 -1.5124761173072805 -0.8305472032747041 -0.001712912673895991 0.5569494701220583 48.60243111607242
0.5565661276320574 0.03512569163068187 0.830066932717541 65.41125922043176 -0.021149382375842813 0.9993824552166788 -0.02811692974105993 -1.5158413196612799 -0.8305403264575056 -0.0019082205446267551 0.556959074799796 48.683396095119996
0.5565365280245195 0.03525329554490877 0.8300813045990397 65.5184176716996 -0.021401247792201945 0.9993777911904865 -0.028102146692943 -1.5187614902297084 -0.8305536050895485 -0.00212677486515554 0.5569382949219917 48.757799613685414
0.5565777865669066 0.03541151351658757 0.8300473458363237 65.56134137952387 -0.02157181096858984 0.9993723606467432 -0.028178711310861533 -1.5189460083839748 -0.8305221384499137 -0.0022237855195100273 0.5569852593876325 48.78939305163286
0.5566812155298898 0.035550344724934 0.8299721319782958 65.65919299014882 -0.021709241652182902 0.9993671699965 -0.02825333992908877 -1.521999324336379 -0.8304494002043151 -0.0022917690088138922 0.557093570953307 48.8585070095658
0.5567787606376555 0.03567437999877905 0.8299017932219667 65.74962376917951 -0.021971604790913438 0.9993624725805039 -0.02822661678131541 -1.5244331613958735 -0.830377298510825 -0.0025199672745537098 0.5572001451887274 48.922740647511866
0.5567644268328692 0.03579676908221732 0.8299064452928443 65.78684187231843 -0.022155103844174753 0.9993579911875541 -0.028251286375222482 -1.5241683824345604 -0.8303821981842014 -0.0026589427802329083 0.5571921809447521 48.950202141394904
0.5567877294592816 0.035972102844484884 0.82988409433722 65.86590660003185 -0.02240080660809338 0.9993518370211626 -0.028298115722082167 -1.5260536928768849 -0.8303607372987588 -0.002835304345551429 0.5572239530221529 49.006458128125345
0.5568795469986471 0.03600729342894929 0.8298202497194419 65.93692846865838 -0.022478574013338318 0.9993500232652893 -0.028287555830424835 -1.5276344814730232 -0.8302964273836936 -0.0029019253616440893 0.5573188241162983 49.05715279285027
0.5569437698235634 0.03608692028644522 0.8297740127664652 65.97327974686698 -0.02258507243131149 0.9993471836916922 -0.028311935338608717 -1.527510630405058 -0.8302506144418971 -0.0029737849314887188 0.5573868584895928 49.08409631224402
0.5568996272575075 0.03616370987560079 0.829800118638166 66.04262473243799 -0.022695121053110896 0.9993438653114209 -0.028330592237725893 -1.5289362112454055 -0.8302771605228128 -0.0030567215557346624 0.557346834260964 49.13316048818191
0.556901247194328 0.036285536459509674 0.8297936324684345 66.10506147681372 -0.022775569905866294 0.9993391114111062 -0.0284230295878705 -1.5304792842450954 -0.8302738752521223 -0.0030718304391593 0.5573516865901224 49.1777523721161
0.5569068583856814 0.036434352080083235 0.8297832166173563 66.136488125437 -0.022892654762177278 0.9993332233748151 -0.02852312010267742 -1.5300907503878145 -0.8302667566486203 -0.0031127403848552463 0.5573620906944053 49.20112403110787
0.55693322310753 0.03663078000901783 0.8297567154212725 66.20053182020881 -0.023069139641765688 0.9993258128301371 -0.028640922153537883 -1.5316255883431935 -0.8302441351814721 -0.003192312644616372 0.5573953033776405 49.24704927673835
0.5569885840793317 0.03679906021486852 0.8297122222349702 66.2805427848495 -0.02325360805117966 0.9993193033667117 -0.028719643109503725 -1.5344729583147336 -0.8302018740532198 -0.0032987905552438043 0.5574574925843245 49.30148856963239
0.5570398216351904 0.03694391652768988 0.8296715703100237 66.30551307438695 -0.023403020866407123 0.9993140611371332 -0.02879421497498117 -1.533806263096056 -0.8301634579147774 -0.003379082966604192 0.557514370504997 49.318903343701336
0.5570170565217483 0.03722201110383073 0.8296744738586521 66.36370577810236 -0.023725272323012858 0.9993029165878908 -0.028912665181608732 -1.534672971310207 -0.8301697932592543 -0.003581070541798614 0.5575039335298624 49.35971266568307
0.5569773281106478 0.03761976681840743 0.8296841429829693 66.41512178010012 -0.024410619928869736 0.9992862155367198 -0.02893243284775331 -1.5341288619972038 -0.8301775832802966 -0.004139975690068721 0.557489374557807 49.396917092362955
0.5570999489309483 0.0378932755012708 0.8295900816636458 66.44602589510981 -0.025002383811271595 0.9992738692857723 -0.028864022831053847 -1.532172604702291 -0.8300782056298734 -0.004663183139344301 0.5576337642634175 49.4204451655051
0.5577999236880867 0.03874312657192666 0.8290804537436189 66.50375194461557 -0.026866306355086626 0.9992321202418853 -0.02862902362571482 -1.5298844103232307 -0.8295499258018915 -0.006306535167745555 0.5584033380104269 49.46622782950413
0.5587838778590661 0.039481986557021224 0.8283829137143971 66.55090646114789 -0.028316358877269177 0.9991947094108349 -0.028532631398744242 -1.5282814134951697 -0.8288392002168395 -0.007514777315627841 0.5594427513269218 49.50420645370146
0.5588411040809297 0.03968389343899464 0.8283346208833714 66.57932423787688 -0.028651167982246137 0.9991843789897373 -0.02854916109683571 -1.5269102937952346 -0.8287891832239822 -0.007779802480475957 0.5595134160699575 49.52536862327998
0.5587733206084831 0.039850758180341596 0.8283722572085574 66.62949049104247 -0.029105743770325168 0.9991743402504312 -0.028444478835106635 -1.5258961943031328 -0.8288190313639462 -0.008217874523103795 0.5594628248656548 49.56147380747797
0.5587825566626003 0.03981213690033231 0.8283675607464681 66.677776092926 -0.02941670883467706 0.9991722251919086 -0.028187408455257586 -1.5250437404143564 -0.8288017419205385 -0.008618915226028156 0.559482418970991 49.59542524203555
