1.0 0.0 0.0 0.0 0.0 1.0 0.0 0.0 0.0 0.0 1.0 0.0
0.9999997615814209 3.883242607116699e-05 -7.063150405883789e-06 -0.00013497378677129745 -3.8564205169677734e-05 0.9999998807907104 -6.48200511932373e-05 0.0007323089521378279 6.884336471557617e-06 6.48200511932373e-05 0.9999998807907104 0.03838449716567993
0.9999999976261149 9.253578478762847e-05 -4.664295905243421e-05 -0.00042567486395764936 -9.244938961838756e-05 1.000000113259187 -0.0001249000074174944 0.002752915869748046 4.672654572246415e-05 0.00012466349258311027 0.9999999958330363 0.04408682303519606
0.99999981241025 0.00013067817299682258 -0.00010855145006726316 -0.0008243940359184118 -0.00013048486083237708 0.9999999782768186 -0.00022291412684372143 0.004610016762640961 0.00010853181306783025 0.00022271490044527417 0.9999999211165501 0.06693439062687033
0.9999996832212852 0.00020559499240696221 -0.00011052576888093951 -0.0013494230715080865 -0.00020531888705548564 0.9999996578150374 -0.00027947862370230546 0.006615646951796925 0.00011036287740731766 0.00027952618759438143 0.9999996698866872 0.09574104895054952
0.9999993103527971 0.00027586336326391157 -0.00011858240951953387 -0.0019859801998586757 -0.00027523722858144165 0.9999993316536431 -0.0003283228946239635 0.008667198223241161 0.00011818130271666497 0.0003285884663728312 0.9999994169263999 0.12322632007650981
0.9999999016534907 0.00026208050313329564 -0.0001888993375901467 -0.003279315451462996 -0.00026208797466877867 0.9999995709681773 -0.0007005046028613422 0.009831747502004069 0.00018884696671183217 0.0007004601221317087 0.999999524745803 0.14968223792787663
1.0000001286204607 0.0001813272068641696 -0.00036115101404663596 -0.005542887330090414 -0.00018183179177135253 0.9999986720036089 -0.0015885680943550043 0.010367856258467596 0.0003610414448259865 0.0015884640732059358 0.9999985125477533 0.1819437972195576
0.9999997669565482 0.00018136933029905538 -0.0003728124196164777 -0.0069523007336282 -0.00018161125148475883 0.9999979755678989 -0.0018014730159079618 0.012055403438085022 0.00037233675781089555 0.00180172864995063 0.9999978721322449 0.21343186075908355
1.0000001320584675 0.00022342364747010067 -0.0003320405809999209 -0.00858994082459556 -0.00022388710027347632 0.9999979338175299 -0.0019527869394917565 0.01328184907289837 0.0003316103081437139 0.001953021025414213 0.9999978531283661 0.2644515834822388
0.9999998335427752 0.0002304464801640288 -0.0003291267724756688 -0.010065006918573946 -0.00023073544278985036 0.999997572763595 -0.001983840850776275 0.014516312884453056 0.00032846758513420496 0.0019844939605759833 0.9999974358206216 0.32896575277885953
0.9999998193872167 0.00027403328329321096 -0.0003414748127405099 -0.011464229013761961 -0.0002744799388086808 0.9999974783938556 -0.0020265448647396266 0.0159612062235608 0.0003407785573676558 0.00202700628477677 0.9999974662256756 0.36800401474417144
0.9999999378966312 0.00027825978165506445 -0.00033991773082257777 -0.01353256460429307 -0.0002788876843332902 0.9999973292823229 -0.002217190282048499 0.016079561633453848 0.00033927954504263115 0.0022176532037771627 0.9999970803345611 0.45853129576503476
0.9999997059231883 0.0003009382788514795 -0.0003024163655881253 -0.015681804183019562 -0.00030151366930172217 0.9999968081922431 -0.002395447704381224 0.016122164316958797 0.0003016782860733485 0.0023960568353022836 0.9999965785743196 0.5558998806389299
0.9999998095636338 0.0003345728511436217 -0.00031986314997250255 -0.017524656484914535 -0.00033553057853989775 0.999997057869824 -0.0024365104879733885 0.01727135690946727 0.0003192696335595903 0.0024368968846917 0.9999967133322113 0.6059768343826487
1.0000002467844669 0.0003711016503805826 -0.0004049881369552067 -0.019681974857023086 -0.00037257419356945417 0.9999973349802916 -0.0024649731559760295 0.01728847012467244 0.0004045037896327666 0.0024649235125263074 0.9999967359366576 0.7319774732338491
1.000000336891828 0.0004282675196752038 -0.0004243252149475151 -0.02170746036774198 -0.0004299018992114474 0.9999972251817452 -0.002452478809953174 0.017149521712675073 0.00042373409319990514 0.002452489010370316 0.9999967588927903 0.8902413579237729
1.0000002081533426 0.0005148300197968613 -0.0005001850167911942 -0.022207629570315638 -0.0005163950995855458 0.9999969267537382 -0.002413017534939904 0.017421030350588933 0.0004993392621081745 0.0024132156699352564 0.9999967042302326 0.9798543215017119
1.000000279674262 0.0007073344695934039 -0.0006354456830147228 -0.022729230098463157 -0.0007092743547799277 0.9999972630432321 -0.0023313199305223914 0.017579349569859556 0.0006343556207728446 0.0023315648489342193 0.9999970720734761 1.1594063636509895
1.0000002015849003 0.0007944989694857815 -0.0006610279810397908 -0.02389959579162681 -0.0007966548110635203 0.9999973028076483 -0.0023900425877229547 0.017171277497619795 0.0006598415533351946 0.0023903013226131017 0.9999971573325409 1.3552063172359317
1.0000001794303557 0.0008596247678902901 -0.0006162619795723014 -0.026143718391512496 -0.0008617251861838142 0.9999974087654199 -0.0024239336191125044 0.017811495675610904 0.0006148631935876448 0.002424051210585852 0.9999971059640526 1.4508831006483551
1.0000005402557786 0.000968553038555418 -0.000265660840358929 -0.027236483441501088 -0.0009698622398730004 0.9999973210185517 -0.0025206162731420284 0.017000884611788777 0.0002639460394798178 0.0025199329898626718 0.9999970879549139 1.6785005768298642
1.0000002905527294 0.0011263337311609677 0.0004921586240454376 -0.027422760488538745 -0.0011259038296521097 0.9999971889159995 -0.0026079263983881796 0.0159810289639454 -0.0004942037108318046 0.0026062527142845437 0.9999968910218788 1.9291788667437526
0.9999998916444603 0.0012601298097671524 0.0008751642154767461 -0.02869880965966425 -0.0012588664049046447 0.9999971630614727 -0.0025148675738212276 0.0177959243790842 -0.0008773922618884979 0.002512607256906964 0.9999968262405088 2.0385147126143406
0.9999957138809248 0.0014394876842780515 0.002938323075283853 -0.025928454185397038 -0.00143350244434265 0.9999973952554935 -0.0022881904421192417 0.018944365512923816 -0.0029407524228446825 0.0022828381496076094 0.999993446595753 2.295037525499093
0.9999758465957458 0.0016316306072251146 0.006887178120597562 -0.019937572633613506 -0.0016175445238142117 0.9999976034529944 -0.0021350393237797556 0.018872253061437423 -0.006889772751961852 0.0021227151332070013 0.9999744484946617 2.583201266941335
0.9999663409067197 0.0016750084612175624 0.008153223425856244 -0.016723557872414824 -0.0016587690465844265 0.9999979137747007 -0.002070417674210533 0.0209457963467507 -0.00815577177559952 0.0020555239936388115 0.999965033302429 2.7198961469926295
0.9999007288282044 0.0006454518055655928 0.01413797240130476 -0.0034189563148743184 -0.0006202258916078768 0.9999991669165248 -0.0018030120309713835 0.021125305895563624 -0.014137980969704627 0.0017923516845129329 0.9998986151990517 3.036302306721258
0.9997905449859694 -0.0006424809514269333 0.020518293583197872 0.012259272518866823 0.0006839969817793144 0.9999991699962119 -0.002042639875597108 0.018942432053978796 -0.020515996193715472 0.002054800807100719 0.9997877687985602 3.38121002243686
0.9997327208732825 -0.001063165031992778 0.023151390447597987 0.018170870427152486 0.001113103037155521 0.9999989553833284 -0.0021781045265080036 0.0196724142247413 -0.023148043717778417 0.002201760653377267 0.9997299988254554 3.543066220146426
0.99956198527266 -0.0008405429181349941 0.02963322070993986 0.03604140922586698 0.00090797689800455 0.9999987040467762 -0.0022904525254632798 0.018022580650303228 -0.02963024999026795 0.0023149670930992694 0.999558431710775 3.8598215646081147
0.9993478125982005 -0.0006628960001674097 0.036148557938859016 0.05894526340249545 0.0007421081275620762 0.9999988332895614 -0.0021968061844095965 0.016450993570371338 -0.036146003802806984 0.002220642092211222 0.9993440894163457 4.203841334482147
0.9992236332829256 -0.0004932680249477468 0.039437884211758444 0.06940229752797059 0.0005769591089910888 0.9999990022156041 -0.0021220437910841206 0.01772093590333246 -0.03943579165895332 0.0021415289284605504 0.9992199067462145 4.371560520597154
0.9988798126111174 0.00011027827366652277 0.04735695872626651 0.10159716594616552 -5.175090910892933e-06 0.9999992498386764 -0.0022245432871946546 0.017323741315316023 -0.04735628278546803 0.0022203984222210387 0.9988757653892186 4.7278012224028245
0.9983544214473836 0.0005303052900503496 0.057367530986908735 0.14098671177904515 -0.0003509624660132208 0.9999962489989213 -0.003147883711573332 0.014572815073599922 -0.05736821661640701 0.0031209003876018675 0.9983480960173926 5.083495665071004
0.9979710585019989 0.0005091896818431783 0.06368806445760936 0.16094484613990803 -0.00029007364792918715 0.9999951617833098 -0.0034618481258993855 0.015469212862019912 -0.06368882537795797 0.0034344926695143306 0.997963678792771 5.254612217926439
0.9971365746750959 0.0011021356919570285 0.07563207482677842 0.20795346809029092 -0.0007579792095957896 0.9999904206957508 -0.004590401067750343 0.012863276058596449 -0.0756357026010751 0.004518033561171015 0.9971250239274452 5.624869304268363
0.9959494703325158 0.0009442824003664165 0.08992251202973615 0.26386310902763305 -0.00040302242438835687 0.9999827780399879 -0.00604625270419195 0.00845709636586632 -0.08992587379254627 0.005983675511288153 0.9959302130399269 5.990931574341866
0.9952212034608531 0.0008081743445547172 0.0976583644920292 0.29288888355750553 -0.00018830337338308494 0.9999809021551943 -0.006368976099400416 0.009327415781416408 -0.09766107437938365 0.006318564850472802 0.9951996274159164 6.15923005336462
0.9933010495737623 0.0005042505523130771 0.11556554609714796 0.36639801133504635 0.00029345059851136883 0.9999771685280213 -0.006895643719379462 0.00819161659442232 -0.11556559241114021 0.0068822095446105505 0.9932760210068109 6.542217597015679
0.9905289526399439 0.0008944509350546934 0.13730864023317804 0.4503918420525921 0.00019275845810586735 0.9999695625317793 -0.007912885849427153 0.007029978530051734 -0.13731059083384967 0.00786326443662873 0.9904965428835363 6.914032668786866
0.9889396222612609 0.0014844080002150246 0.14831762335749332 0.4936514057691044 -0.00023104402797618568 0.999964871496756 -0.008476425483525098 0.008081465152430287 -0.14832387641005854 0.008347076923887066 0.9889032769815085 7.095446711781432
0.9852494319293147 0.002371779205111774 0.17111526594272913 0.5845033976891845 -0.00043733130782616647 0.9999364667074353 -0.01134982789455168 0.005840060879669148 -0.17113037920811916 0.01110595891792235 0.985185742846167 7.4400300800433135
0.9809661672718054 0.003965303489650493 0.19414482098248387 0.6866744210343725 -0.001410163750191444 0.9999114560906248 -0.01330440315225001 0.003597383333077964 -0.1941793686529134 0.012775552711779296 0.9808828651364243 7.796640558599293
0.9787819534920208 0.004219216384015727 0.2048670533520152 0.7366007864871652 -0.001390784949010763 0.9999024636976699 -0.013955400144475636 0.004835911167603651 -0.20490498496605553 0.013372449790323426 0.9786903764731371 7.954982292450773
0.9733336748515407 0.003950560535567348 0.2293662129119555 0.8546241727457031 -0.0002535074685472836 0.99987029976946 -0.016152240996933475 0.0012719008853570636 -0.22939946664790523 0.015661342768768544 0.9732064841932337 8.29766748163734
0.967004476866199 0.005716273804007683 0.254703568651654 0.9805608636244274 -0.00090622335326747 0.9998199547393098 -0.01900391876673865 -0.0037341147901558745 -0.25476594049022205 0.018144206954530725 0.9668330420539989 8.618123383182496
0.9632821886982562 0.006349498735902375 0.26842355412619295 1.044758389659493 -0.0010352202401912756 0.9998014489462839 -0.01994043631105627 -0.003884613507275799 -0.26849648771737233 0.018928192070663243 0.9630950008493219 8.77324937273158
0.9552884514397172 0.008699157131740683 0.2955553267261369 1.1902731541098976 -0.0017973441673907193 0.9997204424076297 -0.023620853527916118 -0.010924879295608184 -0.29567784457700597 0.022030960757742118 0.955034126421363 9.095518391621315
0.9465221500763823 0.011714004102657792 0.3224327101924009 1.3437579506362824 -0.002948545693449654 0.9996139176151496 -0.027665678535015635 -0.019327001394493858 -0.3226316058275582 0.025232827057687337 0.9461884559236321 9.399809261538506
0.9420169158310089 0.0124668085626946 0.3353418563669677 1.418475371839472 -0.0029825560934391634 0.9995824803391149 -0.028786554905019128 -0.019888477637070884 -0.3355599358177956 0.026114440147629932 0.9416573070061885 9.546012333279522
0.9318126229864951 0.015186414829522137 0.36262983120120423 1.58422630861156 -0.0041536691369203375 0.9995061529768404 -0.031188240390039316 -0.027581774497500627 -0.3629237556986298 0.027552538037833918 0.9314120706007103 9.84792066795886
0.919794093070032 0.019147433315138154 0.39194091334999276 1.7708283853832252 -0.006695105920074912 0.9994301647641409 -0.033116803677941245 -0.03868458308271659 -0.39235076471548136 0.02783362015381006 0.9193946176795476 10.15529393229635
0.913172017757677 0.020174836705970138 0.4070819965392956 1.857624822443909 -0.007004614622626469 0.9994045498707093 -0.03382046844438671 -0.03997203546945382 -0.40752115829135505 0.028029402846383368 0.9127658862857393 10.289312464276788
0.8989992720679275 0.021368795325842273 0.4374352721021122 2.057118819630604 -0.006983012273829385 0.999382570730478 -0.034471914338632004 -0.04812087633918659 -0.4379009878294714 0.027932393458480167 0.8985897488152107 10.577508390679673
0.883871954205044 0.022292271309710097 0.467203973980365 2.2651528920230932 -0.007220171569628491 0.9993962476907748 -0.03402878983202746 -0.05557521237025256 -0.4676795947687552 0.026700394231430273 0.8834954662381117 10.851688612094977
0.8750106233121148 0.023092276664615257 0.483558820948713 2.3709365589413314 -0.0075794913218291795 0.9993942674699399 -0.034013066599359626 -0.05529354017990854 -0.4840503547696287 0.02609323095717799 0.8746516605152725 10.986471786249856
0.8570327847520602 0.021788938122595275 0.5148071124339176 2.5875818475499477 -0.005732268585857703 0.9994486114571319 -0.032760489319911684 -0.058137589283518594 -0.5152362237853544 0.0251220306420692 0.8566808467125496 11.234615203290051
0.8379657709070925 0.022129817734146687 0.5452799333655257 2.8176938712060284 -0.00604450367243866 0.9994942358432254 -0.03127674321828058 -0.060630950155058136 -0.5456949809672506 0.02290955780073166 0.8376711900302203 11.477855768219607
0.8274387337177178 0.02301201984590751 0.561090720710044 2.9366029856523945 -0.0064851454748984195 0.9994867244060092 -0.03143017325218038 -0.059452728326760795 -0.5615247572928859 0.022364315239908932 0.8271587684782715 11.60165506098187
0.8053557799444775 0.02416707040584026 0.5923047566896666 3.194161363185987 -0.006894272827898201 0.999484820186 -0.03140827372829304 -0.06504754480552521 -0.5927570985092013 0.021207736559756246 0.8051031680080355 11.851100040120768
0.7822335608989959 0.026013138042797326 0.6224474836740248 3.4593886560829774 -0.00934861581527112 0.9995072863194806 -0.030024086299166898 -0.0708055144419325 -0.6229201080091327 0.01766355397244751 0.7820870607200946 12.084843897555062
0.7698452430166566 0.02692445756024525 0.6376677643647206 3.6002967729245756 -0.010297807851692329 0.9995051851587353 -0.029771395215578898 -0.06980143243317323 -0.6381522362346543 0.01634943528999271 0.7697374367712752 12.20567283466381
0.7441165070792357 0.02734154268198453 0.6674951431499208 3.878003287777722 -0.010731385128387083 0.9995236646479405 -0.02898006965927843 -0.07299114520762781 -0.667967822950875 0.014398335680515014 0.7440514468877333 12.423001271792122
0.7174696995856411 0.02943394836894405 0.6959728466184784 4.140577928073722 -0.01181092021433148 0.9994791175884433 -0.03009523467166594 -0.07909513614818194 -0.6964944717328454 0.013368482040653029 0.717439335870712 12.602131800313863
0.7028078073208881 0.030812275952365686 0.7107169485576206 4.282677561794985 -0.011449534351430497 0.9994237288599935 -0.03200796419768385 -0.07862647204554692 -0.711291608234946 0.014354094151471642 0.702751495065352 12.693745526812124
0.6722909424007565 0.03318523873231501 0.7395473623212663 4.5423715030610285 -0.009067244011720418 0.9992906882079855 -0.03659889624091938 -0.08840981308661003 -0.7402352615966822 0.01789533986306418 0.6721110100565973 12.831994507841612
0.6409990035245483 0.03456156040462326 0.766767324036436 4.791659734316329 -0.005788121493023988 0.9991764394390618 -0.040199467527915825 -0.09826406551574458 -0.7675231081190275 0.021325636643735116 0.640667583642015 12.944651892134944
0.6260406028902135 0.03523544815536778 0.778998328615508 4.97793525332797 -0.005541602067527856 0.9991558412986742 -0.04074106308002679 -0.10275514965199428 -0.779774454380583 0.02118461736034044 0.6257037290726967 13.05351090038175
0.5936869460642106 0.034861450530539954 0.8039445685673219 5.305777508493757 -0.006114846407963495 0.9992287910521434 -0.038815089327946015 -0.10956835130693822 -0.8046754804055177 0.01812467140487658 0.5934389259487514 13.214980904305826
0.5609896898011287 0.036011908094588076 0.8270432543454413 5.649134660928369 -0.009731163069742903 0.9992725424345197 -0.03691186032634772 -0.11775955871733923 -0.8277681485003614 0.012655574692252735 0.5609291362529828 13.372421239101104
0.5447756757485737 0.036766694522685356 0.8377794021894023 5.827375848465945 -0.011213340003904651 0.999269636687794 -0.03656336008762343 -0.11931239743399644 -0.8385091230664274 0.010521116512283674 0.5447870312061743 13.452552496348002
0.5101620668044674 0.036653134725740326 0.8593007935400984 6.182193218253709 -0.012640665784187334 0.9993041448765029 -0.03512123575296849 -0.12623066798180815 -0.8599872776981932 0.007052391939014491 0.5102674089154432 13.589006642553159
0.47877772033952504 0.035433373314555636 0.8772245661931037 6.535580614458285 -0.011298898527174032 0.9993522321241977 -0.03420073712904942 -0.1326648868801585 -0.8778649400226579 0.006460032251860271 0.4788650969596766 13.715121078124202
0.4643729656939932 0.03367969042515893 0.8850026066517397 6.773657554631866 -0.009210017498579696 0.9994068864558244 -0.033201644371324925 -0.13724190070431722 -0.8855926815156225 0.007264137072763261 0.4644048024377803 13.809079085254991
0.43838186074262486 0.028857667785363344 0.8983287358386324 7.210792626514225 -0.002463973198779568 0.9995199467518441 -0.030906581287430318 -0.14385558167594412 -0.898786009663881 0.011332543859361216 0.43823964934796517 13.964631445477009
0.4123341810856174 0.02559903885309824 0.9106758937613685 7.652112626418135 0.0025521512201371567 0.9995692879334581 -0.029253993496811345 -0.15146672806571412 -0.9110292246708619 0.014383846034542054 0.41208845774465147 14.11862293046712
0.39936454581156017 0.02520281501048088 0.9164485777692543 7.8652698725805585 0.0029565401863074344 0.9995818462111368 -0.028777796295415926 -0.15432357873537414 -0.9167872310944151 0.014199774893942937 0.3991204280880598 14.191342451717551
0.3744986854058847 0.02634299739363565 0.9268561800428146 8.291350204480253 0.0008910800878028961 0.9995862510913635 -0.028770178359053388 -0.16477619621422676 -0.9272268781104535 0.01159781944407491 0.37431783177242517 14.32587810337353
0.34771722972273716 0.027280798624757737 0.9372051401267361 8.764862959656783 -0.005425602746212346 0.9996189833552737 -0.027084352362400445 -0.17636329910162812 -0.9375834449912408 0.004330336700331208 0.34773017190543243 14.47204778544874
0.3361245293181384 0.028122779143499883 0.9414002458173373 8.998870526527323 -0.00807812281877165 0.9996039718725832 -0.026977175990268207 -0.17874100000202928 -0.9417825702214765 0.0014605436991433065 0.3362159742777816 14.540068291165703
0.3122352813412144 0.02823978037979319 0.9495871455251321 9.472834842922046 -0.010579442939034572 0.9995998052856996 -0.02624832956192955 -0.18772641532078563 -0.9499450099346302 -0.0018529801154885885 0.3124062255210766 14.660006329906151
0.2913555121598156 0.02695966367351441 0.9562365451145379 9.918028430489866 -0.00657224509378375 0.9996355014917379 -0.02618021988411684 -0.19706907524333264 -0.956590338508109 0.001340677138430058 0.291423454899799 14.758201140913306
0.2826277922830167 0.025990989978609356 0.9588792008957561 10.165416301418484 -0.004110554277029431 0.9996566304756791 -0.02588384552995364 -0.2005728184228424 -0.9592193115743421 0.003371969091081093 0.28263476742192495 14.813884594001191
0.2649830301974233 0.02466680570939583 0.9639389641024507 10.645149890455423 0.001201717737063728 0.9996636762862164 -0.025910681082062147 -0.21168381983835574 -0.9642504170905114 0.008022204644592693 0.2648615253820241 14.91751669280346
0.2494346051880842 0.02506612060115571 0.9680685950317958 11.124714286703883 0.002256237279771524 0.9996472970536014 -0.0264643675378529 -0.22682790691134916 -0.9683872348006707 0.008783261802875659 0.24928757362846873 15.019433285687585
0.2430743542803126 0.02511074596164875 0.9696839859789581 11.373842861571829 0.001723572772350756 0.9996521777874718 -0.026317945674535295 -0.23368949524533927 -0.9700044895221913 0.008066659876989892 0.2429440121631423 15.072523168708708
0.229188694383216 0.026240234248468945 0.9730296117099685 11.817774365628917 -0.0007217318004415765 0.9996409314495058 -0.026787429076555472 -0.24599630320471977 -0.9733802551583798 0.005435264016967728 0.22912305172747094 15.15981546766475
0.21522467095582068 0.026026233710391974 0.9762191222325464 12.29638213823573 -0.0016980455417700555 0.9996533651800201 -0.0262759322274049 -0.25869835294378846 -0.9765613482151031 0.003995671650487311 0.21519207436947935 15.244853141786061
0.20908839392488038 0.025682014737053994 0.9775609086168677 12.511321234696368 -0.0016929678519865758 0.9996629773973476 -0.025899788574391253 -0.2627447687416817 -0.9778935122348479 0.0037584169189317867 0.20905911098989655 15.279364600893164
0.19812083894605492 0.024846488842360643 0.9798638674166871 12.952530846670244 0.00022867386061783262 0.9996771515135932 -0.025394103809321583 -0.2753161403227287 -0.9801755828403026 0.005252691843805851 0.1980487801781114 15.350369312562005
0.18962256171322353 0.023793553549147396 0.9815701270440919 13.52436243492491 0.002836749143035169 0.9996889236112321 -0.024779454443383905 -0.2934427204964307 -0.981851341768405 0.007480992397524749 0.18949384531417351 15.445253543738517
0.18519143378817685 0.023678841853190476 0.9824182314208618 13.776867916571002 0.0027972117706551703 0.999692789127608 -0.024621118745243257 -0.30070470583839587 -0.9826965923134343 0.007305415087812542 0.1850661115370311 15.485896883991641
0.17745468211514467 0.0232353137178827 0.983856017162918 14.402939467530736 0.0034098990886795013 0.9997007663580049 -0.02422340274373994 -0.3203547440865375 -0.9841212960582305 0.007651193868553016 0.17732018524857693 15.583728502492846
0.17053957731407987 0.023335744268369665 0.9850757873852964 14.921486488367886 0.003279959547971822 0.9997004506874708 -0.02424907932664569 -0.3395231538054499 -0.9853437508662699 0.00736417738148978 0.17040976047778553 15.660528330737053
0.16744310198217285 0.023300342584241223 0.9856076622502482 15.232584142167699 0.003290621966919936 0.9997019312464992 -0.024191624688825276 -0.34989064284277505 -0.9858744307067253 0.0072915756103528835 0.16731438273951502 15.707533276102284
0.16163881943703412 0.02333219705757614 0.9865755015193155 15.703056782426481 0.0036658091676195965 0.9996993113793896 -0.02424231056049899 -0.3654173527922396 -0.9868414426054719 0.007532553224368916 0.16150253382405905 15.774271698603679
0.1565502883627593 0.02230876071499256 0.98741889450467 16.219333386275068 0.005707594860701815 0.9997071146486305 -0.02349064274155502 -0.3779894138874055 -0.9876511337186785 0.00931022857147748 0.1563748138542655 15.845088755606383
0.15457558198775187 0.02207293678190926 0.9877355262031102 16.477984278761998 0.005560710055026505 0.9997149007102154 -0.023210309129038244 -0.38332666849487734 -0.9879636545725993 0.00907772378820518 0.15440617681602284 15.880944631240947
0.15042833030572947 0.022320736594910812 0.9883701171388919 16.95129031330496 0.005388460398350599 0.9997118006454302 -0.02339638754075725 -0.3988988435759182 -0.9886047967824478 0.008842937171406454 0.1502620669918452 15.946327945869777
0.1481862586637636 0.02258657235116829 0.9887026850441953 17.450884411692698 0.00439403309277246 0.9997141668128046 -0.02349609510100226 -0.4140800174710487 -0.9889484722999125 0.00782383691455992 0.14804201709606166 16.017902399343342
0.14739534065441323 0.022582247379281935 0.988820873554976 17.694122505390173 0.003755874872703948 0.9997191114305973 -0.02339014650486649 -0.41878513323790517 -0.9890690934290323 0.00715899919288468 0.14726670488653348 16.053463873648223
0.14418766999696978 0.02308557445935635 0.989282062413658 18.189891060330478 0.0025035307496768743 0.9997159908322938 -0.023693237927305152 -0.4346829847516575 -0.9895460721506496 0.005891028864437909 0.14408635990597768 16.122627775883107
0.14162120847894902 0.02437326419575027 0.9896219181934989 18.61797990847473 0.0003612483566779291 0.9996954278606018 -0.02467228472971217 -0.4489739468523949 -0.9899195387152009 0.0038496154370096882 0.1415667663256578 16.182185339560586
0.14122684235508673 0.024509419697282812 0.9896749928865781 18.912355920182122 -1.7034417623974492e-05 0.9996935437987957 -0.02475419484157226 -0.4563254087062557 -0.9899759135311028 0.0034770566368650512 0.14118148005701797 16.22498253166823
0.1399947831515797 0.024741401664357766 0.9898442134482498 19.42986414211286 -0.001123351561701089 0.9996911425146734 -0.024827547212893045 -0.47153065122118903 -0.9901500246042675 0.002361531863306258 0.1399769268658719 16.298748738074256
0.13882301820306558 0.025215765920130504 0.9899974435696537 19.931116236229286 -0.0028257222759813672 0.9996820677309313 -0.02506516345014789 -0.4866672266851769 -0.9903117722001201 0.0006798159551339513 0.1388474059442179 16.36872485016428
0.13837187628400316 0.025238357863725747 0.9900598536487056 20.21187100578899 -0.0032215604970211847 0.9996814187367562 -0.025031974412509594 -0.4929003955387883 -0.9903732800502641 0.00027157260415780905 0.13840669932476163 16.408650118310067
0.13715903078698577 0.02519719367541182 0.9902297444967478 20.73345060090221 -0.004391359523845741 0.9996820762819595 -0.024828031186520695 -0.5060509041191064 -0.990537538881112 -0.0009456200296488126 0.13722359829106515 16.48234870316833
0.13576859433079222 0.025083225261949626 0.9904241617707542 21.293517974575703 -0.005777349569136652 0.9996827466982405 -0.02452410784609555 -0.5197155410852635 -0.9907219936864041 -0.0023949845200675218 0.1358678505514921 16.55953378438395
0.1353082584687855 0.025051435342029908 0.9904880485127797 21.566023551894464 -0.006211780818709491 0.9996824583379564 -0.024434192015437995 -0.525312139782278 -0.9907827828463024 -0.002848753894517022 0.13541794257744372 16.597195395208253
0.1346370996354588 0.024875638283678777 0.9905840202724184 22.137077599379023 -0.006999710529155643 0.999684484939354 -0.02415208223762439 -0.5390087774690003 -0.9908692563456244 -0.0036840778894330147 0.13476557570855827 16.676104710396963
0.13434649084447498 0.02497206810378842 0.9906205770479919 22.76529593652967 -0.008685793866691872 0.9996739338802535 -0.02402136516612285 -0.5541511494844128 -0.9908951439911511 -0.005379252431141034 0.13451676286924077 16.76373508231492
0.13413410382076799 0.024923359041112404 0.9906507213294757 23.114198153964622 -0.009040786862323217 0.999673040477672 -0.023925163158146148 -0.562779520555658 -0.9909209467622462 -0.00574937801459565 0.13431284226507123 16.809664255677653
0.1332241198012194 0.024755970639759903 0.9907774158695514 23.625326921190187 -0.009841247042223047 0.999671717782319 -0.02365368980315218 -0.5744436338735881 -0.9910359149679946 -0.006601620912839025 0.13342143540011195 16.87772236867605
0.1324874853212845 0.024620786454611458 0.9908788493569789 24.08114521840753 -0.011508904983587517 0.9996617560808218 -0.02329846900976078 -0.5839977145177773 -0.9911163888345698 -0.008319683726191908 0.1327240429496017 16.94004904674599
0.1321315458714903 0.024520520963588567 0.9909286995845852 24.383402777565994 -0.011913576161410483 0.9996605280112179 -0.023146309303202047 -0.5901286525645598 -0.9911592680667733 -0.008749743227683253 0.13237679708938035 16.981386034989928
0.13117333890164992 0.024297230552642792 0.9910613457142579 24.86166030775269 -0.014325724388434297 0.9996411631126366 -0.022609733852489915 -0.5995136834079065 -0.9912545163325704 -0.011234401491957261 0.13147229102699015 17.046622250088333
0.1302726276635057 0.02351741520531444 0.9911987498626483 25.420331063257514 -0.0147097225971426 0.9996536605621624 -0.02178261704076871 -0.6103667885714815 -0.9913673134856135 -0.011745246968819185 0.13057152680946918 17.11955878067602
0.12997990285589758 0.023159938725631827 0.9912454166600388 25.713933072492576 -0.014940677237392633 0.9996587050322285 -0.021395406505259642 -0.615635522413043 -0.9914024716469707 -0.012031677457398962 0.13027959237837008 17.159679027383323
0.12838027321717485 0.02249112423141823 0.9914691296424002 26.259593755699175 -0.015560894200398447 0.9996640706892301 -0.020659776945320885 -0.6262752908281216 -0.9916005576057655 -0.012779214730647491 0.12868548487372664 17.23086335456916
0.12711049920108802 0.021488553976400756 0.9916549196489569 26.76397014210547 -0.01551910482285444 0.9996847003242967 -0.019670830236470902 -0.635875866235576 -0.9917648242524824 -0.012892476316085826 0.12740220036598185 17.294674230777037
0.12653192181285455 0.021286346564479457 0.9917328998375685 27.036695778031664 -0.015603415494570876 0.9996868660312384 -0.01946333196007422 -0.6410614840332599 -0.9918370563857151 -0.013015335992933974 0.12682306907139024 17.330177614664798
0.12558689345934274 0.020678317965368263 0.9918656641421681 27.563101237971953 -0.015232022578717136 0.9997033151583974 -0.018910145577232192 -0.6517812186214408 -0.9919627380412628 -0.012736949636108429 0.12586321805366232 17.395306022833516
0.12475393301598153 0.019753322185815173 0.9919893934373845 28.174817505621963 -0.014498720937247075 0.9997295728801486 -0.018081038548839797 -0.6632061333485375 -0.9920787350489834 -0.012130558987891124 0.12500518811234143 17.471609244430475
0.1244435955887132 0.019563046464030724 0.9920322052944823 28.50881629662929 -0.014382724859838686 0.999734272025157 -0.017907524840579756 -0.6698620984155801 -0.992119334942177 -0.012043225924369239 0.12469055639804402 17.515339296069996
0.12403866188236434 0.019347254163139038 0.9920869825475394 29.128311723639516 -0.014396480107908612 0.9997371327459036 -0.017692737394491873 -0.6823041872410573 -0.992169325651723 -0.012091902198625987 0.12428369631818852 17.59267832337024
0.12379224506188552 0.01888722190115257 0.9921267577024696 29.766045834517058 -0.013860724631904587 0.9997516372739178 -0.017299084781787277 -0.6945242203975945 -0.9922077877739452 -0.011613668335106438 0.12402224631407005 17.671955076206007
0.12353969523750953 0.018733033353812868 0.9921610602085684 30.04998380223214 -0.013810001732267941 0.999754685409341 -0.017152855770487863 -0.6995416218617597 -0.9922397650885724 -0.011586572099791125 0.12376728305080932 17.709130616087
0.12350965199377732 0.01823896411357457 0.9921741588662315 30.662712074575293 -0.014040024187551316 0.9997604173944642 -0.016626679686832714 -0.7084531270751535 -0.992240543438403 -0.011880427742563305 0.12373521740845557 17.7847817024922
0.12329338643044847 0.0174237920664741 0.9922156955560315 31.311602148030623 -0.013842908448365438 0.9997762175436993 -0.015832433349706215 -0.7175238343964631 -0.9922700726611605 -0.01178692054333742 0.1235060145434918 17.864302184734548
0.1233253483410009 0.01720441249971625 0.9922153819523808 31.69746174904067 -0.013889880670523295 0.9997791638679487 -0.015605122144319934 -0.7227851763640005 -0.9922652656180941 -0.011861253733525656 0.12353623159008725 17.913707392402355
0.12359563108505336 0.01664936238922078 0.9921913576228376 32.38902160517994 -0.013836821689497285 0.9997885797423854 -0.015049445890252063 -0.7335042834243823 -0.9922326567033669 -0.01187249382069953 0.12379891301576153 18.001386574817925
0.12390169861530977 0.016240194758140595 0.9921601244272846 33.07363771000327 -0.013854342071666399 0.9997946298038023 -0.014631191530641723 -0.7437574072931521 -0.9921945283154932 -0.011936700313697266 0.12410008467023602 18.089167114827024
0.12428954580898369 0.016075030690679278 0.9921141883726545 33.46738908665751 -0.013817587518751258 0.9997972132037344 -0.014464179095263435 -0.7494933495289907 -0.9921462489363294 -0.011915009643525737 0.12448558491085576 18.14121576396374
0.12451958314241285 0.015394790968629118 0.99209610035855 34.16293697826974 -0.013809675633421045 0.9998070244764062 -0.013776836431756612 -0.7590506176028686 -0.9921175419368055 -0.011989247216594168 0.1247072287568375 18.231219106806442
0.12491888903113589 0.015143572305472558 0.9920501458149322 34.87769891825405 -0.013740869491602319 0.9998118903243416 -0.013527922953911694 -0.7696317015922891 -0.9920689849352942 -0.01194571750071308 0.12510222859615555 18.324167386720724
0.12517768942696722 0.014823842284508027 0.9920224339959977 35.2528495749882 -0.013349063501383993 0.9998210104358313 -0.01325212373891719 -0.7739608107484715 -0.9920418264003478 -0.011587496830074475 0.1253518085021809 18.374426133170488
0.12528509521510464 0.014054503204664764 0.9920203702755015 35.91353046874488 -0.01322103733329244 0.9998326806377587 -0.012491625203357037 -0.7813977756145739 -0.9920302375443633 -0.011554200003118433 0.12544855869716268 18.461376138024413
0.12546371121454722 0.014000083608287441 0.9919983374540298 36.58827405809089 -0.012065531301420523 0.9998455303787841 -0.012580920710337602 -0.7914565334972106 -0.9920219430686855 -0.010394578532906602 0.12561199261047792 18.547711777115282
0.12559189794955355 0.014006475139880974 0.9919818468975937 36.95776285776174 -0.012026117023069743 0.9998458186205839 -0.012590807395438369 -0.7966862657053728 -0.9920060905659451 -0.010352496234626257 0.12573980799535042 18.59755345372561
0.12585276403633225 0.013857712164426411 0.9919509163696272 37.56561983243428 -0.011275409050700722 0.999855094764372 -0.012533458962339426 -0.8051768197498445 -0.991981928298703 -0.009611462513532036 0.1259895647355721 18.67767340013076
0.1260188853517947 0.013716496081332791 0.9919314226901637 38.08012238073303 -0.011255421523457999 0.9998564902331961 -0.012391589849250933 -0.8116930001398338 -0.991960839721794 -0.00960782331772624 0.12615432022054363 18.746461872702838
0.12601896740773946 0.01330648756054215 0.9919371999789226 38.41721357245391 -0.011080270577466349 0.9998633075648221 -0.012000458547786705 -0.8154338889133037 -0.9919629377818147 -0.009483451111099377 0.12614827064041934 18.791501171284008
0.12545537524601405 0.012929287031763811 0.9920138816182712 38.785420435088945 -0.011019570608782931 0.9998686299432649 -0.011633794607768654 -0.8200510586504504 -0.9920354543504049 -0.009476509854510429 0.12558020190137129 18.84053130603439
0.1249825755855641 0.012928413425342393 0.9920735300570886 39.17826384344502 -0.008180825348308973 0.9998910356549127 -0.011995562259071042 -0.8250076286795534 -0.9921220454780534 -0.006621731853704141 0.12507359582486366 18.888645829876403
0.1248584911310847 0.012786511410358923 0.9920908169539245 39.42696574225533 -0.008305900655255317 0.9998915486352201 -0.01183735204459812 -0.827196808660484 -0.9921365246019124 -0.006767336795260479 0.12495022770660834 18.9213797920802
0.12438916318658677 0.013410109689773811 0.9921414860173425 39.74022268383479 -0.006502444183137039 0.999894451955571 -0.012695207021232849 -0.8317107865230468 -0.992208953856309 -0.00487724180122167 0.12446233843474833 18.960361442061842
0.12419555667080737 0.013498242696558745 0.9921643738884711 40.172955592933214 -0.006631849655487255 0.999892437009596 -0.01276861978500151 -0.8392668193890221 -0.9922321361209596 -0.004999330057813417 0.12427096499171525 19.016697717041023
0.12398610521116549 0.013407047071898312 0.9921917624289491 40.41039431569729 -0.006865262844299144 0.9998922431384242 -0.012648357006918583 -0.8413457629986648 -0.9922566107386579 -0.005248744081688068 0.12406418162967649 19.047954723505143
0.12399408533944006 0.012640763632603826 0.9922007803021543 40.96909665598148 -0.006368260246507622 0.9999042217351339 -0.011938169264524501 -0.847436869636239 -0.9922590552129513 -0.004843537406439635 0.12406208753336562 19.119412475967113
0.12402153138115887 0.012589261987110651 0.9921981297318726 41.530831675664196 -0.00688518322204242 0.999902262553279 -0.011821407090714137 -0.855535262456849 -0.992252304975831 -0.005370610422401344 0.12409548599974221 19.19264364381586
0.1239668000956702 0.012407925568363693 0.992207247499261 41.8463892228295 -0.0065014592891027905 0.999906135159165 -0.011686678490911163 -0.8593995459638799 -0.9922613300887195 -0.005007565071640859 0.12403542508235879 19.233883083808966
0.12350283250811879 0.012666279340064134 0.9922617274183682 42.34962778005008 -0.0074217589932091994 0.9998977691621325 -0.011834554719738297 -0.8678919956661039 -0.9923125381887451 -0.005908255985692825 0.1235837630765521 19.29914275847765
0.12288870176931288 0.013305630265146499 0.9923291570729545 42.923846911579396 -0.008611080161444488 0.9998817105646763 -0.012334490743148565 -0.8785728778274712 -0.9923791081845883 -0.007035017460368402 0.12298869103554304 19.37161531294032
0.12270200749364814 0.01347373511157808 0.9923501404352091 43.212458485829096 -0.009335255206789798 0.9998743565097503 -0.012415800038268542 -0.8816224753654 -0.992395938292722 -0.007746081203405756 0.12281220022132823 19.4095066516797
0.12261634811250514 0.014082856372367671 0.9923523237179607 43.751162351032306 -0.012050694289211548 0.9998418540003896 -0.012694391224899489 -0.8897611589755221 -0.9923773647682184 -0.010407363304566609 0.12276638319513157 19.480492259330486
0.12223032939684582 0.014485774853715518 0.9923945611909214 44.29246040295653 -0.012768064980195571 0.999829371738593 -0.013016335754354312 -0.8993436023777543 -0.9924167049186264 -0.011084809610056447 0.12239360883286148 19.548303789997792
0.12207729311303943 0.014515584200673854 0.992413238664374 44.55746233482999 -0.013179277607665142 0.9998247276216765 -0.012998032071442279 -0.901885271493511 -0.9924305007672679 -0.011497202358363047 0.1222460647952825 19.583101647064773
0.1227077825621561 0.014451543383172758 0.992336272261959 45.02695842745189 -0.016464786024556383 0.9997820075670587 -0.012519310099861358 -0.905235657869174 -0.9923035326178813 -0.014807097373002382 0.1229178974884214 19.647942386607536
0.12246679139519921 0.014802626043499516 0.9923610425373621 45.495332940475684 -0.018237599840334795 0.9997497748397912 -0.012657706974379275 -0.9119509771205249 -0.9923027069786576 -0.016552923188638977 0.12270479532328686 19.708343578301857
0.12252491410991302 0.014837909486695068 0.992353362095349 45.771152531285146 -0.018453530557048344 0.9997457406527348 -0.012665790126004536 -0.9162177230152734 -0.9922915640184952 -0.016765095088009743 0.122766074994139 19.742235174850034
0.1225799170073088 0.014896554562107112 0.9923459474230719 46.16608328457704 -0.01925681464053968 0.9997310787597852 -0.012624536998090661 -0.9220395402076457 -0.9922697097866942 -0.017566418591327668 0.1228322081641909 19.792552593381313
0.12251152905348367 0.015096775211072454 0.9923513882828263 46.520457866773064 -0.01952477001658202 0.9997235954194088 -0.012793884711030814 -0.9282349182588325 -0.9922729564235336 -0.017812449530381795 0.12277084289104027 19.837609243330927
0.1222848961221916 0.015194867629151391 0.9923778048332157 46.711339651998735 -0.01986201170614576 0.9997161040183886 -0.012854967865895522 -0.929894627706087 -0.9922941796300297 -0.018143182648294964 0.12255047003568792 19.862873727247063
0.12203657993013724 0.015417152192888932 0.9924046054048395 47.10987043267136 -0.021283751577667057 0.9996861588119177 -0.012908326663162073 -0.9349220128093146 -0.992295113709419 -0.019551608737822794 0.12232493363339246 19.914521224227883
0.12227177487699935 0.015443157600472265 0.9923752813072035 47.49098328491825 -0.0215635512459455 0.9996806069043345 -0.01289535577715392 -0.9406728497806723 -0.9922600658815067 -0.019827243410659712 0.122564200957825 19.96375298215851
0.12221582328371577 0.015453596008123962 0.9923818757829447 47.67618956403649 -0.0217185848134093 0.9996767577410965 -0.012887277157713513 -0.9425916472468177 -0.9922637105805704 -0.01998316493443436 0.12251068547584498 19.98892431305593
0.1220534894632616 0.01590758381822341 0.9923948047498987 48.140671829061084 -0.021792701710189714 0.9996692666548905 -0.013338559071212274 -0.9520075128535784 -0.9922820820371117 -0.02000397312384514 0.1223584698091675 20.047712890365034
0.12154056007643504 0.016492465818225766 0.9924479323746911 48.51878209930103 -0.02156034352705645 0.9996656441978179 -0.013966569067250302 -0.9598886527800525 -0.9923499768892168 -0.01970507576790604 0.12185422691885227 20.09456498426123
0.12135943012284713 0.016633768932254153 0.99246803197938 48.67487792308385 -0.021708290315677132 0.9996610317200694 -0.014094574134487793 -0.9613134991030674 -0.992369426188971 -0.01983903025595842 0.12167780733795343 20.117091193850353
0.12122082165603974 0.016702702178908124 0.9924838245041413 49.04538302859897 -0.022379274986161057 0.9996463628899255 -0.014084221564165958 -0.9672220272719909 -0.9923715149526662 -0.02050853787609035 0.12155019701924762 20.16506986222459
0.1209951457600886 0.016857208466293714 0.9925086447999805 49.33938977958475 -0.02287152802585839 0.9996334509504324 -0.014183794284158694 -0.9716966676949019 -0.9923874972659472 -0.020988974444268917 0.12133501503200118 20.203434036165994
0.12076360138570601 0.016983243737643094 0.9925349679706961 49.50669167901348 -0.022996263548547627 0.9996289416603721 -0.01430020489932607 -0.9736060036691324 -0.9924128519916176 -0.021102576501728105 0.12110804909501251 20.226466600705812
0.12043433191243644 0.01757052612786253 0.992564893950365 49.89974547492499 -0.023548007552741647 0.9996082916321472 -0.014831816934390521 -0.9823609082770283 -0.992440130939765 -0.021591475478581267 0.12079950760163854 20.27630967284458
0.12011560128426015 0.018137435269657495 0.9925932382040753 50.29064603345062 -0.02345560747672073 0.9996016034864686 -0.01542086462250756 -0.9912749695813922 -0.992481001749266 -0.02143438668214145 0.1204918005638806 20.324837065707282
0.11990321310533462 0.01827816798330132 0.9926161679101808 50.47650887936558 -0.02348257187469877 0.9995985813500332 -0.01556376272649691 -0.9938192725097408 -0.9925055278328945 -0.021447941836126857 0.12028313327780149 20.350405804770684
0.11991214973433736 0.018184698602362864 0.9926168264195463 50.92132954695329 -0.023545622625941762 0.9995986314534716 -0.015461853085997034 -1.0013449844760334 -0.9925031963129837 -0.021522472090811033 0.12029089022722221 20.402818311546483
0.1200722550828581 0.01775661875450756 0.9926051739773032 51.334247501459785 -0.023730701579952395 0.9996013438423753 -0.015005375417485966 -1.0059580131804384 -0.9924798216143784 -0.021758112546796864 0.12044425126351836 20.45422514871993
0.12000686020638698 0.017680607600419132 0.9926145637455733 51.54765497366002 -0.02385817668800876 0.999599677253619 -0.014915043211186328 -1.008007740886412 -0.9924848045247818 -0.021896719383939427 0.12037911700932734 20.48188079098226
0.11984090781958565 0.01766744250913666 0.9926347254889192 52.01233442386272 -0.024452746551708794 0.9995865229009745 -0.014833363860345275 -1.01549587518101 -0.9924903342466916 -0.022499813973040267 0.1202220045400986 20.540147833436148
0.11976296246198972 0.01764933555892993 0.9926442047249777 52.46033021149116 -0.02476734303425624 0.9995793344731538 -0.014778687149576471 -1.0222888008206015 -0.992491692856162 -0.0228202071195691 0.12014850403115208 20.596965311256955
0.11975103363760482 0.01759654261107945 0.9926467341971301 52.678986225525186 -0.024898166718028764 0.9995773538162573 -0.01471030125514029 -1.0245826138385095 -0.9924903473050708 -0.02295825944173462 0.1201370130194137 20.625948838982016
0.12014476564916123 0.0174494246748779 0.9926017118746447 53.11590527956603 -0.025038802664117923 0.9995764094574028 -0.014535981873831207 -1.0311881220860375 -0.9924391925803705 -0.023112132037359196 0.1205293683123838 20.682276696567786
0.12016962246364403 0.017486127339040255 0.9925978149185073 53.532493002433995 -0.025227721302901008 0.9995713036474072 -0.014549267677830168 -1.0384364119712854 -0.992431295939863 -0.023297555311659158 0.12055787976079195 20.736458319389357
0.1199482508950458 0.017476284296207675 0.9926247800383531 53.73241734891074 -0.02540191592808221 0.9995674010832853 -0.014523624381145326 -1.0406367975653104 -0.9924535514013714 -0.0234775337546083 0.12033896506688327 20.763114094242454
0.11988261523038 0.017407614368258488 0.9926339271206781 54.121730701940564 -0.025742370182567444 0.9995603303034055 -0.01441478299909616 -1.0463383141613112 -0.9924527681400359 -0.023829752544962023 0.12027665592146725 20.81298617861564
0.11990409553469308 0.01703581533180458 0.9926374203897296 54.53785173060421 -0.02590736304514419 0.999561235383474 -0.014019701939002795 -1.051460249163957 -0.9924456526976126 -0.024040836256596584 0.12029172188110433 20.865966582561814
0.1199457587694161 0.016907209836667537 0.9926347293459336 54.786915763031644 -0.025982778946036685 0.9995612433634101 -0.013880245895006091 -1.0544786163300632 -0.9924390103503742 -0.024131626805886982 0.12033117753146708 20.899616076328527
0.11977623410253259 0.016828726383093323 0.992656552882605 55.190010552396984 -0.026207870439872983 0.9995570530301761 -0.013778056668218084 -1.0607914603545814 -0.9924534842654474 -0.02437009587675823 0.12016294504300086 20.951296108358587
0.11963915209263234 0.01661587619201857 0.9926765787904278 55.61351952403348 -0.02613871798485771 0.9995615392194418 -0.013575457962032514 -1.0670775697402561 -0.9924718545536297 -0.024328127143468083 0.12001976094711617 21.004305591909105
0.11950162716903588 0.016476178926615997 0.9926952974364704 55.88275402674492 -0.02607789632423165 0.9995646527780467 -0.01344553876596855 -1.0705355436223707 -0.9924898545217221 -0.0242857731123279 0.11987815264510823 21.039069187791668
0.11969705301574163 0.01618563469804562 0.9926765940376812 56.42326373036099 -0.026217658619849916 0.9995652290727431 -0.013131086742940709 -1.07776354789289 -0.9924624110906778 -0.02445913885496379 0.12006831193447433 21.107332765179756
0.1193241905733408 0.01619868523379509 0.9927215955183335 56.90688433810505 -0.02645017751974564 0.9995595693445886 -0.013125678298734938 -1.0849850940290056 -0.9925015965807729 -0.024696472695639533 0.11969884002549988 21.163571654928038
0.11884513590040063 0.016204615599699088 0.9927790797449473 57.14297325405029 -0.02661779009391346 0.999555105362295 -0.013123711692642346 -1.087448668856499 -0.9925547226244589 -0.02487088062611956 0.11922231753910155 21.190950255104834
0.11835018217234561 0.01620761981283495 0.9928380260418735 57.62354570074853 -0.026935235449844247 0.9995464652901419 -0.013100877848673179 -1.0945526180167129 -0.9926051707396919 -0.02519705992534288 0.11873198616298773 21.248255482203895
0.11828563702366329 0.01584044464465519 0.9928515890711487 58.14451776840669 -0.026889482416095192 0.9995523276814083 -0.01273831351772843 -1.1008882605272172 -0.992614108299141 -0.025195870986454327 0.11865758915439967 21.311379533378368
0.11819727751751195 0.015764256753513135 0.9928628826669985 58.42384851075637 -0.02695514016164454 0.9995508857519518 -0.012655645675496112 -1.1043377021333294 -0.9926224982703484 -0.025272584877041673 0.11856845448848326 21.34724386198384
0.11752275704028126 0.015971604339512054 0.9929398779338028 58.886349387889 -0.026991377602178734 0.999547215970443 -0.012877230402396408 -1.1130676663596766 -0.9927015920263366 -0.02529316122183588 0.11790006122570575 21.402194750886107
0.11665569558553973 0.016356647156768926 0.9930359232582143 59.33408426495597 -0.027644160397300735 0.9995250021914066 -0.013210067585988031 -1.1222008846154865 -0.9927859460234201 -0.025916329107053333 0.1170517863529202 21.45630460845731
0.11631000565117824 0.016394917472255934 0.9930759122688926 59.58999834690204 -0.02823065786538793 0.9995089492054534 -0.013188982307766463 -1.1248649578875347 -0.9928102305033092 -0.026506837718924696 0.11671491454864626 21.489291493741906
0.11577516996471497 0.016552289000382005 0.9931362340944311 60.07377670663401 -0.028873244979346693 0.9994900062107462 -0.013287157300790494 -1.1331461573190778 -0.9928545508520431 -0.02714195627176873 0.11619261336841404 21.548346880694584
0.11546185043679763 0.016712544698280384 0.9931703599978657 60.6052386580456 -0.029341561509414017 0.9994753158458501 -0.01340295961615707 -1.1425207403612887 -0.9928778242699301 -0.02759848731554833 0.11588973803554924 21.612463482945092
0.11514884294625691 0.016668311851345385 0.9932073744257172 60.87383786497529 -0.029543683259519532 0.9994700554940907 -0.013343743412769163 -1.1456094113737658 -0.9929081289475933 -0.02781148687774396 0.11557835409522861 21.64551207047824
0.115093310881218 0.01651593713478682 0.9932163559981637 61.4142446252341 -0.028860748873859893 0.9994908479269898 -0.013271397471283638 -1.153269390773958 -0.9929344130103871 -0.027142579723578763 0.11550952848362507 21.709873395936956
0.11459652704516392 0.016695903392435037 0.9932708101706832 61.854109621153796 -0.029621352331417435 0.9994668770569336 -0.013377803268610673 -1.1606004551567288 -0.9929696430402227 -0.027893982089337084 0.11502804924518183 21.763830121204233
0.11429786835405784 0.016676222317985816 0.9933058724484655 62.13714715578597 -0.029899530447292738 0.9994599461800423 -0.013334845837072623 -1.1644079114676664 -0.9929958099778915 -0.028179792134202304 0.11473236187509352 21.798622349510566
0.11427508656419426 0.01652007605656881 0.9933113899672784 62.61160363635566 -0.030295722040127104 0.9994508001384852 -0.013132979497685313 -1.17060604730904 -0.9929869808787593 -0.028596625445505442 0.11471014065833614 21.856418172208098
0.11426033627648104 0.016120355025464536 0.9933195019954966 63.14226839985371 -0.03068032305851128 0.99944440396088 -0.012686442558047177 -1.1761803450575035 -0.9929768223699705 -0.029030255081457384 0.11468895471251543 21.921482950140785
0.11388861269817663 0.015891821198085573 0.9933659019225185 63.39325940628127 -0.030837990482210986 0.9994425152603323 -0.012449248035991336 -1.178919423241259 -0.9930143625234092 -0.029220124493642228 0.11431282064609811 21.949115238758655
0.11373842593796057 0.015480808553584169 0.9933893829720469 63.95459130138178 -0.030869581819544186 0.9994462604478421 -0.012036288950810412 -1.185371120171345 -0.9930301855961445 -0.029301232095716584 0.11415115679227433 22.01219024255959
0.11355538923001966 0.015106452736710286 0.9934163189302555 64.45193740374502 -0.031150184475709133 0.9994426981127714 -0.011633159544777501 -1.1904696305270706 -0.9930427853072152 -0.029628656361284568 0.11396031881168502 22.070492403058584
0.11333702459053366 0.015067966131707945 0.9934418591631099 64.72343077224389 -0.0314379667600595 0.9994344873568641 -0.011568024645315441 -1.1931128752685043 -0.9930586061134805 -0.02992528767351228 0.11374433567462064 22.102748326005088
0.1130342425521133 0.015015094313677431 0.9934771973764518 65.14708549691193 -0.03169623811003437 0.9994270904205399 -0.011494318120760813 -1.1988500309334478 -0.9930848639239975 -0.03019500079615455 0.11344319793527594 22.152764839136506
0.11352284423567637 0.014543312440189225 0.9934284772929348 65.7107647870312 -0.03134567251684764 0.9994430138270151 -0.011044868407672506 -1.2042109417638356 -0.9930399626193115 -0.029890589486924413 0.11391330537472585 22.219801275897456
0.11350903369389112 0.014205953393813225 0.9934349917529157 66.05637664835578 -0.03141880011852807 0.9994445581292243 -0.01069732724612012 -1.2074407322900444 -0.9930391126484737 -0.030003061159863516 0.11389020317871625 22.26240048350915
0.11338637367985353 0.01401217775294822 0.9934520359508652 66.46336985311925 -0.03192976098922276 0.9994311758673013 -0.01044765735474457 -1.2111312069426792 -0.9930372039791565 -0.03054064859529268 0.11376708711436687 22.311454049285064
0.11289040329406841 0.013632905806683594 0.993513683831639 66.78938596502817 -0.03219767644019812 0.9994266507031113 -0.010051061283322728 -1.2131249264438828 -0.993084857269831 -0.03085883093060169 0.11326258500205409 22.350658123224935
0.11331541725755503 0.013259320319548766 0.9934704638093986 67.15186889299736 -0.0321532687399295 0.9994324218689319 -0.009667393820335924 -1.215451676840384 -0.9930379242342966 -0.030852358988397367 0.11367522612801559 22.395277737426703
0.11303444191231167 0.013117005544557758 0.9935045521643914 67.5613122850754 -0.032344380656941375 0.9994281510754256 -0.009511461403699475 -1.2193063309571344 -0.9930640367260819 -0.031063472704002525 0.11339163063850939 22.444949428264735
0.11298672701753527 0.012903164817858798 0.9935130510834002 67.98226074042113 -0.032585278238164726 0.9994228890265606 -0.009270465110511378 -1.222930125660447 -0.9930617404691943 -0.03133075547932174 0.11333949177047109 22.496576649823844
0.11309245769591121 0.012671542574736433 0.9935042809693545 68.26098818936892 -0.032591935942089756 0.9994251175773395 -0.0090337987826789 -1.2243829243432478 -0.9930498527767649 -0.03136264295655607 0.11343783466352449 22.531382945642843
0.11284495002241626 0.012243886202596515 0.9935376702247143 68.55395294551937 -0.032605618539450584 0.9994282636909688 -0.008609710090551915 -1.225687920107158 -0.9930774700400141 -0.03142753402348939 0.11317709550233597 22.567362894779624
0.11235083624781407 0.012078551471244378 0.9935955790657214 68.83891044270364 -0.032881064901893096 0.9994206007020167 -0.008427436588454799 -1.2277300296403049 -0.9931240903869459 -0.031728073708615925 0.11268051349375025 22.601537652725135
0.1123432461005821 0.012012683747864813 0.9935968449652473 69.07223044889442 -0.03285885654138919 0.9994213745304559 -0.00836362873673409 -1.2289740862253848 -0.9931253243260346 -0.03171373440455657 0.11267095160387709 22.630216373047066
0.1120897619398473 0.011974232220427398 0.9936261104065781 69.38984058032149 -0.03301499457049833 0.9994168947866119 -0.008315812575803485 -1.2323791560424584 -0.9931490712637709 -0.03187701121163444 0.11241748680186182 22.664946787588015
0.11218402338617403 0.012208165400624386 0.9936126017569881 69.92653566201544 -0.033221621887176686 0.9994082130420211 -0.00852453335852935 -1.2395141827261278 -0.9931316830074869 -0.032057645194964686 0.11252090744403065 22.72500366044869
0.112147502643426 0.01225587900836706 0.9936160204923211 70.21170521941212 -0.03332631058392699 0.9994040534644976 -0.008561570310869744 -1.241761754063371 -0.9931323057770973 -0.032158016113383495 0.11248685274002282 22.757604808989136
0.11206573489517539 0.012300901715626818 0.9936247029345222 70.59946383724441 -0.033600312136035176 0.9993947756592672 -0.008578708369514134 -1.2460012129550082 -0.9931324630287736 -0.03242923810591605 0.11240885610492055 22.804397969519922
0.11179194891564519 0.012551379952008368 0.9936520178050864 71.0088408544886 -0.03388418239351505 0.9993827739261384 -0.00880689066497412 -1.2514294595284392 -0.9931530307512666 -0.03268945937438237 0.11214628293974498 22.852791406740334
0.1117012981341846 0.01252582958750752 0.993662679967579 71.29383817609295 -0.034096846088406005 0.9993762236661493 -0.008760637374167084 -1.2536174573726742 -0.9931563377338848 -0.032906847187821574 0.11205651170894955 22.886939819272307
0.11099015080244583 0.012515416090945261 0.9937421238114685 71.6139166612271 -0.03441684357071911 0.9993651385884582 -0.00873803414000033 -1.2565258158900012 -0.993224731453966 -0.033236641735358396 0.11134850768857997 22.92471721781653
0.10995875755486655 0.012537710815390103 0.993856571629843 71.96322295858563 -0.03454117705616257 0.9993607219808499 -0.008781619089368654 -1.2606618104173328 -0.9933353153345158 -0.03336824229915914 0.11031942323808859 22.964167431461554
0.10974366442364275 0.01247435646183247 0.993881100251813 72.2810367317305 -0.03476449678690907 0.999353593209006 -0.008700417793576228 -1.2634137851443947 -0.9933514781879828 -0.033602004328759524 0.11010437826309093 23.001416413554306
0.10889807751642429 0.01233170683299219 0.9939757714641517 72.72318218567536 -0.03513255660947331 0.9993421463055073 -0.008545392771476569 -1.2678643325392438 -0.993431291956957 -0.033995445298232445 0.1092577505957479 23.051730913332083
0.10842988167684885 0.012208165237789939 0.9940285701184289 73.28589443169449 -0.03569469730572141 0.9993238551301479 -0.008376040607615716 -1.2736561741246997 -0.9934626104656307 -0.03457802796371272 0.10879012834300132 23.115876717331634
0.10816679310702997 0.012093018811862298 0.9940586979471451 73.63176631717592 -0.03589303272361385 0.9993178493771905 -0.008247781690457645 -1.2764158293644123 -0.993484437036198 -0.03479226859074842 0.10852473161606077 23.15520148958758
0.10738214060555153 0.012000775338294828 0.9941448946147563 74.24444726522407 -0.03684351448690386 0.99928463447194 -0.008079638084529694 -1.281145405643468 -0.9935346807521698 -0.035764759417900666 0.1077452489195303 23.22403537567403
0.10548390014871532 0.012068959418848767 0.9943472774680991 74.78220384450825 -0.037828668229426536 0.9992475766327159 -0.0081115601621472 -1.287079328846142 -0.9937005421947707 -0.036764099455695885 0.10585895533140666 23.281963566016948
0.10485461154531042 0.012038886251465762 0.9944145352108836 75.1273589091711 -0.037783813213843845 0.9992496589868024 -0.00810963283383616 -1.2904578756234244 -0.993769289010726 -0.03672709281763247 0.10522848326070193 23.319255046024146
