1.0 0.0 0.0 0.0 0.0 1.0 0.0 0.0 0.0 0.0 1.0 0.0
0.9999994039535522 0.0001823902130126953 0.00022083520889282227 0.0005179885774850845 -0.00018212199211120605 0.9999996423721313 1.7970800399780273e-05 0.0005872929468750954 -0.00022104382514953613 -1.7821788787841797e-05 0.9999995827674866 0.18817627429962158
0.9999993345015215 0.0002761384407587997 0.00045788043604133577 0.0010939558540134786 -0.0002760631362090926 0.9999996196361183 0.0003322377181742553 0.0027195171187116216 -0.0004579556139985286 -0.00033222709430980046 0.9999994055719279 0.5005673348115312
0.9999994509831349 -2.957227260510565e-05 0.000257665323727255 -0.0007384559191039607 2.9447333703082746e-05 0.999999856819489 0.0005899638704626479 0.00453619789083632 -0.00025769616916329136 -0.0005897281493751978 0.9999996501074483 0.8107371825318264
0.9999996679419035 0.00013473245622735164 0.00036007006844537316 -0.004558009854685598 -0.0001350919250856232 1.0000001788967807 0.00045606521123514566 0.005902433818683629 -0.0003597615580955577 -0.0004561668573133305 0.9999999411033365 0.9680926200978585
0.9999993647992717 0.0006556924580743711 0.000675793702487836 -0.006986221789026021 -0.0006557635059906024 0.9999998402568762 -1.0558577878621938e-06 0.005065130590118521 -0.0006755776781843977 9.32805757455316e-07 0.9999997975812553 1.248594008264888
0.9999993061393628 0.0007850541869446883 0.0011661976541223226 -0.008552346208335178 -0.0007855523163318206 0.9999999939350961 0.00014572685605176956 0.006774239279024813 -0.0011656473310018667 -0.00014658671418572408 0.9999994664774646 1.5313313823244314
0.9999989260758101 0.0012138720546443912 0.0012035373606050887 -0.01250717189807065 -0.0012147409480955077 0.99999930942782 0.00048407329875291744 0.01046981389137063 -0.0012025690807912102 -0.00048549217170756675 0.999999373660789 1.675527914523961
0.9999977497807823 0.0021476287647782984 0.0010919487857862478 -0.016546255049537134 -0.0021504475334258315 0.9999963303753064 0.0019511095894365008 0.015752803158327 -0.0010871074700248317 -0.0019536350556569933 0.9999977249422277 1.9412612362997257
0.9999973060086861 0.002234395745714635 0.0010002731132718015 -0.018871207717888867 -0.0022371704577653587 0.9999954429561154 0.0021577174649877145 0.018237791960113454 -0.0009949079412194107 -0.0021599308436241306 0.9999972430203893 2.183631680335332
0.9999972529982204 0.0023014745620328074 0.001022877419294232 -0.023087605961332 -0.002304036677301425 0.9999953593310631 0.002044089679406764 0.019655378226229155 -0.0010176816628715323 -0.002046450546972147 0.9999972271781933 2.3066037148035967
0.9999956108312476 0.002649425138104134 0.0014965310961937367 -0.025303179754623734 -0.0026522607876148185 0.9999948161564363 0.0018000191338135164 0.020250325513727192 -0.0014914521144157795 -0.0018039752612426323 0.999996884195006 2.52451487252784
0.9999923117572918 0.0032865262993226523 0.002174739783724636 -0.02778765017897261 -0.003291006742157898 0.9999926596383192 0.002023406672520682 0.023944680333987257 -0.0021678250209057025 -0.002030618151974131 0.9999952289156416 2.7440861354919215
0.9999923676658485 0.0033816716076039664 0.0021148291820049397 -0.030964868236729712 -0.003386311871224524 0.9999920487815808 0.0021117296138289917 0.026633457665272565 -0.0021073419513422307 -0.002118741016788842 0.9999951804710328 2.8432519549757003
0.9999936763603049 0.0034645744886569823 0.0015887502049797887 -0.03476832034055115 -0.003468706311214837 0.9999919088868869 0.002215525054109164 0.028226458228497498 -0.001580293310184925 -0.0022212278136492848 0.9999961929041579 3.0210517614846992
0.9999906813114973 0.003959733628518465 0.0021693053630337995 -0.03701831886570443 -0.0039638769289668035 0.9999911046724438 0.001614302624989677 0.028804182600313737 -0.0021622461314137103 -0.001622923882800866 0.9999962455147309 3.1689082032167635
0.9999892635543405 0.00421133956695761 0.0024732135817217313 -0.03983263088587514 -0.0042159876540226035 0.9999906773346167 0.001481728815431389 0.031347856840365805 -0.0024659996455053783 -0.0014926063790701403 0.9999960388795599 3.2406959053904196
0.9999898712908957 0.004121393958485648 0.00233271136124695 -0.03969377041424954 -0.004126192715413036 0.9999908858604978 0.001676768069492524 0.032361867615079185 -0.0023247514104684174 -0.0016866665025419237 0.9999960971508487 3.3875127395112035
0.9999896556158516 0.004290433864820946 0.001973579017528177 -0.041624961703248926 -0.004295011941824511 0.9999892788952424 0.001970493411311022 0.03459773636522495 -0.0019642753509645926 -0.0019789431717296777 0.9999962035197719 3.4851876912359314
0.9999881317674311 0.004526727072457961 0.002171584551233514 -0.042730146930828265 -0.004531583001881868 0.9999884653690227 0.0019281876164653094 0.03683725737796009 -0.0021620818213670626 -0.0019378929179420825 0.999995896266139 3.536430875022559
0.9999846297196578 0.004935454529005267 0.002850084514929512 -0.04320145995156516 -0.004941268032649037 0.9999865028506124 0.0018590402125431482 0.039378743370561256 -0.002840333164655439 -0.001872674580784991 0.999994377855563 3.61770388572585
0.999983111389122 0.005152480449311616 0.0030071376366952434 -0.04494275802640612 -0.005157983216408596 0.9999854531717134 0.0017189364495956872 0.04160280921615363 -0.0029978792926849294 -0.0017338749641134558 0.999994011909984 3.685237953456068
0.999982027351399 0.005344700859917484 0.0029985009926256664 -0.047014720837007536 -0.00534995243545796 0.9999845311451476 0.0016102607146706656 0.044214383982010975 -0.002989439871470006 -0.001625672216583541 0.9999941650227869 3.72683081495829
0.9999803429329241 0.005568720607354442 0.003121238162428951 -0.04862071810188133 -0.005573813347938073 0.9999837480055356 0.0015005263270903213 0.04665833352493498 -0.003112397197259915 -0.0015175336864649202 0.9999940928902825 3.778055029945078
0.9999792538830239 0.005707385110341352 0.003489644401408138 -0.049464049095477296 -0.0057132177597693425 0.9999836231237864 0.0013853124914502692 0.049372092975633074 -0.003480722428047833 -0.001405193572003577 0.9999935928420742 3.818821150814
0.9999776759915401 0.005840379222387266 0.0036218006106822093 -0.050869178464857674 -0.005845988087052456 0.9999826340951081 0.0012934201224338914 0.052299361402801926 -0.003613362967706682 -0.0013142517543825892 0.9999930206660037 3.8526953393079904
0.9999774028579138 0.005930297141994689 0.003617841040426692 -0.05247327517814335 -0.005935807456464894 0.9999823270300152 0.0012175950875419946 0.05508542536293314 -0.003609639721746668 -0.0012389678681700086 0.9999931330549586 3.8893350776794757
0.9999766258968521 0.006054900681017458 0.003694316095424231 -0.05404071971729959 -0.006060265277109764 0.9999816802256033 0.0011423659462117793 0.05798059010219537 -0.0036862865554074652 -0.0011644941497777246 0.9999930672533022 3.9203258559252827
0.9999748978390652 0.006248114041273799 0.0038453913061635165 -0.055536550143566114 -0.006253315595838284 0.9999805874116369 0.0010743937725694137 0.06108607596295067 -0.0038376951121086317 -0.0010981209300212132 0.9999924677123833 3.948643843061374
0.999973114086957 0.006449617170415943 0.00401297818371259 -0.05713422835117727 -0.006454390870383441 0.9999797312542704 0.0009225136465741507 0.0642135495594544 -0.004005916417273373 -0.0009482128823647803 0.9999923441917045 3.972012022023386
0.9999727330853234 0.0065198893026497656 0.004053918250960763 -0.059056222243464206 -0.006523304457612329 0.9999799594948312 0.00045443234905637127 0.06707079253349257 -0.004049512133976342 -0.0004809816462808387 0.9999926116786015 3.99353713741665
0.9999713247471277 0.006661722591361124 0.004099651602006134 -0.06086135024960896 -0.006664137211909462 0.9999789065330867 0.00022393554943756438 0.0702300189281308 -0.0040968583418269375 -0.00025133089016907 0.9999922330907413 4.020066494495588
0.999969879422052 0.006797483297151954 0.004202507030849473 -0.06254700928674858 -0.006798774119897707 0.9999780666256093 -3.4635417751133365e-05 0.07323397475987418 -0.004201548567488233 6.203343724704821e-06 0.9999918694693356 4.047475797304909
0.999967479207359 0.007077045488054452 0.004307477184453968 -0.06369710902650991 -0.007077892490899303 0.9999756889129555 -5.5793996489237954e-05 0.07462276742336482 -0.004307019609986349 2.5890522065531174e-05 0.999991308497695 4.104031182758509
0.9999656520728936 0.007293386677111411 0.004348629546105734 -0.06479067762264532 -0.007294040328480001 0.9999739187613453 -7.32518521776247e-05 0.07755465194236738 -0.004348389956892323 4.224421002230587e-05 0.9999908918592739 4.118293152578362
0.9999639502338369 0.0075220326561305974 0.004411143345613717 -0.06589597714177882 -0.0075224066817270495 0.9999723663723904 -0.0001650246480513846 0.08046225996528228 -0.004411551187109269 0.00013253535105732495 0.9999908516828873 4.144944869992949
0.9999620014568388 0.007757236949761782 0.00453278852041314 -0.06709068466567604 -0.007757135555022915 0.9999706989385104 -0.00029722279217327824 0.0833244160512107 -0.004534129906418078 0.0002625696831344297 0.9999904124745004 4.1734930098543455
0.999960322274022 0.007925970296779963 0.004614321436319345 -0.06846556931326905 -0.007925578734603013 0.9999691939295895 -0.0003635714278868076 0.08648960724137915 -0.00461630855522365 0.00032763859395691056 0.9999900232136784 4.2022813190342365
0.9999585833321197 0.008059340907813978 0.004671911404585081 -0.069813170927994 -0.008058528197482952 0.9999678890958814 -0.00039225154367928295 0.08955058131091942 -0.0046743747406468895 0.0003555439483242959 0.9999896278598711 4.232134528510982
0.999956667816245 0.00822752172331604 0.004766446274294452 -0.07117500083651725 -0.008225913782772333 0.9999664920276728 -0.0005105873886229525 0.09233340183188972 -0.00477009817455371 0.0004724186936001102 0.9999890801141427 4.2589134828825035
0.9999550155765643 0.008374193699372135 0.004834761643949163 -0.07261421821043794 -0.008372112564763584 0.9999652332755253 -0.0006220177691725487 0.09507850158572015 -0.004839366929338826 0.0005824359596106339 0.9999886378979324 4.288512054712667
0.9999535250944626 0.008531255443782967 0.004895680802014742 -0.07415815080769635 -0.00852862129112233 0.9999639861562375 -0.0007109247653909278 0.09791746295166481 -0.004901238199873995 0.000669951461664637 0.9999885264299114 4.3159715333669535
0.9999511930321866 0.008773835513334707 0.0049736234664255075 -0.07578802387660595 -0.008770701480075443 0.9999616810703585 -0.0007973040890133583 0.10080747265029544 -0.004980137841131718 0.0007543854808461327 0.9999879641791972 4.343345284795336
0.9999487894332508 0.008977951699233041 0.005073009237846361 -0.07726826316964192 -0.008974162586651567 0.9999595365975079 -0.0008727140331178066 0.1036827394966656 -0.005080514806410625 0.0008278158160175046 0.9999870520822084 4.373540983620824
0.9999472698585681 0.009156295220575343 0.0051505471215095786 -0.07879682043760639 -0.009152488439890076 0.9999582333504207 -0.0009469949889152071 0.10663903942367185 -0.005158477764826915 0.000899837223377673 0.99998683228258 4.402877262091219
0.9999440339491408 0.009358861497729973 0.005291827900804988 -0.08017694330958869 -0.009354280088466026 0.9999562215694658 -0.000990966633085525 0.10965392008156369 -0.005300632490602307 0.0009415590275480859 0.999985824610483 4.434956173140232
0.9999409499911689 0.00958396450188312 0.005408649790158649 -0.08174089838145189 -0.009579068663170235 0.999953940024144 -0.0010521733382456901 0.11277346611623304 -0.005418261854358376 0.0010004181672133737 0.9999850861599681 4.463400152398507
0.9999381253773791 0.00983483156840758 0.005530262996753046 -0.08321901501675094 -0.009829538505698902 0.9999515779735186 -0.0011315136548393674 0.11582894555724849 -0.005540761161927973 0.001077082551954425 0.9999845833471255 4.494931917585802
0.9999351354400079 0.010073828039203111 0.005602710713736276 -0.08472372924181686 -0.010068158587088016 0.9999490575761439 -0.0011803289034029783 0.11894602652171418 -0.005614031522587105 0.0011238597935278735 0.9999839486601397 4.525556737848077
0.9999325733276021 0.010303654344981119 0.005689123663122414 -0.08575979700658352 -0.010297912437524764 0.9999467064860253 -0.001214519590801869 0.12008858899899867 -0.005700835752494757 0.0011555015312380036 0.999983364567734 4.58138838958266
0.9999299256331047 0.010482604260458096 0.00579899678073257 -0.08663771033117608 -0.010476133270138688 0.999944527938315 -0.001299459412316351 0.1227689919664469 -0.005811963234985626 0.0012385546886304944 0.9999823979758131 4.597378229769282
0.9999269220562035 0.010687493736675133 0.005864411789226827 -0.08753649413304548 -0.010680474891645772 0.9999421954519028 -0.0013537619010899195 0.12562103554320042 -0.005878373669746034 0.0012911875011578345 0.9999818288773382 4.627823189227841
0.9999246770002412 0.010863143687765895 0.00592707242352398 -0.088565139911769 -0.010855676244952733 0.9999403583168163 -0.0014166919089795293 0.12851588211612378 -0.00594195859745618 0.0013522641035632911 0.9999814954219121 4.658353952316323
0.9999213582216554 0.011081800815891576 0.006036107425429641 -0.08967644682403844 -0.011073448262578571 0.999937686426351 -0.00150588679324931 0.13141298152448844 -0.006052458493799936 0.0014391212440131732 0.9999805439859273 4.687898639596303
0.9999183822185229 0.011295533069580803 0.006117016562212944 -0.09103610982201264 -0.011286575969308937 0.9999354503601348 -0.0015819489759528853 0.13441934970920746 -0.006134510866909444 0.0015125733969760526 0.9999800602514611 4.716913109340998
0.99991660193622 0.01145551569851783 0.0061707504926334185 -0.09253034718072155 -0.011446313549854507 0.9999337763119669 -0.0016533403785768726 0.13749266761078419 -0.006189113167289825 0.0015821058137954077 0.9999795590217927 4.7447574930682785
0.9999139341650588 0.011649829802940243 0.006261559012625482 -0.09403111625961721 -0.01164010416703763 0.999931096609869 -0.0017159850040172964 0.14055361808190975 -0.006281001424732622 0.0016426241957776043 0.9999787163057959 4.7734081965217205
0.9999119201987406 0.011828993610253349 0.006325736375708983 -0.0954522637105159 -0.011818949102020443 0.9999290112189473 -0.001789395204636021 0.1435454390842406 -0.006346117060195727 0.001713890122939162 0.9999783077175047 4.80217944674964
0.9999096713089829 0.012016694955600463 0.006405565735967471 -0.09693484840034589 -0.01200601506401507 0.9999267606040441 -0.0018788577767094555 0.14654023818549938 -0.006427233301050211 0.0018008857559738249 0.9999776427199459 4.830804192875724
0.9999072732014095 0.012200710774466337 0.006490381923680459 -0.09828556486750813 -0.012189367186232791 0.9999243227667004 -0.001973581331642042 0.1495060541560833 -0.00651348427753065 0.0018933434834861426 0.9999769215596039 4.858167241848822
0.9999039447044716 0.012442032276371482 0.006549437863263806 -0.09979204899943903 -0.012430032975695308 0.9999211631859685 -0.002057843039503381 0.15248396217428534 -0.006574109700126849 0.0019752492841159683 0.9999762528511074 4.8860675991384905
0.9999014307446464 0.012625684487355413 0.006620742058172278 -0.10130287208985206 -0.012613217325324189 0.9999189761750882 -0.002131125004361287 0.15552900076263665 -0.0066464145152063 0.002046105716108665 0.9999757543463703 4.913066456936697
0.9998987341967122 0.012772754878662277 0.006711394520543024 -0.10267272487821125 -0.012759724280357968 0.9999172096470489 -0.0022053500365544136 0.15849204419504162 -0.006738204040147972 0.002118264981299368 0.9999752345438898 4.941717850362247
0.9998954877249395 0.012964855082048586 0.006812140219761948 -0.10409707041115264 -0.012950813247858954 0.999914543429764 -0.0022794786244268624 0.16153293088271986 -0.006840440540077407 0.0021901961128639323 0.9999745142846149 4.969188581608748
0.9998932799035687 0.013129384280370839 0.006893072332080637 -0.10559394868678089 -0.013114860187703312 0.999912515156158 -0.0023428489270135673 0.16455202615476422 -0.0069223107953806425 0.002251001620052912 0.9999739378144062 4.998350705505796
0.9998899360358301 0.013342556457513014 0.007006672910145739 -0.10635743934625894 -0.013327305423745113 0.9999095571549133 -0.0024164665380505108 0.1656371677454176 -0.007037288837540119 0.002321440379969919 0.9999729228446254 5.053408993642763
0.9998863818182989 0.013552437018934983 0.007113948283778862 -0.10740636730382008 -0.013536565037792223 0.9999064200466968 -0.0024871627605630984 0.16841332110538906 -0.007146014376481838 0.002389195129699087 0.99997188133348 5.068590407739354
0.9998832401234069 0.013724964266297705 0.007201790161994837 -0.10825592839761895 -0.01370828481590572 0.9999036974950385 -0.0025502267284643536 0.17127739876369133 -0.007235321771160129 0.002450041162861932 0.999970920913731 5.098554690112809
0.9998801252762783 0.013940988942221073 0.007272154446408974 -0.1094633879200532 -0.01392388674245874 0.9999006097196727 -0.002602694850990292 0.17435569318263022 -0.0073067507374670335 0.0024999179655996215 0.9999703996702223 5.128011245610207
0.9998760233133973 0.014161831543544452 0.007380116477678963 -0.11070694692830414 -0.014143816802713666 0.9998972988193527 -0.0026746276932839213 0.17734890440624776 -0.007416372846479426 0.0025686391118384536 0.9999693678921356 5.15674514445984
0.9998732450305458 0.014322805962299647 0.007439756652017378 -0.11210872398700489 -0.014303973617867125 0.9998950841620005 -0.0027441133993623087 0.1803450494392611 -0.007477489722130078 0.0026359331428848064 0.9999689804403885 5.186037736838719
0.9998698513422953 0.014488357826211502 0.007552992733660277 -0.11346832228026792 -0.014468655167586391 0.9998925076555578 -0.002824687575932799 0.1832305393691601 -0.007592360722830221 0.002713613566058247 0.9999679170579879 5.215323591495859
0.9998662799360245 0.014664960823014632 0.007655457260840508 -0.11489165535273489 -0.014644352528149171 0.9998897315945277 -0.0029072408911996464 0.18614336380195087 -0.007696485694409626 0.0027934859385530036 0.9999669101191879 5.244715926599883
0.9998635985727714 0.014834675607236206 0.007711537670094808 -0.11633631334502936 -0.01481353836810405 0.9998875137838777 -0.002983381268785773 0.18896949240275576 -0.007753911006145259 0.002866956901210413 0.9999664979840717 5.273928816187822
0.9998609439531063 0.01497224225755278 0.007791205397678753 -0.11782093072536827 -0.014950073711865365 0.9998852140063578 -0.003075826093303414 0.19177201619014908 -0.00783539258727264 0.002957087581133114 0.9999656080418412 5.3026134927608775
0.9998581235725684 0.015163403314633669 0.007846884558597247 -0.11927252668318183 -0.015140589569459096 0.9998823330364008 -0.00316521132757375 0.19445476827397287 -0.007892672124050872 0.003043837313409753 0.999965018708343 5.331031862514683
0.9998548106086995 0.015315434722313684 0.00791458728938465 -0.12063385465501071 -0.015291592397795909 0.9998794159902503 -0.0032505262088088015 0.1971233480667567 -0.007962297501706902 0.003127068333310874 0.9999639792263444 5.361028568745148
0.9998511084616848 0.015529116118171466 0.007999050685836825 -0.1220461471720032 -0.015504258957759628 0.999876116894385 -0.003338343950415423 0.19981007820578714 -0.008048733357956929 0.0032114985037863747 0.9999630255122753 5.390238310799605
0.999847227703337 0.01572558088395878 0.008080530304383698 -0.12332625200324343 -0.0156996372101796 0.999872528067956 -0.003415522426591179 0.20243682438909702 -0.008132267346663722 0.003285913987133237 0.9999619971317286 5.418813317950557
0.9998433862156206 0.015950225122262147 0.00814811047134568 -0.12477200727037754 -0.015923521020863786 0.9998686507589399 -0.003486776425686425 0.20520203369649315 -0.008201697543563632 0.003354243045635709 0.9999612078707548 5.44855548494629
0.9998400145958926 0.01614228309739275 0.008229816774549755 -0.12588436150380145 -0.016114782623847437 0.9998654983652785 -0.003551654633746515 0.2078884166608722 -0.008285011482100913 0.0034160891336729353 0.9999605545197122 5.480863028299203
0.9998348626045234 0.016367277447383855 0.008342260843169675 -0.12660755881993255 -0.01633863142672008 0.9998614015839274 -0.003603897782891193 0.20891028114962543 -0.00839943432023832 0.0034646506758803978 0.9999591457354121 5.535217694345865
0.9998304511793531 0.01659948155070952 0.008401104208535062 -0.12760916131041353 -0.01657009453741275 0.999857171744689 -0.0036616396886122687 0.21158603951177798 -0.008460136344465578 0.0035194741953103216 0.9999583276836755 5.551779705813143
0.9998265338186971 0.016794924044129377 0.008481179815493801 -0.12838915238942536 -0.016764736662709365 0.9998537193837518 -0.0037233840720177986 0.21433233820977593 -0.008541881463902716 0.003578380545144756 0.9999574290242916 5.581126908684511
0.9998219746123685 0.017009122037791643 0.008538691988948008 -0.12939045139984284 -0.016977983227579756 0.9998498373717278 -0.003771978545012838 0.21716323009032418 -0.008601200459263887 0.0036243544839415533 0.9999566412134936 5.6132552721993445
0.9998177745112786 0.01719552621450331 0.008589852726443881 -0.13051401960539163 -0.017163236498623207 0.999845858970453 -0.0038322200348112423 0.22005778388618039 -0.008654466431104528 0.003682563712521565 0.9999555003888659 5.643727694319083
0.9998145604219729 0.017362869015383448 0.008656566669736115 -0.1316965290691123 -0.017329907983448977 0.999842982174867 -0.003899477462722531 0.22291474782101134 -0.008722791171470644 0.0037469513949670258 0.9999550272865236 5.673683029387918
0.9998116351384896 0.017549102900184403 0.008703082222132418 -0.13302414241496321 -0.01751582246025178 0.9998400949624386 -0.003968959497386147 0.22575346837035135 -0.008770729332864609 0.0038134293251367076 0.9999547114205196 5.70256865194959
0.9998072995824264 0.017735882818206684 0.008749926654739292 -0.13448927070110125 -0.01770107722025771 0.9998359022206325 -0.004054280855403326 0.22866906414461327 -0.008820244927268982 0.0038967873189311017 0.9999536076422869 5.728916131936147
0.9998033716050637 0.01794582381130034 0.008827775770554968 -0.13590956071056895 -0.017909911952156115 0.9998318426187197 -0.004143619436231292 0.23158253478145024 -0.008900453976400538 0.003982824986609329 0.9999526836046612 5.755902771234427
0.999799069022914 0.018146837170059837 0.008865906504347308 -0.13740204752307983 -0.018110068874269143 0.9998277760921317 -0.0042161366220309525 0.2345192803678528 -0.008940824407667688 0.004053009643019667 0.9999519274088906 5.783505696021755
0.9997959615838911 0.01830557566695349 0.008877919828634109 -0.13893003454310163 -0.01826820433233543 0.9998247422304241 -0.004285029523474354 0.23753961620062122 -0.008954666405313165 0.004120078481678379 0.9999515305372917 5.810463487003813
0.9997919932391559 0.018484545484783226 0.00894243914982321 -0.1403959505657592 -0.01844598535127899 0.9998210921938211 -0.004378431483086944 0.2404508914395436 -0.009021735872539339 0.004210627181235681 0.9999505576466889 5.837996186061245
0.9997883950460567 0.018657454961542728 0.009000571170525468 -0.14169376634882136 -0.01861795305007431 0.9998174295862857 -0.004463321475057146 0.24330111084056652 -0.00908209375843358 0.004292902943980819 0.9999496066330732 5.865900473093254
0.9997854186712147 0.018814067824678173 0.009059003485671348 -0.1431275008480159 -0.018773920277026988 0.9998144100527524 -0.004544264204292352 0.2462162485463194 -0.00914251951575037 0.0043709964244240725 0.9999489579801417 5.893922491377153
0.9997817989339571 0.018980397716707714 0.00915200510011202 -0.14443550771335834 -0.018939406484429273 0.9998111201485508 -0.0046390695591176844 0.2490067166922135 -0.009237657043848192 0.004462075266915735 0.9999478040441411 5.922083769277747
0.9997769439876071 0.01918023850894035 0.009248631517237283 -0.14574884462386747 -0.019137899792271783 0.9998067592841532 -0.00471625233676263 0.25191413136293006 -0.009336796429087926 0.004535630013661216 0.999946383041323 5.949123110776727
0.9997730669671306 0.019335203965653233 0.009333509757297371 -0.1463446461768974 -0.019291867441470885 0.9998036216948907 -0.004782082456905856 0.2527226862897661 -0.009423589936798664 0.004598171053980738 0.9999452877139239 6.003735032064164
0.9997685230167354 0.019516277479989047 0.009432607116536217 -0.14730010068954014 -0.019471713094442986 0.9997996048836728 -0.004845725632210039 0.2553677470901997 -0.009524846487839519 0.004658245433669997 0.999943939385419 6.018959417938673
0.9997637946839457 0.01970211886880572 0.009536501926961913 -0.1481977953043128 -0.019656414382695896 0.9997955828792103 -0.004921195785158083 0.25807771741166363 -0.00963105360170028 0.0047300292424329315 0.9999427130653512 6.046957312956178
0.9997596076866873 0.019874298264406315 0.009613741826464012 -0.1491658133521613 -0.019827383994288218 0.9997918908115023 -0.004987278607516629 0.2610119584329335 -0.009710567146774493 0.0047931928744168835 0.9999417706176076 6.076815842204248
0.9997544585633801 0.020098759632739317 0.00972231658844919 -0.15044754544153827 -0.02005079146010717 0.9997872700173251 -0.005049466066060352 0.26402561190626367 -0.009821370028607328 0.004851156497950638 0.9999406551856534 6.104645271490108
0.9997494111813408 0.020281344167490487 0.009839683502978326 -0.15166843778954267 -0.020231881992265912 0.9997829489556913 -0.005113729703900147 0.26698186838104865 -0.009941183319924857 0.004911471307731777 0.9999388916590743 6.134022158131949
0.9997450561125938 0.020451886643108246 0.009918921368746808 -0.15306965237411993 -0.020400883512148322 0.9997789622051052 -0.005199868674726771 0.26987606136778824 -0.010023220778967331 0.004994476190783278 0.9999376119769896 6.163722994628364
0.9997408784632306 0.02061645395499943 0.009994912756841865 -0.1543689365423166 -0.020564056259153227 0.9997750726918435 -0.005283719428577324 0.2726869043579279 -0.010101846360610844 0.005075291737684336 0.9999363626588501 6.191988664378573
0.9997368349326556 0.020763557744148512 0.010084113849738447 -0.15560853128959304 -0.020709780163228206 0.9997716492868153 -0.005363800915556272 0.2754495567023368 -0.010193568067131427 0.005152098958179913 0.9999350479869606 6.221146666077627
0.9997323436609694 0.02094806486683317 0.010131897011910043 -0.15715716688392736 -0.02089305052848429 0.9997672396869999 -0.005455527021256983 0.278164009362175 -0.010244159522773421 0.0052410579562472545 0.9999340145754193 6.2499116790104505
0.9997291011196233 0.021064568300366328 0.010199331095455661 -0.15845544045515078 -0.021008186244361075 0.9997641127837652 -0.005543261523082607 0.28087168553320746 -0.010314139100761505 0.005326382271459651 0.9999328527160687 6.278754701160966
0.9997250562485329 0.021206050978094988 0.010286112322364507 -0.1596942542713444 -0.021148235075505926 0.9997606624460101 -0.0056346596287390645 0.28351552300942107 -0.010403601582584342 0.005414481992954992 0.9999314609280423 6.307811415940511
0.9997209331156307 0.021361484779631734 0.01036606611209772 -0.1610338354911482 -0.021302560968253097 0.9997571616318127 -0.005719964628257808 0.2862122113042142 -0.010486092635834662 0.005496166518687372 0.9999302770315219 6.337500575520164
0.9997162260953386 0.021536714266990827 0.010413137248521904 -0.16236063169214526 -0.021476150757323956 0.9997527165645506 -0.005828486791460328 0.2888638469791405 -0.010536720571426968 0.005601978038626317 0.9999290491803325 6.365263642738133
0.9997118382609146 0.02169788360169201 0.010495464793135682 -0.1636688518652387 -0.02163592633988705 0.9997489502515284 -0.005906029191771 0.2916322101440432 -0.01062171416461953 0.005675802070327975 0.9999277398836428 6.394175166392913
0.9997076651683384 0.021871975576335297 0.010555184708846371 -0.1649103745120631 -0.02180921412134875 0.9997448317695644 -0.005990488310587067 0.2942975546353885 -0.010683941862398473 0.005756717384010295 0.9999266142699675 6.421452753645886
0.9997033847986414 0.022040330299329457 0.010622845301809267 -0.1653663011460439 -0.0219764261845303 0.9997410381086852 -0.0060752824080698275 0.29505086531639685 -0.010754283067571917 0.005838012458353521 0.9999257498280321 6.473410590927669
0.9996989656740294 0.02220731488476855 0.01069224138374674 -0.16623245134120626 -0.022142369607790886 0.9997372361576581 -0.006140093235851052 0.2976100960855811 -0.01082597026722141 0.005899490437265557 0.9999247381412891 6.48761420670878
0.9996943831819602 0.022387125280687467 0.010725016798541109 -0.16708110547919497 -0.02232094715743418 0.9997325748551573 -0.0062251783713648074 0.30024741116667386 -0.010861859065852813 0.005982213960425243 0.9999237461453492 6.514127006810062
0.9996901369862772 0.022549719365518625 0.010781197500255999 -0.16785097470816077 -0.022482459214393874 0.9997283844575947 -0.006300031441009772 0.30287751173631244 -0.010920758979013422 0.00605409110891289 0.9999226180439345 6.5439588305308245
0.9996854483556497 0.022725520536178406 0.010848373554416197 -0.1687971896544555 -0.022656886506607698 0.9997238289968411 -0.006381102601775447 0.30564121376467496 -0.010990864536655582 0.00613183470609082 0.999921263837829 6.571837409150955
0.999680899119458 0.022908233344746006 0.010928414559576771 -0.16998025691115215 -0.02283871893455805 0.9997195461504101 -0.006445219848019796 0.3084291321272627 -0.011073193098384533 0.0061918187672467765 0.999920224774254 6.600524294871941
0.9996763252173897 0.023070971881913056 0.010984258853260811 -0.1711688615302516 -0.022999942927013756 0.999715228732857 -0.006523940169747751 0.3112963981920895 -0.01113206284518759 0.0062675344284764505 0.9999189879307423 6.627751695642014
0.9996706176938277 0.02327327331847762 0.01104685756895165 -0.17256494351556254 -0.023200803249811608 0.9997099872647892 -0.006580706748132489 0.314213159263103 -0.011197479999584946 0.006320863738498849 0.9999178703578203 6.656196980479626
0.9996657395262046 0.02346847552772579 0.011077203124123018 -0.17404249729782592 -0.023395148088302273 0.99970501105025 -0.0066331302299461265 0.3172015482248772 -0.011230297964818024 0.006370326034538844 0.9999170709253821 6.683560813151294
0.9996600874798316 0.02367561221675732 0.01114830732972974 -0.17533695679273453 -0.023601074732490568 0.9996994301198472 -0.0067126271671570275 0.32008867295113236 -0.011304414284922563 0.006445635740989662 0.9999156367077211 6.710074513521953
0.9996540727724622 0.02390208517984954 0.0112174539612604 -0.1768118750057606 -0.023826015219134702 0.9996933634074044 -0.006807445788808527 0.32296677089431935 -0.011377209763384298 0.006536210067483243 0.9999142293487905 6.736430585368599
0.9996492021409692 0.02406024676962595 0.011298955120093957 -0.17816285574739402 -0.02398254256277721 0.9996887818812605 -0.0068783690233726325 0.3258226307805301 -0.011461644424664647 0.006603849892847651 0.9999128322581604 6.763123634408129
0.9996443252538335 0.02423466022916794 0.01139063854891106 -0.17942414882282504 -0.024155602982749012 0.9996841202186215 -0.006953067124982938 0.3287340328344111 -0.011556069064294261 0.006674094017478677 0.9999112824098466 6.789981344618735
0.9996378864402293 0.024446471814286892 0.01146839470591415 -0.18080043449174046 -0.024366063011066884 0.9996784313550982 -0.007022585749250668 0.3314947863451143 -0.011637008417870886 0.006739239179193171 0.9999099132779423 6.816375747219359
0.9996335422131819 0.0246030018596137 0.011513776391240436 -0.1820967210651009 -0.024521310225671448 0.9996738470656895 -0.007084236641330352 0.33426400502838804 -0.011685110858110663 0.0067983926651071225 0.9999089002305798 6.84485007773584
0.9996313398631803 0.024685203574717745 0.01152922788544092 -0.18336003949418447 -0.024602460091042836 0.9996712279778176 -0.007173451224962981 0.3370094821726399 -0.011703215541194741 0.006886037934539702 0.9999080902989508 6.869655472692225
0.9996263361256768 0.024841035145694176 0.011608796622090153 -0.18371381108059293 -0.024756669553766885 0.9996667061572527 -0.007257657062694944 0.3375801912408604 -0.01178604913012761 0.006966560039391472 0.9999065687805406 6.922024969710172
0.9996226125700689 0.024959991754802895 0.011644150456754957 -0.18456256942067562 -0.02487427622083896 0.9996629096380293 -0.007346353780137058 0.34000529863328005 -0.011824473482990663 0.007052957211921199 0.9999053357587094 6.935613696468894
0.9996169251491008 0.025144418231115788 0.011696743439659797 -0.1853128869997517 -0.02505660142475815 0.9996574291647918 -0.007456917336210224 0.3425611305103652 -0.011881392846424492 0.007160183804604036 0.9999036725990372 6.9627711104754795
0.9996110838140729 0.025335920491875663 0.011754187755833178 -0.18618459070075233 -0.02524630883173485 0.9996517625523208 -0.007545732558208311 0.34525021322529986 -0.011942647564085477 0.007245558213379105 0.9999022786593468 6.991774744583431
0.9996068985889124 0.02549682871100394 0.011823250295962685 -0.1871657841448314 -0.025406463226691944 0.999647626669378 -0.007623795599623247 0.34784239188332555 -0.012014266446078085 0.007319370330328012 0.9999012353059434 7.021556224717172
0.9996013282356122 0.025674600032360266 0.011891277852730529 -0.188285123634178 -0.02558225693115907 0.9996421109252062 -0.007712512634670283 0.3505355765980287 -0.012086119647588338 0.007404585363782108 0.9998996353036592 7.050085567140737
0.9995966975766888 0.025810181055743113 0.011973006518951983 -0.18927863877091916 -0.025715902896147117 0.9996378723018156 -0.007810357088372515 0.35308807714039325 -0.012171414592303125 0.007498674817045839 0.9998977893924886 7.0796252302135985
0.9995931603484028 0.025952394221743554 0.011981720362732803 -0.1905660575976232 -0.025857036385824747 0.9996336012814121 -0.007892026680672817 0.3557560937577654 -0.012183293916843592 0.0075785753013861475 0.9998971663745833 7.10549117540737
0.9995875107198159 0.0261382830852743 0.012070393368869772 -0.19175884490085982 -0.026041362884358456 0.9996282850492371 -0.007961396107290264 0.3583978765691488 -0.012275170179110869 0.00764327835246859 0.9998955562119834 7.1342569905761986
0.9995818318205462 0.02630602161236609 0.012138105368286576 -0.19288830455040964 -0.026207445582664878 0.9996228092137314 -0.008037180374686953 0.3611270622289543 -0.012346407113247217 0.00771566367230455 0.9998938969148605 7.160894964113168
0.9995769715796652 0.026489609821829393 0.012189073677223827 -0.19425981292968209 -0.026390104633134535 0.9996177954799379 -0.008111320378335209 0.36396703639282557 -0.012400423000312844 0.007785702547260144 0.9998931590623776 7.18745583401687
0.9995715022698175 0.02665717011178239 0.012253772441295913 -0.19542528901209158 -0.02655620659949979 0.9996126646352347 -0.008188541268189149 0.3667452176644747 -0.012468557498087752 0.007859085710762121 0.9998916842790176 7.2156759706998175
0.9995664696571714 0.02683053558102282 0.012315920339564614 -0.1967585738975535 -0.02672851016475502 0.9996077723163974 -0.008257061384408204 0.3696399167788974 -0.012533690723506534 0.007923685295116336 0.9998904806857962 7.2407529922398295
0.9995618023009427 0.026996124199141415 0.012372399546519 -0.19795744847853677 -0.026893023580733904 0.9996030570303158 -0.008325321690419173 0.3723834610277259 -0.01259311263073933 0.007987953876867243 0.999889340524386 7.2683859406740705
0.9995557794392615 0.027175980052891364 0.012466674128571057 -0.19907827831063304 -0.027071204692671266 0.999597463379936 -0.00839219272587798 0.3751201299534589 -0.01269064474661849 0.008050270506076223 0.9998876171870196 7.295382224586724
0.9995502191640714 0.02734249283419573 0.012549445711518859 -0.20014983133334774 -0.027236036228795855 0.9995923045948788 -0.008474988136946391 0.37779850588365327 -0.012776964635371774 0.00812874559081798 0.9998860094709582 7.321739958870592
0.9995447058546212 0.027501843567297173 0.012612826722785743 -0.20052121748846244 -0.027393864917483145 0.9995873384223302 -0.008553362779757937 0.3783856518504206 -0.012843835572825769 0.008203453198844884 0.9998845496705604 7.375738260585473
0.999538565118935 0.02769324753302664 0.012700856407688633 -0.2012081288914 -0.02758366789470197 0.9995812417406342 -0.008630396006116278 0.3808016683804327 -0.01293545480660991 0.008275620172200201 0.9998827802172098 7.388194764943758
0.9995324175620747 0.02789129154391727 0.01276224488110462 -0.20186454541320561 -0.027780273540436103 0.9995751681746561 -0.008705580185452306 0.3833785503088817 -0.013000440874228657 0.00834652338846624 0.9998815899146957 7.414947428380498
0.9995263152583099 0.028075346297445167 0.01282883992724376 -0.2026448362561575 -0.027962609218072906 0.9995694339868804 -0.008781545112751105 0.3861658817768036 -0.013070802085262359 0.008418221574937525 0.9998800188782216 7.443122068360162
0.9995209675933594 0.028232884570542856 0.01288236069792136 -0.20350016344253408 -0.028118567556961325 0.9995644084694683 -0.008856530192438884 0.38889447774503794 -0.013127840260386204 0.008489568074855474 0.9998785543756203 7.471041188898944
0.9995146813954233 0.028406430390809184 0.012971487579424392 -0.20449285326420635 -0.02828983775601678 0.9995585383426765 -0.008953991954455473 0.39158874680816713 -0.01322143635231754 0.008582539887534933 0.9998765427403764 7.496741335274207
0.9995089185612389 0.028574021322113702 0.01305778512186544 -0.20546490651861143 -0.028455538631242196 0.999552696309086 -0.009035973858843282 0.394243073823997 -0.013311548242525431 0.008659656881472851 0.9998744504814748 7.5260610862190545
0.9995033590910742 0.028744120891650956 0.013119629760355477 -0.20638508096601832 -0.028624464829847537 0.9995474365565482 -0.009113729516257057 0.3969112321494409 -0.013376817053880349 0.008733065391193853 0.9998730592946187 7.553924188425097
0.9994963422976234 0.02895027844237853 0.013180224712261875 -0.20759574768799266 -0.02882892138194379 0.9995405528565884 -0.00917935231975225 0.39976799801203805 -0.013441300602213784 0.008794648828879498 0.9998713679681712 7.578810548780391
0.9994905073601643 0.029116916329798324 0.013229558796326228 -0.20876334518611955 -0.028994244325378074 0.9995352044028707 -0.009242371056850896 0.40258232173125896 -0.01349397825151244 0.008854012265493108 0.9998702582628768 7.606132539343034
0.9994845285966156 0.029292988125342534 0.013275915347800947 -0.20993511972273224 -0.029168704684213835 0.9995293169325852 -0.009318130140165241 0.4053264123818118 -0.013544274753349067 0.00892620309757044 0.9998688849406968 7.6329005874910045
0.9994769343068329 0.029499029530032812 0.013361542660236472 -0.21118270014935375 -0.029372631645690112 0.9995222357559587 -0.009413437210082663 0.4080221664925225 -0.013634688421956984 0.009016307125304582 0.9998666211997924 7.661619354426311
0.9994703049931853 0.029689861037923312 0.013436067321770452 -0.21226734469472733 -0.029561595839998542 0.9995155474046398 -0.009502504028795109 0.410704742652774 -0.013713547468835208 0.009100400223412394 0.999864667372677 7.6906582633524065
0.9994629994599449 0.029889051110474487 0.013530319062842256 -0.21342641065144796 -0.029758943201640443 0.9995093496749476 -0.009578427785857957 0.4134007598055877 -0.013811867686781895 0.00917060043127185 0.9998629175258142 7.718448233366516
0.9994560561018005 0.030085008551532504 0.013610233654034954 -0.2145229117876413 -0.029952963465343665 0.9995027116501874 -0.009668610122021611 0.4160884723003716 -0.013896255815724208 0.009255456030940086 0.9998609720271203 7.7468870157872916
0.9994504383959952 0.03025035029717587 0.01369222250296516 -0.21570202402418243 -0.03011643921308037 0.9994969464459853 -0.00975869281253431 0.41885492381952566 -0.01398223170632574 0.00934063135702217 0.9998591039697454 7.776044677102059
0.999444049717546 0.030415749299217074 0.013784670344180211 -0.21606023086342277 -0.030279483632668296 0.9994911101589484 -0.009852413870341414 0.4193729398453882 -0.014079176071159714 0.009429517164393723 0.9998570423433779 7.833234035045303
0.9994375500860436 0.030597191437994282 0.01388965450773006 -0.21687405258392714 -0.03045910041823429 0.9994853340731829 -0.009936333617021346 0.4219440158689673 -0.014188130404936336 0.009507108438392971 0.9998548870605108 7.849492844393383
0.9994303712919378 0.030785101784905882 0.014000593081926731 -0.217563730715372 -0.030644920403016994 0.9994788366908551 -0.010020959868174757 0.42456140014634364 -0.014303291681108325 0.00958544777124954 0.9998525048037921 7.879898473933414
0.9994236526869784 0.030965609194483306 0.01409192472878535 -0.2184277563484418 -0.030823086508339863 0.9994723780227865 -0.010120180629593536 0.42731641754140404 -0.014399351347408862 0.009679190648377188 0.9998501121848506 7.908859209228409
0.9994162336522036 0.031157640792254367 0.014179399321117454 -0.21943794621848264 -0.0310127676262829 0.9994657733215949 -0.010218286611548834 0.4302228699021321 -0.014491689871775883 0.009771500798168093 0.9998478862541371 7.936267976541887
0.9994097618307213 0.03132476585600477 0.014268379907035944 -0.22047081894232345 -0.031177680359810653 0.9994596220428368 -0.010307630560744767 0.43300494186745286 -0.014585088538339721 0.009855597009816282 0.9998456516296464 7.965558891797478
0.9994024807844087 0.03149565896032844 0.014395076850005304 -0.2215421277475953 -0.031345915142339906 0.9994533741635531 -0.010392589528382432 0.43583114622762975 -0.01471620025210981 0.009933959874397129 0.9998427887759359 7.9933373181359215
0.9993956257735737 0.031651745629879206 0.014513149056260841 -0.22268172758495539 -0.03149938955596556 0.9994474217437974 -0.010478343816149295 0.43867528959003155 -0.014838623763436403 0.01001397754101741 0.9998400781666206 8.02019918446304
0.9993888759511425 0.031798033855207464 0.014642533040776657 -0.22386000241099438 -0.03164317646516064 0.9994418353832419 -0.01055576694298783 0.4415556191132747 -0.014971929007984488 0.010085359231269965 0.9998372692935827 8.048458305071938
0.9993827074301531 0.031937289528795876 0.014753338721182568 -0.22500995447677322 -0.031779882482553506 0.9994364125884665 -0.010635811612997903 0.44437226381958583 -0.015086787624783448 0.010160075446205646 0.9998347416970561 8.07641531840433
0.9993749878545336 0.032105924091570724 0.014886989447798695 -0.22615290821374365 -0.031945692682131266 0.999430066946063 -0.010731117861125758 0.44713020302016204 -0.015225163381000056 0.010248371784717748 0.9998316362613676 8.103794838285745
0.9993680931317591 0.032269868145007055 0.015003939682940054 -0.22719870951180077 -0.032107339197384656 0.9994242189074841 -0.01081783518963228 0.449821790904 -0.015346382658948094 0.010328374357510378 0.9998290832111992 8.133113271153224
0.9993609590512835 0.032428758985673725 0.015105764956745815 -0.2284646752197421 -0.03226360299180565 0.9994177265240036 -0.010908852797187158 0.4526543127058335 -0.015452947954031222 0.010414030160157673 0.9998263317944247 8.159501176697916
0.9993525923799405 0.03264132417057689 0.015234246435201356 -0.2296488525359418 -0.032473508351812765 0.9994100792038952 -0.011011484776621254 0.4553808583642705 -0.015586622354093502 0.010508950438747212 0.9998233898367365 8.18884493695591
0.9993450122807652 0.03282403250657656 0.015355434586726932 -0.23078810231841027 -0.03265371902758006 0.9994034887319001 -0.01110040184007712 0.45811528994527384 -0.01571246125171467 0.010590925997812556 0.9998208022964715 8.216380972858484
0.9993376666992434 0.033009757870685975 0.015451775306322375 -0.23194304607762978 -0.032837262561319226 0.9993963335043514 -0.011183636927443896 0.46086469494601306 -0.015813377391030545 0.010668027449844398 0.9998183984490164 8.245402244879111
0.9993316932841689 0.033151888046280144 0.01552683160160381 -0.2320856281124266 -0.03297708625489382 0.9993906503841077 -0.01127528355372599 0.4613242990077971 -0.01589297511840374 0.010755071109655071 0.9998160940565867 8.301762761298425
0.9993252385783511 0.03332004358763779 0.01560654876541951 -0.23299591422137667 -0.03314286886699429 0.9993841292008491 -0.01136271303295856 0.4639207179634631 -0.015977341834709145 0.010837189109174047 0.9998138700029567 8.314738598656303
0.99931924134299 0.03347279879739353 0.015694883860950113 -0.23350562726499663 -0.03329357373675014 0.9993784983956134 -0.01143994899269253 0.4664768601982135 -0.016069666266999058 0.010908813015504263 0.9998118517098277 8.344501279277553
0.9993134729365428 0.03359623922331177 0.015779956541552016 -0.23419020192865372 -0.03341479315276626 0.9993734808260074 -0.011514433631792054 0.46915248260145714 -0.016158687453575394 0.010978803884885351 0.9998096639068125 8.37569970713518
0.9993082998411443 0.033707640893461094 0.015859068079540885 -0.2349854809162933 -0.03352395399601346 0.9993688727214034 -0.011597404982235458 0.47181101180052537 -0.01624180519050855 0.011057384617152055 0.9998073403970372 8.405085837122712
0.999300370884458 0.033897059090246325 0.015971238523076903 -0.23605246841793306 -0.033710925105452295 0.9993615825445725 -0.011669717096555773 0.474606065970116 -0.016358400647381043 0.011122704701422256 0.9998046625379374 8.433553917495013
0.9992929670303953 0.03408345125832054 0.01606847070936609 -0.23717944314710884 -0.03389524016386856 0.9993548792441965 -0.01174268303767783 0.47744389008298926 -0.016459992901705682 0.011189131471227359 0.9998024959742075 8.46197407065015
0.9992854894140349 0.03424550805571668 0.016182297874678404 -0.2382306946896683 -0.034054940016798874 0.9993489091277168 -0.011810325041508316 0.48020593162646663 -0.016577851422000238 0.011250037555268516 0.9997999912077854 8.490562594004095
0.9992796628146722 0.034366506014202554 0.01627863875034797 -0.23929154235973504 -0.03417358372837169 0.9993441819401628 -0.01188857265112195 0.48299395395882144 -0.0166781519832042 0.011322842002079378 0.9997977459234946 8.518896209114446
0.9992722893409295 0.03453379191821516 0.016378334668971355 -0.2403986633354927 -0.034338407793898885 0.9993377099797266 -0.011958177597335706 0.4857742756188617 -0.016782204744846336 0.01138633493859267 0.9997952948999864 8.547341353743095
0.9992646381255321 0.03469800307849465 0.016491524068916706 -0.24151933798848152 -0.03450007809641472 0.9993312170841121 -0.01203652395365682 0.4885913442202767 -0.01689987854025572 0.011458177567803802 0.999792622676925 8.575413974801176
0.9992558832825145 0.034878162493433625 0.01663246089693564 -0.2427474106838726 -0.034677187966588786 0.9993243613481503 -0.01210711030791592 0.4914322828172844 -0.017045394531562404 0.011520970130245063 0.9997895671589901 8.60303188157021
0.9992476829799877 0.035052130682840084 0.01673905764226962 -0.24387372731947715 -0.03484822524046494 0.9993169521011408 -0.012193256334404228 0.49429376002767084 -0.017157174203033535 0.011600794429380298 0.9997866908196784 8.630045602044715
0.999239094148335 0.03521831972084355 0.01687572238288829 -0.24499016189028722 -0.035011751399877694 0.9993104052632694 -0.01223684253675931 0.49721595397714907 -0.017297456598064795 0.011636951442526699 0.9997835727337073 8.658936205575385
0.9992311200674029 0.035383227635929 0.016989657635312426 -0.2461502204409581 -0.035173874967606406 0.9993038121289504 -0.012321255267698518 0.500034244858563 -0.01741615696416802 0.011714332168088329 0.9997806160993837 8.68563359312165
0.9992228746237602 0.035547846865437306 0.01711775222696154 -0.24732356383610668 -0.035335209057934545 0.9992967459579736 -0.012418858279957036 0.5028846246922954 -0.0175497009400665 0.011804659736177425 0.9997772361515559 8.712346418982518
0.9992143232849464 0.03572357167394182 0.017241944618372234 -0.24752598161478506 -0.03550613487588789 0.9992884986483627 -0.012595512718289362 0.5033411981311506 -0.01768224126125714 0.011973695235688218 0.9997728554317427 8.765469501578677
0.9992061996968828 0.035923977558107396 0.01729748904179692 -0.24863228563743076 -0.03569794683840909 0.9992758992511614 -0.013045127073127204 0.505609603142065 -0.017756119316490415 0.012417395841039732 0.9997661135221252 8.779624221686326
0.9991968656726867 0.03612472136421978 0.01741961528518959 -0.24946636081253615 -0.035892972867101317 0.999265770848678 -0.01328747704713835 0.5082727844827882 -0.017889276189983237 0.012651758003045643 0.9997609571832154 8.810024564960377
0.9991867037802035 0.036334282161658446 0.01756815040838713 -0.2504390062229858 -0.0360939248089892 0.999253870013114 -0.013657412517145511 0.5105849174089921 -0.01805366540533466 0.013012249977729633 0.9997535711910763 8.846944818334553
0.9991750115335899 0.036562886328225824 0.017760727383341536 -0.25146574102066976 -0.036314621936167864 0.9992416040753587 -0.01394475898969965 0.5128225398504215 -0.018259538812781598 0.01328842532933527 0.9997462612299277 8.890193647270236
0.9991647673189517 0.03675814013026264 0.017925275347343884 -0.25258865556474147 -0.036504371227519775 0.9992322770029338 -0.01411868105870003 0.5153294075925816 -0.0184329338630952 0.013452596492062386 0.9997408520017086 8.928644333684641
0.9991502680980139 0.03704417760118392 0.018140120576842413 -0.25390548766370113 -0.036780036159669426 0.9992164398482546 -0.014526916369645282 0.5166331699296566 -0.018666462618332255 0.013847444377208976 0.9997312339727028 8.9898117753186
0.9991335775367943 0.03740231909599099 0.018340970546745362 -0.25527761489918294 -0.03713110269471105 0.9992002606814187 -0.014768367346557046 0.517794706933925 -0.018880858129448414 0.014074125473564366 0.9997243190002775 9.065032676819271
0.9991211383315497 0.03765529741296859 0.018480230908756962 -0.25647607753271395 -0.03738040447024643 0.9991895639305254 -0.014848417165269183 0.5198924720838888 -0.01902671804390692 0.014144359124568386 0.999720342819195 9.116757744576088
0.9991108722334286 0.03784858019113551 0.018634998555568067 -0.2566738483821005 -0.03757120592821897 0.9991822368127695 -0.014860767965596747 0.520919935861407 -0.01918467610584457 0.014147443968855694 0.9997172980693049 9.210526558148375
0.9991010292142939 0.03798858289481205 0.018890876870418585 -0.25601946097537465 -0.03770781974037191 0.9991772103470915 -0.014862191264564532 0.5215533097886057 -0.01944218111215683 0.014136352558972498 0.9997126258799878 9.316017877414893
0.9990905567065235 0.038150361335314076 0.01911307639005963 -0.2567519118364207 -0.03786485039193775 0.999169805035983 -0.01494542530800785 0.5227183498402773 -0.019669658911965364 0.014208189515962963 0.9997070699790483 9.380917081903167
0.9990929471889802 0.03802325247052844 0.019254264532439863 -0.25692390301610385 -0.0377233905561138 0.999165492057892 -0.015576412224838276 0.521493937738922 -0.01983271370571734 0.014835993257947424 0.9996948177804811 9.502583101602802
0.9990639280004653 0.03864457879643468 0.019502101622318715 -0.2575070283470336 -0.03832392597885127 0.9991289909711067 -0.016424217644273056 0.5196631985583974 -0.020122217129675827 0.015661785854053874 0.9996762972273182 9.64547642094051
0.9990320677506912 0.039308179682192065 0.019825263262371665 -0.2591664907903912 -0.03897858221242388 0.9991005290174643 -0.01662896031241442 0.5211521435442246 -0.020463116343091756 0.01584021141633518 0.9996668666374883 9.7247135495438
0.999003500892087 0.039953059154414834 0.01996799398914413 -0.2593844320033053 -0.039617590477299416 0.9990724048986901 -0.016802716114999096 0.5202741360394592 -0.020623046248510975 0.015995094785982458 0.9996608472105276 9.890873110091754
0.9989500798038778 0.04126728913248831 0.019968846951279123 -0.25933715032027044 -0.04092416905256732 0.9990133279286176 -0.017178088341421788 0.5172692385891196 -0.020660218747070202 0.016342978304066665 0.9996545206029551 10.075883293358782
0.9989322317576773 0.04155772708795717 0.020244161118675042 -0.25890768149582094 -0.04120705786132396 0.9989991753145614 -0.01730131898391223 0.5176461605265317 -0.020945529389469537 0.016449237238794715 0.9996466046256368 10.16383543169027
0.998934113345381 0.04142534762718976 0.020417751447841585 -0.2549135777750207 -0.04106980759462707 0.9990030715211388 -0.017381606227323907 0.5155510777632291 -0.02112016151409334 0.016525295886131157 0.999641639479787 10.359270910466869
0.9989125124256351 0.041796841097942516 0.020714685031106694 -0.2523800558873191 -0.04143471424287994 0.9989864822730604 -0.01747359175775729 0.5133862731076771 -0.02142658141486134 0.016596989743119125 0.9996339742630024 10.561503331263122
0.998889379510654 0.04210812308022159 0.021196489264458936 -0.25279822842655725 -0.041732710131816106 0.9989699864480606 -0.01771707240511259 0.5133484209003462 -0.02192323087891391 0.016813223880723285 0.9996194941891596 10.66286329881737
0.9988206183191708 0.04336280924096259 0.021896862538701847 -0.25028233967535574 -0.042946647830528865 0.9988950913937098 -0.018994660790837725 0.508771490852696 -0.02269906730956939 0.018032486249650013 0.9995809234343587 10.879489004471283
0.9987923426678857 0.04388458812975212 0.022153414363150915 -0.24804958408788716 -0.043464926342731476 0.9988736952079825 -0.018948248969389198 0.5074883952877717 -0.022962647742288306 0.017963075565694816 0.9995761846871503 11.108052780565218
0.9987771408461449 0.04397401981353926 0.022661195245737877 -0.24704193230377375 -0.04354708799535238 0.9988715348685937 -0.018880778752786986 0.5083909498517102 -0.02346839829211415 0.017871368705556244 0.9995661489108099 11.22241252826637
0.9987147432749085 0.04378027439352106 0.025588991834300707 -0.23840601676782916 -0.043293850411195975 0.9988770966216366 -0.019149171345307893 0.5043045996003045 -0.0264011533455756 0.018017198797511028 0.9994900443649148 11.469905914555051
0.9986144017828255 0.04427606254311285 0.028472339623997617 -0.23081645534854167 -0.04372950744135973 0.9988524847842665 -0.019418501549109547 0.5001162339333722 -0.029302114349472132 0.018147276481227492 0.9994068231188922 11.721468695119679
0.9985728683400524 0.04478923445503013 0.029108142378245598 -0.2293214117465146 -0.04423230974671796 0.9988307742224243 -0.01937839247193504 0.5008923247893105 -0.029944824679559532 0.018064034897577037 0.9993890697843368 11.861171209003645
0.9984762890919304 0.04593436265897524 0.030602393404670532 -0.22256411319091957 -0.045433754477559124 0.9988246984879637 -0.016748268005277643 0.5025549047978157 -0.031338994256219374 0.015333110362371056 0.9993922517612924 12.155330821605155
0.9984329553131742 0.045264975498372426 0.032916425593439554 -0.21098591301063663 -0.044772667995074546 0.9988753287513971 -0.015436526904713647 0.5014804209562145 -0.03358134593637782 0.013938998246788886 0.99933967275274 12.458110575436631
0.9983405963846591 0.04610863474469518 0.03450690869315544 -0.20773006516092754 -0.0455943747202545 0.9988380664403544 -0.015442713177762794 0.5024367657616156 -0.035182153048967484 0.013844128166462358 0.9992858723712131 12.624370225187377
0.9982031094191547 0.046008434030518026 0.03839052544852356 -0.19234111496832684 -0.0454406007575698 0.9988446147482567 -0.015434278220685762 0.4984441183705374 -0.03905955369768163 0.013662313320145057 0.9991442478456901 12.93757936885161
0.998076143991192 0.045897609518703926 0.04168620044048019 -0.17715909096639834 -0.04529691825249695 0.9988555284219578 -0.01515471851742461 0.4949980525649117 -0.04233742308499125 0.013237584308263325 0.9990164364974506 13.253767007784544
0.998002185501652 0.04647092845319554 0.04280559948155517 -0.1674476909944766 -0.04585236203073919 0.9988287247260735 -0.015238353667887578 0.4929499815949218 -0.04346700063824601 0.013245411358401087 0.9989676193149841 13.44577834776949
0.9977446560422394 0.04829967519612351 0.04661767860611642 -0.14929525997574788 -0.04761687287280167 0.9987407919304883 -0.01557157132937556 0.4890657064981706 -0.047314353341492664 0.013316811050905934 0.9987915989628194 13.783112320970316
0.9975159248985581 0.048478910987030756 0.05111817366347403 -0.12668204900338706 -0.047722498271556425 0.9987319766821132 -0.015851290029637085 0.4824926239865715 -0.05182512415587819 0.013372668797426041 0.9985672608743724 14.119680716599092
0.9973645148466781 0.04923429149786521 0.05329730073900529 -0.11625141579495912 -0.0484367621763747 0.9986938016104371 -0.016086894637240345 0.48121864377718265 -0.054023133215563915 0.013463247383982425 0.9984493345664474 14.307053487152283
0.9968033549512897 0.052988523498577515 0.05980062231995667 -0.09014002726297032 -0.052047526090760125 0.9984951081381965 -0.01712786323905696 0.47513518524285664 -0.0606218440726054 0.013960683752737733 0.998064259736276 14.67920183044083
0.9961884141508787 0.05496917904251546 0.06772173065458247 -0.05667082690084277 -0.05381606306974522 0.998372657394115 -0.018695256825082295 0.46623453328411135 -0.06864302628414962 0.01497942537384324 0.9975295818136556 15.053462495323608
0.9958638370544179 0.055311941511846874 0.07207531195395019 -0.040245767225921186 -0.054073260569225665 0.9983527507623905 -0.018984703234532906 0.4647098323423248 -0.0730105259823315 0.01500865439403898 0.9972188986268558 15.243193357885088
0.9951697814854119 0.0572431548194247 0.07974366742616856 -0.0012952734421464718 -0.05581913734963441 0.998237448464033 -0.019943013805865207 0.4564484572161016 -0.08074877214664439 0.015394827785995194 0.9966160216431099 15.622830825604037
0.9943767359747658 0.055353665372782704 0.0902709853795683 0.04926745856994845 -0.053671361225851984 0.9983346981520279 -0.020927159963032224 0.4465766920312417 -0.09128287975563408 0.015963327616607275 0.9956972530672353 15.986626682096597
0.9937196249406376 0.0556781607171417 0.09705065487532082 0.0760199070719618 -0.053846479222186446 0.9983155249960223 -0.02136132185171532 0.4436475173194764 -0.09808039250464783 0.015999921519376088 0.995049925732964 16.17553070203032
