1.0 0.0 0.0 0.0 0.0 1.0 0.0 0.0 0.0 0.0 1.0 0.0
0.999998152256012 -0.0009782910346984863 -0.0018725693225860596 -0.0032346644438803196 0.0009813308715820312 0.9999983310699463 0.0016013085842132568 0.0035333430860191584 0.0018709003925323486 -0.0016032159328460693 0.9999967813491821 0.4432106018066406
0.9999963192719812 -0.00135203039191234 -0.002528939954242304 -0.007608308587101195 0.001356906055646423 0.9999973426506208 0.0019879893101553137 0.00617493069864633 0.0025261719996843013 -0.0019916881914125995 0.9999944562474381 0.641666300754388
0.9999836947666875 -0.003150644536005067 -0.004910490567892839 -0.015535448478477718 0.0031664204895671916 0.9999899553673884 0.0032672029990676484 0.010875174310757234 0.004899855138505968 -0.0032830179383992676 0.999982254265036 1.081992715770129
0.9999637369343639 -0.004909827224768686 -0.00709412029938661 -0.026836744399749892 0.0049407247721728565 0.9999785840340862 0.004406148228371142 0.0163360577672338 0.0070718906895006 -0.004441397155029885 0.9999648301499331 1.5464544557519626
0.9999559894822323 -0.00538710945221286 -0.007830644004377014 -0.035074863603633336 0.005425640461780271 0.9999736794578677 0.004975369152067776 0.019961767160081304 0.007803233888768713 -0.005018133145174386 0.9999566796987354 1.7769970697942377
0.9999200637742759 -0.008645333150077327 -0.009359102091860628 -0.04643200465946275 0.008710933728145144 0.9999381214543673 0.007028596418438419 0.027594326956306967 0.00929743841105288 -0.007109991759183842 0.9999312155714393 2.2643375146121514
0.9998585173027441 -0.012365068071677398 -0.011548162779502423 -0.060434716143393276 0.0124769051759913 0.9998760192610415 0.009702876295629723 0.03802406192896432 0.011426376898455388 -0.009845866357383586 0.999886146306749 2.7652114166697483
0.9998532646131022 -0.01216993248512044 -0.012201052678292594 -0.07146598137750451 0.012294846398103706 0.9998726144405347 0.01024560840468404 0.04287215246527716 0.012074360195572155 -0.010394329590844829 0.9998729815381897 3.0238980713050876
0.9998327453269389 -0.011725152176638855 -0.014125693747277995 -0.0879595257430018 0.01187200988247587 0.9998763197111249 0.0103582805424928 0.04748618627074917 0.014001621848658002 -0.010524245092238777 0.9998459577480452 3.53143476590962
0.999801656047174 -0.011566244172404193 -0.01631453982899616 -0.10390717524582456 0.011699011912800317 0.9998994655771772 0.008080255874437786 0.04693243643923375 0.016219205603149583 -0.008270062184639491 0.9998342246259407 4.035741788173828
0.9998076162964777 -0.010627141678973778 -0.01658627716868811 -0.1143866604334122 0.010754532323328903 0.9999137510920721 0.007628297195197479 0.048141493762562215 0.016503666898000664 -0.007805748299937687 0.9998334434861944 4.280808375626797
0.999797960301788 -0.008882167038417947 -0.018127073551301227 -0.13320087308576334 0.00900458349324365 0.9999378989303047 0.006703790262962849 0.04825221560005146 0.01806648058875605 -0.006866536441189387 0.9998136855300634 4.79717593993589
0.999710984589812 -0.010487737551088184 -0.021729838570778478 -0.15207760940921342 0.010601503144414619 0.9999319608140734 0.005163655311406047 0.05037016162199341 0.021674662908653813 -0.005393884248494142 0.9997514203839887 5.312717766696977
0.9996962290871177 -0.01027617615703042 -0.022483807840075292 -0.16530326337006257 0.010377457510398317 0.999937864761629 0.004422010933447499 0.0505573765936586 0.022437348349790064 -0.004655280160654172 0.9997382676675008 5.578308885949846
0.9996871445691482 -0.009342389479230682 -0.023299659445082437 -0.18573909537591032 0.009425891465499842 0.9999510409421469 0.0035124257714326266 0.04953183137046606 0.023266320975340087 -0.00373231141674559 0.9997233472917888 6.115314584193476
0.9996336540348044 -0.009279405868183677 -0.02551257127715787 -0.20824746417344644 0.009372102193372709 0.9999514198609926 0.003549281036096776 0.05147361619005673 0.0254789112362022 -0.0037884538467692426 0.9996692571390893 6.677575110556397
0.9996191689500128 -0.00854782072985591 -0.02631857755365579 -0.21988952252674188 0.008634742877779019 0.9999591253584533 0.0032246738795741903 0.050225395012181984 0.026290413928194447 -0.003451862424929105 0.9996495414283224 6.968608404804615
0.9995881537314419 -0.006727558295559956 -0.027973408103189823 -0.24244313448877974 0.006780651679295097 0.9999768658220021 0.001834590605099446 0.047451059397779015 0.02796083613428487 -0.002024927860167454 0.9996079539892792 7.5077148253415515
0.9995495367936552 -0.006954353587893693 -0.02926896459476536 -0.2627614227479331 0.006987115482019851 0.9999765417574744 0.001049014887046029 0.046190107365005 0.02926147588801784 -0.0012544088908615645 0.9995720676408756 8.07005432161175
0.9994148706350372 -0.005999223267619223 -0.033742629076311245 -0.30178265150762146 0.006069566407050559 0.9999810276080909 0.0020087188889305104 0.04864838592828746 0.033730410577036816 -0.0022136696131435647 0.9994294471154879 8.940404288697964
0.9993036118966082 -0.005823769278360446 -0.03690896666658242 -0.3307919175455397 0.005953322032404397 0.9999775578662992 0.003419125305906259 0.054110898241960075 0.036888876557197414 -0.0036380408775190487 0.9993134454206747 9.540150913231608
0.9992777093060679 -0.005291263497708458 -0.03768131577416314 -0.3479681857277874 0.005435082296428536 0.999979354507493 0.003727689398053937 0.05717213546657412 0.037661300069829116 -0.003931131038609677 0.9992835046307948 9.836929011340697
0.999173356623817 -0.004161941856090466 -0.04048489667926768 -0.38104046138229886 0.00437505339934685 0.9999780312746757 0.00518956928624644 0.06320327778962365 0.040462865047862694 -0.005363592596545521 0.9991670806608434 10.422207704400787
0.9990197942437016 -0.003891093854797676 -0.04413432269817406 -0.414725364907146 0.004159587649766641 0.9999743349940821 0.006006150839990206 0.06853492382133743 0.04411028069984419 -0.006185254743732457 0.9990078681760185 10.986383883803212
0.9989830202472939 -0.0035328841473157065 -0.044992861069525276 -0.4349498470289178 0.003805580567428768 0.9999757769836136 0.005991577003900032 0.07024200194474384 0.044971138029395244 -0.006158161739235727 0.9989696688105743 11.274004264412898
0.9988736784696558 -0.003138837480781817 -0.04739083753274684 -0.47097866881155753 0.003380995085236721 0.9999826810271746 0.005048324617683061 0.06951878429373837 0.04737503710075022 -0.0052047855552628955 0.9988643399342619 11.861677883242987
0.9987830472224517 -0.0024339037761918363 -0.04930164953223236 -0.5096816420435382 0.00264485176291338 0.9999889374525864 0.004231393121627255 0.06944835565460071 0.04929197492902467 -0.004358736241537524 0.9987759012136572 12.47131461078595
0.9987174420492422 -0.0027827849173339223 -0.05059667452239775 -0.5305112008235353 0.0030118015530546786 0.9999870813891256 0.004468344581708406 0.07180184684446139 0.05058471096428683 -0.004617287352165794 0.998710134719876 12.763369308595415
0.9984736254443191 -0.0030049381670225247 -0.05519583540562251 -0.5741806686935331 0.0033245700449314043 0.9999800261420565 0.005719288244724625 0.0773593170546688 0.0551784786025001 -0.0058958824512809465 0.9984604261647817 13.390838623363985
0.9981525232839907 -0.0030916561129155115 -0.06071402236314731 -0.6222124368258127 0.003557439499755362 0.9999667771387786 0.007581975301535149 0.08541475442180985 0.060689815369666125 -0.00778600899188418 0.9981272658481702 14.011906625316016
0.9979823175651626 -0.0029096627263315426 -0.06345246868997148 -0.6510937994662779 0.0034602815506997384 0.999958516792991 0.008577332356812272 0.09045590223072396 0.06342615908402692 -0.00878160404416408 0.9979488257628947 14.333519859614464
0.9975859610126137 -0.0027290916190731694 -0.06940968840785239 -0.7062546108541777 0.0035337187731745703 0.99992926605546 0.011477948107320928 0.1015139672821769 0.06937496298805089 -0.011697746179541535 0.997522766264972 14.96163199941588
0.9971277148147649 -0.0024678358261630705 -0.07572076307223245 -0.7607681416282888 0.0033567130961483847 0.9999283885760825 0.011620611813854707 0.10818312713414963 0.07568828536515855 -0.011843914342624315 0.9970621391357193 15.583421056042795
0.9969487479869965 -0.002046790514739217 -0.078048892256251 -0.7917788104656268 0.0029651113446368138 0.9999291162923476 0.011656962895875958 0.11150977076063166 0.07802091571961603 -0.011855092792326804 0.99688191530226 15.894709904591057
0.9963569333963933 -0.002494761564841119 -0.08525909182781746 -0.8541002992187476 0.0035091475663917675 0.9999265690918041 0.011754126493722808 0.1183502201937848 0.08522488961232831 -0.012012753368642418 0.9962900714801743 16.522985753093298
0.9957099513769515 -0.0036942204699423114 -0.09247103347094729 -0.9202773914331885 0.004736204021167999 0.9999292922301247 0.011054903331811005 0.12408047717165496 0.09242497110081778 -0.011447602636896724 0.9956545753473338 17.14541154233548
0.9955103292026655 -0.003616815815381071 -0.09460160987705155 -0.9580155866017466 0.004652852691883354 0.9999331703892261 0.010739405975553491 0.12590447107504069 0.09455791192121414 -0.011133768992622022 0.9954580444630797 17.45970807584774
0.994953855344691 -0.003089596299814052 -0.10029796784970892 -1.029919767913934 0.004180737770901362 0.9999356152473748 0.010675102067690645 0.13080089981574464 0.10025954289945721 -0.011042585819645784 0.9949002614040275 18.071480627226833
0.9943494408254062 -0.0028798257933162997 -0.10613058769606945 -1.106350255042704 0.004080690289899454 0.9999313486538085 0.011104379725250468 0.13809166166241493 0.10609241987646377 -0.01147690455279316 0.9942902758776664 18.69040928426335
0.9940950338473861 -0.002914627531187194 -0.10849089761427572 -1.1485376058691974 0.004171793895694956 0.99992838427397 0.011369795961303764 0.1417849885018886 0.10845145370572534 -0.011757660989153663 0.9940326113519707 19.008206690167448
0.993463858124164 -0.002230686822742238 -0.11414140587115187 -1.232639330074305 0.003637221480480549 0.9999215633869909 0.01212348050862539 0.14988940346587665 0.11410703417787665 -0.012461758061752733 0.9933906021397231 19.640102579894553
0.9928023540253407 -0.0029301145557100727 -0.11974578726965485 -1.3167037962132162 0.004544731184757833 0.9999040270015851 0.013220853562904531 0.16028972186490908 0.11969699534546063 -0.013672198268206334 0.9927167496655405 20.265694955406342
0.9924988899065408 -0.0033192135630432137 -0.122226182379302 -1.3637014727528038 0.005028654891959628 0.9998953703559527 0.01368586682469405 0.1651794585455071 0.12216927506763231 -0.014200224775589835 0.9924082339650022 20.584390330980646
0.9918149753308015 -0.0036078354216905134 -0.12764625371179655 -1.4510941280716432 0.005484080316955764 0.999883250472753 0.014355279364668976 0.1741069647388292 0.1275808053619932 -0.014940139070423663 0.9917160157767114 21.185956912796637
0.9911006043455142 -0.0032994090555508427 -0.13309235405809508 -1.5442532141127931 0.005339203791081989 0.999875013923174 0.014978255229634837 0.18367689877217722 0.13302802220346413 -0.015557963355258931 0.9909908629611025 21.799285426262855
0.990886027530809 -0.002745407876841368 -0.13469132920215196 -1.5950143643188914 0.00483299878771079 0.9998744819905452 0.015179522045834769 0.18897745949804245 0.13463448237384443 -0.015694304369416757 0.9907715079642915 22.10884103133884
0.9901933865517715 -0.0021729937793857844 -0.1397020565387461 -1.691930037256234 0.004368577264875522 0.9998729395842246 0.015415984695628366 0.19764702243009283 0.1396524215752027 -0.015877511132097157 0.9900736939581711 22.715788413516808
0.9892785492335459 -0.0033722472046768936 -0.14601638119010615 -1.7895300635725992 0.005632748855345051 0.9998717074560707 0.0150752681240702 0.2060544274234159 0.14594841969420497 -0.015738445977934546 0.9891673125417142 23.318027904924858
0.9890347779467248 -0.0033818680403400908 -0.14765786502183928 -1.8414696520125176 0.00566964799491477 0.9998712437287466 0.015080409349104953 0.20837634859044096 0.1475895593048377 -0.015754486594285955 0.9889233566544903 23.64090370975204
0.9883775327312193 -0.00296637691554947 -0.15200184717213228 -1.9421155780742143 0.00539462989721993 0.9998650546827403 0.015568835114095129 0.21755232367254612 0.1519366889799781 -0.016210032253788545 0.988256986640002 24.248749069845353
0.9876936022406 -0.0020960577467155177 -0.15639832945263926 -2.0469170992369885 0.0049720318070486606 0.9998264203178351 0.018003265705650553 0.2321279378658534 0.15633492727492462 -0.018561414451912207 0.987529382421605 24.862649872496984
0.9874060010536502 -0.001435006906766661 -0.15820914126127242 -2.103480432399683 0.00454167934882973 0.9998044457816236 0.019278044867759435 0.241171026938417 0.1581519137336444 -0.019755631338421325 0.9872167579001714 25.17450851202874
0.9868718712904587 -0.0005187733011112044 -0.16151504116868015 -2.211622280144049 0.004266763983257228 0.9997302992656539 0.02286132570859667 0.2595476895371623 0.1614607007555057 -0.023252120190358806 0.9866049031006644 25.789095299630606
0.986254656284902 -0.001381162679322746 -0.16523999640695378 -2.326773892711504 0.005770304114514473 0.9996439318346528 0.026088555973629364 0.27936871601499924 0.16514586984059318 -0.026685077328100396 0.9859079848161402 26.438805985281217
0.9860139915215702 -0.0016043899232546595 -0.16666746679374717 -2.3901506778681987 0.006119214981529305 0.9996287000807708 0.02658104755835247 0.28834149729903824 0.16656371767367292 -0.02723075414009607 0.9856544350665026 26.770613810792288
0.9854221141669495 -0.0015793684685884663 -0.1701346046117083 -2.5037364001258955 0.006275162072499847 0.9996148814323194 0.02706912419214974 0.3037407870908002 0.1700274048432131 -0.027743912733998143 0.9850487721211539 27.377634521629304
0.9848637008218435 -0.002877519148706474 -0.17332058810645706 -2.618393309109746 0.007762914604398998 0.9995919458748388 0.027518510001715138 0.320501585657383 0.1731717221166264 -0.028449189000511795 0.9844806400887944 27.990152593184636
0.984638053121722 -0.003972186110591615 -0.17457950873299205 -2.6828448040780466 0.00897052996521631 0.9995728906866627 0.027855614749921497 0.3301074619078871 0.17439538520952974 -0.02899547490394024 0.9842487921736872 28.314161301280095
0.9841945204555073 -0.006298237761423124 -0.17699451207129513 -2.799863196747405 0.011351488561792331 0.9995571375313399 0.027556418003788333 0.34543306923075745 0.1767436036432141 -0.02913156954360549 0.9838258128375462 28.926488171342367
0.9840023730288147 -0.005495867526051794 -0.1780875129599956 -2.9150034390132715 0.010191917786226908 0.9996252171325392 0.025469621481392122 0.35429309029504846 0.17788198961670473 -0.026878936261108065 0.9836850243450346 29.51990755717578
0.9839802585531412 -0.005372801671358252 -0.17821590915239285 -2.974787452583807 0.010021636419261406 0.9996340319581914 0.025200817912835703 0.36034595306239686 0.17801676068105385 -0.0265851237234244 0.983668981903962 29.827414436285103
0.9837110940066289 -0.005992305083497905 -0.1796759888630898 -3.085394429981053 0.010275135340630103 0.9996863136011043 0.022920713542481142 0.3675161444397907 0.17948359729030763 -0.02439527191620226 0.9834591731048457 30.406168330152074
0.9835590334576457 -0.006226489045643824 -0.18050032611061947 -3.1985402003429213 0.010393846598965095 0.99970232639433 0.02215804054101954 0.3761076191337949 0.1803102166633708 -0.023671749283792582 0.9833257376219029 30.99985307196921
0.9835574175435973 -0.004321550558383589 -0.1805640798791776 -3.2640600670520317 0.00857407819128521 0.9997054327912099 0.022785448364447052 0.3866502680110397 0.18041403011036047 -0.023960970235987266 0.9832996534118216 31.32360443958918
0.9838095718316329 -0.0021245959100418418 -0.17921993626127233 -3.3829616461371623 0.006970442128428642 0.9996281000723107 0.026419216411960145 0.4080335540367335 0.17909972859333068 -0.027243050479361677 0.9834536639827713 31.975830304764855
0.983934758819687 -0.0011057200490163727 -0.1785399367349929 -3.5047877588243432 0.006128201166574252 0.9996021251830001 0.027587432888039054 0.42750332204455266 0.17844085088070344 -0.028240641500242972 0.9835452305352771 32.648758330508336
0.9839516635232918 -0.0007963304124094814 -0.1784474459109403 -3.5678796140688664 0.005817153643690191 0.9996027760515009 0.0276201811579252 0.4364045355920695 0.17835698487404555 -0.028217039707137858 0.9835610410815933 32.98667358931704
0.9840375691811616 -0.0008940346122768675 -0.17797192440148646 -3.684359502087445 0.005861129251682858 0.9996087729957247 0.02739174908304262 0.45007984671815227 0.17788028758791527 -0.027999712769310445 0.9836534281338501 33.633493183199974
0.9841350587393224 -0.0009029188095329452 -0.17743602914065093 -3.7959489254960905 0.005437785012156087 0.9996720937025141 0.0250798168993342 0.4575141398699208 0.17735827051493308 -0.025649251976886236 0.9838124705688274 34.25958492284123
0.9841802471749996 -0.000998043391639004 -0.17718674716365052 -3.8543380056560967 0.0055198327246815905 0.9996727109451722 0.025037130892026648 0.4644392921941093 0.17710702274663884 -0.025621848529232927 0.9838585189068386 34.57648986311134
0.9842316136885054 -0.00010981917688350677 -0.17690215613251561 -3.970323087956658 0.0045977126690066135 0.9996786313653558 0.024966282279439474 0.4780498145879449 0.17684561377715946 -0.025388152641321934 0.9839108489180238 35.198046968411056
0.9843537887212656 0.0009954904304546712 -0.17621884354085954 -4.087151758159814 0.003563961198813522 0.9996682319096811 0.025562406724888413 0.4942112875143467 0.17618915589708448 -0.02579301078329916 0.9840184579994978 35.836188289111824
0.984383710028285 0.001356904420183579 -0.17604953381496954 -4.148352484018532 0.0032400805723460163 0.9996626774044547 0.02582915302937848 0.5033638835790473 0.1760285400346696 -0.02599896344735897 0.984041787999959 36.163296899453364
0.9843285398034972 0.0011945133913795665 -0.1763588922991508 -4.269032924543658 0.003573345065983824 0.9996376338919154 0.026719843942303364 0.5214949438141677 0.17633025216585438 -0.026933792130229 0.9839625151649634 36.821569862587374
0.9843087023841824 0.0017136907916909165 -0.17646528444393464 -4.389587882192864 0.003088080120639517 0.9996333181394974 0.026937380128568462 0.5376606598349175 0.17645015404094955 -0.027062085712074017 0.9839374774766085 37.46489468153086
0.9843193435035482 0.00242657686955749 -0.17639710957344548 -4.454247815347925 0.002344788462000833 0.999637871369869 0.026840381939834144 0.5462098650458977 0.17640177994025824 -0.02683549234714597 0.9839522391702211 37.79700549008994
0.9841942557183234 0.004610771774384067 -0.1770504942634002 -4.579597382423348 -0.00022967528200556597 0.9996944323820072 0.024762261411459485 0.5570296996613088 0.17711408310390328 -0.02433307434066602 0.9838894924170136 38.44052643342284
0.9838335997259712 0.007723329986786714 -0.17893782151564155 -4.706681621240202 -0.003800315295724258 0.9997462595154547 0.022260992439089876 0.566119646078441 0.1790678516447202 -0.02122406588557529 0.9836079141247085 39.06430737851653
0.9836851576127452 0.008388031427511378 -0.17972059327302808 -4.77141247880295 -0.004501898025477213 0.9997483151562409 0.022023281620572776 0.5731000928274101 0.17986322479356076 -0.02085719069752975 0.9834701634158376 39.38280632694841
0.9828378839743869 0.010281848275836634 -0.18420042821296484 -4.903648992850647 -0.006035627498424737 0.9997040393035452 0.023601064231116336 0.5915084103995388 0.18439176937596571 -0.022086464799088757 0.9826037413482424 40.02146007712547
0.9819983694610519 0.011557756235331257 -0.18854938988696943 -5.039330378116706 -0.006711763196948361 0.9996317749095573 0.026322726262490433 0.6131378054907966 0.18878755628324592 -0.024585516128145638 0.9817090777203665 40.69026701942329
0.9817176451729044 0.011794948113591306 -0.18999063745851938 -5.112206572435522 -0.0067949798475944725 0.9996145781978445 0.026949957483344063 0.6250684934307756 0.1902385211555128 -0.02516841505417387 0.9814140486192767 41.03769361897981
0.9810200471334826 0.013092898844561999 -0.1934767896249014 -5.248454505241602 -0.007866429876744938 0.9995847076130341 0.027759808789407356 0.6450030607694104 0.19376325664814967 -0.025713370725605592 0.9807103605262802 41.675892145282205
0.9803644105555991 0.012918805960528317 -0.19678379900419182 -5.380094026587691 -0.0076173465203181094 0.9995892041772461 0.02767646505018402 0.6622322538864657 0.19706366733111103 -0.025636485560319538 0.9800545225789203 42.29229777313254
0.9801831939909458 0.013099852832518 -0.1976738999577342 -5.449500313825998 -0.007883303920006838 0.9996015536541326 0.027157407944178764 0.6699355673507796 0.19795432227455015 -0.02506367590563992 0.9798902141251761 42.60026572537128
0.9795008195288321 0.01306535083590718 -0.20102875305872595 -5.585307020732479 -0.008094870894511365 0.9996423039339754 0.025531169127169892 0.6829973087879275 0.20129345154833778 -0.0233825788235385 0.9792505952627518 43.22034782674757
0.9786912573100977 0.012590574471970904 -0.20496401923406546 -5.730028838328891 -0.006984616963567896 0.9995831823084917 0.028055120664606203 0.7058462341184304 0.20523485604645575 -0.026027814026997165 0.9783652863708754 43.87652277076012
0.9783806225502114 0.012780797704561992 -0.20643315278111846 -5.8119125710885635 -0.006847561564975375 0.9995445849846708 0.029436369216098067 0.7193081639503514 0.2067185182776845 -0.027388438107150293 0.9780158836250659 44.228041399623706
0.9776231798133052 0.012701552355202294 -0.20999713856358773 -5.9600820277079 -0.006260308496809235 0.9994912093682684 0.03131486526435049 0.7426200093921748 0.21029119951238195 -0.029301697597576414 0.9771985380434189 44.87789469053384
0.9769274553200834 0.013073004972257921 -0.21318749004660859 -6.112153635323644 -0.006435895390254913 0.9994744923218777 0.03180265969778756 0.7647777759045697 0.21349400284557501 -0.029698716197259452 0.9764915674557904 45.53006924459398
0.9766523624698655 0.013104432577124634 -0.21444281329772125 -6.1943946197356805 -0.006358934861238431 0.999464954154762 0.03212155760672362 0.7771983690540285 0.2147517802975895 -0.030009910345984308 0.9762061401287199 45.86994427205184
0.9757535530765609 0.012296546528944872 -0.2185426382235464 -6.343555548335007 -0.005370248493703042 0.9994661619996125 0.03226466351738345 0.7979303766145371 0.21882540624616487 -0.030310602431839872 0.9752917805610751 46.49789014187718
0.974949559141313 0.01283161226765555 -0.22207230187660018 -6.5019238109032464 -0.005732817406038217 0.9994536356035839 0.03258660355780603 0.820108385660891 0.22237162558670903 -0.03049870410533187 0.9744832323265036 47.148317656730555
0.9747569075440845 0.013107581172182515 -0.22289986776916676 -6.585759298043181 -0.0059344658990899135 0.9994445924152779 0.03282520725174853 0.8328505660087135 0.22320866855992375 -0.030675034193738338 0.9742862933003215 47.48094533953675
0.9739713203118376 0.012804038004771152 -0.22632403410626897 -6.743256534804082 -0.00534917793831719 0.9994246290134603 0.03352556306971378 0.8560032211848886 0.22662527965339538 -0.031443565204265174 0.9734726951060678 48.12132547163568
0.9729204055446123 0.0131466392475528 -0.2307781011572779 -6.907294515804015 -0.005193478588596898 0.9993733814694312 0.035039178962835656 0.8823608870078522 0.23109659049091477 -0.03289318522689964 0.972372660350966 48.76729794574958
0.9726110265783133 0.013451683612416228 -0.23206196055787398 -7.001879205493582 -0.005377107214378521 0.9993601730289039 0.03539566083906976 0.8963918816674644 0.23239212568549958 -0.03317982304077114 0.9720543107343868 49.14531908097319
0.9718650278820613 0.014340919058811269 -0.23511390590164769 -7.167783325087133 -0.0061215638059621555 0.9993464640069123 0.035655367569216195 0.921338300293853 0.23547400513298272 -0.033214235512213565 0.9713110966749403 49.796502003148035
0.9707971084422016 0.015369123250786147 -0.23942140894262254 -7.343691121144168 -0.006800697559499951 0.9993089908078486 0.03657684516603587 0.9495392329551292 0.23982043296134334 -0.033881623337614214 0.9702239809195656 50.46859806034815
0.970181681275418 0.01574002712104649 -0.24188182231760527 -7.439461620659719 -0.006922897987605713 0.999283447815123 0.03726493606498667 0.9660346645433079 0.24229755341872214 -0.03448082869905242 0.9695876263618073 50.81903329954555
0.968735418824133 0.016123254132930614 -0.24758550256129014 -7.621252999578857 -0.006880386888261889 0.9992500667101932 0.038157788905017975 0.9947873990407228 0.24801744774212103 -0.03526295069730084 0.9681120917175146 51.485350650539175
0.9672707583412113 0.01616639589896342 -0.25324520343990375 -7.802166998522275 -0.006589168248159561 0.9992343505491756 0.03862642989379392 1.0223927620514492 0.2536783859096671 -0.03569535489597139 0.9666287118511456 52.13698903805208
0.9666872146270968 0.016248768470296902 -0.2554560176001561 -7.90091564985149 -0.00652236620071609 0.9992243903089154 0.03888018473342769 1.0371468270952415 0.2558920187010859 -0.0359201790265425 0.9660360309363503 52.47635863002688
0.9649099365905494 0.016351519191599155 -0.26208282503286623 -8.093484838688486 -0.006224391544591814 0.9992050432166236 0.039428577235165296 1.0659619344187512 0.2625214572075654 -0.03641522867817313 0.9642370799392229 53.13809516001761
0.9630058947534186 0.017009264478696783 -0.26895456087489333 -8.292622905831616 -0.006682015578405131 0.9992083116541686 0.03927048214420263 1.0939250963323146 0.2694118615807675 -0.03602197770388017 0.9623496896386429 53.80163591549922
0.962137564903775 0.016834951856034244 -0.2720561362664506 -8.399251810219099 -0.006278977874733716 0.9991970859990027 0.039629460853006365 1.1098166999248604 0.2725073306248036 -0.03642231325732014 0.9614627053035342 54.14687445911574
0.9599773094460713 0.01594928934830423 -0.2796350062743332 -8.606522427668379 -0.004888535601719661 0.999181448809038 0.04021107929546141 1.1404273626437424 0.2800497820515525 -0.03723618575042564 0.9592615895965521 54.817956833165994
0.9577135453733262 0.01526675881982576 -0.2873297943217727 -8.821331445582654 -0.003726117947269324 0.9991676000454193 0.04067300847328261 1.1710669736402595 0.28771401907464467 -0.037884184991857514 0.9569654253650061 55.492269593779795
0.9563366007983249 0.015089613218900674 -0.29188890594689726 -8.938937980766733 -0.003275445998513877 0.999158931669202 0.04092540111576874 1.1869015911280458 0.29226353232752594 -0.03818421330234599 0.9555738556060157 55.845777036762094
0.9538547004186296 0.014700583025298702 -0.2999199745464436 -9.16453677770849 -0.0024896650361761327 0.9991560319531878 0.04105976422786378 1.2166017367798838 0.3002728443659999 -0.03842009492314954 0.9530781235245914 56.5177703893982
0.9515111096262644 0.015334779054109158 -0.30724338900396636 -9.40161800311099 -0.002620158602091102 0.9991266011626355 0.041756743216865254 1.2500527415347176 0.3076180504756535 -0.038928850965230744 0.9507124314603819 57.20058623436774
0.9501181634391938 0.015909744496559363 -0.311494528168424 -9.531245326418906 -0.002912991646175826 0.9991092297517967 0.04214850042751258 1.2676562411704613 0.31189007919726647 -0.039140541379594676 0.9493104608787848 57.56362804338495
0.9476441927066145 0.016940298320754305 -0.3188888648478279 -9.78072007986291 -0.003709126169814303 0.9991103830772946 0.04205676760588278 1.2986889826413035 0.31932019929832817 -0.03867387426888593 0.9468564718416063 58.263888929014286
0.9450907505724717 0.01757739266506693 -0.3263448348296445 -10.02871642574192 -0.0037909985597791834 0.9990770309122656 0.04283605407568338 1.3340125464768942 0.32679911427155695 -0.03924873622629164 0.9442776621566861 58.9409498486506
0.9435913460728208 0.017914111386592223 -0.3306377476453006 -10.165991227298537 -0.00373977346784993 0.9990503092878662 0.04345956787569413 1.3533484176362733 0.33110494137406804 -0.03977359780321021 0.9427548714534679 59.30746556283577
0.9409477835361753 0.018308053434719668 -0.33806704901154533 -10.429955765602548 -0.0037279626767826035 0.9990388695153735 0.04372999233012566 1.3876552458735716 0.33854555120578456 -0.03988950275454628 0.9401040804497605 59.999722596308274
0.9383323748759848 0.019889337536767953 -0.3451727731576419 -10.69449760653629 -0.0050647965489107084 0.9990298237183177 0.04379990105756532 1.4212714757945293 0.3457118903774541 -0.039352862135230066 0.9375153754515722 60.66880583690202
0.9368702653674441 0.020518505672075207 -0.34908396744913184 -10.83848693289662 -0.005404272070292861 0.999009334990278 0.0442189143698464 1.4401063950261923 0.3496481601800032 -0.039542886792751406 0.936046047710216 61.02655281732531
0.9339999201951616 0.02061222583126857 -0.3566858531137722 -11.108650003665955 -0.00513768065348148 0.999007780404318 0.04428068382361083 1.4726849702972429 0.3572468186133637 -0.03952749807331035 0.9331723247110711 61.69289533689864
0.9310130200557778 0.02081556507632867 -0.36440014578447694 -11.39066682308351 -0.004780785275116383 0.9989839006463819 0.044853476952240026 1.508701106160483 0.3649657680425926 -0.04001897972682593 0.9301599725522912 62.373370418723255
0.9293226763007612 0.021324615176574364 -0.3686594163787326 -11.548208330126247 -0.00479256358874269 0.9989449957759857 0.045704525107973994 1.5303724035751305 0.36924692085258143 -0.04070900754454975 0.9284383948427039 62.74335911989598
0.9264469468422873 0.02190364774931594 -0.37579539252682637 -11.844858833611575 -0.004530100096013237 0.9988839773516286 0.047056005273308076 1.5698963543294673 0.37640840666912245 -0.04189424746956428 0.9255059883339257 63.43678010379669
0.9233553567135696 0.022227667819462463 -0.3833109207413816 -12.147213046902305 -0.004284642393562327 0.9988590394029544 0.047604468538116264 1.608511825015126 0.3839335528414878 -0.042315174609685396 0.9223909823289682 64.12721484231538
0.9215479581825318 0.02266238171308603 -0.38761186950497895 -12.305967663374961 -0.004344707890815366 0.998836624833148 0.048072224750222714 1.6283984247354977 0.388252649740832 -0.04261874103852609 0.9205678937815437 64.47730497501442
0.9186085268519616 0.023179086040700635 -0.39449776264277314 -12.61399704181207 -0.004256213216321451 0.9988027595577766 0.04877777908284124 1.6670811682045632 0.39515878487182354 -0.04313068607023568 0.9176011226064582 65.15831125302782
0.9153980479279943 0.022777601758720515 -0.40191416836935534 -12.917583910903083 -0.0034032045867776906 0.998802158396383 0.0488568202533524 1.7036612608932507 0.4025483015012311 -0.04335763118744007 0.9143726981747112 65.8191109224704
0.9136776708093121 0.02304870308361287 -0.4057946421604393 -13.079374452683991 -0.0033652093891676734 0.9987876468954917 0.049156236859079536 1.7225411071856542 0.40643857985027376 -0.04354950317038856 0.9126411149266128 66.15749796451226
0.9103707635126522 0.02314290284596839 -0.4131546505104226 -13.381276387751534 -0.0032343066295118417 0.9988042244635955 0.048824213625509656 1.7556178388333614 0.4137935833113577 -0.04311394849513245 0.909350657300049 66.78842241689753
0.907336906878003 0.024137684718682197 -0.4197184626456669 -13.695029756196995 -0.004229678992573324 0.9988258902276365 0.04830070834265658 1.7882603756041136 0.4203943885756574 -0.04205169091663823 0.9063674459123765 67.43995141644102
0.905908630072485 0.024396938178079277 -0.4227772112740713 -13.86509924265528 -0.004213836948687814 0.9988108262442105 0.04861131663884509 1.807695007042024 0.42346331421877154 -0.04225785153383274 0.9049280050032797 67.78932645929171
0.9030753283355841 0.0251599197240094 -0.4287515625064502 -14.188189862923444 -0.004191361318575532 0.9987529438849938 0.049783574299140834 1.8464701948721534 0.4294721584431556 -0.043162920072623616 0.9020486770004923 68.44568836069715
0.9001873678138774 0.02542297225657997 -0.43476706987630315 -14.515840963771872 -0.00361111163125718 0.9986976523919071 0.050924883093852076 1.8863885835060668 0.43549833192136833 -0.044273828172888614 0.8991006861208494 69.10321136566246
0.898812803470868 0.025606391971344105 -0.4375911231251878 -14.696660559653433 -0.0033167830671460086 0.9986625613154657 0.05162850237515857 1.9091644614368333 0.4383306834386612 -0.04495470343348976 0.8976894018670579 69.45635141293555
0.8959607571307692 0.026173102323732055 -0.44336698209348446 -15.027112896296822 -0.0028694838414875527 0.9985836975272154 0.05315249321309234 1.950668866081376 0.44413308113791433 -0.04635206913539592 0.8947612557529333 70.09963880495823
0.8930042828775164 0.0260964526146482 -0.44929611341453485 -15.35756650744536 -0.0023541501740705485 0.9985759014649274 0.05332341441498635 1.989172211298124 0.4500505376130789 -0.04656202837328409 0.8917880772414314 70.73343582876865
0.8919020335784716 0.026113756096841884 -0.45147935332538797 -15.538794129318122 -0.002215211062947032 0.9985728606020248 0.05338395504085094 2.0098024597556052 0.45223202900215403 -0.0466149864350963 0.8906811643477456 71.07070555917093
0.8889459332265327 0.026449900690649987 -0.45725294388798254 -15.875365593601495 -0.002316330848482591 0.9985792398922038 0.05326219173828021 2.0469462805256637 0.4580148459706348 -0.046290000758934906 0.8877383116995615 71.69965059957549
0.885980750004688 0.026758711756414456 -0.4629545203756257 -16.22011753098038 -0.002240633025979256 0.9985706460968284 0.0534316361465881 2.0864807925264626 0.46372537020893706 -0.04630407777042838 0.8847682957779764 72.33417323367836
0.8847784303525175 0.027094656384969103 -0.46522888912489463 -16.410324015199787 -0.002272356867205197 0.9985487463883971 0.05383534501607665 2.109638804571123 0.4660151436030421 -0.04657706998109496 0.8835499426642015 72.67668427542269
0.8819555056910473 0.027664120799606173 -0.4705256055335218 -16.76202305455646 -0.002107176912099534 0.9984988774027694 0.05475820357586102 2.1517943834033595 0.4713369508716205 -0.047304704421068766 0.8806836302373369 73.31287600965365
0.8791522841314048 0.028111502488433762 -0.4757161089458108 -17.120696386294266 -0.0020888003372551076 0.9984775150827621 0.05514501043769795 2.1933813362572963 0.4765448120962232 -0.04748894072538361 0.87786612410666 73.95303800570598
0.8781581805753635 0.02826747477042905 -0.4775399992038274 -17.305674235952072 -0.0020628686359078353 0.9984684492726896 0.05531231660809931 2.215118667875536 0.47837489462808414 -0.04758973447239566 0.8768650054772532 74.27488770813542
0.8754527365761883 0.028394495904033326 -0.48247453770400234 -17.654372256701183 -0.0018628086293103756 0.9984648744502811 0.055383924622584464 2.2533466598856386 0.48330928288591607 -0.047589284887413354 0.874154990535503 74.88637734678744
0.8725581426860964 0.028450610807319535 -0.4876864454272619 -18.016927162715085 -0.0016762610169448638 0.9984724037890553 0.05525242352038701 2.2933161658180556 0.4885157013319482 -0.047395316275926476 0.8712661064252217 75.51510109530271
0.8717336004991116 0.028552704356122772 -0.48915314277140043 -18.21732618580059 -0.0016359309345039712 0.9984658816079915 0.05536933491244831 2.3143054906843274 0.48998590388678376 -0.04746891778431581 0.8704361433720783 75.86382571499688
0.8698671125909556 0.02907133638699222 -0.49243454145010657 -18.578304487396338 -0.0019207883847437608 0.9984553612817951 0.0555538655485111 2.3535328908878914 0.49329102197977104 -0.04738073664771116 0.8685725747534694 76.48673335258229
0.8683462200350917 0.029906318265543626 -0.49506180918918175 -18.95883917236195 -0.00267544959184904 0.9984495046538283 0.05562511656281264 2.3956563124724437 0.49595987084701787 -0.04697921525307551 0.8670730757843779 77.1367090275387
0.8678536463652949 0.030022722066015035 -0.4959183691259027 -19.148442638354883 -0.0027831006665810605 0.9984518466050679 0.0555780157441787 2.416676503183537 0.496821467126704 -0.046855332465321343 0.8665867637464352 77.45611708163952
0.8664319973400465 0.030101926106717882 -0.49839280186196655 -19.504857024620595 -0.003266538690596195 0.9985022862683943 0.054631314243714875 2.4521144396731414 0.4992932353372269 -0.04570807362043363 0.8652258077425317 78.0597425161553
0.8655402734645633 0.030628047808689628 -0.49990845592190164 -19.854456713424504 -0.004255529566494537 0.9985430987151814 0.053812407650766246 2.4864445398461226 0.5008310874444195 -0.04445170723774042 0.864402806427396 78.64865001845268
0.8653304921929234 0.030822659356223043 -0.5002592155880791 -20.045773534133225 -0.004492229279041886 0.9985449875425385 0.05375563489399262 2.5072101575788746 0.5011909089239261 -0.04427114851210662 0.8642032108948561 78.96798832395757
0.8645424764668883 0.03158012422267538 -0.5015724647421993 -20.428675887632377 -0.005082269288023802 0.9985227567167291 0.05411150167550015 2.5489759960445126 0.502542959010571 -0.044234408605006395 0.8634190844545293 79.61202840277521
0.8633040180120768 0.032351142992392314 -0.5036524675894921 -20.819581118518883 -0.005314799558639912 0.9984716755796261 0.05502739350242162 2.59293859913219 0.5046654772247307 -0.04483030013101852 0.8621494466738469 80.2683050724685
0.8629435300251704 0.03262453679902943 -0.5042523259407421 -21.011745218985016 -0.0054280954900379355 0.9984549276351908 0.05531211404718123 2.6155699275045663 0.5052803606890586 -0.04499538549581507 0.8617803637723499 80.58497036174813
0.8620072652906227 0.033108738587349855 -0.5058194970692683 -21.39804573318399 -0.005504050943654702 0.99841753287376 0.05597451392696113 2.6587714914726686 0.5068748860424054 -0.04546748022342781 0.8608185709603827 81.23026229440173
0.8610918615080904 0.03393584175978104 -0.5073212803315013 -21.775590616430065 -0.006219286352254375 0.9983985620280769 0.056231290428736154 2.7003388149121497 0.5084196501198901 -0.04526601613416977 0.8599172078228902 81.8540072237854
0.8608065602609536 0.03413403104594822 -0.5077921783018648 -21.972420391000757 -0.006364892644710304 0.9983925012087456 0.05632484031341377 2.7225192390095123 0.5089010726371854 -0.04525374063679923 0.8596332777214677 82.17528315704398
0.8598292255383561 0.034988297905870366 -0.5093874146355458 -22.363971462778835 -0.007142952407834437 0.9983762212259174 0.056520655262118635 2.765116936757775 0.5105404032632344 -0.04496062251333858 0.8586761895788009 82.81718583087871
0.8588321367449487 0.036044220516427534 -0.5109925403671611 -22.74661164718871 -0.008328843218201367 0.9983720035352236 0.05642690380442946 2.805980971242381 0.5121969930696272 -0.04420599991545396 0.8577271787555213 83.44032089377684
0.8584563298159761 0.03630206009234076 -0.511605599024491 -22.951616905510424 -0.008572247953672493 0.998368467369658 0.05645972626043161 2.829027810554205 0.5128229396113237 -0.04408370825560337 0.857359789914558 83.77085542181175
0.8573367106874554 0.037123157293888924 -0.5134214452696396 -23.32386976851969 -0.009227222131527223 0.9983446739230734 0.056779980723863456 2.8706428800521593 0.5146822587595651 -0.043943672431751395 0.8562530619226211 84.38164075817032
0.8563693904333157 0.03790340688680986 -0.5149758536797103 -23.711769249912738 -0.009643207671624764 0.9983026664839184 0.057443489593452114 2.9155242650010105 0.5162814906013548 -0.044228018354138726 0.8552743737326141 85.01692420722921
0.8560437085270759 0.038151556935043164 -0.5154993904113057 -23.904231246699045 -0.009760091383782367 0.9982883374980046 0.05767714254786075 2.938498541701897 0.5168202161605658 -0.04434417104098727 0.854943450698707 85.32830935856074
0.8551868628772759 0.039109817642350435 -0.5168478024821666 -24.299865863704316 -0.01027654193558047 0.9982333487822177 0.05853487789480095 2.983999317759633 0.5182265991183457 -0.04474822423444132 0.854070591574307 85.97016638696064
0.8543504508072521 0.03938114378270599 -0.5182090010242437 -24.697111043980513 -0.010425553006316287 0.9982236434200757 0.058674531346356786 3.0270812944311447 0.5196020643226429 -0.044727582055946395 0.8532359554174754 86.61220520475277
0.8540592793704306 0.03927415254387992 -0.5186965077999929 -24.89364502937032 -0.01026316581483821 0.9982243988782588 0.058686494291595205 3.0480066409268187 0.5200833886825196 -0.04479960023507975 0.8529384194403137 86.92473396508258
0.8529937409822818 0.038829687142770186 -0.5204802604537294 -25.28608167966493 -0.00972730226138629 0.9982389898766422 0.05853298633289186 3.090018922430468 0.5218392716432562 -0.044866808234427416 0.8518617162570369 87.55516258046644
0.8520652529260346 0.03858369218180773 -0.5220167292393625 -25.685228289224508 -0.009541775761388196 0.9982595035996548 0.05821183257075827 3.1316617170948233 0.5233567697081355 -0.04462063721655005 0.8509429868856604 88.19323331621314
0.8517984052888035 0.03847953217001199 -0.5224596175920974 -25.88310688660356 -0.00940521769521135 0.9982618899939306 0.058191213031808124 3.152569174858192 0.5237933649589224 -0.04465464870698981 0.8506724250204846 88.50393280928873
0.8501850041506508 0.03766126747054839 -0.525141073372429 -26.263851557846344 -0.00804741374469908 0.9982520299552343 0.05856547816990478 3.194320633840062 0.5264315655133719 -0.04556688613529684 0.8489942746663671 89.10862045426572
0.8483779112604591 0.03726439090076246 -0.5280833656316665 -26.66105543427226 -0.00724278726440863 0.9982435386418135 0.058808286175943976 3.237120690459741 0.529349850174402 -0.04606787881006316 0.8471502879003261 89.73364899639265
0.8478058942218436 0.03701254755661801 -0.529019376941175 -26.853774851883937 -0.0068310844198765435 0.9982414060436081 0.058896601750048745 3.2573397948539244 0.530271676036614 -0.046320408079774444 0.8465601198038576 90.02930134073583
0.8461978239989356 0.0368846022559484 -0.5315966911845892 -27.24894195163621 -0.006336190908558304 0.9982280563930849 0.05917805415507803 3.299858321307958 0.5328398314648197 -0.0467090677244514 0.8449244754694356 90.64484443767373
0.8446810568531384 0.03701764427272501 -0.533994137000242 -27.627164911412812 -0.0063927883672207165 0.9982330634459782 0.05908960976987404 3.3388823692474445 0.5352401959353091 -0.04649954560693568 0.8434175603258244 91.22717284579392
0.8442875012500264 0.03689667107425606 -0.5346242582053133 -27.817671769494186 -0.006297024578662682 0.9982420071963269 0.058950750131413064 3.357452247431459 0.5358617530002713 -0.046406414011214016 0.8430279873337143 91.51602237820902
0.8429317625249081 0.03645829615074534 -0.5367897508422447 -28.193141555533884 -0.0061160673362044725 0.9982874037361589 0.05820067711347071 3.394236236770115 0.5379950395525672 -0.04577842784935357 0.8417036846177007 92.09208223151123
0.8413322680395118 0.03529868522798611 -0.539370224849302 -28.546327965449038 -0.005164981563505103 0.9983458599887932 0.057281321289894306 3.4290235649720735 0.5405026294302933 -0.04540898309782288 0.8401154920321365 92.63852202074854
0.8409313649867136 0.035440519505107834 -0.5399853902981009 -28.727882251137554 -0.005237972524254543 0.9983403971671747 0.05736804796022411 3.4477675579531337 0.5411248637588486 -0.045416203376830916 0.8397142056694319 92.91237076221425
0.8397156403838918 0.036177467823891016 -0.5418255488428303 -29.089244023033658 -0.005704588778951524 0.9983118067641386 0.05781785030704612 3.4863375469546587 0.5430051178499523 -0.04546171062257979 0.8384971667179645 93.45714337966719
0.8379346665555207 0.03634225082377979 -0.544565423417356 -29.453094487129864 -0.005544032813909848 0.9982971711877833 0.05809388829003875 3.5249386300811767 0.5457521563718064 -0.0456624621957042 0.8367019083372776 94.0015063801166
0.8369013993535271 0.03657870125001759 -0.5461366277023408 -29.644538154672748 -0.00545080939427548 0.998273523086002 0.05851105441342778 3.545569359949885 0.5473367157454216 -0.04599390567337866 0.8356483347059026 94.28058392470163
0.8341500026199085 0.037663718570943125 -0.5502565690855687 -30.015119533553342 -0.005370951518116368 0.9981745816586945 0.06018254286541094 3.5877396224819114 0.5515214253403703 -0.04724870869654649 0.8328221694489261 94.82320823993513
0.8319973952133067 0.03844370191039968 -0.5534522460931544 -30.373559742993073 -0.005816980070470056 0.998147372489485 0.06059004643594904 3.6271068016816463 0.5547587485329453 -0.04719418233055087 0.8306722796895852 95.33954612003079
0.8314183896504576 0.03890033603662756 -0.5542894927422977 -30.552354775135914 -0.006341804387027597 0.9981469291018865 0.06053977114549612 3.6458742028877307 0.5556198894558478 -0.04682145486074347 0.8301172540186743 95.5902531552162
0.8289697456806164 0.03925529511153551 -0.5579195994500452 -30.904743546724166 -0.006142892205845743 0.998113492291229 0.06110191656025175 3.6843380968856603 0.5592678039515325 -0.04722664384842917 0.8276401430557391 96.09543764106517
0.8266065703581831 0.0393158300250861 -0.5614101156283338 -31.259447604686102 -0.006010008659485443 0.9981171247022819 0.06105128521366142 3.721998012924337 0.5627552105055863 -0.04709323879312613 0.8252795930782449 96.59801009634414
0.8260011400613099 0.039465452062388 -0.5622900172008991 -31.447911346488723 -0.006250897990410955 0.9981264971243623 0.060874544956543555 3.740840325941216 0.5636409724333803 -0.04676966632072304 0.8246935248556796 96.85939651158803
0.8241071379689433 0.039377173847932885 -0.5650689169005754 -31.7825512543926 -0.005939995069059803 0.998127461442081 0.06089359319766165 3.775536948118699 0.5664107147859747 -0.04682868013491913 0.8227909922468394 97.33141770075329
0.8222373701923241 0.039464829478011235 -0.567780017534919 -32.12808894965671 -0.00576068006242378 0.9981197832070028 0.06103558359372971 3.8123418037877532 0.5691232451138962 -0.04691735986723314 0.8209120643398018 97.81408040753414
0.8217387626463601 0.03957364814491612 -0.5684938474326765 -32.307425143364085 -0.005946121620203833 0.9981279974646404 0.06088769579357336 3.8296864585892605 0.5698410986776915 -0.046656141993988307 0.8204291267540236 98.05824699636956
0.8200991633621426 0.03880588387313719 -0.5709098319819157 -32.63623961232219 -0.0048916992157575535 0.9981384229129323 0.06082049143245668 3.86347311661086 0.5722091516638637 -0.0470894754433042 0.818755161152596 98.51627397763876
0.8183982336290022 0.03835065909117044 -0.5733755686616481 -32.952121929379345 -0.004242535545028817 0.9981479780837211 0.06070852445915551 3.8957435973556658 0.5746439511850822 -0.04725451229364202 0.8170381793233904 98.95126767847519
0.8180312745945485 0.038347644850941276 -0.5738989003615462 -33.12213202028153 -0.00432023714463038 0.9981578280677227 0.060540374707461375 3.910698102636003 0.5751651640492212 -0.04704762312116215 0.81668297670104 99.18695090559774
0.8165007921386207 0.037670005872244075 -0.5761186124018628 -33.42379438620934 -0.0037073259956265387 0.9981915689630132 0.06001532156892983 3.939618137528566 0.5773390341390139 -0.04686891439672616 0.8151568144872323 99.60449801248522
0.8151276436503975 0.036848538561238146 -0.5781131097724876 -33.724250243353474 -0.0034546511193207577 0.9982672568902536 0.05875970584812482 3.9662219149748674 0.5792780785766292 -0.045901902706637486 0.813835543995284 100.01578932570256
0.8121998995406302 0.03452984614763961 -0.5823614205080382 -34.1525667145451 -0.002085319674751725 0.9984133363652026 0.05629203396524556 4.0045733503059555 0.5833825211304954 -0.04450843192221236 0.8109759933919316 100.60050641485664
0.8104363413047386 0.034160759096402614 -0.5848343905579123 -34.44639750981689 -0.0014749784911129685 0.9984153195462021 0.056276012058424724 4.031922024692538 0.5858311739569582 -0.04474762845168807 0.8091953950555599 100.99462656537841
0.8099777896009602 0.03408648141167967 -0.5854738440011069 -34.60491973600197 -0.0015378221730828602 0.9984307265655523 0.0560031672915219 4.045053117926292 0.5864652699629689 -0.044463221351797984 0.8087520695375677 101.20206880755148
0.8085134583621099 0.03307026539292961 -0.5875523794921722 -34.90302521473326 -0.0008036815456557963 0.9984818844554747 0.055094956372950935 4.070093465105317 0.5884836023196993 -0.04407475227849833 0.8073055518319293 101.59914221778362
0.8061892324486782 0.032848964151803606 -0.590749821875136 -35.209693899080555 -0.0002609987218515137 0.9984781742032243 0.0551663162782245 4.097693902225725 0.5916641953069006 -0.044322164020447884 0.8049639403487356 102.0022491742294
0.8052953498468314 0.032978902172242586 -0.5919611864259051 -35.37018386364981 -0.00013960682916193385 0.9984633467810198 0.05543743571671566 4.112120060002497 0.5928811206387319 -0.044562586740513735 0.8040552524032072 102.20851943677273
0.8022075773160748 0.03286701526357209 -0.596145638604345 -35.69279840599109 0.0007450741397725183 0.9984290422810164 0.05605050167213162 4.142293117521363 0.5970526300707525 -0.04541003546462705 0.8009153454113931 102.62761711581936
0.7991992224540484 0.033404642013973355 -0.6001429119509031 -36.01002981671384 0.001029315073028896 0.998378118863359 0.05694374632202484 4.173385586581887 0.601073056948387 -0.04612876183588882 0.7978612561799991 103.03181319982312
0.7978064010616106 0.03392542895805178 -0.6019635146172106 -36.184079585119896 0.0009668115602744333 0.9983431088212172 0.05754788481632099 4.1905305751647415 0.6029195271536957 -0.04649514498841535 0.796444597453913 103.24790936672011
0.7943922834434607 0.03516840578104707 -0.6063916714170178 -36.5170290215155 0.0011018391344831007 0.9982379354811348 0.0593395082391285 4.2250661232993005 0.6074110765794187 -0.047808020419557035 0.7929465225762274 103.66363795901752
0.7907833106763872 0.035602405068892916 -0.6110654024359043 -36.852585840736644 0.0016893947403851253 0.9981768975793974 0.06034502593278597 4.259269369574096 0.6121007702458126 -0.04875327868288944 0.789274144010329 104.07795869480104
0.7897402012327819 0.03564811724820238 -0.6124097463674437 -37.03015431661835 0.001856437038702842 0.9981670681247607 0.06049901187582588 4.275328088189779 0.6134447950592963 -0.04891625811632714 0.7882193048654992 104.29189263988765
0.7864670687930574 0.03554742780625841 -0.6166134574870482 -37.37173322597924 0.0024044958208644528 0.9981592888683919 0.06061205110481 4.306214840295278 0.6176342528954136 -0.04915325821122922 0.7849265653216619 104.71074745643892
0.7831026483337797 0.03306391071439316 -0.6210176357893185 -37.72966066086056 0.005667959435356646 0.9981650092903214 0.060292523504767104 4.339582861866092 0.621872992686319 -0.05073625672487168 0.7814712779850288 105.15428465918694
0.781931457309468 0.03325548483755344 -0.622481500940927 -37.91669059638507 0.005775407358759999 0.9981468384463164 0.060581206243061486 4.35664544781152 0.62334406430672 -0.05096654933488317 0.7802833472071371 105.37854666616062
0.779018521404128 0.03394736739277407 -0.6260863149703708 -38.28718725338809 0.006059727938279946 0.9980794839344667 0.061658712306789 4.393717827188298 0.6269783186367991 -0.05182835272424986 0.7773094045909639 105.82528118412382
0.7767243930160134 0.034835642632250655 -0.6288816756279304 -38.657724559250575 0.005621529764291314 0.9980469068141644 0.06222921447963689 4.43045460820591 0.6298227175718636 -0.05187157092352942 0.7750045809528129 106.26618792820412
0.775703511694633 0.035332649209854024 -0.6301131957314231 -38.85791270092365 0.005282656247658302 0.9980339691349019 0.06246772746272681 4.450143906492553 0.6310834069216087 -0.05178671274177496 0.7739847262819773 106.50036006842895
0.7724376192979138 0.03582911999394567 -0.6340846578166924 -39.26180894357581 0.005815053917035238 0.9979672139606311 0.06347554771743887 4.491432025933737 0.6350717077140848 -0.05271955084997633 0.7706523795807608 106.97730277273364
0.7689905485577818 0.03540739180614569 -0.6382842271949368 -39.6626179531773 0.007021114434806524 0.9979374943823065 0.06381847384419076 4.531092702431756 0.639229099862486 -0.05355860527597474 0.7671492976298334 107.44623241334939
0.7681615357765681 0.03540339826111737 -0.6392820113846555 -39.872372063778 0.007135435687266481 0.997935471744566 0.06384098186131837 4.5506665949618865 0.6402241134257841 -0.0536033853128863 0.766316397162358 107.68697192453459
0.765947826404155 0.03524569257585905 -0.6419416753920982 -40.28152726479343 0.007324253657396316 0.9979540371081682 0.06353299732061791 4.588173620808586 0.6428694194025132 -0.053366356158111486 0.7641157558002378 108.1602620734466
0.7641312242285888 0.03591644891465689 -0.6440658986803056 -40.69897880261056 0.0065981396351427555 0.9979625042477972 0.06348100546972948 4.627196640101783 0.6450357757161043 -0.05275940229185103 0.7623307448546276 108.6375860016712
0.7635113725062105 0.03626790588999964 -0.6447806252742417 -40.918210292194495 0.006285052333885281 0.9979580682007578 0.06357736941175961 4.6487888673545115 0.6457717963463487 -0.052596132758828365 0.7617180932747258 108.88627430084045
0.7621065983115547 0.03762180986774867 -0.646363043861393 -41.3502788172129 0.004934106096925797 0.9979448861179743 0.06390483489683359 4.691341882711676 0.6474410418809019 -0.05189334359668166 0.7603486161493194 109.37789192366894
0.760904396021365 0.03820062408707582 -0.6477435066638763 -41.788814301593554 0.004445785597517249 0.9979360482079297 0.0640772289184766 4.734624997053382 0.6488560141911826 -0.051637907723126174 0.759158028537462 109.87733791166835
0.7606008031242146 0.0383765048125863 -0.6480897030568878 -42.02095162526302 0.004318869149148225 0.9979310885962746 0.06416250566815719 4.758380380704751 0.6492127184439221 -0.05160248341360926 0.7588554433081898 110.13913144869419
0.7596507304460967 0.03936105323510661 -0.6491440994363291 -42.47443355518411 0.003473521759471358 0.9979075422796355 0.06457513939618016 4.8037447313628165 0.6503292178539057 -0.05131059193172779 0.757918494422821 110.65343850135648
0.7588735686784028 0.0399932861832567 -0.6500135924647712 -42.93132568767371 0.0030060374438137965 0.9978872403759235 0.0649084314077236 4.849445191833029 0.6512377754924258 -0.05121228654412744 0.7571442938596811 111.17374973140421
0.7585676888986935 0.040289563438458534 -0.6503520438956304 -43.1831686245232 0.0027831360865465007 0.9978772018050194 0.06506730253636961 4.873834904623446 0.6515945066750176 -0.05116836265331072 0.756839561455804 111.4646174095623
0.7580020785832019 0.041054181771930376 -0.6509633973131238 -43.645712818670475 0.002243190487109574 0.9978473376089594 0.06554521226210686 4.920530772495852 0.6522545466501194 -0.051144033751397706 0.7562725115835011 111.99561139856264
0.7576114246616255 0.041512071724602785 -0.6513893295188602 -44.11520055278701 0.00182598424632472 0.997836804145504 0.06571664601016076 4.967203895014088 0.6527101522793504 -0.050977315171371614 0.7558909545657312 112.53375106721982
0.757381540600729 0.0417248026591052 -0.651643290178704 -44.3670521023503 0.0017765094621387935 0.9978210378622667 0.06595735412061592 4.993304958916816 0.6529774851035492 -0.0511126893769996 0.7556510204373631 112.8200755611923
0.7571374340502988 0.04187545685036171 -0.6519169063558651 -44.83345492353912 0.0017286214439770431 0.9978117036673291 0.06610338038906322 5.039138494914104 0.6532602030693544 -0.05117658905360691 0.7554020834075061 113.35439980605372
0.7571433561422274 0.041843732695928865 -0.6519120757043217 -45.31398914722912 0.001577009833215667 0.9978266202393526 0.06588032502344046 5.084456898863955 0.6532539233251324 -0.05090938170294102 0.7554257711110801 113.90766974405373
0.7571121656866794 0.04196224369290427 -0.651940855719018 -45.57458485974634 0.001502277651243386 0.9978206103369555 0.0659717378107878 5.1104857270963375 0.6532902545592996 -0.05092742422232836 0.7553931206489155 114.20442673380067
0.7569392614905586 0.041467599818698256 -0.6521727769314748 -46.067239293068546 0.0019968888194389304 0.9978328953996747 0.06576600448369262 5.1571964978407125 0.6534884940023288 -0.05108260197092911 0.7552103773141403 114.77135578248972
0.7568926693992546 0.04153283521387799 -0.6522227875829213 -46.57407302550658 0.001929648803844078 0.9978318303023024 0.06578234142806669 5.205884886999147 0.6535426671760795 -0.051048115465639775 0.7551656885587098 115.35426924093511
0.7568665148044608 0.04166410044229252 -0.6522449797534964 -46.83180335485859 0.0017827836138324062 0.997830727166507 0.06581051901894557 5.230811904110679 0.6535737563004259 -0.05097221873327397 0.7551443829159681 115.64770536872378
