1.0 0.0 0.0 0.0 0.0 1.0 0.0 0.0 0.0 0.0 1.0 0.0
1.0 0.0001658797264099121 -6.794929504394531e-05 -0.00210941256955266 -0.00016584992408752441 0.9999997615814209 -0.0002149045467376709 -0.0003327231388539076 6.783008575439453e-05 0.00021508336067199707 1.0 0.13820385932922363
0.9999996125502637 0.0003407285620795619 -8.136349770992979e-05 -0.003250739380712589 -0.0003402856213607919 0.9999993707468828 -0.00023403535769084272 0.0012068926434629645 8.08459610679435e-05 0.00023467526966669539 0.999999756556539 0.19660266075754182
0.9999995579199151 0.00048701300238977854 -0.00014097158483979312 -0.005059236329066175 -0.0004864500191551158 0.9999991584265777 -0.0004191469776481326 0.0011733044101491545 0.0001402076771981625 0.0004198190510262197 0.9999995890873942 0.3718652834338756
0.9999997204878978 0.0006280314892981222 -0.00019070377431261866 -0.007186321078374396 -0.0006277935148401452 0.9999995480120311 -0.0004640648103218927 0.0014653998088245692 0.00018997784325776307 0.0004643338729829972 0.9999999208778871 0.5523509727527522
1.0000000078992248 0.0007529430397229759 -0.00014558116022331667 -0.009428886857532516 -0.0007531513076584922 0.99999997016924 -0.0004134889635258941 0.0027317590635705736 0.0001452162137303626 0.00041321704174760647 1.000000310569313 0.6388052423009702
0.9999998020914143 0.0008197959127561591 -0.0003947250137035314 -0.011942915591428249 -0.0008201008323809042 0.9999996997046101 -0.0003690447247238697 0.0028622692142539472 0.0003943062644682023 0.00036897018795004055 0.9999999946489432 0.8603512147940893
0.9999997042860624 0.0010151807171230175 -0.0005387238990773945 -0.015103634934630388 -0.0010154487003151862 0.999999715127887 -0.0002162493207357106 0.0034327777269733857 0.0005384178885211741 0.00021622094119117116 1.000000113362595 1.0952069698786357
0.9999995180475721 0.0012621652273164525 -0.0006398004665526046 -0.018746138178135224 -0.0012625319350021405 0.9999997437546605 -2.7319027124006397e-05 0.004844959492696888 0.0006397818474712761 2.719855702575444e-05 1.0000000996663985 1.2083762852122295
0.9999989370038883 0.0015807735845601992 -0.000919899924122222 -0.022864852613388782 -0.0015808581136880604 0.9999991066691882 0.00010085694424080951 0.005110811712265662 0.0009199746526803133 -0.00010012181173135051 0.9999997450230989 1.4610219605591186
0.9999980259324674 0.0017361294881554283 -0.0011906625925796456 -0.027645624734001506 -0.0017359511442174467 0.9999985134163886 1.2085872426586408e-06 0.004372528835642143 0.0011902669926608979 3.358247143468116e-07 0.9999991484653105 1.7245573493074633
0.9999973602788677 0.0018594533177276886 -0.0011703568800330744 -0.03202856670988973 -0.001858974145523457 0.9999978224100826 -9.601218408065324e-05 0.00487547989091488 0.0011694643804699037 9.817468216184268e-05 0.9999989343840563 1.8616856286551196
0.9999976408481895 0.0017358778950119216 -0.001228683092554511 -0.03555404972202046 -0.0017357177955458004 0.9999979687509709 -0.0003380479359983527 0.004402462330775819 0.001227442076403482 0.00034020390412314644 0.9999988429276097 2.1444061669430106
0.9999969647116256 0.0019011403942433241 -0.0014491420158766221 -0.0405720424490661 -0.0019004198856147144 0.9999974690282197 -8.702742216936754e-05 0.0054786495011431525 0.0014480718649138127 9.009686038313796e-05 0.9999984186415846 2.4437970825564794
0.9999969952529267 0.00198685966608192 -0.001644253854306364 -0.04490329596547491 -0.0019855530932903083 0.9999975911746193 0.00043242588521030616 0.007849579950167412 0.001644372473909629 -0.00042915923273786807 0.9999981814433866 2.6071697586145177
0.9999953133769229 0.002367498701284308 -0.0019168077364532749 -0.05095108334426412 -0.0023593594575738973 0.9999892927902433 0.0038414910467004983 0.014971225924446087 0.00192556755424789 -0.003837323341717962 0.9999900604388187 2.9671309727045454
0.9999937003239269 0.003149630622920867 -0.0016005332025989033 -0.05724235929662694 -0.00313523644140153 0.9999589427312389 0.008457865569285319 0.027255033757410077 0.0016266154137322439 -0.008453020794913977 0.999962500023702 3.320652815698999
0.9999935152990435 0.0032731723708181986 -0.0016959069947154325 -0.05815699284750202 -0.003255951956106523 0.9999468447002403 0.009751791308493718 0.03173086326003699 0.0017274627111931817 -0.009746516754719284 0.9999505683683304 3.5189148547292857
0.9999925414296296 0.003283664937453456 -0.002251359657905617 -0.06093248993547892 -0.003257608456171751 0.9999308042034076 0.011285745607331242 0.03887395743553909 0.0022880041545545135 -0.011278643715452797 0.9999334146974529 3.8506823873365255
0.9999916445456177 0.003545317836275202 -0.0020833961988089332 -0.06430005100026481 -0.003520822880618341 0.99992930941005 0.011321016723270672 0.042950676191091774 0.002122847015323973 -0.011313862548030625 0.9999332159013345 4.197777126366791
0.9999914393806884 0.0037180285256980276 -0.0017173296626593465 -0.06661928337302378 -0.0036972442352222307 0.9999281333176065 0.01133855913106993 0.04621076193515315 0.001758460008032384 -0.011332087347209616 0.9999335413682457 4.365734190728503
0.9999914256509297 0.003987077500211419 -0.0007267492467908996 -0.06755303911290655 -0.003977056167847527 0.9999246970154392 0.011524153476289203 0.05086589799048142 0.0007715352898898474 -0.011520754192540164 0.9999325411573525 4.708001354656271
0.9999907146111953 0.004167003370621636 0.00018817666443299665 -0.0683316127128176 -0.004167421528039721 0.9999113652338599 0.012563565663023173 0.057799269490035055 -0.00013700091664213695 -0.012563843509305214 0.9999200938415939 5.041760299790044
0.9999899066330732 0.004305836510431264 0.0007720717962186298 -0.06890824412201571 -0.004313700291071754 0.9999076935315921 0.012793213252910182 0.06245542722754073 -0.0007181119712163935 -0.012795793230033003 0.9999168595054582 5.2280555789408405
0.9999782095896466 0.0044855699582624356 0.004722142399719934 -0.06356880068802173 -0.004545426618831952 0.9999034184051236 0.013048870773651241 0.06715678947608601 -0.004664370694877578 -0.013069395625679688 0.99990266564252 5.569520601410524
0.9999622872177583 0.004104394191129033 0.00759838037461074 -0.057529159893314884 -0.004200031179626118 0.9999081808723941 0.012786856698852501 0.07011918348219043 -0.007546401600337812 -0.012817584426146124 0.9998883849329512 5.9118070590614735
0.999959605202711 0.0040717840183839725 0.00800034855332145 -0.05811105038405295 -0.004171121142673044 0.9999115257620316 0.012562442410887274 0.07311916978445702 -0.007949543650371494 -0.012594999840681716 0.9998881995274216 6.043914235967604
0.9999394872061352 0.00403994046951603 0.010218280890423925 -0.05266085570064295 -0.004166347948693488 0.9999121003859036 0.012499398943574996 0.0769583766846429 -0.010168037524417174 -0.01254074448826461 0.9998686797986059 6.36892407207076
0.9998957552790854 0.003948256907266328 0.013880730879921428 -0.04533880457339405 -0.004120201144537481 0.9999131097727848 0.0124629105122743 0.08064866481399004 -0.013831480796885743 -0.012518307423663543 0.9998249071750616 6.66293774031303
0.9998838208834295 0.004024357718763179 0.01467576198079766 -0.043796759560501046 -0.004205415911574681 0.9999128372744115 0.012428084982204128 0.08424904799456667 -0.014625814504576782 -0.012487511342738606 0.9998138259025879 6.792069460175182
0.9998281459297564 0.004233629552561832 0.01804602230392763 -0.0356249684389552 -0.004458024444170162 0.9999113530598877 0.012480474070267802 0.08801198177166529 -0.017992862290946928 -0.012558027460809359 0.9997578576849141 7.107849352972207
0.9997206162206687 0.004443384028589281 0.02321134696194848 -0.023520612592446703 -0.004733392139725125 0.999909462535751 0.012513209569649138 0.09177833430854888 -0.02315483405473131 -0.012618875379233162 0.9996507923608696 7.394017783424411
0.9996658444813462 0.004629942213882286 0.025431981443733105 -0.018028815968069493 -0.004949475998309028 0.9999081463126829 0.012555336594056821 0.09613047328257403 -0.02537258534728376 -0.012676391557990649 0.9995962560318147 7.510126927567698
0.9994696539231767 0.004621515284639869 0.03223102889598022 0.0057207853786661565 -0.005026657699357746 0.9999083686142398 0.012526385282223471 0.10047068496004552 -0.032171419165734516 -0.012680741525440358 0.9994003746450772 7.79847126049594
0.9992049541615439 0.003718846717997908 0.039695566870913135 0.03183425051308732 -0.004217037411431997 0.9999129348130159 0.01248393181902712 0.10536364446532497 -0.03964715640881239 -0.012640205575314544 0.999132371654472 8.060048226895681
0.9989928342676616 0.0036542349316347625 0.044731566897559305 0.04517071539633907 -0.004221527786854245 0.9999116017293279 0.01259925474284402 0.11067546961263017 -0.044683099120201006 -0.012774085433993146 0.9989180769445855 8.188549446238847
0.9984513055850539 0.0033566679278567387 0.05553696632623917 0.07654121574391697 -0.00401725019166336 0.9999218330570678 0.011789674911368508 0.1150929471209367 -0.05549458998598574 -0.011993086623322389 0.9983852736419525 8.41315367112133
0.9977445762004903 0.0027147238956459455 0.06708286333253324 0.1146083815225803 -0.0034325679723709074 0.9999375985823172 0.010588876396276882 0.11895043180859839 -0.06705178420915878 -0.010793834633981448 0.9976895932939831 8.689627833139312
0.9973117356516565 0.0026715587451612744 0.07324066649097245 0.13170081103015313 -0.003458083681963141 0.9999373739047048 0.010613378310009943 0.12474520777376284 -0.07320959513150253 -0.010836543219464293 0.9972561658326323 8.803648952442929
0.9961532094122473 0.0030721964930181134 0.08759054167852315 0.17459076798618256 -0.003963790374443219 0.9999419490324891 0.010008622657904212 0.13090749804842544 -0.0875565136637926 -0.010315679602438923 0.9961046941566095 9.02658905910954
0.994549356401458 0.0040385267505244574 0.1041998513699047 0.22278361854153472 -0.005043556473090432 0.9999427668661983 0.009383459370715122 0.1379408283397507 -0.10415763480727472 -0.009856252184776178 0.9945103619047669 9.238954261457677
0.9936805735610951 0.004323925299678619 0.11217145435294479 0.24924807344419528 -0.005402072488164361 0.9999415214453081 0.009308172781419632 0.14465456099981278 -0.11212635752167334 -0.009853569609395138 0.9936432331677474 9.35934528216201
0.991621119846178 0.005026907039637485 0.1290880736094558 0.3082418902296904 -0.006150739350890065 0.9999460148254535 0.008306311736568393 0.1508967352852571 -0.12904088125543955 -0.009028746713131234 0.991595988379347 9.615021348367174
0.9886128304905674 0.006073443890702907 0.15036450473921464 0.3661353040047035 -0.0069995149570776785 0.9999593382769386 0.005627588043707012 0.15704504521035104 -0.15032575728242156 -0.006614481295422156 0.9886123581315898 9.79412256412904
0.9869252817501998 0.006514757510774389 0.16105508395035845 0.40242291749079206 -0.007429444625372443 0.9999593642137339 0.005076812665099718 0.16352759940535996 -0.16101693891781355 -0.006205411089982769 0.9869302156312468 9.925413208007251
0.9827383316269607 0.007462197274416169 0.18485886394830636 0.4761067653036313 -0.008223843854643541 0.9999605796586649 0.0033524568049484397 0.17104918733227006 -0.184828247895271 -0.004813502028955271 0.9827573150420428 10.124264453105773
0.9775017416694413 0.008149005775816136 0.21077711373651428 0.5812115913601195 -0.008977436056799942 0.9999551169985471 0.0029726632338007357 0.17859323955571624 -0.21074499087066534 -0.004796878854008516 0.977527649960645 10.43205202253589
0.9746151814520836 0.008757312081391199 0.2237231392994195 0.6430701041601158 -0.009630779192303884 0.9999494500740179 0.0028128919333647124 0.18480305145513415 -0.22368881120053308 -0.004895050858591338 0.9746467925125091 10.61485233584607
0.9679542221636186 0.007937756519315919 0.25100773294108913 0.8167667256064135 -0.008755479872913719 0.9999593362729268 0.0021408319763123384 0.18616701393638382 -0.250981820949736 -0.004268807552808504 0.9679807008825095 11.14411507000598
0.9604044707239523 0.009830471468356416 0.27844212559405235 0.9627280028687957 -0.010718056939440291 0.999941119444138 0.0016665299955931137 0.19000068964092598 -0.27841063873897304 -0.004583638646861166 0.960449485158355 11.483496365637674
0.9563180016536954 0.010596587306107935 0.2921401794873068 1.0348842054282117 -0.011420649420009902 0.9999338312867402 0.0011144378808882372 0.19562410987808554 -0.2921103226162144 -0.004400566381469155 0.9563727699220125 11.639276406730966
0.9471124470716414 0.012796593884549965 0.3206507460474959 1.1773946294799864 -0.014004658296583606 0.9999008200564687 0.001460030993237077 0.20252424126159166 -0.32060142889440574 -0.005871933022279842 0.947194346209006 11.906876962663818
0.9362592432889937 0.014573523006130278 0.3510117642083638 1.3597401887343352 -0.01609912763968849 0.9998695136549134 0.001426375424305188 0.20639663904802735 -0.35094636348305397 -0.006984963268432764 0.9363682180588362 12.248658880225088
0.9298842502363058 0.015543946944285948 0.3675276064536264 1.4481279501705404 -0.017027082817326122 0.9998548389015154 0.0007915898856043616 0.21155754623747702 -0.36746321618342204 -0.00699253781536222 0.9300105597698304 12.400489079883195
0.9154647890434191 0.01711582646779437 0.4020363069539564 1.6408452356988175 -0.018927606725358318 0.9998203062883971 0.0005324632035667409 0.21691683491997837 -0.40195581453049833 -0.008094818265663018 0.9156215031173911 12.69775318020956
0.8991328224705546 0.017819949204995935 0.4373150336518074 1.8500725128128055 -0.019765684730390212 0.9998042811525927 -0.00010364598040567697 0.22119407326116045 -0.43723189973568977 -0.008548331709319327 0.8993064728704796 12.990608796228827
0.8707367203486067 0.019091029523123887 0.4913798927327686 2.1992176090888194 -0.021579389406932874 0.999766254233971 -0.0006063526242213579 0.22424868141821286 -0.49127749424591743 -0.010073751503505974 0.8709428808894143 13.447757628218863
0.849918639101635 0.01828662912508137 0.5265975879164613 2.4739704244279386 -0.02121290090399993 0.9997743033845009 -0.0004833771574602521 0.22745633390691616 -0.5264883969597882 -0.0107579079989159 0.8501123794737453 13.776109785823465
0.8387939026772286 0.01916243851498834 0.5441127483181762 2.6131517911995275 -0.02235056063530572 0.9997494902744658 -0.0007560957735304717 0.2319027007789458 -0.5439918746167386 -0.01152505706064444 0.8390097478915236 13.935987959292609
0.8141678501120108 0.02031086437023651 0.5802761225050175 2.898009587145501 -0.0243061973595966 0.9997046744176071 -0.0008897790973151355 0.2363277800727886 -0.5801234917546221 -0.013378622306548944 0.8144176488419228 14.22929801796708
0.787705937871306 0.020902667652224805 0.6156987162027219 3.176257240025277 -0.025771213685169027 0.9996682552950388 -0.0009684376161567347 0.24108881884282343 -0.6155150033805793 -0.015103346622240577 0.7879797015781678 14.48097387615877
0.7748684990272214 0.02158725610913778 0.6317552560342841 3.341658133016029 -0.02663348209899982 0.9996447498246093 -0.0014925543867850574 0.24475807113128292 -0.6315630413652034 -0.015668204424977766 0.7751645609947447 14.634923100367358
0.7489821751824425 0.020698550492884295 0.6622682886037865 3.652033486117183 -0.025193811506734737 0.999679739233394 -0.0027526276093369504 0.2470956665302431 -0.6621126643537562 -0.014622361158728716 0.7492600471704984 14.892685174458311
0.7239590922457521 0.01970158479317372 0.6895630479849912 4.001449200350261 -0.02436811841111846 0.9996998124544829 -0.0029800683708847277 0.2485325666954605 -0.6894137628159909 -0.014645014523941397 0.7242180918499713 15.180499153899753
0.7112306488770406 0.02048589848096584 0.7026619140803448 4.172747347363251 -0.025119408587091923 0.9996788657924233 -0.0037207201057676024 0.2519824188432863 -0.7025116617813723 -0.015003416338352886 0.7115130006962822 15.316611925281645
0.6846991258668396 0.02187622053040631 0.7284993792046501 4.557445273887913 -0.026976586157283933 0.999626693260208 -0.0046643937092931825 0.2508307535467964 -0.7283283774141454 -0.01645801058786134 0.6850298326788975 15.597890621805915
0.6584493910756929 0.02387148776174047 0.7522481892924124 4.951971253845654 -0.02939356508437839 0.9995515179808993 -0.005991925210303979 0.24748612089285835 -0.7520524960307367 -0.018165268732738854 0.6588519025666381 15.870010739859918
0.645153359793885 0.02461246095076527 0.7636586775281776 5.1885854465866155 -0.030026382110044856 0.999527290265313 -0.006848144820006284 0.24749755604203552 -0.7634652621190109 -0.018511506705209207 0.6455834088473121 16.035278884718704
0.6178172647275528 0.025114875110961048 0.7859226237355118 5.62504539977049 -0.03275640832667648 0.9994459479948221 -0.006188898873050931 0.2458992931359832 -0.7856412303533487 -0.021919963869515422 0.618293623121007 16.312265515896275
0.5889163571610687 0.0245846468443453 0.8078218314686209 6.056360379177763 -0.034221333953715814 0.9994010094774904 -0.0054678993383800644 0.24495560669492625 -0.8074704937102669 -0.024424143148924868 0.5894010484173222 16.557886969967498
0.5743599027127182 0.024468227662688326 0.8182389099946115 6.290210654766012 -0.03407071012293845 0.999403406121981 -0.0059709702556484685 0.24524129883081097 -0.8178947070402924 -0.024448143460627673 0.5748470811972405 16.68527381221127
0.54308904223461 0.023735567847585914 0.8393418031332467 6.754459877279196 -0.032768804771737776 0.999440618829554 -0.0070609854471101775 0.24264050253568498 -0.839037146691716 -0.023669995641889232 0.5435587418896608 16.91922834044393
0.5117295198119177 0.021999650720451798 0.8588670206384003 7.220737318429865 -0.03026981850017568 0.999515677366562 -0.007567724427528022 0.23904854122097757 -0.8586145315501583 -0.022125634301536603 0.5121435342672785 17.13102388938431
0.49680429042928087 0.02110382972141369 0.867608001711461 7.479537274333789 -0.028730305097260378 0.9995587149523539 -0.007862792959114136 0.2375327714607316 -0.8673877778212503 -0.02102096664840034 0.49718743555934863 17.246191849073536
0.4662365272788997 0.01987757720769324 0.8844387398438189 7.978050836710415 -0.02489549024390043 0.9996488501392593 -0.009344098624407287 0.22968285870504962 -0.884310181440467 -0.017662622569422862 0.46656379508153667 17.45031684839025
0.43577398023713887 0.019244583605851556 0.8998524817739406 8.475453582168713 -0.02219747828803562 0.999699573211494 -0.010631336389894925 0.22145986674462792 -0.8997829272210686 -0.015342196869428549 0.43606641488842074 17.637634611720614
0.4208685175238689 0.019601467853952097 0.9069121839271029 8.763426860492672 -0.0227018781134218 0.9996836852220559 -0.011072405360608183 0.21804880638687324 -0.9068387207496315 -0.01592980137276615 0.42117623611673194 17.7453599238901
0.39143714957245807 0.01976861133341392 0.9199946255531981 9.271952921155767 -0.027384766992032017 0.9995792901031662 -0.009828353327037855 0.21172078589532542 -0.9197980719211315 -0.021347959718762622 0.39180972460471586 17.919360011808095
0.36479939462210553 0.019703836640507115 0.9308798804669448 9.82834607458161 -0.027030387913305524 0.9995816491105732 -0.010566779523724954 0.20238764140072577 -0.9306942045608941 -0.021308655422679033 0.3651753420185395 18.096300455817385
0.35293671167945057 0.018331218739908884 0.9354699261944419 10.128567624633288 -0.024853203886355302 0.9996418269422671 -0.010213917458809516 0.19950268257460693 -0.9353174209887062 -0.01964587447447206 0.35326191605892204 18.186979533202948
0.3299963446020451 0.01483105050877135 0.9438678774953062 10.73278733166064 -0.019444636456919098 0.9997740529164194 -0.008912857823947998 0.1972890726724599 -0.943781817193906 -0.015413166385449067 0.3302062817354103 18.361733333326672
0.3098869185574241 0.012656117005627665 0.950691341058094 11.360654280543052 -0.01239153455879832 0.9998829313143496 -0.00927348754799776 0.18891666119544523 -0.9506921819536733 -0.008908025361692206 0.3100036434938092 18.525659516911517
0.3022864548857466 0.01271917539094765 0.9531341363487144 11.663148317947163 -0.011661971236418102 0.9998878315245396 -0.00964623577424729 0.18565497108288506 -0.9531447448442616 -0.008201390907440886 0.30239703337418583 18.605174571285417
0.2853991417008753 0.013498553769975514 0.9583157551558934 12.27341493378296 -0.01194746456526764 0.9998757840396021 -0.010527525974666338 0.17563781936666711 -0.9583335898032677 -0.008446841813659184 0.285521225092118 18.76048878783697
0.2718487809172391 0.012646427314799877 0.9622589228436741 12.909769188268895 -0.011380575918118037 0.9998884394729814 -0.009927380753739739 0.16599548246173537 -0.9622719514575889 -0.008254198834445529 0.2719587013086265 18.916747576535943
0.26674031409695764 0.012405821128737863 0.9636906625454476 13.248529488085474 -0.01104918342018063 0.9998934375700153 -0.009814968957376664 0.16046938457888504 -0.9637042257329381 -0.008031817595275405 0.2668452927135766 19.002973053398318
0.2579776359445326 0.011701605618767812 0.9660821310123031 13.865325190950108 -0.008505506843614478 0.9999180828139292 -0.00984132483711526 0.14965885334810736 -0.9661127338206749 -0.005679934622520354 0.2580523842990884 19.15174352725404
0.24836114326121828 0.014727588816070444 0.9685578172930787 14.515584580343988 -0.010880449561126933 0.9998667945402817 -0.012414617936472451 0.13307218984441183 -0.9686061526786163 -0.007456937418560065 0.24848441818570002 19.308277585606852
0.23637167934389136 0.019525879859593247 0.9714689567762415 15.395518095626846 -0.015270778451487782 0.9997525434968947 -0.016379666758819057 0.11006507781091932 -0.9715432594778083 -0.010965889615006096 0.23660755812987838 19.514963740802276
0.2289695728232234 0.020180138208233764 0.9732267183077571 16.034806185440466 -0.015573519101065058 0.9997357446567249 -0.01706727403541182 0.09151418092345714 -0.9733091235553859 -0.011250934431051077 0.2292198244447689 19.653101480588564
0.22410715178228924 0.020329307632464644 0.9743548589536585 16.394509691241172 -0.015526970254138657 0.9997327897930867 -0.01728891303109458 0.08172407048377675 -0.9744409908825461 -0.011256519815002686 0.22435942384583685 19.730082850940374
0.2150715767808215 0.02015259590460299 0.9763927439088002 17.074291653827128 -0.016587075922640436 0.999720921183813 -0.016982021063913486 0.06790819383837904 -0.976457339889437 -0.012545318596677353 0.21534253432794837 19.867115951992215
0.20615421468120454 0.01873790816901839 0.9783419300999412 17.745492753699313 -0.019221437897679126 0.9997034841548494 -0.015098574004212335 0.05701678263902332 -0.9783303359953099 -0.015694974200205655 0.20644958345209471 19.994748725264024
0.19224043987225717 0.017935518485114866 0.981185769936799 18.650827099440203 -0.02060839861315185 0.9996882714239849 -0.0142382876092325 0.0405879363309673 -0.9811308265540656 -0.017485569688886007 0.1925467230572193 20.15599152275142
0.18396967421676486 0.016586447190714757 0.9827933078739408 19.328196113659004 -0.020456728701845932 0.9997070584881895 -0.013045335238055095 0.028122766398658367 -0.982718207569354 -0.017706826003898078 0.18425171172719343 20.265694073503454
0.1792117881225223 0.016363773236203905 0.9836757567192849 19.69656940145864 -0.02032255387836931 0.9997111840552783 -0.012930844705196398 0.021123289844610572 -0.9835995524915272 -0.017675783167300712 0.17948922139963333 20.326818052444292
0.17230979970521462 0.015889842688043145 0.984915777046077 20.366009185213663 -0.019875191676689167 0.9997231499825241 -0.012655018495572287 0.007547423994354076 -0.9848410432832584 -0.017397334474888348 0.1725745870124221 20.43137893314421
0.16592362665827687 0.01512684142152344 0.9860235499012674 21.06345547979626 -0.019745042360192845 0.9997336450459171 -0.012017969439217976 -0.0021397758866539135 -0.9859397407496744 -0.017477583706518265 0.16617481431092165 20.534200831248867
0.1628174351649091 0.014942458836089552 0.9865439055097124 21.438782967712786 -0.019772450790476945 0.9997347456852564 -0.011882373554990536 -0.006888457756566577 -0.986457144916951 -0.017574258124143344 0.16306622731672424 20.591086191264672
0.156401201726625 0.014225474197183348 0.9875920590871674 22.137438016287458 -0.01878896256906798 0.9997588694907206 -0.011428515037668957 -0.018334417872333707 -0.9875139792746004 -0.016770876300703123 0.15662728871329137 20.69004819919095
0.15097831216692892 0.013702767013402643 0.9884429963179566 22.841928378432733 -0.01897267089661384 0.9997606094099895 -0.01096481753086497 -0.02900838002906978 -0.9883543041664391 -0.017100014686301398 0.15119872940829593 20.79104142051978
0.14987740507562056 0.013310321704862458 0.988615996661372 23.234896828788525 -0.019198339351902495 0.999760615748722 -0.010552806129504294 -0.033256288339980754 -0.98851753629495 -0.017400285033012112 0.15009371448095496 20.850281520961133
0.1459782435113855 0.011818181410931423 0.989217902509027 23.970067655380245 -0.019305068405769562 0.999772958840137 -0.00909814800641921 -0.04011674138323395 -0.9890985538435979 -0.01777113613798513 0.1461699480212877 20.956863101082885
0.14166512707261716 0.010783325364362401 0.9898566503443621 24.743882597616675 -0.0194951023463892 0.9997779598727755 -0.008104210119651307 -0.048279589332374744 -0.9897221094854824 -0.01815135813921639 0.14184060717948613 21.065846827907617
0.1407081380182684 0.010854426987602162 0.989992292596615 25.122853965363653 -0.019845553683236063 0.9997706866008413 -0.008143862906668933 -0.05309119069944535 -0.9898517006230148 -0.01850319204977112 0.1408879824645149 21.120375201530873
0.1387834335516063 0.011794572777292924 0.9902531596494608 25.858643736781175 -0.018022098126858448 0.9997941890718083 -0.00938523161040862 -0.06413415738395425 -0.9901582407425545 -0.016546122342305725 0.13896420040477045 21.221020868358025
0.13962718654685774 0.014334301104160976 0.9901010470994623 26.586280456211348 -0.015579921577692907 0.9998038241385736 -0.012280670596815776 -0.07715208618625488 -0.9900810044530223 -0.013713254199962365 0.1398200441794805 21.324344607139412
0.13983877169142503 0.01501236256318663 0.9900612707028821 26.961526253459507 -0.01588300910606286 0.9997910778536597 -0.012919713535864347 -0.08427743220752279 -0.9900465166050968 -0.013920637336290368 0.14004473982931928 21.38172019708014
0.13918291833249044 0.017087558930016702 0.9901198461508415 27.66969464019758 -0.01743063945572114 0.9997391232044407 -0.014806562558733749 -0.10090809724291847 -0.990112633691489 -0.015199765898551536 0.13944130302738847 21.485319402249377
0.13896896867795688 0.01678546846978337 0.9901552947181338 28.412924815987708 -0.017729160744509736 0.999738892681161 -0.014463318639364762 -0.11155482840407864 -0.9901376934085673 -0.015546807223362515 0.13922689478896214 21.592569181988146
0.1395648029683082 0.016289087536269273 0.9900795973832194 28.81643424996709 -0.01782690647550401 0.9997444990035723 -0.013938628208952022 -0.1153025029152657 -0.9900519567532601 -0.01570702238483749 0.13981629210841956 21.65411246552289
0.1394430802136572 0.01403048954567055 0.9901310974984754 29.59214219604066 -0.018492535925503203 0.9997626117841436 -0.011566109305674224 -0.12219010519166588 -0.9900569481156277 -0.016699751850213437 0.1396658995084872 21.76789369114486
0.13819696699580283 0.012264146076479108 0.9903296051957938 30.358381726576955 -0.019240435718127252 0.9997687636585723 -0.009699470790995002 -0.1285934740275598 -0.9902178774446421 -0.017716047948060372 0.13839782200797815 21.87743533028352
0.13811781685326613 0.012131687590437697 0.9903423148691638 30.773450467057103 -0.019993334955458308 0.9997563412127956 -0.009462141441154174 -0.1308362670136305 -0.99021417274436 -0.01849543839434268 0.13832350423323403 21.93617096797037
0.13766397594827265 0.01210688654172913 0.9904057105016947 31.55846586225914 -0.021037627189562143 0.9997361587751281 -0.009300175415630989 -0.13730828805774972 -0.9902557854549481 -0.0195576582166683 0.13787897783264952 22.047809140561206
0.13736031958754533 0.012376019198526393 0.9904445573598211 32.303946464588556 -0.021525813325925857 0.9997238171420482 -0.009510112563167802 -0.14706496876106262 -0.9902875659425181 -0.020015837286124206 0.13758535468139993 22.153729014640096
0.13724139666187027 0.012356144946211253 0.9904614185214036 32.71481680944665 -0.021595947382448216 0.9997228064628628 -0.009482915476369523 -0.15084535864807508 -0.990302536422441 -0.02009052819367173 0.13746672368374813 22.213474056062218
0.13644890323672682 0.012643980410962253 0.990567373791507 33.49099254337859 -0.02207080050240136 0.9997102609901728 -0.00972411031106514 -0.16143658850167403 -0.9904014036637757 -0.020537770965809967 0.1366849587433651 22.324304941561298
0.1359544387109433 0.01276947372193404 0.9906339006107067 34.29380584730834 -0.022396434246488867 0.9997022951503545 -0.009816463844334085 -0.17169587382539256 -0.9904625085358002 -0.020854075571349533 0.13619627788025238 22.43731036759992
0.135877890390481 0.012748155152786121 0.9906449406173469 34.70050365609727 -0.02280360719366448 0.9996940420291388 -0.00974085883164486 -0.17460681344597456 -0.9904641689976863 -0.021268527296924456 0.13612317710918762 22.497582568497197
0.1354358142572278 0.012498133500891635 0.9907090973368294 35.50114086268007 -0.023017709370841202 0.9996923023132319 -0.009469350682960967 -0.18294303166556355 -0.9905202454943761 -0.021522648260429485 0.1356774566275282 22.61019257279953
0.13513530474544833 0.01178297173162447 0.9907589627921743 36.344651693417504 -0.022969933408831168 0.9996998764952758 -0.008760815790768144 -0.19045890733841203 -0.9905624437248858 -0.021575204498842385 0.13536102082003837 22.727405044581694
0.13510247733191913 0.011542282069440428 0.990766419104978 36.76327014942694 -0.022896433172338828 0.9997036012065869 -0.008528702736902483 -0.1925168938478386 -0.9905686264313077 -0.021534113000919432 0.13532234192371398 22.78848328093861
0.13488246106647542 0.011312020234989709 0.990798835821101 37.60318262086771 -0.023100901672186792 0.9997009146588314 -0.008273300083377583 -0.19993117292284882 -0.9905935458889661 -0.02177401226103368 0.13509933504769564 22.906478462061795
0.1348103240155549 0.011451856040395685 0.9908065785854495 38.43451079262868 -0.023442883203831293 0.9996917278511436 -0.008368664922832447 -0.2093865726354502 -0.9905947908780254 -0.022101251380753424 0.13503362754888248 23.023707408823718
0.13487222550523428 0.011542945543164703 0.9907969087423508 38.831665679216805 -0.023725394226561065 0.999684308708301 -0.008420687461697248 -0.21294695159268304 -0.990579620553729 -0.02237346727303047 0.13510003136510737 23.082009986270304
0.13580393120317066 0.011805071987732212 0.9906667879415325 39.65465160012995 -0.023896141573442126 0.9996787677444141 -0.008640814490931896 -0.22280252321932278 -0.9904484370359358 -0.022501763562074745 0.13603880966756624 23.20012109831125
0.13601008430498213 0.011944163350593397 0.9906367261524496 40.44030025010617 -0.024337842429333616 0.999667381279353 -0.008715734154376946 -0.231252551230822 -0.9904093936192752 -0.022926723529482763 0.13625208875490263 23.31288596443173
0.13601240608858212 0.012043365275367606 0.9906353526838462 40.82682106297889 -0.024655310071883055 0.9996589848180573 -0.008771896331980902 -0.23402499731258508 -0.9904015137073869 -0.023233363082113167 0.1362593587099815 23.370900766678933
0.13602954103987988 0.012431578491492793 0.990628254736366 41.60798006659793 -0.025220405602287985 0.9996421209788203 -0.009085573501140462 -0.24435556467089808 -0.990384851419413 -0.02375000999885522 0.13629077771251005 23.479680612302953
0.13609101712188337 0.01270215431033028 0.9906163888130977 42.38683949885304 -0.02570024839536765 0.9996279077431093 -0.009290843204019664 -0.25332903214305874 -0.990364007395082 -0.024196570752884252 0.13636334568650899 23.589158498969454
0.13642662424018184 0.012629094289860253 0.9905710907635479 42.77686811353482 -0.025665220152007593 0.9996295239309865 -0.009213685506471768 -0.25584527064420964 -0.99031843899969 -0.024168163887474493 0.13669678729466944 23.646109662769604
0.1367359186027495 0.012243737562271633 0.9905331645108495 43.545661175809 -0.025725270297417054 0.9996314107346846 -0.008808829874419902 -0.26198836809602555 -0.9902741548455006 -0.024279228723112882 0.1369971440716083 23.75630052572756
0.13678045405663367 0.011996078462470776 0.9905298173715432 44.352605934071896 -0.02606787962300326 0.999624737936015 -0.008509926272721713 -0.2688895824203999 -0.9902588038705633 -0.02465928390546806 0.1370388141835334 23.872335421352748
0.1371654421296134 0.011901896864394995 0.990477661106881 44.76891838575266 -0.026205112140945747 0.9996219688605912 -0.008385885577321547 -0.27166626282504974 -0.9902020154322521 -0.02480770959839654 0.13742262591520463 23.934531634807644
0.1373600246156054 0.011577798306053953 0.9904543552780719 45.55407522583247 -0.026303769031870716 0.9996219184379291 -0.008039936043678307 -0.2780251940450307 -0.9901724508330093 -0.02495086978170767 0.13760996683658155 24.047894908347622
0.13762182798319622 0.011741437093123634 0.9904162823810055 46.30127823020041 -0.026657080381226578 0.999611752315532 -0.00814963370867185 -0.2860354081746798 -0.9901269876916919 -0.02528224501355064 0.13787845282327887 24.15681390203229
0.1376622785211635 0.011963294638321131 0.990408677017339 46.67783843649747 -0.027154228111294726 0.9995974904253526 -0.008303524446088258 -0.2892415624761777 -0.9901082206937802 -0.025752543312557614 0.1379283138835917 24.21435462678244
0.13777596468606007 0.012967394786411481 0.9903805097004027 47.376000191374686 -0.028433212720183496 0.9995549436789788 -0.009135656664466975 -0.298381281238342 -0.9900568542701046 -0.026902796859237993 0.13807963093079584 24.318954196903206
0.13804344158996226 0.013405162642451379 0.9903372345765756 48.11450382685992 -0.02936669336592368 0.9995249491764105 -0.00943931966863286 -0.30641986414369493 -0.9899920410187723 -0.027781846406791138 0.13836820610841444 24.429310684487184
0.1382971409899648 0.013382494758935458 0.9903023024247374 48.49904359650635 -0.029804728033017334 0.9995131756421733 -0.00934810005960222 -0.30813605834316615 -0.9899436117636813 -0.02822498415364077 0.138625300706235 24.488953158962474
0.13876061211458557 0.011810519440781993 0.9902574209563375 49.23106758322296 -0.030565842322807887 0.9995048826876192 -0.007641321093147305 -0.3107341884128389 -0.9898560694105333 -0.02920933894868239 0.13904935352017433 24.59805804382088
0.13862567587739485 0.010537254767467917 0.9902908565266763 49.953469922714994 -0.031090278917906146 0.9994981916470617 -0.006286627414026056 -0.31225990363456246 -0.9898590307972213 -0.02991862929338237 0.13888007902264757 24.704832958652787
0.1386775307440525 0.010366464106949802 0.9902854253336959 50.33019654602518 -0.03139011034084066 0.9994903457564496 -0.0060707914847924664 -0.31239506405443346 -0.9898423512013272 -0.030244913942800634 0.13892856956329963 24.76323053674414
0.13872375094496114 0.010045576432880834 0.9902825975991381 51.03090309740669 -0.03161524854707981 0.9994858132164165 -0.0057143525033955395 -0.31525392460392926 -0.9898289768596011 -0.030516561371988802 0.13896600622728753 24.86773137363993
0.138565020056025 0.010118146392681522 0.9903040856990992 51.767749991909994 -0.03209753001633824 0.999470254980205 -0.0057248027301029115 -0.3204810299806788 -0.9898356371325149 -0.03099443783161341 0.13881245504460024 24.97205516498446
0.1386501806098231 0.01018894337868493 0.9902913202387208 52.16312763643626 -0.03225274636346366 0.9994648150336121 -0.005771613110019581 -0.32220868383902 -0.9898188030892364 -0.031140975356234803 0.13890073512910334 25.029390226152973
0.1387889121397837 0.010342904243488209 0.9902703299982873 52.86553550487999 -0.032675865161327616 0.9994508722908246 -0.005863347648799939 -0.32691434084730675 -0.9897857034589149 -0.03154575060278511 0.13904657204390525 25.13284694088858
0.13898482034680348 0.010443594372582016 0.9902418177940919 53.5443722542575 -0.03318052610915198 0.9994340518705062 -0.005887598151911599 -0.3310048845498299 -0.9897415125817657 -0.03203999658229438 0.13924860473807069 25.233603225067835
0.13900672933930827 0.010536302220159133 0.990237750337049 53.944238942194666 -0.033679474603804646 0.9994171076644653 -0.005910067019962162 -0.33219761861483466 -0.9897217086032474 -0.03253089646056021 0.13927657966589632 25.29477353131607
0.13888337779504764 0.010810329847969197 0.990252645357992 54.63034857158471 -0.0344439956363484 0.9993904466517571 -0.00608356314527672 -0.3374753581858404 -0.9897131362996727 -0.03326489939390891 0.1391667475511122 25.397440142999603
0.13889203001535264 0.011075418087313254 0.9902482410044287 55.384727546610044 -0.03590739470186023 0.9993385005104345 -0.006144704906374362 -0.3415420731349349 -0.9896600278529973 -0.03470538510283672 0.13919370231484446 25.51121014725825
0.13896469301666414 0.011153198288425188 0.9902371193309222 55.76366302577397 -0.03662106897229989 0.9993127694666222 -0.006120339624395713 -0.3421377822406555 -0.9896239356324826 -0.03541464337401415 0.1392734683979467 25.570404917243
0.1386756696612191 0.01152804150666525 0.9902727020356002 56.49263357792255 -0.038113012959207555 0.9992556148434272 -0.006299004486044998 -0.3459113208417244 -0.989607863000196 -0.03687067363932189 0.1390079280548663 25.680555173558513
0.13815438871132052 0.011510746794544497 0.9903457050348998 57.250595329552 -0.04041521224943945 0.9991671551662643 -0.0059789201944083934 -0.34835327192061594 -0.9895894700087615 -0.03920086623431308 0.13850065758780175 25.79442775883019
0.13827295243916213 0.011431869819888113 0.9903299931016927 57.632088894868744 -0.041696585881529497 0.9991158242690372 -0.005714868528126068 -0.34737923462334563 -0.9895195001863606 -0.04050507277181292 0.13862353329534863 25.85419636610971
0.13792304097331523 0.011094150555848017 0.9903829476784468 58.2968340513256 -0.04229150982811336 0.999093361507365 -0.0053058970742722355 -0.34969388996864165 -0.9895436861640373 -0.04115452370098749 0.13826294271092374 25.951534037142277
0.13751768282951285 0.011237425960220577 0.9904381988024681 59.009887754921884 -0.04265052409620379 0.9990777102502031 -0.005417620435501617 -0.3549431463089542 -0.9895853213644745 -0.04149875863354145 0.1378654896057783 26.054912794086096
0.13732051333606782 0.01136136301212666 0.9904637436380116 59.37733073536248 -0.04313043541149114 0.9990563066468512 -0.005483645541193933 -0.3569696179885194 -0.989591493872677 -0.04196756313950946 0.13767679205884423 26.11076580830976
0.13571076838123852 0.011667261640166631 0.990681779244796 60.131976825082134 -0.04394945284192455 0.9990189365904952 -0.005748228988970344 -0.36349126700382745 -0.9897771790649033 -0.042761586377170084 0.13608647102535903 26.21867800112255
0.13433619913143563 0.012099628120716409 0.9908640829870334 60.830271409486336 -0.04470188698002142 0.9989831414711668 -0.006141622459053344 -0.3710048973839555 -0.989931148963034 -0.04347012556392579 0.13473663219014825 26.316191635896846
0.1342391287544376 0.012094149270391865 0.990877460635845 61.24250248454506 -0.04481652213087718 0.9989784861375369 -0.006125140933793121 -0.37404026394301265 -0.9899393854752238 -0.04358686674877812 0.13463988988873718 26.371759926193466
0.13315489807994124 0.011801612469205107 0.991027391158537 61.95446987251212 -0.044784441897685934 0.9989813145444019 -0.005882725540939459 -0.3791650589885509 -0.9900876182467262 -0.04360050103973351 0.13354354775058 26.466307101315937
0.13132097889358912 0.011342854423256471 0.9912774223825571 62.75065016570973 -0.04539949843910934 0.9989562777203979 -0.005420014245025187 -0.38424451901894324 -0.9903044433091782 -0.04429291344958969 0.1316946489813661 26.573847975851077
0.13083952598855542 0.011237338830810616 0.9913426527669246 63.11572995968521 -0.04563112047408329 0.9989467361363483 -0.005304790487366455 -0.3856622467278132 -0.9903576666369646 -0.04454322004637174 0.13121021674252895 26.62453785452064
0.12936290561481492 0.011013497159988747 0.9915390034240334 63.84256473052247 -0.04586638408860893 0.9989369571384799 -0.005115479002974016 -0.3907354120736392 -0.990540818811798 -0.04481768731704453 0.1297262265444888 26.720538001664004
0.12812785918596617 0.010457638509117932 0.9917052275348807 64.62869706268846 -0.046041455981591276 0.9989312207961912 -0.004589060689592493 -0.39562911533922546 -0.9906929189694058 -0.04507288364196461 0.12846823052883638 26.82306993998576
0.12777152548188966 0.010445512072283015 0.9917513006510016 65.00944164594105 -0.04621084670444546 0.9989235117204337 -0.004571353466845592 -0.3976119741797127 -0.9907311303501528 -0.045246556956946966 0.1281122851607332 26.875066440898504
0.12570914244007494 0.010562265814887468 0.9920133924062713 65.76109241003186 -0.04665232390531135 0.9989017578466518 -0.004727255385826318 -0.404530074824355 -0.9909739219171495 -0.04568669992269372 0.12605972161947515 26.971648435123406
0.12409650753122352 0.010609655330689664 0.9922162398928633 66.53382842836945 -0.04706019972140973 0.9988825034314188 -0.004798778691704566 -0.41113317121770043 -0.9911583206577197 -0.046099344660221475 0.12445276361400694 27.069354481612486
0.12355510078869654 0.01070601110360622 0.9922826563373982 66.93635042885408 -0.047139999279711825 0.9988780704828948 -0.0049110007588628575 -0.4139381796610262 -0.9912219547144108 -0.04617063070019523 0.12391702674606564 27.121826503050936
0.1221341065075472 0.011002698961711051 0.9924553078655648 67.66112383593197 -0.04724053681407956 0.9988715671637459 -0.005263625564570191 -0.4221893547092007 -0.9913932113102509 -0.0462425121089709 0.12251191463596259 27.211139447341996
0.12030319635867534 0.011233858004045827 0.9926760608693227 68.41127207531997 -0.0475007580487217 0.9988573576390951 -0.005550280071690702 -0.43073527252438587 -0.991604498310701 -0.046486705857324 0.12069531081831954 27.301830679916833
0.1197235862301153 0.011373210012659776 0.9927448880339401 68.78210842609761 -0.0476696650170091 0.9988491227537782 -0.005697819019529395 -0.4338516896090341 -0.9916670847121151 -0.046642792158924314 0.12012345589461644 27.348939652947927
0.11797437550464163 0.011441279262159583 0.9929534312111696 69.5400927740929 -0.0478796932024855 0.9988381339215866 -0.005823882864084769 -0.4415305317737547 -0.9918664195596245 -0.04685640858163175 0.11838066212007443 27.43898580093355
0.11649956224738334 0.011975568622635279 0.9931211634946654 70.23983671856006 -0.048032284695215983 0.9988272223879145 -0.006413321824084069 -0.4512352706573801 -0.9920333825623532 -0.0469559705867076 0.11693374799042743 27.520266846194524
0.11584885706208702 0.012312442958309648 0.9931932023360336 70.63933057847082 -0.04840518072575351 0.9988071984702691 -0.006739961006117312 -0.4562264896954977 -0.992091860422267 -0.04729598261512769 0.1163019976348003 27.569036170930445
0.11407399084212068 0.01298350157324174 0.9933900094757875 71.3835699722596 -0.048787332228107265 0.9987833757103454 -0.007455607715565962 -0.46723349140765114 -0.992279020107805 -0.047615515824214666 0.11456403429299138 27.649824372769793
0.11221618073273835 0.013827417704266948 0.993590678936193 72.12555343254448 -0.04864972820847564 0.9987830262714057 -0.008409483408029305 -0.47911101658770033 -0.9924980932360441 -0.04739516254223369 0.11274747417421549 27.729273306303952
0.11168110266957905 0.013839618558456477 0.9936507547779326 72.498906481589 -0.04882520449735885 0.9987742658145977 -0.008427399105612092 -0.482362034884244 -0.9925497473600174 -0.04757496258304701 0.11221515236438585 27.772186373946504
0.10934215430884496 0.012979278251233503 0.99392254921115 73.21676631964993 -0.04863438026939484 0.998789747915043 -0.007696644418337688 -0.4890409986505128 -0.9928199591228424 -0.04749777195067196 0.10983629973213074 27.849103887798517
0.10658625786157179 0.011528562225783889 0.9942397572472192 73.95805892548432 -0.048292188462812365 0.9988156394156402 -0.00640854237828389 -0.49530149820504055 -0.993136502558567 -0.04733103669842814 0.10701220749970568 27.925770989752365
0.10574198737569293 0.010856925050206566 0.9943376467173622 74.33940829689573 -0.04803002799478306 0.99883250865608 -0.005802560123175121 -0.49686859438160885 -0.9932400964746777 -0.04714373118525877 0.10613512640199055 27.967676156218957
0.10279812083755037 0.008357929412835474 0.994670294132344 75.08146592634446 -0.04828130861579239 0.9988311301464442 -0.0034075269949919097 -0.49929127988221617 -0.9935369009210885 -0.04767278972900965 0.10307664277117656 28.044489959558693
0.09967089261464618 0.006659327906132269 0.9950015418108888 75.80903952684214 -0.0482444031523005 0.9988370810952567 -0.0018570056315689188 -0.5019615587891119 -0.9938573256650869 -0.047817294011548946 0.09987134668314558 28.114776565295163
0.09868533355313532 0.0066707555826301555 0.9950995633355388 76.18696928297163 -0.04840797440555532 0.9988287249103849 -0.001899451759220518 -0.504452802048583 -0.9939473803171596 -0.04798276959771679 0.0988880606553916 28.153933276969642
0.09632566399103694 0.007709519991035978 0.9953230886981549 76.89422214622606 -0.048682048163328766 0.9988123908416244 -0.0030293666435369116 -0.5140899614023335 -0.9941654267666286 -0.04816213407956779 0.09658222807180865 28.221301660648813
0.09256465566939949 0.008575610579021632 0.9956725902886772 77.57039619985954 -0.04895587636734041 0.9987950159544062 -0.004055140117938362 -0.5242184442329488 -0.9945086168641181 -0.048368902682028994 0.09286885975574029 28.281645074618236
0.09101552901923893 0.008752473712398295 0.9958136322235803 77.9152399132125 -0.049172485629035555 0.9987830773012012 -0.00428810847891852 -0.5274461313620876 -0.9946406958657082 -0.04857666821380697 0.09133120284504843 28.31329382176607
0.08620426482444961 0.009162683717518811 0.9962378650931637 78.58033801827483 -0.04985008974755195 0.9987469220687598 -0.0048758422500208305 -0.5367653884449644 -0.995035452975267 -0.04924244080864918 0.0865490460742448 28.367832986691333
0.08092540880676467 0.008940893078074486 0.9966826662520464 79.30938232873437 -0.050345492726560956 0.9987223728694041 -0.004874595075004203 -0.5440584608672693 -0.9954540472835778 -0.049784064397301035 0.08126821563062339 28.42294332067524
0.07886426166953063 0.008816215064605311 0.9968489200080851 79.67757939920929 -0.05046575534121026 0.9987160353661754 -0.004843020780394268 -0.5468545739555717 -0.9956131232749362 -0.04992522055659485 0.07920410373270445 28.451230714112715
0.07388448163026531 0.007972496621460101 0.9972374416092786 80.39364292382261 -0.050391578151181886 0.9987220947603542 -0.004254204187444718 -0.5526315391821024 -0.9959986306633292 -0.049938715424905446 0.07418788613121804 28.49945665207474
0.06852365530913644 0.006612236269581148 0.9976300107314579 81.1019569531992 -0.050855452128582 0.9987025736899431 -0.003129987710840554 -0.555101796438174 -0.9963583316848764 -0.0505213066119489 0.06876673565833005 28.54043140064344
0.06615798607455456 0.00585072750523156 0.9977946519044768 81.47816673858938 -0.051662837007108754 0.9986629666112742 -0.002434109722090268 -0.5535747659200106 -0.9964770560489985 -0.05138865912522211 0.06636751357755775 28.563494601776785
0.060488220881158 0.004840228811352517 0.9981598873697825 82.20294869249123 -0.05189992681348616 0.9986524622571131 -0.0017010190749494982 -0.5564924945899243 -0.9968253153242649 -0.051702120088127655 0.060653936062974145 28.600061298480156
0.05509754895006684 0.004657408662638017 0.9984731102981427 82.9028338850588 -0.05172298502668221 0.9986619825296981 -0.001807597457961138 -0.5638705135711823 -0.9971475062188949 -0.05154457789567169 0.055260831911336336 28.63126056719314
0.05323645745740263 0.004794774857218752 0.998573382193417 83.25877945814887 -0.05176558482357505 0.9986595949780301 -0.002039039156720996 -0.5679967106421405 -0.9972466898584817 -0.05158304132203341 0.053409286722004234 28.64881490879727
0.04792153976927362 0.005537649223407991 0.9988386749253226 83.92644107778233 -0.05159431634950498 0.9986655938946205 -0.003064983126973767 -0.5784095126856172 -0.997524943495986 -0.051387399630313656 0.04813928008751188 28.674917789637046
0.04181476487550482 0.0074176972041066 0.9991006788177583 84.60831668765691 -0.05334760609683762 0.9985645297702128 -0.005184623382602506 -0.5912893022786785 -0.9977069327437276 -0.0530826554784463 0.042146426601607 28.700060994718008
0.039470917665187046 0.007423629751598527 0.9991959348394912 84.96057690949968 -0.05287139865547918 0.9985890558932741 -0.005334165697436171 -0.5942441873882365 -0.9978275124241586 -0.05261820521289714 0.03980369626874175 28.71220223416644
0.03457056219849277 0.007528535286273122 0.9993765354785057 85.62450407683345 -0.053480897881155474 0.9985547491651521 -0.0056758777314 -0.6029999116306909 -0.997976854232785 -0.05325107608537686 0.0349192806124381 28.733437860506953
0.029644492241867014 0.008904923155596873 0.9995236100583835 86.24628259967471 -0.053002455133279794 0.998569819561493 -0.007327999025492679 -0.6162445340340917 -0.9981611712411482 -0.05275924955694665 0.0300700966497762 28.746795575884608
0.02719661709156426 0.009302078686765676 0.9995898137368674 86.60396773940795 -0.053003876585190395 0.998566079337458 -0.00785411790346029 -0.622532316239169 -0.9982313971206791 -0.05276750084209574 0.027646508106597228 28.755533888074478
0.022845228645865186 0.009850417289660076 0.999693641167758 87.24546662180794 -0.05263392908343277 0.9985793788927334 -0.008640282724012033 -0.6349499559552888 -0.998360259954389 -0.05241912640019238 0.02332709492759993 28.765810425039625
0.02063029607864449 0.011404357369733659 0.9997255681043636 87.89811442973968 -0.04820575762616977 0.9987868402892225 -0.010402413723838745 -0.6452548166842129 -0.9986328622027827 -0.04797597840028703 0.021150940281527034 28.7749678497179
0.019606357478132965 0.011353612613858581 0.9997465624486035 88.22921452130495 -0.048118382186132125 0.9987910540461428 -0.010402739537527343 -0.6489637035822055 -0.9986575124985645 -0.04790032288525903 0.020124828642832028 28.783887014498948
0.015195411325463721 0.010414145034001693 0.9998333824454012 88.88519412525704 -0.047511189659668225 0.9988269581784398 -0.009685435175948819 -0.6576051970639343 -0.9987630825803872 -0.04735452306366808 0.01566803419504309 28.789563869189283
0.011061901563275467 0.010160591566574177 0.9998904266072876 89.54596526680461 -0.047815142192383316 0.9988133843327142 -0.009624349787525714 -0.6683366798395405 -0.9988032582309154 -0.047701636446659944 0.011530302907255142 28.79419476161493
0.010061853056330214 0.010254717402586351 0.9999001166883352 89.87002644800455 -0.047842289134952275 0.9988107195309087 -0.009765752524465652 -0.6725858141721494 -0.9988125525916977 -0.04773737708526734 0.010536186346667656 28.794740174012947
0.007375973923088499 0.010979653347858756 0.9999158456493553 90.48024432375936 -0.04580015835970648 0.9988975510487904 -0.010634308956238299 -0.6816667814286658 -0.9989317417759814 -0.04571618631028653 0.007866433178155982 28.794435345706482
0.0038047863111673186 0.011908173691947133 0.9999250852097393 91.0960422881666 -0.04435161724124028 0.9989503799726966 -0.011731478559110754 -0.6930220269681328 -0.9990165119996505 -0.04430233589440139 0.004324642435583484 28.79172089122884
0.002039370297580604 0.012015145764354964 0.9999288723360725 91.41055471566885 -0.043777006709702845 0.9989733704059305 -0.01191800783364663 -0.6971227912281285 -0.9990469473159516 -0.04374845993293282 0.002558985389509019 28.792157434436543
-0.0026441025791398456 0.011837520857672281 0.9999296785417088 92.01799734180958 -0.04219334407794651 0.9990415859004415 -0.01194211230327007 -0.7070682434860622 -0.9991141860848045 -0.042220544941834026 -0.00214624782780004 28.78627404628511
-0.007006645527918827 0.01135009788917768 0.9999141994405464 92.61320909782323 -0.04207122849135358 0.99904994710867 -0.011638811429281973 -0.7167670563222258 -0.9990977563690724 -0.0421481053245326 -0.006526730846125385 28.778548833683796
-0.008920139332223373 0.011160539887227016 0.9999010294644005 92.92496324949687 -0.04208048988731923 0.9990513322678032 -0.01153048452994106 -0.721078733353988 -0.9990825067605444 -0.04217764751747505 -0.008446549720923246 28.77567186920364
-0.012929458009634635 0.010900166914549696 0.9998601836172611 93.51756318191131 -0.042014665284895725 0.999055436684809 -0.011438669589087373 -0.7314816604492239 -0.9990417674309371 -0.04215500112667676 -0.012463746504154417 28.763488019002136
-0.017601961579689983 0.010143445811900024 0.999796548603452 94.11106480190546 -0.04217499506096701 0.9990543599039585 -0.010882881316158008 -0.7400391766771347 -0.998963434695166 -0.04235645476239579 -0.017162070795470705 28.749738356583652
-0.019036989166198195 0.009963040850143073 0.9997721624251444 94.42394959658162 -0.04216814078786873 0.999056072790483 -0.010763236136816946 -0.7436304433236406 -0.998937297871018 -0.04236208870562294 -0.01860338061601541 28.74319273232372
-0.023754539820063984 0.009230085885123593 0.9996780668319107 94.97603683364304 -0.04221284070401293 0.9990595521815493 -0.010231908086781559 -0.7503746555717661 -0.9988340283027511 -0.04244122829190561 -0.023347102445279606 28.726972136787737
-0.028997685210682564 0.008688535502660709 0.9995446516327441 95.56265135103635 -0.04215811758025479 0.9990652405676825 -0.009911582931506369 -0.7593563552135453 -0.9986978960742848 -0.042425155415580056 -0.028608775953842657 28.70452822011481
-0.030873080593563022 0.00857401660287146 0.9994893880244895 95.85982924454309 -0.042210081256626675 0.9990636302784576 -0.009878423094697325 -0.7627452846933087 -0.9986395692223381 -0.042492158218669696 -0.030486804234743606 28.694516929427483
-0.036379006520223425 0.00831995724598302 0.9993063963122507 96.42236597662199 -0.04250009985319062 0.9990517665697785 -0.009868865463552966 -0.7713234327540525 -0.9984417874048825 -0.042827985135307604 -0.03599538632476555 28.66963196647078
-0.041701170075527066 0.00819584550270103 0.999099419595831 96.99318046798766 -0.04241968872875532 0.9990538177317555 -0.0099702093670605 -0.7816909963101862 -0.9982371180129511 -0.04279590926381293 -0.04131866074930908 28.63943226804415
-0.043550867885177924 0.008167501360481656 0.9990207763594617 97.29279538293231 -0.04259569667642052 0.9990457681676602 -0.010028712651513196 -0.7856658917516093 -0.9981508657168661 -0.04298924937576271 -0.04316600056452961 28.625876934582422
-0.04866302836448344 0.008139918643223424 0.9987851495095429 97.86791565523109 -0.04242497898608028 0.9990514170355228 -0.010213087640840859 -0.7950602225149367 -0.9979219952655681 -0.04286876514977161 -0.048276025762010344 28.588760615447274
-0.05397449400048909 0.008103673563451406 0.9985123947803591 98.43746562273226 -0.042490880582215236 0.9990468477003106 -0.010408514658589935 -0.8051627063270168 -0.9976457017759506 -0.04298769624962352 -0.05358318995014433 28.550069275346317
-0.056139141024956554 0.00799585500060264 0.9983937589421997 98.75415287565365 -0.042305867358510926 0.999054916464102 -0.01038368092221236 -0.8088005246591901 -0.997533949608396 -0.04281912876514309 -0.05575224862574127 28.52976171114502
-0.061713196061737856 0.007972538001210602 0.998064888980618 99.32271691282772 -0.042211717060967296 0.9990570565370877 -0.010594047332163636 -0.819393725921973 -0.9972089210661319 -0.04278190603345037 -0.061322770465524874 28.488022566414564
-0.06704212661459151 0.00777021040177124 0.9977225321456767 99.89085692301903 -0.04229285241485853 0.9990528774352182 -0.01062618698034799 -0.829794551374871 -0.9968613286950144 -0.04290746054588599 -0.06665448714287243 28.443869809110815
-0.06954842917196763 0.007532196393323018 0.997552747105406 100.20240060700034 -0.04252415890321354 0.9990440758944061 -0.010511905370197597 -0.8337898797945189 -0.9966798361532478 -0.04314995368035616 -0.06916604273400676 28.42118081240096
-0.0745501266654502 0.007119994935414349 0.997194266886229 100.75036257283206 -0.04278229511964638 0.999034528126703 -0.010335449794305758 -0.8417110415472326 -0.9963068600002221 -0.04343194184684482 -0.07417814565147955 28.37520281152041
-0.07988684962291479 0.006855091459869564 0.9967827689550309 101.31376352916563 -0.042995894702410366 0.9990253479746607 -0.010320350722897262 -0.8513723446690787 -0.9958840919958932 -0.043681063468175386 -0.0795188382002887 28.324488397282472
-0.08227940530887237 0.006744649859362208 0.9965891318688967 101.62212613702685 -0.0430774498595808 0.999022309255151 -0.010321692946035537 -0.8556133404413491 -0.9956858810213473 -0.04377881832811346 -0.0819131176161422 28.297384493594052
-0.08734979225211552 0.0069786018532519084 0.9961559535186739 102.19824164460546 -0.04260850786453777 0.9990377661277449 -0.010739249573813598 -0.867070434480865 -0.9952737350449788 -0.04338186927154043 -0.08697318596608511 28.241163431243013
-0.09296310984035586 0.007359737377497627 0.9956449047100852 102.77452160044201 -0.0428839623284711 0.9990185090777434 -0.011393104360283174 -0.8809972936417276 -0.9947529702293191 -0.0437557426949662 -0.0925611475973217 28.182038496750103
-0.09589593842125693 0.007422119862717899 0.9953661050016019 103.07128796607223 -0.04323610508216789 0.9990008235692011 -0.011619093212553238 -0.8858610020211989 -0.9944593748441585 -0.04414903186312619 -0.09548416600360607 28.151725457670132
