1.0 0.0 0.0 0.0 0.0 1.0 0.0 0.0 0.0 0.0 1.0 0.0
0.9999862909317017 -0.005185842514038086 -0.0010300278663635254 0.0037302591372281313 0.005182147026062012 0.9999804496765137 -0.0035474002361297607 -0.00843555573374033 0.0010484308004379272 0.0035419315099716187 0.9999931454658508 0.5836966037750244
0.9999806737158039 -0.006165163459495915 -0.001206511759278328 0.0028853385679604715 0.006157955324471942 0.999964957466192 -0.005732236970676041 -0.014537010155925345 0.0012417882284401216 0.0057246179912926465 0.9999829483201799 0.8849034064863315
0.9999521680368684 -0.009720143432554567 -0.0017751138373628312 0.006665254056700996 0.009698606525138227 0.9998884597455836 -0.011424479271155981 -0.03406886368026733 0.0018863297829536361 0.011406137517799748 0.9999335393657531 1.4425404208373638
0.9999500104952906 -0.00962148354343851 -0.003029850505609418 0.004538822120240699 0.009569309143119768 0.9998160538013494 -0.016654909737567444 -0.055512828763243094 0.0031895629235968777 0.01662486366762867 0.9998566533309822 2.0360867480677722
0.999963644352272 -0.007948432019817243 -0.003278176842988022 0.0005485768627711673 0.007884863136826204 0.9997913093430307 -0.018871155017496553 -0.06622996268181382 0.003427212432704385 0.018844553532725964 0.9998161828202718 2.3272869909372598
0.9999728120179592 -0.006517318477436633 -0.0036254286716345618 -0.006236134761446993 0.00644589435420573 0.9997937148858476 -0.01928152939031159 -0.08006165374960673 0.003749996123784431 0.019257269933901117 0.9998072987200209 2.9146620884898433
0.9999580982579654 -0.007658730307911013 -0.005232257282889342 -0.012712477573587226 0.007574262867710817 0.9998462180240536 -0.015860540183543416 -0.08549946194496869 0.005352275232121577 0.01582022642735491 0.9998607690600932 3.5014035088110083
0.9999487386068019 -0.008228197314804838 -0.006095699894221497 -0.018164817315637058 0.008134410496877204 0.9998521131559088 -0.0151846938893601 -0.08981014931856769 0.006218972234108485 0.015134313467309351 0.9998664354862427 3.814104816388187
0.9999437123832604 -0.008455881933895683 -0.00660200360400928 -0.025457159455885548 0.008372575754032293 0.9998874792493819 -0.012482194740405041 -0.09696333279199294 0.0067059574711534325 0.012425945797690649 0.9999006952898213 4.4724114127998265
0.9999604685623198 -0.006092611003436404 -0.006665115890723195 -0.03395436812784469 0.006013437049036661 0.9999132620295051 -0.01175545468643524 -0.105669886985424 0.006735245588029406 0.011714769092201151 0.9999091122148337 5.1427095271231265
0.9999623239576697 -0.005843863245483395 -0.006649880272112414 -0.03808029374823214 0.005763975296743813 0.9999137741708796 -0.011849745084003492 -0.1117886267338479 0.00671792934080697 0.011810587143290308 0.9999083436826771 5.453240537269572
0.9999733617130792 -0.0015220686075013109 -0.007368493478606991 -0.052633710559279914 0.001425833065356642 0.9999158281442825 -0.012928130900774706 -0.12384252636452062 0.007386818903052235 0.012916834816040135 0.9998895934129262 6.075443337980978
0.9999704070663527 -0.0003661743437023638 -0.007924587329077514 -0.06292331810354831 0.00028136533422975883 0.9999443616738347 -0.010588744268287046 -0.12780760130803148 0.007927100232314846 0.010585792664933842 0.9999132383715693 6.69424426136553
0.9999688014475855 -0.001125914396338834 -0.008055254509600401 -0.06738153148767262 0.0010474202554998633 0.9999536478977501 -0.009635020529721244 -0.1290684671939608 0.00806475414732067 0.009626119605496707 0.9999218252902874 7.033177230671084
0.9999609277744377 -0.0016954536337820442 -0.008892174187026342 -0.0757768915151981 0.0015718472204609788 0.9999041460566415 -0.013799841314872156 -0.1461781328962917 0.008913633994120427 0.013785292248487619 0.9998659522633544 7.641856532604249
0.9999493193168656 -0.0030866870975964885 -0.009705352316549103 -0.08408426049539575 0.00284286733259909 0.9996841320992911 -0.02498347898851322 -0.181110137953885 0.009777573624625682 0.024954974440476837 0.9996409998093485 8.277328802542158
0.9999445930893395 -0.0034636580282132136 -0.009998230328918185 -0.0870248738723637 0.0031758848702528276 0.999585291085854 -0.02862104503300866 -0.19644421305201853 0.010090868008734098 0.02858848038998338 0.9995400886339235 8.562516099278572
0.9999476099167043 -0.0028039004425305806 -0.009918840589841429 -0.09387842820497884 0.002435508223737762 0.9993151603724213 -0.03692349746924822 -0.23235484275835247 0.01001316632250572 0.03689814143833146 0.9992687938394023 9.060970705273519
0.9999474080822548 -0.002219027768935379 -0.010128668091579645 -0.10277328051750567 0.0018393530676812024 0.999302728503403 -0.03729605112575337 -0.25786521308373667 0.01020211149286935 0.03727604913812341 0.999253064541032 9.6622554293428
0.9999094393829971 0.0005988178939507988 -0.01352883214836671 -0.11970058014869843 -0.0009177981166506533 0.9997224832149183 -0.023544696248732015 -0.27129902425266744 0.013508634818436546 0.023555500131396533 0.999630944134678 10.674518845596902
0.9999098775722934 0.0005992148928334446 -0.01347840306095494 -0.12939313833797503 -0.0008607552725370631 0.999812270566078 -0.019357568717988147 -0.2777515480694442 0.01346243210663899 0.019367688008714204 0.9997211865943536 11.249696153623123
0.9999110243420136 0.0008773699572302192 -0.013380526598883549 -0.13599777780791264 -0.0011119838460175312 0.9998466002937725 -0.01748696160638343 -0.28112051146459743 0.013361220204806996 0.01750068241023943 0.9997568191461342 11.5600004315152
0.9999184883066249 0.0011065939773192875 -0.012798157052762181 -0.1461873333762349 -0.001285297893743838 0.999902892239511 -0.013889326324075739 -0.286222872077269 0.012779387525487133 0.013905204281998696 0.9998211615822467 12.141562718331114
0.9999158597595074 0.003194310325715987 -0.012666562249910326 -0.1608359533351055 -0.0033541729108302236 0.9999157951589529 -0.012554783793085444 -0.2945521385701503 0.012623240558484876 0.012596706241610316 0.9998407896041818 12.806625204288602
0.9999135792120407 0.0035654898739894965 -0.012725237612614269 -0.16899022552186743 -0.0037266532440798504 0.9999132977145121 -0.012630008100449635 -0.30116818353052266 0.012676598471648124 0.012677145938762863 0.9998388633261703 13.172217277865103
0.9998975627228005 0.003985344619816053 -0.013819320510342297 -0.18353243148627288 -0.004202900329457454 0.9998679633279826 -0.015706679410740144 -0.32000068145308636 0.013752733747510432 0.015763567636855318 0.9997810665805631 13.857873009959821
0.9998929439417691 0.0035809522131507003 -0.0142461765757893 -0.19562862753888166 -0.003882387712425544 0.9997686548358071 -0.021151045809401976 -0.3421033015410952 0.014164745107308752 0.021204595903246366 0.9996743115417798 14.381978739073368
0.9998902702542004 0.0025568320640073474 -0.014694308303451427 -0.20296932452321045 -0.002927393090257401 0.9996789021780942 -0.025184278255962842 -0.35700568496853147 0.014623537231756318 0.02522429221973662 0.9995750767305385 14.692674152678036
0.9998870475505802 0.005015159170856588 -0.014297928045056155 -0.220241332373895 -0.005502256173402258 0.9994019280624628 -0.034155109760771504 -0.39335186311534875 0.014116728503400481 0.034229241174382016 0.9993148730469446 15.267508146021436
0.9998720967512036 0.006681697819978019 -0.014690503857727374 -0.23206929142952748 -0.007246631091835213 0.9992269758403829 -0.03865804202611084 -0.4248249524151471 0.014419898480656543 0.03875872531780238 0.9991458721350709 15.807573305167848
0.9998667250769745 0.006848594600431603 -0.014988034142477326 -0.23908827451442516 -0.007428743142863077 0.999216435240192 -0.038899819598515184 -0.4388780761503279 0.014709113498942637 0.03900476329299964 0.9991321433283669 16.09068103455899
0.9998647618567137 0.0032101111070180527 -0.016251320864727213 -0.2522530778271028 -0.0038004317625175543 0.9993322548359861 -0.03635868202683059 -0.457818313647313 0.01612347463413093 0.036413949790914064 0.9992077119558355 16.68114887336598
0.9998169420849703 0.004084521010903309 -0.018794881508056874 -0.26894591568766424 -0.00463542540813019 0.9995600342343067 -0.029308498286938864 -0.4632029529087516 0.018666614863140193 0.02938872107931953 0.9993946564342465 17.238022052451136
0.9998081830363823 0.003232263898661607 -0.01942885510161466 -0.27736167029108466 -0.0037659599398676344 0.9996166017543614 -0.027444014394068322 -0.46911432385131696 0.019332460058272535 0.02751032204516459 0.9994355010604522 17.56413557402301
0.9997910590927428 0.0034519562265266355 -0.020248978154707473 -0.2948429421213786 -0.003979382476740727 0.9996536770194099 -0.02601621902415309 -0.48422532339854546 0.02015181192288227 0.026089745489561975 0.9994574505827398 18.174913720401463
0.9997511373719635 0.005633844430755675 -0.02168795220068642 -0.3170420490054134 -0.006186437185613758 0.9996570325378537 -0.02545490094908082 -0.5000551786097286 0.021536983139647945 0.025581051860103718 0.9994420730401397 18.80000698000794
0.9997459032456883 0.006076408275591347 -0.0218252909545549 -0.32864837502261335 -0.006638178174661657 0.9996476254546774 -0.02570985805164689 -0.5105002070715658 0.021661280018744067 0.025846501813942352 0.999432718945781 19.126916911948182
0.9997205491601795 0.004640140159819389 -0.023285473735215396 -0.34745977860485433 -0.005311559290755019 0.9995709468794405 -0.02880983408572908 -0.5354736154015667 0.023141625020016834 0.028923678690514005 0.9993151279326363 19.788870575834167
0.9996944595230401 0.004521485877909856 -0.024403077185927304 -0.36777552292065735 -0.005262772935083459 0.9995256607469035 -0.030353415173810384 -0.5608242387378493 0.02425412927006801 0.03047057466681607 0.999242798754644 20.447841209943697
0.9996858152489034 0.004616259511527773 -0.02473267310078813 -0.38020929136603 -0.005363970292175609 0.9995285531475848 -0.030220449069988043 -0.5724188702490128 0.02458109649623889 0.030342075133226853 0.9992384304331394 20.79906381667421
0.9996415306547304 0.006269270538150285 -0.026119249789192788 -0.40181466961078804 -0.006996292157162996 0.9995883824151066 -0.027811048409996826 -0.5868170342067488 0.025933787581155332 0.027982249885023402 0.9992730395098917 21.376383960169157
0.9995987532908119 0.0066401950342693744 -0.027617813411686766 -0.4259596698913991 -0.007273628166517127 0.9997116924987223 -0.022874072160497555 -0.5974924207517239 0.02745728213144622 0.023064205430174622 0.9993581429268653 22.055916014667822
0.9995864539258553 0.006651174053012815 -0.02804799666103343 -0.44103334178312253 -0.007208078721141302 0.9997781051839513 -0.01977543870032948 -0.6025272755537157 0.02790937401781273 0.019968107478178305 0.9994122835106617 22.444926078393674
0.9995415284121667 0.006378759850321917 -0.029678465230059712 -0.4672652023317441 -0.006850230024203908 0.9998516445601098 -0.015785180006902017 -0.6117673880884829 0.029572316701224503 0.015980077762639426 0.9994364120674009 23.14572417000884
0.9995340347705179 0.005921744088074489 -0.030034326545187017 -0.4913375491009913 -0.006343881136674844 0.9998827199391405 -0.013945865558077527 -0.621742263219869 0.029946897179613005 0.014128792052065606 0.9994534620673883 23.820730866438502
0.9995229213679063 0.005344365869156425 -0.03051795255277737 -0.5087621438306601 -0.005763708022763175 0.9998910933095337 -0.013618570107787711 -0.6285539554361478 0.030440688477347294 0.01378671375838434 0.9994433170621838 24.241964841183492
0.9995144497245909 0.003951111807274173 -0.03100030733563699 -0.5365212535938262 -0.004378979259493448 0.9998967243232445 -0.01370417957545378 -0.643981846399995 0.03094179106503765 0.013832096029316995 0.9994271839619755 25.03585466080552
0.9994898250274226 0.004119885770045099 -0.03176268774978581 -0.5624984034432693 -0.004791292483048291 0.9997672306299947 -0.021051986434521323 -0.6750043206144808 0.03166732368796037 0.021192087366901313 0.9992753578531677 25.758158371105694
0.9994662521469203 0.0033296392110094986 -0.032595769643082265 -0.5760872495916345 -0.004155678810873936 0.9996726935690907 -0.025265793305574956 -0.6936473973683636 0.03249991636892745 0.025386361010396992 0.9991510440444352 26.144217306403135
0.9994288410755041 0.0008746627966756214 -0.03387092410785195 -0.5971001683272124 -0.001962537315796742 0.999484736043583 -0.03205797050581477 -0.7306884987038144 0.03382433672210092 0.03210469434332924 0.9989137168171408 26.848547623270854
0.9994180749994991 0.000753873639959193 -0.03418488431505231 -0.6219420811590626 -0.0018738688932265636 0.9994635579074186 -0.03271027393031596 -0.7617062572316775 0.03414053048436434 0.0327542865903983 0.9988817800066593 27.618100021165482
0.9994080977347131 0.000948616493920513 -0.034467934938068705 -0.637061251650326 -0.001970110698904562 0.9995608833863444 -0.029585256226740006 -0.7711062993309425 0.03442381905949091 0.029634513519453183 0.9989694130898069 28.029982041187736
0.9993986547096742 -0.0007659299956948628 -0.03474303918320949 -0.6642498205901348 -0.0001446447145491888 0.9996578406579191 -0.026174050565957136 -0.7945289996781527 0.03475043797229239 0.026161794550784455 0.9990549767825804 28.864856120349778
0.9993942050645238 0.0005230446541426136 -0.03486632648242673 -0.6904129437266041 -0.0016333912958167358 0.9994932890220222 -0.031801057104499646 -0.8346242667932724 0.03483108164757996 0.031837472540171365 0.9988870486979816 29.614719932741092
0.9993875513655952 0.00162534708415607 -0.035025819894871975 -0.7038234033521573 -0.00286687118423768 0.9993696513992649 -0.03540226240855758 -0.8587534778976003 0.03494535379893599 0.035479716681972154 0.9987605706071253 30.007597572141748
0.999429650053151 0.0018469739774775384 -0.0338003095115054 -0.7256405845868721 -0.0033159349966462677 0.9990516762987105 -0.04342925531008179 -0.9084223062348582 0.03368753559227619 0.043515269978887015 0.9984860874167569 30.728636772833866
0.9995149845640652 0.003619165622449934 -0.031019977173328966 -0.7491040286078067 -0.004916651520290423 0.9991135914021487 -0.041819222096106314 -0.9453340619963166 0.03084091687407055 0.04195008045427044 0.9986447394472551 31.552780437517065
0.9995667623257646 0.004964008017634201 -0.02911462041328967 -0.7587856417365737 -0.0060798736337874795 0.9992474461118559 -0.03832512625789247 -0.9604369008897178 0.028902107915484986 0.038484166141918213 0.9988423593712961 32.0024581251175
0.9996370281149527 0.009602043782879455 -0.025272712959386812 -0.7837378317984803 -0.010442658453301485 0.9993913583767191 -0.03329608241345527 -0.9967668073016329 0.024937834876184017 0.03354674259153871 0.9991262942387572 33.06272280372579
0.9997306580154603 0.01224411914461965 -0.01983485475782585 -0.7970842725773394 -0.01298052867996705 0.9992177890345236 -0.037368343175821515 -1.0416936895682603 0.019361954888312168 0.03761462063810523 0.9991049934763394 33.93049399140727
0.9997646827689781 0.012248903137283247 -0.018056010520138582 -0.7993112902123877 -0.013000414737787801 0.9990325075139639 -0.04203079658603446 -1.0672911446371909 0.017524060024112824 0.04225438918119107 0.9989536991128241 34.2925670311033
0.9998340271724854 0.01417771076770922 -0.011659644538334166 -0.8076315170405186 -0.014759881458729158 0.9985741819572725 -0.05132206529737233 -1.115693416508407 0.010915705919681084 0.05148459024905107 0.9986146727882609 34.93596762960516
0.9998454768926534 0.01680901957564038 -0.00564954653169616 -0.8117245489219228 -0.017103588124614863 0.9982508501542973 -0.05661200163540414 -1.1651329573239715 0.004688564451907606 0.05669876119545625 0.9983811126285528 35.625115622916596
0.9998438485105645 0.01720343524905528 -0.00463981613713416 -0.8115573288283301 -0.01744295189032822 0.998203010346013 -0.0573478862426514 -1.1942062161367073 0.0036452842332911125 0.05741883166698108 0.9983442644067603 36.045280008040876
0.9998187071267933 0.019123457496009 -0.0014585460624625853 -0.8059522907942743 -0.01917752297341321 0.9981265488690496 -0.05812322672206187 -1.2314233945832407 0.000344775785390836 0.05813953816970254 0.9983096179790475 36.62959192633401
0.9998145080406338 0.01921164403742969 0.0028478334987869993 -0.7938116604275878 -0.019013847894943016 0.998104282233867 -0.05856702186285308 -1.2718393690885974 -0.003967167343892679 0.058500993358683695 0.9982807002048458 37.215788901242384
0.9998129784412509 0.01906444102846272 0.004022680922950581 -0.7877627466828212 -0.01879813607083059 0.9981093390003543 -0.058546358246161494 -1.2956297122013969 -0.005130878908473286 0.05845898919804314 0.9982776659529887 37.58462052015528
0.9997903828264026 0.019420897609898107 0.007009188364030989 -0.7780088378907503 -0.01898212088236008 0.998121053550078 -0.05830323345926849 -1.3274549777146336 -0.008127824089117424 0.05815700018281739 0.9982757116948151 38.08293322538196
0.9997731583429409 0.01974521794160483 0.008458651722417545 -0.7665671363548824 -0.019216250051690833 0.9980829808967635 -0.05887390354566944 -1.369627669804338 -0.009604426158243905 0.058696974748805024 0.9982310124260272 38.66678123909725
0.9997704839317503 0.019732169013446533 0.00881950931181543 -0.7625447397056817 -0.019179989425860196 0.9980716397188392 -0.059078035782136315 -1.3992124718364183 -0.009967752531206318 0.058894207264731525 0.99821591569494 39.09456228747462
0.9997605547430377 0.019854525283286833 0.009590667158524635 -0.7542095825358913 -0.019254742227946573 0.9980599602263797 -0.05924678637151129 -1.4380780982736578 -0.01074803788220518 0.059047087463884124 0.9981985782686695 39.66248997639082
0.9997421117438384 0.020247330326380143 0.010623675321308257 -0.7484395181874538 -0.01959694610030987 0.9981077143731217 -0.058320879242782016 -1.4617022620168252 -0.011784013142681717 0.05809672138086233 0.9982424147371945 40.07786413209175
0.999739944713085 0.020329726913576547 0.010703976154937697 -0.7454845029007482 -0.01967906284101186 0.9981276044547075 -0.057959385845561165 -1.4799930565849884 -0.011861663270232671 0.057732448915044775 0.9982627990430011 40.403065183789735
0.9997029579410206 0.02147837587235576 0.011870374364283159 -0.7390754046182876 -0.02076897687056554 0.9981520997098722 -0.05715355426668863 -1.508155887184398 -0.013075517335647727 0.056888950011933524 0.9982962429981593 40.905590921061915
0.9996890185696024 0.021831555726439023 0.012385160471547984 -0.732088856057548 -0.02110000807704495 0.9981780493318297 -0.05657184155388697 -1.5376069528502754 -0.013597271021431727 0.05629191746765106 0.9983230073570364 41.41673159632892
0.9996909954659997 0.021785398614743913 0.012325662559027922 -0.7291305249873135 -0.02105929979200273 0.9981859575892043 -0.0564520744420708 -1.5598173739423287 -0.013532626980803203 0.05617382688106379 0.998330532179038 41.791492898873855
0.9996803770057398 0.021894915181537723 0.012973285595647175 -0.7262555487054562 -0.021142346404023182 0.998223691799516 -0.05574234284139743 -1.5744396995585097 -0.014170178589079296 0.05544916935112706 0.998361952433827 42.06767914730617
0.9996702618892556 0.021973775981289644 0.013590120825211459 -0.7229252207151778 -0.021226816883316412 0.9983697631854753 -0.05302787365372402 -1.5904103820385331 -0.01473250471642131 0.05272069897815427 0.9985014341076691 42.41794414787407
0.9996688370096697 0.02199037024037015 0.013676548192031311 -0.7218476064013601 -0.02124547869752729 0.9983923034189987 -0.052596381258671256 -1.6006645447149639 -0.014810392362969273 0.05228694714385592 0.9985231728341764 42.63077742329126
0.9996567310160095 0.021858832329013107 0.014734583550421291 -0.718323557467047 -0.02109310895972506 0.9985075980987177 -0.050422555313231816 -1.613392559337245 -0.015813816604662263 0.05009295895304249 0.9986202586807386 42.92508277945642
0.9996403018535953 0.021995164912259578 0.01564274714242591 -0.7146295921407546 -0.021239685818565432 0.9986671787856893 -0.04709017407659906 -1.6226363598596882 -0.016656833275750373 0.04673957561309863 0.9987690263064708 43.21491618075092
0.999654855898148 0.02174819514021674 0.015048629216531963 -0.7109046072193562 -0.02103865087556538 0.9987222628622666 -0.045996481264110226 -1.6336488611815354 -0.016028999775674593 0.045662301020963754 0.9988291192251163 43.5152589533822
0.9996657620661453 0.02134512985206769 0.014889952885845619 -0.7054677357964324 -0.02069897166182753 0.998884534242788 -0.042491889162458954 -1.650316289380735 -0.01577974696009879 0.04216817185653755 0.9989870438405858 43.997568515896475
0.9996879396034085 0.02085705593810727 0.014070083969718612 -0.7041505074188189 -0.02027263075124933 0.9989677802621691 -0.040702793701210556 -1.6650596918980942 -0.014903748910195178 0.04040379753238831 0.9990735704174049 44.417371001959374
0.9996932808038388 0.020809700759778366 0.013760626751642835 -0.7056189480788707 -0.020238359776522677 0.9989695512275292 -0.04067647830605246 -1.6765542311191384 -0.014592106074632776 0.040384460933586316 0.9990791196677226 44.66783117146043
0.999711768784053 0.020716223596430803 0.012514654679515857 -0.7084315563324521 -0.02018970509227863 0.998953035217818 -0.04110677409061828 -1.6940382326708932 -0.013352201137799617 0.040841174792156695 0.9990780450960373 44.99973124047594
0.9997005718279898 0.0218888887155985 0.01134733577640202 -0.7141575856905311 -0.021403645036365146 0.9989092610551847 -0.041548132160210735 -1.7105866869587127 -0.012243770705782055 0.041292120847847676 0.999073313607355 45.32965457031525
0.9996888309667116 0.022622727724258596 0.010934026566604249 -0.7170029837928955 -0.022151348431155272 0.9988832585028233 -0.041780611328342675 -1.7230086642094533 -0.01186635818101987 0.04152486549240929 0.9990681010559423 45.5892951040683
0.9997023197096404 0.022571350480378245 0.009753536906374583 -0.7207970597714042 -0.022153628619082252 0.9989007324785985 -0.04135853289986547 -1.7366772887062887 -0.01067557126772169 0.041129655634017714 0.9990978950125898 45.90809126102155
0.9996941160409568 0.023166236515593176 0.009182425290444881 -0.7269950704543471 -0.02277820469482762 0.9989140469468856 -0.04069006289492952 -1.7433813199632693 -0.010114454376942186 0.040468185130025945 0.9991306642448623 46.10988940970295
0.9996909192491386 0.023352843294579814 0.009059721348122387 -0.73109083387655 -0.02297089655815329 0.9989146679511365 -0.0405592980906381 -1.747757053997052 -0.009996546086458 0.0403386514185108 0.9991368786563166 46.22188034113958
0.9996875261924446 0.0236363442906572 0.008716738570749333 -0.7351384827654653 -0.023267162549614095 0.9989047492262053 -0.04063573870582625 -1.7560491925539208 -0.009667129455566784 0.04042012170777439 0.9991368257116142 46.38091470705275
0.9996723400886771 0.024342131362916585 0.00853730888699863 -0.7387855278681742 -0.02397710448567251 0.9988770217046964 -0.040917007370444146 -1.7677765625815718 -0.009522927499295527 0.04069847108785211 0.9991270708513115 46.60698691301709
0.999671274537653 0.02444609808746032 0.008365778323273839 -0.742211787398071 -0.024089355086097924 0.9988801496293934 -0.04076297171498559 -1.771502884409737 -0.009352213711249495 0.040547793277645364 0.9991346655397346 46.7006920387055
0.9996558149789536 0.025278439002900045 0.0077541970652471644 -0.7485049978736661 -0.02495080992314441 0.9988824063693404 -0.04018293148729541 -1.7790583659143 -0.008760659217970998 0.039975613117187885 0.9991630924275765 46.912186096147565
0.9996318340500301 0.02647167780131039 0.006794343667120007 -0.75525534174606 -0.026180937550847487 0.9988485719880809 -0.040238151329441495 -1.7908479823160544 -0.007851264443518718 0.04004552681212313 0.9991676041679338 47.15757415166744
0.999624313640754 0.02683520958152307 0.006466303203822854 -0.7577101314208583 -0.026555343994599294 0.9988279181167183 -0.04050429588144079 -1.7989880667605196 -0.007545261366157409 0.0403173790257442 0.9991589971976254 47.31529377843209
0.9996053531628343 0.027748035485791685 0.005492813426875556 -0.7629629289723668 -0.027499143347027827 0.9987552439159714 -0.041651232168990596 -1.811848548507348 -0.006641209732256898 0.04148356296926389 0.9991177875568689 47.526993707020104
0.9995633620068343 0.02932114777678451 0.004883947918299715 -0.7690071361290057 -0.02909518421356719 0.9987045011826323 -0.04178919607542437 -1.8222633215240736 -0.006102380250569833 0.04162844625642792 0.9991152637356667 47.75690224858242
0.9995443306249243 0.03002248393288232 0.004567922766705081 -0.7741955435639645 -0.02981003117177892 0.9986890378229764 -0.041659862575231486 -1.8274625931386888 -0.005811825527093972 0.041503952956632596 0.9991223371445611 47.89853705433959
0.999519847970997 0.030957038660228836 0.0036325862617836453 -0.7807752033559944 -0.03078824904957597 0.99870450554133 -0.0405665801251376 -1.836181914963455 -0.004882625735708692 0.04043413417742835 0.9991712433475088 48.16087353762908
0.9994910576836586 0.03195628540818884 0.002912664344931205 -0.786831155444677 -0.0318188049786161 0.9987010457137024 -0.03984808574767427 -1.8432227980390146 -0.004181188850436653 0.03973383960482091 0.9992026125718902 48.39360194139648
0.9994771367385376 0.032406115647663894 0.002712421823193413 -0.791003297312006 -0.032276666688415306 0.9986893745822738 -0.03977503221181552 -1.8479761865878503 -0.003996529634290144 0.03966537215340158 0.9992061093180157 48.51983649671798
0.9994601515715595 0.032958394156078125 0.0022839831666459413 -0.7967388735099481 -0.032845592018380575 0.9986708904853792 -0.03977453958884512 -1.8566335962006935 -0.0035905591335471387 0.03967650004303673 0.9992071720456802 48.699453774346814
0.9994737694675863 0.03257450738504952 0.001657826418024083 -0.8014849088160082 -0.032486569722805454 0.9986810915443511 -0.0398087580462863 -1.8654025922611897 -0.0029512054654017637 0.03973264802579284 0.9992069421123124 48.86430753101369
0.9994687093611053 0.03276787964565645 0.0013311426763762458 -0.8054162225986675 -0.032693540720850255 0.9986783626965763 -0.03971811140860298 -1.8684725258510115 -0.002629328087104198 0.03965168843802124 0.999211094990508 48.93606419581634
0.9994679443804156 0.032810453088262005 -0.00011357350578642127 -0.8109044564731549 -0.03279371207727065 0.9986885551938527 -0.03937121624798534 -1.882359332245279 -0.0011768496715855528 0.03935228649487499 0.9992255528782291 49.250302453781984
0.9994797234348106 0.03238199661225431 -0.002150307087909224 -0.8175991874574426 -0.03244539992653995 0.9987217472065413 -0.038816296773313906 -1.894205408610039 0.0008920740127381812 0.03886419833722584 0.9992449152523525 49.51951997133243
0.9994928505722774 0.03187244978983601 -0.0033899869332034106 -0.8233152390575229 -0.03198411323918437 0.9987488168340447 -0.03850607374561604 -1.9040183088558915 0.0021598923299854336 0.03859319337088906 0.999253460835043 49.73569773891837
0.999495378618495 0.03151273258157172 -0.005468779582734205 -0.8308174108208509 -0.03170358390337364 0.9987724642804766 -0.03812631653562629 -1.9183647752486765 0.004261879896423326 0.03827835306562426 0.9992588315263551 50.05740585197764
0.999476821367433 0.03178130997754103 -0.007095139415333275 -0.8403438545110912 -0.03203316067560891 0.9987707274480685 -0.037897365655332 -1.935227831725542 0.005883376648726934 0.038102540009157075 0.9992573512890087 50.4432513023425
0.9994647592515988 0.031911961640743385 -0.008125438378800334 -0.8476425224557387 -0.03220247860779789 0.9987680797489458 -0.03782058360360077 -1.9459296777443462 0.006909693106566701 0.03805982367031912 0.9992524092075217 50.68892019732314
0.9994282001731682 0.032338751268313135 -0.0105622367998455 -0.8558605178395867 -0.0327162916864669 0.998774061966827 -0.03722308522388991 -1.9615345194701712 0.009346816435615406 0.037544959528890996 0.9992522221903807 51.108605471844434
0.9993850728283622 0.0327205977978899 -0.013130304190469531 -0.8658926850995359 -0.033185339057639915 0.99878571639111 -0.03648202149422978 -1.9738690448402627 0.011921727976358642 0.036893317068365156 0.999248800352066 51.470694193471964
0.9993680825363975 0.03267719091009356 -0.014442248451678914 -0.8747644912159845 -0.03318663597467967 0.9987953615264703 -0.036214575741615754 -1.9862451441187114 0.01324251572449945 0.03666909982903267 0.9992403690871736 51.79947875249797
0.9993286020649591 0.03279302114241122 -0.016728798722147616 -0.8878710443358347 -0.03337853133893384 0.9988068907029811 -0.03571276027140418 -2.0025410101111762 0.015538764591346881 0.036245350288071534 0.999222641300883 52.23833018624314
0.9992931483853896 0.033050860687382506 -0.018263213370035333 -0.9025488370352288 -0.033689566688102884 0.9988014548117934 -0.035576771873809226 -2.018451118080207 0.017066530011679897 0.0361651263735357 0.9992004984779891 52.641564510019805
0.9992811001240497 0.033101944477376674 -0.01881651810795319 -0.9132983822482958 -0.03376244005301364 0.998795678070514 -0.03566983542342666 -2.03101939376546 0.017614217283716958 0.036277971119747454 0.9991870116077259 52.94288534418836
0.9992694364706718 0.0321046655084931 -0.021020755376072144 -0.9309482107320719 -0.032854254246691535 0.9988097329320642 -0.03611504858734415 -2.058019425959753 0.01983724124826435 0.036778092362781636 0.9991269814611456 53.60552045525767
0.9992588449532841 0.03088205744375994 -0.02324511850017413 -0.9476981788858385 -0.03170883806377163 0.9988551439069754 -0.03588027915294821 -2.077938740657359 0.022111403244624454 0.03658954363200392 0.9990861608312007 54.12190067491067
0.9992382053786063 0.030917220476007104 -0.02407053121874294 -0.9613822955107107 -0.03177287502227821 0.9988548314853024 -0.03582736437593272 -2.0909011156798516 0.022936186125771307 0.03656350391676611 0.9990681996704376 54.449164368282155
0.9992078181486991 0.030699052624138155 -0.025553398778340217 -0.9816648162040411 -0.03160781157754582 0.9988612999440762 -0.035784584260021596 -2.116470367308867 0.0244263465621353 0.03656314777255829 0.9990329317959239 55.072830200867905
0.9991681952833258 0.030472352330600663 -0.02730996920201181 -1.0029806755415065 -0.03144113226197656 0.9988728140290986 -0.03561425955530713 -2.1389905022364295 0.02619456470220846 0.03644222531805388 0.9989926101515139 55.64398998668655
0.9991532890954463 0.030433173364793537 -0.027892490573363654 -1.0165827459994576 -0.031422315138157596 0.9988745798957551 -0.03557795487867787 -2.151695108227202 0.026778916340359907 0.03642331775629942 0.9989778003324942 55.96436278697616
0.9991300892463899 0.03053448644885239 -0.02860413975095247 -1.0366485573898574 -0.03155545727910756 0.9988628466202086 -0.035789859615017995 -2.1736708842080876 0.027479431307702567 0.03666042359049148 0.9989500849032437 56.49119008640511
0.999089035967165 0.030722718546271056 -0.029824528648490434 -1.0588760989588317 -0.031779833439561 0.9988667764049488 -0.035482097875803136 -2.193491872491395 0.028701481905797365 0.036396556466331616 0.998925330002601 57.028203208241656
0.9990669819262513 0.03081762702856053 -0.03044978113064479 -1.0741555941531822 -0.031895169127653056 0.9988656404788425 -0.03540543391193093 -2.2060419541850105 0.02932488991244829 0.03634269433446282 0.9989090862581321 57.356186092894674
0.9990307482812634 0.03096047647806806 -0.03147231102685809 -1.094619955925108 -0.03208426789573038 0.9988488033644535 -0.035705190507735164 -2.2256572180751366 0.030331349385772696 0.03667937950683464 0.9988666348755538 57.81615109378551
0.9990158830851288 0.030934584796719 -0.031969488742779335 -1.1050202216272964 -0.03207881600221273 0.9988464070159626 -0.03577366560258871 -2.238457199200723 0.030826743594295266 0.03676324249517676 0.9988484024443595 58.10125570668602
0.9989847422457249 0.03124078747804336 -0.032634920478812154 -1.1146854865731348 -0.032406447794046285 0.9988396689908471 -0.03567458411914788 -2.2460308806655145 0.031483458520107234 0.036695107128658866 0.9988305927599058 58.299017658309346
0.9989392553216704 0.03257729646774323 -0.03270944423613588 -1.1245957292601525 -0.03373488535086965 0.9988076280212564 -0.03534000016981974 -2.251359645730914 0.03151983070543977 0.03640488722022206 0.9988398689977132 58.503600300438315
0.9989230975572692 0.033046664188227624 -0.03274242623899111 -1.1332926945358113 -0.034211174191744145 0.998785393653216 -0.0355177477331802 -2.2582978276498795 0.03152978099276738 0.03659810519670154 0.9988326194975808 58.675420143006534
0.9989033890143538 0.03301104082752826 -0.0333691305221055 -1.1436469275664378 -0.03419573603715123 0.9987886198381408 -0.035436669334584274 -2.2675173410147758 0.03215960595600788 0.03653734796964258 0.9988145404145766 58.900559011651715
0.9988904519925657 0.03328557176712641 -0.03348849226555499 -1.1537735923203278 -0.03446761002703929 0.9987868854236126 -0.035222940899162364 -2.2740291392200995 0.032276099804631246 0.03633669942818052 0.9988181351466973 59.07806401367474
0.9988640942556266 0.0342090126417142 -0.03334111549732474 -1.163099061680347 -0.03539190758856424 0.9987475104095237 -0.03542152025190078 -2.281055015426039 0.0320882723370243 0.03655985896428407 0.9988160739113381 59.25901399826809
0.9988528980727904 0.03410672228409261 -0.03376952868626919 -1.1732285081266736 -0.03530571176232561 0.9987495262602119 -0.035443553519707294 -2.29010738138867 0.03251885694176635 0.03659399194897143 0.9988007528827418 59.47203354828575
0.9988475281874211 0.034262565851788905 -0.03377068421653105 -1.1814328285318751 -0.03546275958853896 0.9987431250007233 -0.03547465907118916 -2.2959031560941345 0.03251331137639208 0.036629946207055876 0.9987997293793446 59.60341791192622
0.9988421732192131 0.03458470354373585 -0.03359555856660923 -1.1909189387303085 -0.035783425147451996 0.9987261477154874 -0.03563191311116121 -2.3053800752091407 0.032320773265657674 0.036791484768047895 0.9988001849900534 59.82026545469341
0.9988353040446897 0.034458112719346484 -0.0339269054038136 -1.1994841878578928 -0.035669673771609726 0.9987295215571259 -0.03565794987510597 -2.313235261653793 0.032655296074996794 0.036825390694761005 0.9987881109015448 60.00795033460827
0.9987915712673844 0.03507903621330548 -0.03457972457893755 -1.217285533016334 -0.03630521743093755 0.9987169533095807 -0.03536746313245631 -2.327756025995408 0.033295177042286794 0.03657871068307518 0.9987761271825001 60.39345100459712
0.9987600900781447 0.03584662147845358 -0.034712498864960584 -1.2319469500049838 -0.03705554397593529 0.9987133258985427 -0.03469191116817585 -2.336034801149962 0.033425067443457045 0.035933425786738214 0.9987954512314956 60.67728149347697
0.998738267830462 0.03629099774835405 -0.03486773313387959 -1.243617023239999 -0.03750360228894646 0.9986986154310196 -0.03463339290880086 -2.343646142215673 0.03356620357772971 0.03589560514388749 0.9987919094776045 60.906181541153465
0.9986995637532987 0.03723796595605183 -0.034976955567405134 -1.2595394479107536 -0.038448910267432204 0.9986684836183911 -0.03446814045153725 -2.3542756920895385 0.033647549533057916 0.035766462515879435 0.9987938263806826 61.21898158429777
0.9986734668247264 0.03765674800581564 -0.03527944423832643 -1.2763090508229527 -0.038868030894924264 0.9986630975303106 -0.03415682966889672 -2.3658502758627242 0.033946817634410056 0.0354807986126708 0.9987939164000728 61.55172531670898
0.9986583278349012 0.038057341378883947 -0.03529049381428927 -1.2848966741640018 -0.039270918497947796 0.9986454544762471 -0.03421419799807074 -2.374479359665917 0.03394148692425568 0.035552172050282306 0.9987916836623975 61.780864708514216
0.9985705357750835 0.04035094015283921 -0.03523038220714289 -1.296453260103374 -0.04156617970200132 0.9985489154419324 -0.034319705218680864 -2.3803426142858592 0.03379549142472211 0.03573293940488303 0.9987905516827166 61.98713530972041
0.9985181355077878 0.041528165971004796 -0.035347165885789816 -1.3092289583333683 -0.04275557328222676 0.9984906320396602 -0.034554117668830646 -2.390110998776714 0.03385992603677905 0.036012095055598915 0.9987782586051303 62.246205759095716
0.9984906585883976 0.04218921550083758 -0.03534644610352125 -1.3186313187506913 -0.0434196703887932 0.998459116965163 -0.034639831988535895 -2.3952150326647863 0.03383174232326684 0.036120186933135276 0.9987755575400139 62.4037867850309
0.9984305016737318 0.043641770367475935 -0.03528192457005135 -1.3300876941643514 -0.04487471486660285 0.9983897577387928 -0.034784270149904636 -2.401836601939051 0.03370828420756 0.036310923697977726 0.9987728318312147 62.60635022569177
0.9983517767193578 0.04518490981510528 -0.03556597550482419 -1.3478068392909612 -0.046440328787596505 0.9983054633090621 -0.03514264283554155 -2.416654538734879 0.03391896420264587 0.03673432558187847 0.9987503168721311 62.97856277141744
0.9983364349204777 0.04553530865586571 -0.03554857397076517 -1.3566536658259594 -0.04679173015405911 0.9982871273496998 -0.03519887738709797 -2.4217246315835084 0.03388594191418364 0.03680157099468961 0.9987489579659752 63.12455146325968
0.9983115579538979 0.045801041362458564 -0.035900094042492864 -1.3788358354729953 -0.04708041956384297 0.9982632417406201 -0.03549074723236649 -2.443719277406215 0.03421323523657712 0.03711902883070983 0.9987261600808446 63.64170776559331
0.9982998690720126 0.046095440801750306 -0.03585025262702103 -1.3998947374369142 -0.047380644448686886 0.998240619293785 -0.035724996106712446 -2.4649882164384977 0.03414121266060503 0.037360906364667955 0.9987195681658164 64.14627928060082
0.9982883125501326 0.046389987458689316 -0.035790080995323305 -1.41007001946757 -0.04767925143981871 0.9982194201028136 -0.03590783893151652 -2.4728401114441247 0.03406127463688824 0.03755110784996684 0.9987150089714065 64.33348229750668
0.9982788293012723 0.04648491788596566 -0.03592653404671976 -1.4311124301658218 -0.04779655308445791 0.9981954275958966 -0.03641067272343581 -2.4969630352183496 0.034169783990697596 0.03806365509844867 0.9986916826304536 64.85357253164831
0.9982566714321026 0.046805599423112555 -0.0361246784601952 -1.4549817998812609 -0.0481299926354657 0.9981732237435402 -0.03657109163618963 -2.5208170887657313 0.03434727848564393 0.0382448658516554 0.998678467384477 65.4081068095208
0.9982502690873368 0.046866467094507425 -0.03622117758169885 -1.4674729944181482 -0.048194924268871 0.9981694547767247 -0.036583458897840274 -2.5311106351310317 0.03444064038813621 0.03826405877960345 0.9986744045016018 65.66245119729517
0.9982279757502114 0.04729824297250038 -0.0362680188552404 -1.4900038118630228 -0.048639596799666084 0.9981353222513726 -0.036915088727867355 -2.5545360617872666 0.034454220371241885 0.03861308607554955 0.9986603188266819 66.18084406923646
0.9981965075055894 0.04787308523991541 -0.03639018083183076 -1.512193678657746 -0.04923778065605825 0.9980868884978843 -0.03744090376976404 -2.5779120469678216 0.03452846095236368 0.039163962100351564 0.9986366846814151 66.68118218250127
0.9981769904786217 0.04828757807340069 -0.036377722596056664 -1.5242331943530638 -0.049655114977490734 0.9980620778527817 -0.03754796028267192 -2.587454984879376 0.03449416772037771 0.03928497421053185 0.9986331249861493 66.91263154904564
0.9981433932414135 0.048683407081946614 -0.03677076472474956 -1.5449327087122728 -0.05006245952713452 0.9980461228602177 -0.0374330308951885 -2.60763886756974 0.034876601280614504 0.039203742961233724 0.9986232480084994 67.43623587484979
0.9981141920100222 0.0492597158493642 -0.036797192450150604 -1.5626517041550543 -0.050643267700588676 0.9980128648557699 -0.037533440530357426 -2.6247333932389565 0.03487527194408051 0.039325572602859286 0.9986185111058719 67.85420680451321
0.998111242195942 0.04937981403547544 -0.036716385965862075 -1.57046442795692 -0.050768778023463065 0.9979971489171297 -0.03777888412929236 -2.6317840181473926 0.034777453262811085 0.03957093159112167 0.9986122636498794 68.01312840220629
0.9981093124923 0.04921605023394651 -0.03698310088412805 -1.5833905460318054 -0.05062417051423158 0.9979944468141329 -0.038031518788159746 -2.646437616443397 0.03503706238841071 0.03983140275982423 0.9985926609945753 68.32453151550598
0.9980950876513004 0.04965107973950791 -0.03678797179595449 -1.5957983454902027 -0.05105313577754056 0.9979707226381858 -0.038080122901724425 -2.6578995348586316 0.03482253916151575 0.03988525904285719 0.9985981559083656 68.58869850310155
0.9980918774980374 0.04976209618566306 -0.036731415156079396 -1.603867826945567 -0.051163943974141056 0.9979629503828661 -0.03813555430048421 -2.663617222805607 0.03475895463626476 0.039941518577790845 0.9985981256352845 68.71716037950226
0.9980793374439934 0.050188124401136305 -0.036482868420738376 -1.6133822914781808 -0.05158368025445092 0.9979364946803659 -0.03825145472276231 -2.672411177619343 0.03448753484704842 0.040059768133713335 0.9986026030743856 68.90828123690069
0.9980648471337489 0.050680705029136484 -0.036195444997135034 -1.6214969254410843 -0.05206960064676798 0.9979052868298636 -0.03839758926230913 -2.6791654999139305 0.034173234344261075 0.04020812111062482 0.9986072672217182 69.0562984696312
0.9980524032232748 0.0510607389477046 -0.03601222768651398 -1.6283356795722759 -0.052447026340106714 0.997881015615749 -0.03852705358127647 -2.683817094446394 0.03396861255707406 0.040340338038847665 0.9986090492825038 69.16698272115883
0.9979661760929319 0.05276896308896321 -0.03594423026399545 -1.6441884089875363 -0.05417297695561925 0.9977653968631875 -0.03913710287899278 -2.699894982433129 0.033798877931997075 0.041003996847645656 0.9985883234090196 69.50991623524388
0.9979606193395055 0.05254907604809263 -0.03642765883541782 -1.6599406867433475 -0.05396735836844212 0.9977834213117059 -0.03896576620884916 -2.713840711194693 0.03429954423174173 0.04085131125089537 0.998577637332548 69.84068187669327
0.9979467767958886 0.05283497313213783 -0.03640374712402185 -1.6697126027140825 -0.054250297046913816 0.9977708160928545 -0.038903406202179545 -2.718931330191268 0.03426758488073709 0.040797231647733474 0.9985813011038727 69.97745479180067
0.9979766123665577 0.05217944385887575 -0.03653122811839539 -1.684690465101862 -0.05358523821892399 0.9978232773195449 -0.03847588890759056 -2.7326166116542994 0.034444536883677324 0.040354469371842235 0.9985931297871247 70.32439406365151
0.9979998109767656 0.0514617496580663 -0.03691293638609193 -1.699452216386769 -0.05287390824546064 0.9978717343250337 -0.03821016598262102 -2.7450123060707954 0.03486852950580719 0.04008438681267048 0.9985893441580542 70.62673339522324
0.9979839529278609 0.05184100633965384 -0.03681909099656482 -1.70831014390325 -0.05325317147147741 0.9978478614690727 -0.03831546245839347 -2.749246513649815 0.03475419833419813 0.04019768086040821 0.9985890229537567 70.73224128914134
0.997973054268477 0.05214761154392017 -0.03668585859036085 -1.7219746715098823 -0.053559309276591215 0.9978261888288377 -0.03845485613226366 -2.763508247415299 0.034601542231711115 0.040340216498964875 0.998588587105576 71.03991230005279
0.9979499489513558 0.05257470127915321 -0.03671346845349917 -1.733714204804012 -0.053985995124528556 0.9978052904966066 -0.038409373106287815 -2.7763761984758495 0.034614435363563796 0.0403109025795951 0.9985896823609705 71.3512873585645
0.9979307332564346 0.052944185446251346 -0.036690213827474255 -1.7380580307301317 -0.05435126107837865 0.9977875362290939 -0.03833405719581226 -2.778003059506642 0.03457986311160553 0.04024773050136882 0.9985928969705304 71.42782519397673
0.9979262712518621 0.05312678723239443 -0.03653606138369425 -1.7477153020592768 -0.054528392870913156 0.9977760236433242 -0.038368980391472296 -2.78892903361591 0.03441645509993401 0.04028106666002337 0.9985968621423791 71.68433108406603
0.9979191279672969 0.05338252151595489 -0.03636521784674037 -1.757465136099082 -0.0547820795803203 0.9977574997857697 -0.038503455834829 -2.7987642294079205 0.03422860434108918 0.04041443083625317 0.9985980653347257 71.90083447385383
0.997927470192683 0.053324133455906364 -0.036231222418359875 -1.7623448111181503 -0.05471860819330915 0.997761218850627 -0.03850431514141789 -2.8019202458785166 0.03409741439096071 0.04040564344711751 0.9986030312386663 71.98227873245443
0.9979805114038843 0.052337821950786054 -0.03620737511110867 -1.7717817924807286 -0.05372790973331703 0.9978190673281049 -0.0384022174342435 -2.8113116175275272 0.034119034099761456 0.04026860371068301 0.9986077733936566 72.21209074419194
0.9981172467010946 0.04998282471926119 -0.03576954706498238 -1.7798021087175306 -0.05136669267149923 0.9979311999338015 -0.03872298155771919 -2.817680812735804 0.03376058921133135 0.040486030508544595 0.9986112537131825 72.35488633383568
0.9981223450436968 0.050009442671361655 -0.035584104097644134 -1.7850056002162502 -0.05138908782659926 0.9979257089654835 -0.038829518467074144 -2.82056358235965 0.03356872362473552 0.04058409189424939 0.9986137054968822 72.42474005457179
0.9981236345329605 0.050230887773154445 -0.035233294438082416 -1.793134461118424 -0.05159871034222479 0.9979120571092609 -0.03890151955257158 -2.829330205211757 0.0332059552528782 0.04064540957523569 0.9986234065727139 72.62441132714582
0.9981177370345162 0.050375946553921976 -0.03519331093631321 -1.8017909567424624 -0.05174276507602194 0.9979039914236509 -0.03891772001606975 -2.836288948012915 0.03315939921161779 0.0406641502849554 0.998624186196182 72.78268149109087
0.9981144564008804 0.050509594736374605 -0.03509310070981732 -1.8057881038103587 -0.05187644514225074 0.9978925246142951 -0.03903762358430696 -2.838549195124894 0.03304777153326968 0.040782893070838384 0.998623045123469 72.83645694853615
0.9981136669163014 0.05056577164186868 -0.03503079558157225 -1.8143400074543203 -0.05193909624197301 0.9978791111891215 -0.0393039140671634 -2.848025614052399 0.032969671267720754 0.04104735381812947 0.9986148252765288 73.02801052524009
0.9981420569271745 0.050105809166564 -0.034875911774292334 -1.8230754386598549 -0.051481106790943636 0.9978925491692288 -0.03955837098722751 -2.8581244536538297 0.03282077632549011 0.041278629755727825 0.99861024394663 73.24720903730365
0.9981472573457792 0.05012509697416102 -0.03471209798279249 -1.828150477467352 -0.0514979006657488 0.9978874602289042 -0.03967474082631252 -2.8610463025474604 0.03265080917236324 0.04138689798168284 0.9986117135992337 73.31811149144762
0.9981506752027962 0.0500432741853306 -0.03473186338460472 -1.8368467630118148 -0.05142607275515644 0.9978799635215833 -0.039953637765524616 -2.8702364494370496 0.032659601147681475 0.04166387058651837 0.9985999463964862 73.50158514751425
0.9981527328599348 0.04997674673528465 -0.034775228071790086 -1.8465929607121305 -0.05136334888353442 0.9978810210447845 -0.04001133367722861 -2.8806855489458303 0.032702770342733195 0.04172131729855136 0.9985961298080058 73.72694118740093
0.9981560845995818 0.050026676405608685 -0.03460301841769539 -1.849800152576117 -0.05140599641587808 0.997877953182717 -0.04002331351456587 -2.884934314843087 0.032528021433328176 0.04172630559545793 0.9986013485866087 73.82515923574705
0.9981609412271698 0.04992108687425604 -0.03461545090861901 -1.8561612448653713 -0.051300983129221454 0.9978832955535376 -0.04002196263221087 -2.8927736226477316 0.03254493298464453 0.04172229376158353 0.9986010912911117 74.00000316802485
0.9981666308788599 0.04972055018771196 -0.03473559596977569 -1.864119010070197 -0.051109263196675116 0.9978883068080207 -0.04013984089493125 -2.901850333368062 0.03266711696465866 0.041839545685926634 0.9985919635874648 74.18823485878052
0.9981672788335849 0.04976154730536593 -0.03467797412354781 -1.8673635744625963 -0.051149314571525085 0.9978857014110524 -0.04017247249034424 -2.903719653569337 0.03260655700459603 0.041870054931069635 0.9985930144864046 74.24131795373039
0.9981719162718062 0.049608368276568095 -0.034764178449030694 -1.8742339712713627 -0.05099839958122745 0.9978952323074184 -0.040127893885720405 -2.9108601051599567 0.032701307526562216 0.04182497798640014 0.9985918140644298 74.40952806355641
0.9981721043432241 0.049642872666394056 -0.03470950554265784 -1.8805490865356513 -0.05103044852587769 0.9978940126536345 -0.04012356140639588 -2.9159091152495855 0.032645589938539395 0.04181884816730964 0.9985938915472875 74.5219958281654
0.9981731008761991 0.04968566450307163 -0.034613164089960825 -1.8834696781093525 -0.05106976390556664 0.9978909402793491 -0.04014678829236298 -2.9173642127145962 0.03254636419163988 0.04183850677280879 0.9985961877353191 74.56416734719538
0.9981740870793152 0.04969888854882192 -0.034578299270532326 -1.8893686896514903 -0.05108640195126098 0.9978852915309211 -0.040278909439079136 -2.922985659895745 0.03250466369569183 0.04196891908536719 0.9985924429688267 74.67532791912124
0.9981789908081029 0.04973455625979094 -0.03438529171337492 -1.8943631851374847 -0.051117107955944284 0.9978799209110837 -0.040373079848321364 -2.9276475260748294 0.03230581569509491 0.04205436760584795 0.9985954476881781 74.77347310663514
0.9981824078060746 0.04979773212344611 -0.03419778190936782 -1.8964596793011612 -0.05117425117617413 0.9978750004859175 -0.04042553153344861 -2.9287405532953916 0.032113514414431776 0.042099230544171674 0.9985999034879542 74.81359872719761
0.9981856220274604 0.04981364209021592 -0.03408726974251501 -1.9005905311344258 -0.051188459414810546 0.9978710633152026 -0.040511171303727916 -2.932222931376214 0.03199838766354474 0.04217938977308936 0.9986004603020255 74.89241876508343
0.9981857480339721 0.04986738732623082 -0.03400502071089838 -1.9041633168566368 -0.051241181543120844 0.997865214858508 -0.040587295394968685 -2.935344069524319 0.031910122722117545 0.04225285221476992 0.9986000009605446 74.96338416457762
0.9981861087950663 0.0499381000593083 -0.033897468381008496 -1.9059633224381922 -0.051309980608129094 0.9978587362062481 -0.040665898112112214 -2.936253083304882 0.031795840721953864 0.042328025924373 0.9986005884447243 74.99743218530286
0.998189290469747 0.049984588715178274 -0.033732296389172335 -1.9083374488574798 -0.051352724343978765 0.9978516840287222 -0.04077565996141866 -2.9382616374165345 0.03162323043649642 0.04243096645051583 0.9986014872437813 75.05079667824215
0.9981890650493913 0.0500597513658287 -0.033615599177056095 -1.910667068935209 -0.05142239977549235 0.9978480864860411 -0.04076525520266203 -2.9399363681525514 0.03150401534642977 0.04241718307446431 0.9986056154824056 75.10548322411135
0.9981895489822543 0.050133677894685466 -0.033485815533297304 -1.9118918193290493 -0.051491856591398724 0.9978430405222731 -0.04079826778282366 -2.9404146837923455 0.03136964370188058 0.04244581809020038 0.9986086369557828 75.13645924213637
0.9981953895193788 0.05013490471732938 -0.03330257314497652 -1.9131287387863276 -0.05148915648096864 0.9978383755700091 -0.040918955506129576 -2.94322308104635 0.031180619566611223 0.04255683753218608 0.9986097319928479 75.19522522385712
0.9981981665169706 0.050196338351198855 -0.03313013526268918 -1.9133479584249038 -0.05154694641226864 0.9978309393917476 -0.041033728286591034 -2.9433577010209477 0.031000116229302356 0.04266440835492749 0.9986108996272981 75.2133531646964
0.9981985088863643 0.050255559605900356 -0.03303686667529684 -1.913793695237696 -0.0516026548517124 0.9978279401078894 -0.04104308164087444 -2.9433549643888677 0.03090415854006098 0.04267045794873351 0.9986137291437935 75.239343891381
0.9981992306971109 0.05031815425240389 -0.032930261764248625 -1.9144522045754555 -0.051661346959156355 0.9978242468347035 -0.041059534776388566 -2.943532336651402 0.030794422014789536 0.042683091019924624 0.9986165799362312 75.26966070024312
0.9982021601238293 0.05035012123801518 -0.03279273972439332 -1.91493070011438 -0.05168857176098905 0.9978212236264586 -0.04109856450993075 -2.943497686218069 0.030653790183328592 0.04271607313135742 0.998619749220605 75.2946208623666
0.9982043854661751 0.05037968605409352 -0.0326831786310938 -1.9155404739320299 -0.05171365556686916 0.9978196467952005 -0.04110548999978352 -2.9434185834253817 0.030542916710221243 0.042718053520481705 0.9986230621999979 75.32058385765477
0.998205157565649 0.05044060309144268 -0.032561864107677384 -1.9160752484881767 -0.051769730519805504 0.997816513208181 -0.041114160112684484 -2.9430074487460813 0.0304188423175915 0.04272218648283366 0.9986266759921112 75.3410982360957
0.9982170517451624 0.0503468878705747 -0.03234935921381543 -1.9163662208024723 -0.05167418023060857 0.9978121635024322 -0.041346122141134305 -2.943276947205695 0.030198949647781324 0.04294000215482189 0.9986242949793173 75.36257552379148
0.998221745517994 0.05034870506647974 -0.03219821572792055 -1.9168971797451781 -0.05167392051588314 0.9978057575222433 -0.041495019650511396 -2.943452755558975 0.030040284986906262 0.04308116480479534 0.9986227883863468 75.3853163751928
0.9982247207797708 0.05037209086314611 -0.03207596865600179 -1.9176663897818396 -0.05169765232492012 0.9977975151606958 -0.041670193137745344 -2.943710744649653 0.029908530703409437 0.043250252442611575 0.9986195713122917 75.40855963782069
0.998227832373326 0.05036971912692682 -0.03199296075933365 -1.9184566934110006 -0.051690118823056436 0.9978012685634834 -0.04160205851448246 -2.943331558374723 0.029829650258867593 0.04317745453485717 0.9986254387192622 75.43574843179428
0.9982253526205922 0.05050847331020006 -0.03186589497269013 -1.9193705059240609 -0.05182226936927674 0.9977970159496474 -0.04155513661559381 -2.9427749886256116 0.02969964828216288 0.04312764650334507 0.9986318225198847 75.45858578578807
0.998224274697257 0.050619305924328936 -0.03172385158648388 -1.9202402996624262 -0.05192788197766328 0.9977903156510616 -0.041584514045018804 -2.9425196529429654 0.029551613254788663 0.04315283955000317 0.9986351331557022 75.48126579812858
0.9982216347276919 0.05074009462873062 -0.031614173105149204 -1.9212322478636292 -0.05204609818449624 0.9977810403009169 -0.04165974799941932 -2.9423611435982515 0.02943308340200427 0.04322558693396673 0.9986354851648378 75.50382281913161
0.9982223274880418 0.05081365389712852 -0.03148138975588449 -1.9220118014862573 -0.05211417653152929 0.9977777156057315 -0.041666293896565114 -2.9420290706453907 0.029297313887282527 0.04322700124000722 0.9986396548336236 75.52854722884527
0.998223845599922 0.050876735676112 -0.031334658271892316 -1.922663480736176 -0.05217012405462134 0.997776503985553 -0.041631562319273854 -2.9415878349010054 0.02915013918900285 0.04318632346352821 0.9986458491956641 75.5532089132747
0.9982254254946151 0.05091992110170614 -0.031228969207580285 -1.923232033210183 -0.05220957156983922 0.9977737556402829 -0.04165412079442962 -2.9429774888625797 0.02904179613532057 0.04320445521422216 0.9986484642175685 75.59117143565175
0.9982248091323142 0.05099642303985428 -0.03110967075720246 -1.9230117992705247 -0.05228145216400155 0.9977681658981729 -0.04168852298902801 -2.941940822960566 0.028917348241232124 0.043235084817338225 0.9986504620732883 75.59472141592916
0.9982239407299162 0.05108570588961303 -0.03098780558984787 -1.9232842278977218 -0.05236565852112083 0.9977630128988748 -0.04170278203886927 -2.941608041023096 0.02879097330613926 0.04324591779629794 0.9986537829711277 75.6165276142058
0.9982249892520086 0.05114708151148698 -0.03085306116103473 -1.9235877655069653 -0.05242092219956452 0.9977601852927932 -0.04169801381147537 -2.941218856887684 0.028654107542626147 0.043235886644661194 0.9986581635289032 75.6400045175623
0.9982236430949276 0.05124458283550824 -0.0307390336845953 -1.9241636112146638 -0.052513767184001886 0.9977545959759235 -0.04171225562808465 -2.9408519844192966 0.028535325497057708 0.0432467531917735 0.9986609727368929 75.66380213149516
0.9982246895080791 0.051297455449345455 -0.030617314310675166 -1.924740900559539 -0.052561642713011905 0.9977513225037669 -0.041729988929109216 -2.9404922141653778 0.02841061594169839 0.04325961407190781 0.9986639790448795 75.6872578251986
0.9982252497956783 0.05138230030852217 -0.030471994561003177 -1.9253897044819945 -0.052641244925387874 0.9977460226972815 -0.041762577104668686 -2.9401533880229516 0.028260452616663413 0.04328673346578117 0.9986673118919331 75.71087554607341
0.9982252981468095 0.05145486874063189 -0.030351848218756264 -1.9261638554394123 -0.05270891914398547 0.9977421082745654 -0.04177377299437746 -2.9397741949857124 0.028136912087110826 0.0432935590458724 0.9986705101077213 75.73467046083766
0.9982253227010515 0.05152559541220941 -0.030246068008324245 -1.9269590276233555 -0.05277528424605394 0.9977389948930944 -0.04177072216822947 -2.93934190740536 0.028028674618835472 0.04328674528384248 0.9986740916704163 75.75807485135537
0.9982238825768318 0.051628983743086464 -0.030125164059239904 -1.927762463466291 -0.05287396049447219 0.9977330299310017 -0.04178862327628249 -2.938881106429654 0.027902688553355447 0.043301146486872256 0.9986770051580731 75.78013234263506
0.9982223732110782 0.05172896215308144 -0.030011106407473613 -1.9286307847468815 -0.05296963106006365 0.9977277093519188 -0.04180385326663415 -2.9384796918380816 0.02778395718033901 0.043312773331428016 0.9986799282683744 75.80397530187172
