1.0 0.0 0.0 0.0 0.0 1.0 0.0 0.0 0.0 0.0 1.0 0.0
0.9999994039535522 0.0009452998638153076 -0.0001875460147857666 -0.0003610486164689064 -0.000945359468460083 0.9999991655349731 -0.0002717524766921997 -0.0025462014600634575 0.00018709897994995117 0.0002719610929489136 0.9999998807907104 1.0477873086929321
0.9999993864883843 0.0012476522669286894 -2.6368384557606817e-05 -0.00011823839492352758 -0.0012479880207449945 0.9999990430044261 -0.0005484406782167994 -0.004629812914713205 2.581596686646037e-05 0.0005482554305817899 1.0000000742074024 1.6657934282134035
0.9999991192181863 0.0015561752761910758 -8.094618758576792e-05 -0.0007335437409389957 -0.0015566501127644735 0.9999978304591621 -0.001296709166474834 -0.00946018621315535 7.923133993698863e-05 0.0012963015146202485 0.9999993645198314 2.4670039715386163
0.9999985688070638 0.001937696525245441 0.00045883554157061566 -0.001749532067097279 -0.0019376881449841778 0.9999977061619763 -0.0010278083757661214 -0.010631121099625586 -0.0004603871769332871 0.0010261442128024676 0.9999996377104591 3.203458109583921
0.9999985108792726 0.0022324927920607165 0.0006380565240035468 -0.003189944550882189 -0.0022327269175381054 0.9999977648904952 -0.0008795614213965579 -0.010573775650173457 -0.000639236040232148 0.0008769079855319062 1.0000000654389358 3.7515679613844046
0.999992821087649 0.00408442475654092 0.0005538764367409722 -0.007971585214211516 -0.004084986347962188 0.999992176723319 -0.0006340700893141416 -0.011750146281666717 -0.0005553861472342507 0.0006301663446962762 1.000000573126809 4.882742728935789
0.9999866599219914 0.005365864766983815 0.0006140124507160327 -0.010484715433724345 -0.005366105499081569 0.9999856839412106 -0.0009272749827360728 -0.014914443773442396 -0.0006180328565764282 0.0009225600658621035 1.0000000564282818 5.7113997321826515
0.9999822370238202 0.006037190891135201 0.0007888518351375032 -0.01233388681552932 -0.0060366891635699185 0.9999812291582769 -0.001140825827644096 -0.017246410068277162 -0.0007952598041524681 0.0011349928309493957 0.9999995131013085 6.313464332225969
0.9999684216333388 0.008067974927875613 0.00019035449947732506 -0.01709853301262524 -0.008068132936839187 0.9999666586489426 -0.0012290055963980308 -0.019415367356849907 -0.00019981826071616593 0.0012263883489127142 0.999999884447627 7.311774098675305
0.999964415305014 0.008583406412125431 0.0006306200160119332 -0.019674972006795945 -0.008583336843588744 0.9999628359367572 -0.0011537880826675009 -0.022797699550572016 -0.0006396774057704316 0.0011468028581688274 1.000000131616898 8.404359706187623
0.9999591931056035 0.009200559147016639 0.000888134323992743 -0.02119057695459115 -0.009200102967412038 0.9999569736603194 -0.0014405317908347908 -0.025824746346269807 -0.0009002913230386916 0.0014306624937486354 0.9999997582405176 8.981309689074967
0.9999524873919917 0.009942955054568412 0.0010132952872665831 -0.021291520802891133 -0.009941871213556707 0.9999487502884284 -0.0022065321651462445 -0.03255188233163295 -0.0010335561428393182 0.0021944236607236937 0.9999985450242161 9.834838999768202
0.9999446589571691 0.01066822080039243 0.0012693759015554161 -0.02212578473259698 -0.010665682225834193 0.999939431309465 -0.0029792364204384992 -0.03993243192643122 -0.0012994321005949405 0.0029634965781612684 0.9999964632405679 10.536547399123924
0.9999401435759668 0.011027253934438019 0.001528435655629434 -0.023573830502130085 -0.011023244389497318 0.9999342474248492 -0.003378420702396277 -0.043920930703114716 -0.0015640644798307673 0.0033593996204931377 0.9999947079456996 11.072212790066382
0.9999212295055261 0.012557381177226809 0.0021999093278555586 -0.025593305022535845 -0.012550635535591796 0.9999155945037063 -0.003687827552212045 -0.04816717705261538 -0.0022441018686283347 0.0036574697856902854 0.9999928763690311 11.68029564424566
0.9999100711233231 0.013355936087229394 0.002443884843805043 -0.02594935580418124 -0.013347304810815445 0.9999037803181213 -0.003968218789454523 -0.05462855043076504 -0.0024951503138955704 0.003933282776159825 0.999990770308942 12.446426443596582
0.9999053781482117 0.013639091616478766 0.0028655001897777647 -0.022917847162269335 -0.013628270769382967 0.9998991120914145 -0.0041694249081699756 -0.05881976377665709 -0.00292049459578003 0.004128048544611744 0.9999887636856122 12.999916829543142
0.9998890993094904 0.014728413854762912 0.0030288357738503242 -0.021099042903239624 -0.014715798909625934 0.9998822308922088 -0.004461829206851675 -0.0657819325049285 -0.0030928889740719453 0.004415316007198307 0.9999866004495452 14.028936274794459
0.9998867547171019 0.01483274145487075 0.003373505044764931 -0.01667396111321096 -0.014820200416544036 0.9998828579973383 -0.004004606907935256 -0.07371206803561342 -0.0034311025644285357 0.00395241894705157 0.999987536737501 15.192892192343354
0.9998848106851 0.014946699536698749 0.003589230110368394 -0.014327304802762958 -0.014932836301904171 0.9998807212761299 -0.004212091398712118 -0.0792021114236716 -0.003650030969869372 0.00415566842082324 0.9999862171591187 15.767653740138233
0.9998562884918089 0.016736151925017605 0.003582275743544904 -0.012350580501152746 -0.01671646670712707 0.9998443360287609 -0.0057895223714553535 -0.09158335895359056 -0.0036769582086978313 0.005726812232425488 0.9999780517036955 16.903840298015396
0.9998340716056504 0.017968242258026595 0.003826842046535583 -0.01081749197316415 -0.017944294281047317 0.9998187352021317 -0.006542427256589757 -0.10247144999755985 -0.003941989877601147 0.006470368428820617 0.9999726992241379 17.886589507387335
0.9998236833917798 0.018445124510250096 0.0041786914282481895 -0.01002952835568904 -0.018418002431360162 0.9998087976080952 -0.006669604389338172 -0.10785198185801834 -0.004299498025736496 0.006589390898258656 0.9999700446809496 18.436953359758643
0.9997616072972472 0.021494196836967204 0.004460588403576892 -0.01039891618540784 -0.02146646308956426 0.9997498851560034 -0.006386624835215882 -0.11483631548752145 -0.004595318858919317 0.006287273346693955 0.9999706346915281 19.533508996786466
0.9997310252068924 0.022836738751373688 0.004739151423179689 -0.007841903220970567 -0.022809674424867598 0.9997235566884909 -0.0058918852812396595 -0.12199139402404213 -0.0048705572528188155 0.005779768056309889 0.9999732665401914 20.59893152001382
0.9997180444245799 0.0232801136958311 0.005229437482846894 -0.004775730338147074 -0.023249718833682684 0.9997128571201508 -0.005900743303083987 -0.12710967582792768 -0.00536394661615477 0.005775428919326285 0.9999703551857114 21.23261829888181
0.9996816913693681 0.0247664810081208 0.005424315993060314 -0.0020976426059664413 -0.02473414712277013 0.9996761544720258 -0.006100115714280934 -0.13581480163903467 -0.005571896971010798 0.005961550114886767 0.9999686370945682 22.30658428045597
0.9996513314629518 0.025840487355869343 0.005986094253820928 0.004640625059446505 -0.02579722262200927 0.9996406734919954 -0.007318117859245593 -0.14866772253692795 -0.006171421121748663 0.007158865524053145 0.9999572098081219 23.28852394189984
0.9996461862768595 0.025978970423066766 0.006228845700544716 0.007950132158030296 -0.025931648266715283 0.9996347185621925 -0.007640115817127171 -0.15639736258758807 -0.0064235594780017325 0.007473763479608218 0.9999534012127789 23.825733914614254
0.999639790527008 0.026193635195503523 0.00636013470628913 0.014535968887138508 -0.026143540728217098 0.9996269187389568 -0.007909767805501065 -0.16845305037792213 -0.006563457724420589 0.007738843070878543 0.9999504642838851 24.801013672136445
0.9996215676670639 0.026751787909473225 0.006876416781184477 0.0177401877851033 -0.02670691898334686 0.9996213467149667 -0.006603486501019478 -0.17571934898339167 -0.00704933910814015 0.0064156366424522986 0.9999564388485581 25.82352355743533
0.9996069493459484 0.02720151372404451 0.007208916512387718 0.02047926981676815 -0.027156825744733045 0.9996112784411606 -0.006262461344727153 -0.17902805226297946 -0.007375460197383233 0.006062731226383908 0.99995622535686 26.364670916683693
0.9995513751617867 0.029048187207184065 0.0077318913436448655 0.027342465743322105 -0.028998100278749148 0.9995577793194985 -0.006551662900020872 -0.18669934890745854 -0.007917690825202136 0.006322742851521246 0.9999507640737662 27.386095715468638
0.9994909399867846 0.031018638477391003 0.007878357581133495 0.03355522353474218 -0.030959413993065336 0.9994918270568286 -0.007568565218943027 -0.19733112170962414 -0.008108059602175428 0.0073189496016656955 0.9999424939179435 28.403674701363684
0.9994705213452271 0.031657031949334925 0.007880283011533028 0.03686295961129801 -0.03159631176553373 0.999470240880614 -0.007717760058330361 -0.20309835143189836 -0.008119692426139392 0.007463433639738404 0.9999408729029038 28.97046871760139
0.999453097123773 0.032085798381041815 0.00837935153598725 0.043605894367469346 -0.03203870937719751 0.9994697609981166 -0.005710214088890794 -0.20910149804967598 -0.008557603538652727 0.005437837230973876 0.9999504653411895 30.008568743842936
0.9992221167217735 0.038340633978864905 0.00958366269249721 0.049315980660032385 -0.038330353945165936 0.9992638075702664 -0.0012636455108157498 -0.2085517579906492 -0.00962459515405718 0.0008945446829008493 0.9999553910118548 31.056886476439097
0.9990987324191841 0.04137459702770901 0.009841960755025924 0.05487405816699951 -0.04138653348288282 0.9991422908066082 0.0009872132648781435 -0.2056072354342675 -0.009792251196855502 -0.0013941989998210716 0.9999532547069426 31.60606553434756
0.9991078723722103 0.04111400301821399 0.009942587815373771 0.06604255966351469 -0.041136200774388586 0.9991506851280385 0.0020208435657810622 -0.20617711605803543 -0.009850765545983872 -0.0024283245714495165 0.9999502895533372 32.65119609979688
0.9990929692139984 0.041617099187549876 0.009312298706651583 0.07707342820666342 -0.041598774883296046 0.9991311486739729 -0.0021724109721531206 -0.21788707370547658 -0.009394338268858108 0.0017826395622259849 0.9999560908392978 33.648663549197195
0.999042312322648 0.04288685809671247 0.009025926930298526 0.08013917926640925 -0.042835521946925664 0.9990643331863316 -0.005833742883906598 -0.22884109596033686 -0.00926726422823722 0.005440836416419148 0.9999442481165446 34.187067190694286
0.9990658358031583 0.042413218797088405 0.008642057152995665 0.09136168221879698 -0.0423328332495538 0.9990594511501324 -0.009328466043635034 -0.24496954381329838 -0.009029181170083122 0.008952876921855785 0.999921366024319 35.17173331472092
0.9990343405375514 0.04316144854023884 0.008668408956905554 0.09697333198801422 -0.04310877376598346 0.9990507893178873 -0.006223147125336513 -0.2510295327742191 -0.008928969051632776 0.005842517581543778 0.9999460518691584 36.21111091836966
0.9990041972611562 0.04379226493460585 0.00899966980196119 0.09958475046791321 -0.04374396778687732 0.999027095484026 -0.005573196314291291 -0.2520680757037531 -0.009234933557506375 0.005172806399269778 0.9999471053024532 36.766033597422535
0.9989930096506332 0.04409436024605886 0.008786058065060512 0.10719431981815669 -0.04405508031186105 0.9990182214331665 -0.00469936866613157 -0.2572568363728221 -0.008984423936632468 0.004306270946903451 0.9999535394745971 37.71649786343232
0.9989625458570075 0.044798138186434994 0.00866382991627159 0.11571773878008348 -0.04476142168390619 0.9989878032086079 -0.0044671730042303735 -0.2637733567393721 -0.008855175387111934 0.004073583844305418 0.9999556447254812 38.6859501838297
0.9989585190939338 0.04479623637549371 0.009129289295862167 0.12087892980884687 -0.04476272413014455 0.9989898059110675 -0.003929558728013826 -0.26483235793074333 -0.009296123816911916 0.0035157262330913945 0.9999537745570738 39.22706405831847
0.9989188974816132 0.04535397082894107 0.010576069394010474 0.130376520415362 -0.045353157087765626 0.9989707683692112 -0.0003848648318434899 -0.26505573599305415 -0.010582599503835277 -9.602403727328179e-05 0.9999472195811263 40.27086733238451
0.9988848401620682 0.04591499662433011 0.011364363561528524 0.14513895226043821 -0.04591338228636605 0.9989450626087141 -0.0004709238161134816 -0.26833547636119226 -0.011373931801214848 -5.231405426548587e-05 0.9999385510039286 41.28270128863369
0.9989174151599289 0.0451882789836107 0.011457535053859217 0.15192337196116407 -0.045181064086604154 0.9989784327005983 -0.0009899882833745428 -0.26967798336526466 -0.011490209677068567 0.00047013048394146923 0.9999371289262234 41.79666806342405
0.9989174476613892 0.04518825455471542 0.011476050288419306 0.16520192334600542 -0.045176633629082745 0.9989782582988825 -0.0013634670991069615 -0.2748909024633912 -0.011525553675061806 0.0008421787954902848 0.9999365474448035 42.77141254910443
0.9989094821632682 0.045270149301671316 0.011866137584084243 0.17978591566862479 -0.045263759233299436 0.9989751775692074 -0.0009258459181693049 -0.27859385935452646 -0.0118950960369127 0.00038606176197292696 0.9999326667464725 43.738383340854206
0.9989058714998946 0.045275440615387824 0.01210107640222919 0.18510908483971017 -0.04526827731773425 0.9989740397963273 -0.0009437410012158326 -0.2805788602758511 -0.012130990086852995 0.00039377690694291105 0.9999295047215875 44.248608146423834
0.9987603576313216 0.04836342535358849 0.012180339623898405 0.19161106378645815 -0.04835688417578161 0.9988295815179985 -0.0009040903547190616 -0.2816648121601581 -0.012209409066891809 0.00031280127805798894 0.9999288213265343 45.20259023203574
0.9987996044416555 0.047421169728529694 0.012678681078419607 0.20707462395734777 -0.04741251681261943 0.9988750386373434 -0.0010700348239756948 -0.28611980160951067 -0.012714729842449288 0.0004663091321841414 0.9999225416554165 46.13722442150273
0.9988317193810268 0.04679844755161503 0.01247714147707752 0.2124462284328796 -0.046784200374542985 0.9989042564815199 -0.0015378568814957314 -0.28939357205776134 -0.012534876449030128 0.0009508452058937871 0.9999245970340268 46.660824013676205
0.9987116887367535 0.04923582127179789 0.012692076332314173 0.22166806302350545 -0.049190575759362344 0.9987818327117013 -0.003956350999726155 -0.2987337303832519 -0.012870979067612833 0.0033252225384321574 0.9999150399428212 47.60289908994495
0.998586563630308 0.05112395898194483 0.01493014714377385 0.2371175268084364 -0.05100556727058283 0.9986644980683197 -0.008300407970402188 -0.3156943245549771 -0.015333161610333771 0.007525428712062852 0.9998584836747121 48.56037322206568
0.9985799917825608 0.05106898389105429 0.015527870628112037 0.24561201944495165 -0.050938700411428714 0.9986637402186053 -0.008740762488791283 -0.32296360168379284 -0.01595243036145317 0.007936027159216569 0.9998454869409197 49.06519339698036
0.9984835677743158 0.051592691955155305 0.019505664433819542 0.2598963561444879 -0.051431415468525025 0.9986387821291607 -0.00873940123396337 -0.33088318294335073 -0.019929013804939572 0.007721634081010984 0.9997759172489636 49.70403573077681
0.9983618438489819 0.05189459395923161 0.024331007756382826 0.2790776376327392 -0.051723721474078596 0.9986324851226721 -0.007637133655709339 -0.33695424091635057 -0.02469280326839556 0.006364644054413367 0.9996787739734263 50.30961214533569
0.9982989101207419 0.05217452566078648 0.026232848781849005 0.29132679420912033 -0.05199511109616463 0.9986192736034603 -0.007495726364534099 -0.3413367747716856 -0.02658665359394888 0.006117697870338714 0.999631719450848 50.69293065904768
0.9980194159603565 0.05505018905959693 0.030631383795709975 0.31458138655823786 -0.054818051374346026 0.9984611173727144 -0.008385589253575172 -0.35214424802128913 -0.031044757532377232 0.006688071329112576 0.9994996065851757 51.47103738119532
0.9977476367421072 0.05708978789510714 0.035381721841762095 0.3395862119489479 -0.056785138208050485 0.9983405381731622 -0.009568393477059548 -0.36412220049074695 -0.035868571234508255 0.00753550152919326 0.999332538865332 52.111536125385406
0.997734666380366 0.0567057175838945 0.03634647569513596 0.36116914562119146 -0.05637234930867564 0.9983581192131592 -0.010142485721544567 -0.3715610136143614 -0.036861245776126116 0.008068432602243027 0.9992921110529193 52.58910679948799
0.9977226874099724 0.054746182646745654 0.03951619459006727 0.3964373518011773 -0.054257064610446916 0.9984372297468139 -0.013340437473187269 -0.3863654179480978 -0.040184265880600076 0.011164114607205252 0.9991340528739497 53.37905105758669
0.9974751354455282 0.05532289199895034 0.04464513160729759 0.43161836558589634 -0.0547036264716638 0.9983898840161968 -0.014971703888494 -0.40312262568523577 -0.04540130171848228 0.01249005549716801 0.9988951677684578 54.07286634783521
0.9973608558639058 0.056058809344069094 0.046251940013083664 0.44843607322020146 -0.05540153580382849 0.998345051209007 -0.015370789839776676 -0.41020534613907855 -0.04703698728893719 0.012766394130620534 0.9988159991068789 54.429160126014516
0.9972147714899127 0.056106359294842575 0.049247753010584885 0.4862508628355003 -0.05542442966910012 0.9983477587159328 -0.01510489282560955 -0.423133514725665 -0.050013777107813795 0.012331904899852312 0.9986767097616029 55.110904523660274
0.9970419554910892 0.05659288329706796 0.052108504117764694 0.5229460820133613 -0.05586910349649172 0.9983207614909054 -0.01523745117788436 -0.43822726053188826 -0.05288330203230115 0.012279826171589773 0.998529693894562 55.79124084202488
0.9969694409565909 0.056807048101614924 0.053261418375261285 0.5436742179945477 -0.05604896868646897 0.998305058839937 -0.01562281209421351 -0.44735695655798413 -0.0540581836062496 0.012588812241664237 0.9984631711895029 56.16172101782011
0.9967857286668101 0.057412384968513364 0.05598444321803363 0.5874593569504576 -0.05650701183296195 0.9982459756872556 -0.01762687923724604 -0.4679512987724895 -0.05689748347769103 0.014405106105633737 0.9982810104644128 56.886026797043215
0.9964006292839869 0.05943152870681518 0.0605609672423338 0.6243924202207195 -0.058338328697986 0.9981028191244284 -0.019664387853242378 -0.4845321383819504 -0.06161463355178226 0.016058735347303746 0.9979763836420049 57.48332486523607
0.9962485249366441 0.0598487778213673 0.06261895789871602 0.6459226670118612 -0.05870996873755851 0.9980771267058001 -0.019871652844723097 -0.49160942278118913 -0.06368767252671288 0.01611883997442742 0.9978455023786275 57.81830106602542
0.9960062528382296 0.060336159943026324 0.06592183984445076 0.6940079249778299 -0.05914166115425528 0.9980504462383432 -0.019922992953300245 -0.508014839418821 -0.06699526624193529 0.015942801274096103 0.9976317154378971 58.52068232176662
0.9957345965991659 0.06105540332306424 0.06927647644226212 0.7399767034351373 -0.05978042389423823 0.9980041126537769 -0.02032896955815004 -0.5255018968868012 -0.07037927730698143 0.016098949056921146 0.9973961448899149 59.16766522067652
0.9955597740808636 0.061487453912319044 0.07137853801374265 0.7624843722381006 -0.06016292909668718 0.9979763535755685 -0.02056137788604807 -0.5331006259640604 -0.07249813185289838 0.016173837415103476 0.9972431938716837 59.47771370726483
0.9952277762143036 0.06240118597950835 0.07512024679322388 0.8079242899536153 -0.06094727909432184 0.9979091667029142 -0.021495383168032848 -0.5513511106913744 -0.076304324589854 0.016812575860640895 0.9969485320751736 60.06247326391714
0.9950165679549222 0.063262193817177 0.07717047145422073 0.8666403770082689 -0.061711834895790366 0.9978442597113112 -0.022316659708014847 -0.5740191672017324 -0.07841558107553741 0.017441033470255638 0.9967740695137963 60.817798813656346
0.9949144416317993 0.06351605676297895 0.07826767197681118 0.8983700175542494 -0.061930402500050906 0.9978258617130157 -0.022526418269565498 -0.5851183736508119 -0.07952804415695616 0.017562554874302916 0.9966837109584796 61.23676309290419
0.994705119927055 0.06440317389621007 0.08018229666020817 0.9716086196980367 -0.06275329478593289 0.9977654514857284 -0.02293507577337904 -0.608397459255696 -0.0814796534383269 0.01777969022550261 0.9965224497352443 62.12692148056413
0.994384868985105 0.0662298262555639 0.08262948244317808 1.0503556085829728 -0.06456714195619646 0.9976563979003282 -0.02264022913989719 -0.6283102691524232 -0.0839344880901562 0.017175743308720553 0.996328981181966 63.09858403390777
0.9942405376245751 0.06674029751292175 0.0839399066368914 1.0892421401777044 -0.06506833182624373 0.9976265480720007 -0.0224998658297683 -0.637669372579356 -0.08524179917464482 0.01690653197009876 0.9962224160804013 63.55811856255898
0.9940029825817132 0.06779607478760098 0.08588625651340487 1.1512928228100356 -0.06613021573761269 0.9975657596269247 -0.02209773188093201 -0.653362532167295 -0.08717471148689343 0.016283568445696964 0.996065468629847 64.26409129328911
0.9938231269330496 0.06802998054871603 0.08775696153639631 1.191551556991645 -0.06633156999056952 0.9975512040323757 -0.02212429312783107 -0.6649496756574725 -0.08904675385702467 0.016164833521133518 0.9959017231498508 64.70428644113925
0.9936910385422786 0.06856478000687032 0.08883552919977143 1.2231609581872258 -0.06683571686281227 0.9975139314526672 -0.02229420225372881 -0.6744447924233591 -0.0901427163878533 0.016214287147395687 0.9958026088029167 65.0733298225642
0.9933326822490126 0.0701712800482651 0.09154847178991418 1.2613645534419085 -0.06836396247143046 0.9974006186462098 -0.02273056241690582 -0.6853092356857878 -0.0929050361991441 0.016318576317839385 0.995547109348863 65.50616899034719
0.9931742611898284 0.07127873493020304 0.09241073413764074 1.2972000028016348 -0.06948225764508388 0.997328350478633 -0.02252102697567768 -0.6930691364895077 -0.09376824692159116 0.015944376754232915 0.9954726018274025 65.9162710210171
0.9930916192133238 0.07179684146309051 0.09290049585757039 1.3201271932761385 -0.06999617242378367 0.9972926371949753 -0.02250716791237258 -0.6978692660818041 -0.09426402621577397 0.015847152675644308 0.9954274507226477 66.1827465498052
0.9929129076879103 0.07316947072072874 0.09373958603924437 1.3574030157895127 -0.0713152306951655 0.9971884240080529 -0.022991721248265887 -0.7092910190407203 -0.09515718493321788 0.01614153718952921 0.9953380666327813 66.60369483619822
0.9927091062585298 0.0747288898033162 0.09466585813891105 1.3886538463276965 -0.07263656783848485 0.9970353533860125 -0.02537071763706051 -0.7215786909723225 -0.09627967007237338 0.018307252253126672 0.9951928898647215 66.94688002821105
0.9926539181822948 0.07520323926473925 0.09487233690120049 1.4074978493747419 -0.07301171038923789 0.9969821076996146 -0.02637752389332112 -0.7281939199042611 -0.09656814751334976 0.019254435410697254 0.9951472252582895 67.1719229107944
0.9925134264462011 0.0769053100371029 0.09497828991364422 1.4497428890179822 -0.07460597027205648 0.9968326560632983 -0.027543794955189275 -0.7447816553754706 -0.09679397643177728 0.020248967855991198 0.9951056148216267 67.65851380756672
0.9925573296101877 0.07733305104406435 0.09416853091382305 1.4891845877703582 -0.07507858429109382 0.9968048633823826 -0.02726820233665025 -0.7570339186717274 -0.09597461238537468 0.019992636721574048 0.9951902891081051 68.1275929478404
0.9926245104701864 0.07735407243800674 0.09343957843192678 1.5199674765056734 -0.07513592987524553 0.996806474972929 -0.027041566495201386 -0.7667715062196229 -0.09523126498955271 0.019819066695816616 0.9952651138736923 68.50342901810905
0.9927196008792629 0.0772250889770022 0.09253392858866079 1.5629746934754107 -0.07508908270037125 0.9968287291572289 -0.026364107368479557 -0.7793830833611927 -0.09427458551750226 0.01922131616122014 0.9953681244498926 69.02476844743887
0.992837221720617 0.0775222194597151 0.09101041902219302 1.625472936706642 -0.07545477060926961 0.9968120065378849 -0.0259631490335848 -0.79727084857669 -0.09273088354380134 0.018907220486293997 0.9955193551349085 69.7217960944975
0.9928418618991022 0.07796895822355245 0.09057719308678869 1.6585085509126432 -0.07589629245830418 0.9967742885660842 -0.02612828807689353 -0.8078672126601223 -0.09232002228777046 0.019064028398249423 0.9955546534210422 70.11230112129152
0.9929551111852217 0.07856679779910784 0.0887999456191614 1.7009092373394998 -0.07657832018688535 0.9967355495048469 -0.025602587946945764 -0.8200350016747369 -0.09051950140304714 0.01861946931114042 0.9957282263073307 70.64499021070867
0.9931304549274165 0.07888992861138815 0.08653100870830191 1.73189857449591 -0.0770586388648971 0.9967310231858838 -0.024329794487150603 -0.8271548058296098 -0.08816541635284428 0.01749201285579629 0.9959600585724835 71.07893602691124
0.9931513441733493 0.07906433205566528 0.08612952934905037 1.7501984266300548 -0.07725613927886618 0.9967197817571596 -0.024154431443572173 -0.8324481666360827 -0.08775479949987659 0.01733238387647698 0.9959989232572832 71.3424541329629
0.9931841928959503 0.07980359793092917 0.08505991283365184 1.771261574395125 -0.07806160764853837 0.9966692272937754 -0.023636254596881446 -0.8377251332157608 -0.08666106243180298 0.01683293576499317 0.99610314429447 71.66046255378467
0.9932724442190207 0.0802276363900742 0.08361836762113954 1.7919243400753468 -0.07854993298814812 0.9966415084455171 -0.023190408713782522 -0.8440738628189325 -0.08519606435400043 0.016463844422156062 0.9962357404524491 71.98319463772636
0.993314966405829 0.08024853078868353 0.08309170834425662 1.8112113230555547 -0.07858409829491109 0.9966398135785078 -0.023136828878463384 -0.8506947267899215 -0.08466742612277052 0.016450144931636376 0.9962809520251851 72.26276008513014
0.9932785088503132 0.08130333660703336 0.08249364759897013 1.8354608273116717 -0.07961011518929992 0.9965464287588439 -0.023632150909077825 -0.8611506499419321 -0.08412878844856142 0.016904171476327678 0.9963186106238181 72.6414402754642
0.9931383625768628 0.08448460226735233 0.08097172491475915 1.8565539450133866 -0.0828692504537151 0.9962923813648107 -0.023129726354054234 -0.8662012753497348 -0.08262430527086845 0.016259220193298802 0.9964554609857476 73.03188748352049
0.993161897951584 0.08466164205654539 0.0804969739904649 1.8711493093037135 -0.0830736387432149 0.9962806082942853 -0.02289897433359919 -0.869806388139763 -0.08213498443436282 0.016053384070050518 0.9964990952584174 73.28157761384143
0.9932350754752023 0.08511022018468915 0.07910915339263604 1.8849322366699113 -0.08358357055583929 0.996248604910103 -0.022435971744878887 -0.8745876636121647 -0.08072061377674648 0.015670144709266327 0.9966207035928333 73.556021454384
0.9935323835074024 0.08460902753071887 0.07584225164241888 1.909030270590004 -0.08322991424036506 0.9963052822834791 -0.02118710570046588 -0.8819194333815091 -0.07735329460438942 0.014735830912007059 0.9969016706336455 73.97689013529913
0.9935565720561148 0.08461816729121903 0.07552120249164504 1.9234488646254275 -0.08323736914691934 0.9963032616980539 -0.021277974166355577 -0.8883569470918804 -0.07704076415558256 0.014852312347231241 0.9969244030682443 74.25046733484895
0.993545956281304 0.0852145418063765 0.07499115390561983 1.939437695803754 -0.08384646815079422 0.9962534380950964 -0.021240176846041826 -0.894618027875062 -0.07651805318389981 0.014812798506320042 0.9969653622054336 74.5519943191247
0.9935171387824677 0.0855960011500973 0.07493881721758222 1.948772203731338 -0.08424134110199734 0.9962234318682247 -0.02108880699678968 -0.8967077032544111 -0.0764587707889108 0.01463645083551978 0.9969725233491621 74.74283243628861
0.9937291200206191 0.08473629150520254 0.0730755796131087 1.9789426135396027 -0.08344393262057484 0.9963006411994244 -0.02058974796945947 -0.9058114119933836 -0.07454779057623705 0.014360193854329604 0.9971212143474459 75.18160159791765
0.9937144671902193 0.08519009346829652 0.07275808039616108 2.0012775455889655 -0.08387780990394239 0.9962573358107689 -0.020941112360165787 -0.9145576086662116 -0.07426706853793431 0.01470341904843652 0.9971377059280883 75.53575142644584
0.9936754297389311 0.08558634513732849 0.07282746312496127 2.0133668216872187 -0.08426400086208088 0.9962218503326158 -0.02107295895955841 -0.9182714226975874 -0.07435323710238494 0.01479974099154212 0.9971298749608474 75.74125293652234
0.9936079057573843 0.08646114828072798 0.07271548146727168 2.0300210675969037 -0.08512721445697223 0.9961440159534156 -0.021281060874445125 -0.9249043348789757 -0.07427257583893997 0.014951794216328492 0.9971337757888246 76.0271787697377
0.9935877814935267 0.08692532765214098 0.07243603333979025 2.045748012517023 -0.08559792361960364 0.9961038420621464 -0.021263906556018175 -0.9311245753725992 -0.07399990234748668 0.014924171544064448 0.9971544002551926 76.31498084402145
0.9935752504805527 0.0870495054784608 0.07246366903118356 2.05456262502284 -0.08572405693769253 0.996093758578014 -0.02124143626156681 -0.9337535686246609 -0.07402708611131413 0.014889890183598334 0.9971531109860354 76.48104753361324
0.9936423859524314 0.08657698387439842 0.07210983673662523 2.075563184924544 -0.08527399165925051 0.9961379783815941 -0.020996095559415433 -0.9401999359944441 -0.07364638914985105 0.014710260372598058 0.9971839890109631 76.81434825803728
0.9936002140494437 0.0869192765674608 0.07227662752985733 2.0901391822394038 -0.08561926132422326 0.9961095031338202 -0.020932944292975014 -0.9445764722173909 -0.07381235657214241 0.014607741251575459 0.9971731381287987 77.06607583868065
0.9935795465451173 0.08701791823033406 0.07244537591541768 2.097815818356599 -0.08571972506358197 0.9961020141233405 -0.020878513944259013 -0.9465606060273406 -0.07397725770132217 0.014531484622784691 0.9971620498447606 77.21602755061724
0.9936243368311225 0.08670465924615327 0.072202641815295 2.1194259098040162 -0.08543585643408896 0.9961336803502282 -0.020514518291695327 -0.9523992583302394 -0.0736997821143602 0.014212184175116287 0.9971871251500831 77.54986691779526
0.9935540393518123 0.08720750417637192 0.07256604544486793 2.136207268660069 -0.08593934208186199 0.9960914856359012 -0.02045594764426734 -0.9574548742372209 -0.07406387046124842 0.014085098213389489 0.9971620180287909 77.83928255272804
0.9935242738776832 0.08729294445155707 0.07287095377346663 2.148401557152849 -0.08601892160766338 0.9960841329261918 -0.020479748108252614 -0.9607092044595327 -0.07437082058174259 0.014076069893882293 0.9971392818301082 78.03316608035358
0.9934802187277944 0.08745134137902572 0.07327711839472975 2.1642329337421966 -0.08616693611959776 0.9960696214150863 -0.02054158740364052 -0.9655985894543282 -0.07478333841897118 0.014091006432937658 0.9971078521729345 78.27305291552575
0.9934580503427255 0.08765068738430541 0.07334143304682832 2.175785788088581 -0.08636454542459414 0.9960524039475737 -0.020559193267108096 -0.9693300790526307 -0.07485174530150202 0.01408780857258459 0.9971030023054219 78.47072206491991
0.9934032486123641 0.08792423175334703 0.07375364258885657 2.1805101395210276 -0.08661784102166813 0.9960258958816826 -0.020758341976001824 -0.9709233855495983 -0.07528364249132075 0.014230427932049388 0.997068278729833 78.57963883681242
0.9933058542096866 0.08875174292669588 0.07407461108534939 2.1921086090878728 -0.08738265949940364 0.9959421950214807 -0.02155372468455305 -0.9762282298731492 -0.07568488034100945 0.014933955670491035 0.9970276211841492 78.77321110597285
0.9932872112047945 0.08901153209288945 0.0740133161381024 2.2137817632395316 -0.08760744457183742 0.9959120586012732 -0.02203431654896276 -0.9848915065690529 -0.07567003052245443 0.015399742676193979 0.9970217868400336 79.07271840529813
0.9932654363942325 0.08913835067393432 0.07415623384311018 2.223725341314561 -0.08772453017969101 0.9958995681877867 -0.0221391798744122 -0.9874806006489857 -0.07582344969608745 0.015482209083733241 0.997008980050306 79.2195565796611
0.9932056301682036 0.08969367175946442 0.07428804772914673 2.2379405539230994 -0.08825372484773666 0.9958452093786654 -0.022473749378807386 -0.993173815159219 -0.07599306593644392 0.015762295960224514 0.9969916281479633 79.43847441484841
0.9931564086634606 0.09032441968248497 0.07417948139767774 2.264764053701496 -0.08884121459154846 0.9957789003389417 -0.023086621189957038 -1.0048486291713261 -0.07594940094197962 0.01633584198518715 0.9969856647644147 79.83045164903447
0.9931074099030748 0.09070730135777477 0.07437880497643462 2.2695797419598147 -0.08919460325921007 0.9957393259725827 -0.023452036684555793 -1.0069426287310033 -0.0761861756071389 0.016652957188808663 0.9969627327172401 79.9470828074769
0.9930347155838553 0.09146405333683186 0.07442319416186523 2.28637778044792 -0.08992149619295699 0.9956640641117268 -0.023856595370930666 -1.0139936186232121 -0.07627963799016678 0.01699524603630461 0.9969497863126963 80.2115278317869
0.9930411383135932 0.09165394471861386 0.07410236577026859 2.3127250247732505 -0.09010353390904563 0.9956432791807613 -0.02403817793193979 -1.0243902500553628 -0.0759798830279343 0.017190937766629784 0.9969692713017181 80.60084685813587
0.9930162565052256 0.09180532917417394 0.07425003436189527 2.318279519111211 -0.09024333821997188 0.9956277485955898 -0.0241628802408595 -1.026508575153769 -0.07614085556805794 0.017290216278815336 0.9969552895122281 80.73088999287623
0.9930149890194295 0.09204434404419407 0.07396681581450859 2.338911218922044 -0.09046706191002689 0.9956006643393305 -0.02443212556285015 -1.0358373519326531 -0.07588754130305753 0.01756687143296369 0.9969696181005618 81.05813490350361
0.9930397243323321 0.09197934341798171 0.07371410923299572 2.3585051870356963 -0.09038472120456258 0.9956011875469556 -0.024715465486538125 -1.0446564077451552 -0.07566046791800182 0.01787775513931966 0.9969814233739126 81.3717816125407
0.9930363052678133 0.09204596770842163 0.07367862139812194 2.3634922457246783 -0.09044246287011158 0.9955927580800088 -0.024844395295740177 -1.0473391971465393 -0.07563794120467628 0.018004388883975445 0.9969808513399472 81.50824894142218
0.993000945415212 0.0925020480693917 0.07358364889619691 2.3851571502955813 -0.09088155337473172 0.9955461644592752 -0.025105539354374085 -1.0573218911534499 -0.07557557157275897 0.018239219224277924 0.9969812433995269 81.85732734127227
0.9929680845509474 0.0929038408612875 0.07352837639253325 2.4091931982181727 -0.09126295185393671 0.9955039656037844 -0.025403803314202708 -1.0682938957401582 -0.07555500856033538 0.018511289503705647 0.9969780520688796 82.23437025441346
0.9929200054471692 0.09321359470498995 0.07379085638922572 2.4156962285453685 -0.09156257547410539 0.9954746990429132 -0.02549088967869741 -1.0705611127767838 -0.07582968926709609 0.018549907657443288 0.9969567149877957 82.38338842371121
0.9929207669047424 0.09338294413299282 0.07356830638772759 2.4368826422142496 -0.09173275835282987 0.9954577714810628 -0.025540839505857168 -1.079613104220127 -0.07561581167332568 0.018607310893803464 0.9969720291950509 82.72178822930182
0.9928923954174227 0.09378422299087774 0.07344175671920918 2.4561224720511765 -0.09211691205089742 0.9954152009560159 -0.025810821011013292 -1.089023196253352 -0.07552233907160981 0.018857996914981242 0.9969743321609251 83.03853138732637
0.9928459499073763 0.09405942338132005 0.07371367130116684 2.464316002632208 -0.09238006772188329 0.9953881278730012 -0.025904573085851392 -1.0920356449766293 -0.07580723468592888 0.01890574913583838 0.9969516964095515 83.16494745072774
0.9928195318544071 0.09427756027979403 0.07379745472406953 2.4802855487493582 -0.09259630667234173 0.9953679525106425 -0.02591901682175237 -1.0972560879387563 -0.07589600741558114 0.0188953147223009 0.9969453656900787 83.38396140999961
0.9927786562523402 0.09465129864710026 0.0738730702886758 2.492234091498308 -0.09296790919699685 0.9953330103294608 -0.025943285897177964 -1.10125014442815 -0.07598048568938798 0.01888384157235591 0.9969396160363978 83.57173033183007
0.9927534967779026 0.09483760903374383 0.07397250239172026 2.495565128681749 -0.09315010845422252 0.9953146846285644 -0.025976684143908746 -1.1018608089107729 -0.07608628832072718 0.018893804112776597 0.9969311403179236 83.64745233922264
0.9927036660955045 0.09519204893747302 0.07418041652448257 2.5034934953039416 -0.09348842391299818 0.995278121184788 -0.026144866545070797 -1.1051451044753038 -0.07631600316393228 0.019015547812538083 0.9969109135748195 83.78656424486753
0.9926669960758393 0.09538489889847553 0.07442361745112427 2.5101866748896233 -0.0936727448732078 0.9952592982377011 -0.026202370070899365 -1.1074028940618026 -0.07656719468316239 0.01903532339108369 0.9968914293245132 83.90481378533292
0.9926430312585444 0.09546852650427139 0.0746314285118948 2.513097193178007 -0.09375101882513179 0.9952508636004964 -0.026218472661190453 -1.107607673387265 -0.07677745070483545 0.019025958793905177 0.9968751934935814 83.96946054720162
0.9926217700384856 0.09555722649316162 0.07480064126239055 2.517754110276806 -0.0938292145565935 0.9952409031657536 -0.026317568333497604 -1.1093675577932924 -0.07695684448989279 0.019101899047452138 0.9968599197531426 84.06436072101276
0.9925910976080083 0.09576903387038439 0.0749369583680628 2.521858554100928 -0.09402496520963789 0.9952177548503608 -0.026499977968338518 -1.1113049481559159 -0.07711379801598411 0.01925461071068186 0.9968449958129555 84.15760923020153
0.9925664272044266 0.09587314914794214 0.07513376579276725 2.523161767619534 -0.09411708111153291 0.9952060802408267 -0.026612693721101217 -1.1106686845243372 -0.0773221175491692 0.01934017161715142 0.9968273250194079 84.19709845596626
0.9925331358336037 0.09606047401266153 0.07533306702382182 2.526201251950222 -0.09428787662589604 0.9951854584614261 -0.026778878098817255 -1.1113500078308676 -0.07754002905187726 0.01947268886853799 0.9968078077445197 84.26735278500693
0.9925029647078507 0.09628357072079181 0.07544614289401104 2.528097394082458 -0.09448627327033558 0.9951587081797895 -0.027073810581165307 -1.111840351621134 -0.07768497548326292 0.019739204101191177 0.9967912205100882 84.32537097842244
0.9924865080346863 0.0963285843216635 0.07560852277292386 2.5299511627022224 -0.09451756034218206 0.9951518548855328 -0.027206714487593615 -1.1111214225914843 -0.07786023499276913 0.019853053490462298 0.99677508197263 84.36774916773909
0.9924644136589913 0.09641279770551499 0.075797417446576 2.533376225338017 -0.09458489219745449 0.9951410716837289 -0.02738169521396359 -1.111754591074296 -0.07806625311745585 0.020002953966974768 0.9967560982364277 84.43821642525464
0.9924403341154623 0.096490963837454 0.07601784568402362 2.5365994146975632 -0.09464808005387532 0.9951313479319127 -0.027522191057844078 -1.1121399140439812 -0.07830039300680561 0.020115893866046803 0.9967355970939175 84.50352952681413
0.9924182562388394 0.09658417950936822 0.07618795722690296 2.5381917055557297 -0.0947290199088435 0.9951207031432334 -0.02763728292296147 -1.1112530240454754 -0.07848237991535158 0.020207192404321096 0.9967196853687837 84.54059358508573
0.9923900488643727 0.09670971898748747 0.07639379758016233 2.544790402414655 -0.09484163933397553 0.9951067785141804 -0.02775285828012006 -1.1135442617548006 -0.07870084574623527 0.0202928638064242 0.9967005681255978 84.63867890681335
0.9923671639024118 0.09681896252234604 0.07654983819219038 2.5477877799568334 -0.09493854852745044 0.9950939213165975 -0.027868368502801347 -1.1136497431012882 -0.07886959713621831 0.020385080542457402 0.9966852132521127 84.6906450153065
0.9923483140247771 0.09687792805999451 0.07671956467857896 2.550390767061443 -0.09498683512300314 0.9950866033817554 -0.027960631252971102 -1.112929502399736 -0.07904864211952328 0.02045638800554684 0.9966694789037117 84.73107192965944
0.9923306243162284 0.09697043532546305 0.07683758923186687 2.554245213275065 -0.09505865877086823 0.9950734442642599 -0.028199480821048582 -1.1140609976912776 -0.07919043471125238 0.020675857769497888 0.9966540529950753 84.8027262524015
0.9922997543938571 0.0971548891140973 0.0770026553943609 2.5580242811408156 -0.09521883357130675 0.9950505126713306 -0.028468760088541243 -1.115256995143121 -0.07938423416995588 0.020914356456494105 0.9966337094929216 84.87632019587942
0.9922746980629603 0.09729711753895336 0.07714601512883537 2.5602169259931626 -0.0953525040269789 0.9950355126285156 -0.02854396579365273 -1.1145783330881827 -0.07953709913829941 0.020964451091468814 0.9966203659588404 84.91909920859496
0.9922575695172399 0.0973721562015987 0.07727470447491798 2.565470531601613 -0.09542878870468643 0.9950295209784991 -0.0284981124678445 -1.1151617314670497 -0.07966232836991635 0.02090057718202579 0.9966117179801728 85.00230809857753
0.9922304230640245 0.09754449374619623 0.07740156118902067 2.5705407000616565 -0.09559956423557482 0.9950133009655281 -0.028487649451725595 -1.1159905935004908 -0.07979139184598705 0.020864173717455223 0.9966020019966094 85.08669501415915
0.9922023041026916 0.09771092040581005 0.07755225140049418 2.5725501204983545 -0.09575613662974096 0.9949955838485957 -0.02857658609919488 -1.115503000764314 -0.07995346282225853 0.020925294075892272 0.9965878766506547 85.12753511332072
0.992175835248341 0.09784292396231009 0.07771563468799586 2.5771886488195737 -0.09587780796511217 0.9949805062236745 -0.028660356995185366 -1.1166152772614941 -0.08012726357587895 0.02098310207627811 0.9965724022795228 85.20781534939853
0.9921496576053149 0.09801914940377435 0.0778339110824823 2.581783551560639 -0.09604738513141226 0.9949625635000029 -0.028721061226191957 -1.117851546026986 -0.08025444523854916 0.02101785885671872 0.9965615529953683 85.29316094869814
0.9921193570408243 0.09817462561462359 0.07802419042101208 2.5842756892831615 -0.0961955398132962 0.9949468909645056 -0.02876905617176812 -1.117417826750279 -0.08045172213549949 0.021034691753409284 0.99654524930534 85.34029898595881
0.9920704096259979 0.09840120478364864 0.07836440846375439 2.59025991469141 -0.09641144071601766 0.9949248236407535 -0.02882417091966104 -1.118520947126361 -0.08080013665570183 0.021037967500409194 0.9965172612659114 85.43176056208894
0.9920064090787418 0.09867469616483915 0.07882973212651309 2.596797334179935 -0.09666705012849525 0.9948968913048031 -0.028933690904337186 -1.119673117657018 -0.08127945402101824 0.02107971441278909 0.996477323399054 85.52371032203023
0.9919699013543952 0.09884084586318403 0.07908115791898616 2.5995820080910246 -0.096821341782777 0.9948794016601388 -0.02901971019930897 -1.1191138345695613 -0.08154151636232186 0.021127405072839566 0.9964548770488123 85.57192349300665
0.9919001918714772 0.0991216290981638 0.0796092551307916 2.6053410030794106 -0.09707774236957702 0.9948493900793031 -0.029188547991860093 -1.119976462522341 -0.08208946744028268 0.021221371569414404 0.996407991173274 85.6544376117484
0.9918097321414884 0.09935541797600968 0.08044663289841616 2.6138384777222354 -0.0972805956130451 0.9948248979930165 -0.02935782896271796 -1.122338303938526 -0.08294403556327538 0.02128877575312263 0.9963360124003505 85.75792209753196
0.9917660583996121 0.0995059493792118 0.08079791874846327 2.6173193261872885 -0.09741608924501902 0.9948088972350391 -0.02945030275382265 -1.1215644580183586 -0.0833059039961493 0.02133394145333228 0.9963048056734113 85.79827638579843
0.9916841808601945 0.09968366247531245 0.08158118307808093 2.6247074312596763 -0.09756594733677516 0.9947903684356186 -0.029588850484410536 -1.1221630056462095 -0.08410253114841379 0.021380215030542216 0.996237072706012 85.87644819523035
0.9916161795577683 0.09978312083371943 0.0822791773169088 2.6314133727976428 -0.0976347504917685 0.9947777822242291 -0.029774064309534057 -1.12263385719489 -0.08481742576988913 0.021488157874337516 0.9961738778583896 85.94906170608185
0.991570082270941 0.09988662811017923 0.0827119027968494 2.6347582926443125 -0.09772132792060857 0.9947668114252035 -0.029869845667851374 -1.1218393461941236 -0.08525949111501448 0.021532025401020755 0.9961353953908513 85.99513427044461
0.9914577244467493 0.10015563435472552 0.0837254596099931 2.6408037147098713 -0.0979558947290269 0.9947389054156326 -0.030022986269527166 -1.1217264831648806 -0.0862889346922327 0.021562257791234794 0.9960461700499583 86.06379759962853
0.9913299727768616 0.10066064956036426 0.08463119102133143 2.645758258567733 -0.09842979694440246 0.99468753995812 -0.030175249727765037 -1.1209789669128951 -0.08721602715651869 0.021580586645793536 0.9959650909583249 86.128531217634
0.9912602740304467 0.10091509839308842 0.08514756484251391 2.648439058904397 -0.09866705651909866 0.994662086311164 -0.030257935024922928 -1.1193800791611443 -0.0877432003206902 0.021589016147256068 0.9959189487099273 86.1683960271192
0.9911189180786601 0.10115549366020066 0.08649455408123964 2.6544428485380474 -0.09886905713657954 0.994638629878485 -0.03036776853050922 -1.1183983332363754 -0.08909934986778649 0.02154324285014712 0.9957996160470379 86.22652650263768
0.9907748755776057 0.10127253327316943 0.09021915140566891 2.665668177123502 -0.09888120300651423 0.9946290783743272 -0.030635969652169318 -1.1175219054304644 -0.09283381971344472 0.021429146909093002 0.9954609910245406 86.2994241421884
0.990656711677863 0.10136663272159711 0.09140588149691596 2.6709696710499244 -0.09893880454520725 0.99461957722195 -0.030756788850569174 -1.1160297356942297 -0.09402839395066297 0.021422646838456186 0.9953490646220953 86.34556751593776
0.990117435327586 0.10136965671953686 0.09707235522106394 2.6879793846964604 -0.09876358462611047 0.9946193777894881 -0.03132887266579797 -1.1163153021977608 -0.09972240372717371 0.02142872569948721 0.9947947511119228 86.44259225386178
0.9894190138744835 0.10154150917213983 0.10378159318458777 2.7092660396032833 -0.09871149359323096 0.9946002158082422 -0.032092267689065486 -1.1167531877036956 -0.106476258505887 0.021505154764487288 0.994092918657446 86.55141965166118
0.988993456787421 0.101659293652903 0.10764835206161522 2.718447639139936 -0.09871022894799046 0.994589765188001 -0.032418285044531765 -1.1150734944767025 -0.11035783122595448 0.0214323439453981 0.9936709918004779 86.60648605206114
0.9878827914758206 0.10212286690418373 0.116996468948056 2.7497592042641443 -0.09882041910789095 0.9945351714729472 -0.03372622586907921 -1.117029182950497 -0.11979701116507821 0.02175299664722957 0.9925696334831798 86.74209686825195
0.9865162084329606 0.10259583199323707 0.12763430349900926 2.7862996233341946 -0.0988778180947478 0.9944795981486085 -0.03517073105652528 -1.1198887754323867 -0.13053387286631393 0.022073307910848734 0.9912079669692245 86.88152941938218
0.9856780330311015 0.10263449108114592 0.13392670664332695 2.8077404024183905 -0.09868462621183965 0.9944749985672086 -0.03584420282762366 -1.1221740561160707 -0.13686156278579856 0.02211164417688895 0.9903535250331059 86.97716493558535
0.9836223458455937 0.10322762781800449 0.14786124077801202 2.8547621902697613 -0.09867075920689355 0.9944015659872671 -0.037868340887862555 -1.1269141301164447 -0.15093839005075482 0.022655673251087735 0.9882939315019622 87.12932926267185
0.9810788678164559 0.10378952656091028 0.16353250930840513 2.914457406757637 -0.09851307835551283 0.99432963106269 -0.040092345575422086 -1.1344521764432787 -0.16676191791692901 0.02322115604826168 0.9857338375412105 87.32510180478519
0.9797120616731828 0.10384623013920284 0.171498970445224 2.943999729269287 -0.0981921239134779 0.9943173461049043 -0.04117111238244229 -1.1352630725063422 -0.1747957555115564 0.02349372833294536 0.9843346926798977 87.40953822517501
0.9762685478241095 0.10402538280807798 0.19002699121483585 3.0191882197697337 -0.09742077246267324 0.9942803054022644 -0.043816612892241404 -1.1445748418921076 -0.1934937885135382 0.024261826176029996 0.9808120036820643 87.63353588610964
0.9721047928350147 0.10398701199169302 0.21031168346342008 3.092281143785721 -0.0961205200833153 0.9942456926536268 -0.04733119647834347 -1.152996646544506 -0.21401900473700994 0.025793118859364125 0.9764996513625375 87.81388010500959
0.9698274453185676 0.10413977871174655 0.2205024294315344 3.1294482106844215 -0.09563311947589061 0.9942141325706827 -0.048953807166316594 -1.154897286394128 -0.2243201751523545 0.026386786309356994 0.9741689297711639 87.90028022477328
0.9644241040383286 0.10404001869388448 0.24309308450757702 3.2272005209856958 -0.09396559795099481 0.9941804254575465 -0.052723794976880185 -1.1674204801388695 -0.24715949933292727 0.028002988067314515 0.9685811017283291 88.14876768267929
0.9583373997350773 0.10474641370571046 0.2658013506547031 3.3231221222370615 -0.09306233067929172 0.994073500133139 -0.05622822683764183 -1.178625051577184 -0.27011125365379446 0.029146839694352465 0.9623989903806859 88.36241177660868
0.9548949124268394 0.10548119466864427 0.2776372881946682 3.370641850233387 -0.09295808733134385 0.9939847912700025 -0.05794003866322894 -1.1812559758613737 -0.28207421691416773 0.029515268134478547 0.9589494234713409 88.4622370408714
0.9470339069468674 0.10729988741449702 0.30273242109562065 3.49573504963819 -0.0929861303294093 0.9937771313861493 -0.06136119441742692 -1.1969937552698455 -0.30742799291165807 0.029958393698092296 0.9511109742310625 88.72654898425247
0.9378092902441113 0.10921777362952252 0.3295731972949452 3.6359062109964584 -0.0930680113123743 0.9935741282712347 -0.06444920673263307 -1.2151171274947503 -0.3344897273791126 0.029765446748830693 0.9419407609378181 88.99776121918521
0.9325994816682418 0.10994944456146563 0.3438061463999679 3.701128171021145 -0.0927219501917169 0.9934902175472052 -0.06621788876022405 -1.2203026978997207 -0.3488439529180053 0.0298736343943595 0.9367163185389137 89.1092887236209
0.921089694260735 0.10980109177800454 0.3735909592846425 3.86775198192912 -0.09046261027157215 0.9935107303077031 -0.06897728706842476 -1.2411444046751072 -0.3787352057652653 0.029735485323516223 0.9250389293831505 89.3941997308564
0.908482981387174 0.10949909766861353 0.4033630686365796 4.038276409276851 -0.08772826413951237 0.9935321562754564 -0.07213364793465928 -1.263509690264463 -0.4086474501474253 0.030142758424871463 0.9122066331629174 89.65748142037718
0.90141677681377 0.11013917686912199 0.4187483850618276 4.130444078650385 -0.0869378499872577 0.9934522463326135 -0.07416283955102079 -1.2736805965165452 -0.42416946789954135 0.030443488407302245 0.905083183402901 89.79708736072295
0.8860846713201861 0.11096155609666548 0.4500834637042037 4.319882065559823 -0.0852271917062313 0.9933753965160816 -0.07712432536372259 -1.2973858487471719 -0.45565413370503877 0.029976070889343242 0.8896649654391814 90.04249224898142
0.8685296173856243 0.11208786004923996 0.4828315494856661 4.4970273283373325 -0.08356333728265061 0.9932667022403489 -0.08027693395985568 -1.316697016838275 -0.48857292525126095 0.029373089004655486 0.8720416309196828 90.23240799498784
0.8586754693114399 0.11312627129860037 0.49991267498796305 4.580861868433077 -0.08280287645208528 0.9931464135215698 -0.08252332224381519 -1.3224183940238838 -0.505816277000596 0.029463884319485323 0.8621512543826856 90.31486889314982
0.8371974913442899 0.11427748791662379 0.5348599962536206 4.799796728160412 -0.08037535270160477 0.9930195696168403 -0.08636633290752982 -1.348074326968185 -0.5409898501151004 0.029313258977009437 0.8405319594236326 90.53909315383187
0.8138181841173021 0.11539715191885984 0.5695765431358266 5.031141204769751 -0.07689341459943397 0.9928543005624051 -0.09129498730397737 -1.379183172281542 -0.5760353665864894 0.030498011258589176 0.8168696854801312 90.75122371035302
0.8010855478872143 0.11615853073494788 0.5871994857222881 5.147249822538256 -0.0748218671692054 0.9927304621782416 -0.09431120407356135 -1.393372601668246 -0.5938795996097044 0.03161338346191106 0.8039467685348861 90.85026654751059
0.7735364653188568 0.11578191659241242 0.6231133988609221 5.421154091589481 -0.06968454733944784 0.9927512870381728 -0.09796395484035456 -1.4300042302606115 -0.6299321709849937 0.03235452765275738 0.7759906282373301 91.07557280271088
0.7432321121400348 0.11503728879325577 0.6590955527396156 5.716982636242964 -0.0637529861786839 0.9928054435235737 -0.10139638644932761 -1.4697801544808917 -0.6660105648180673 0.03333902041117106 0.7452123335630519 91.29235232309783
0.7275247090131098 0.1153013387577464 0.6763482819749717 5.877572276316608 -0.06089378806130994 0.9927422787915299 -0.10374257495874346 -1.4914297305248694 -0.6833931010741269 0.03428738489885438 0.7292595584375036 91.40735164750551
0.6937920865844857 0.11582778830035949 0.71082345724595 6.222267485974685 -0.05623781925153187 0.9926851734588208 -0.1068710434760972 -1.5382509891214977 -0.7179941370114592 0.034168711869358825 0.6952251916684505 91.63931981705694
0.655784987453438 0.11592052681423722 0.7460166872777062 6.56122963548704 -0.05206160423816908 0.9927359257433378 -0.10849805466391224 -1.5803785374942223 -0.7531667322995047 0.032310169786691746 0.6570515488256402 91.83141489239247
0.6372226005496441 0.11649422370916561 0.7618456675721542 6.744524867715244 -0.05054393411375924 0.9927016160933092 -0.10952404579423772 -1.6021851107094367 -0.7690366607769771 0.03128211617687867 0.6384556118253254 91.93295257581691
0.5970400305051605 0.11667766632148086 0.793701189584524 7.096928664841304 -0.04811339829632158 0.9927960194499569 -0.10975912681554895 -1.6423739954056238 -0.8007823811455631 0.027340453412860496 0.5983490945923476 92.10370040360671
0.5577142442365215 0.11683009752578116 0.8217891785797566 7.493117259191788 -0.04523037565619941 0.9928536350336976 -0.11045905630687368 -1.6917281098476575 -0.8288137918563572 0.0244322811604819 0.5590099729385931 92.29036151658491
0.540042381788571 0.11814857322879169 0.833322885638065 7.687345084491747 -0.04291198325235934 0.9926775558826108 -0.11293751575734721 -1.716607018999779 -0.8405568417232618 0.025229125592739498 0.541155062769121 92.3736645606695
0.5042328791872634 0.12030126207578108 0.8551660359743167 8.030596153075459 -0.03719349329755667 0.9923582671900574 -0.11767525555913504 -1.763138458725744 -0.8627794797628486 0.027526402727856086 0.5048513982230414 92.50138257437243
0.47127126195559016 0.12186785609115529 0.8735465981364774 8.410553029078399 -0.03294980549365934 0.9921522727299832 -0.12064296819446371 -1.8132000649278404 -0.8813854432417454 0.02806920604011381 0.47158572782527786 92.63655152715519
0.4563843157868712 0.12293502653608068 0.8812673201851172 8.614441399084825 -0.03101604070205123 0.9920083531286842 -0.12232565710142743 -1.8391103852297872 -0.8892543660773851 0.02849103362725397 0.45654745441485484 92.70713169297403
0.42945794539131377 0.12699812415983097 0.8941299497359564 8.985147070886265 -0.030242843864296935 0.9915324340474463 -0.12631160386917722 -1.8921198325240478 -0.9025921059736376 0.027201498838551164 0.42965971275097187 92.83253480057517
0.403420232566284 0.13332418394032425 0.9052668549032786 9.345074073112192 -0.02952382075404106 0.990712089241072 -0.13275589405201207 -1.9479487106361313 -0.91455080307668 0.026826142233957417 0.40360676084364333 92.94540959782657
0.38916004052055986 0.13497466065159835 0.9112449851855666 9.530323281208918 -0.028307261944313145 0.9904945200226953 -0.13462871032842405 -1.9742606569478665 -0.9207470215496674 0.026593942443752128 0.38927923689989974 93.00104662433891
0.36272487482999544 0.13490297346896354 0.9220973128680023 9.99394256820276 -0.021696116687382264 0.9904235477338424 -0.13636926129555965 -2.044491841076463 -0.9316559075784474 0.029455181902272736 0.3621759814599335 93.13663928983613
0.3349361562188253 0.13485599538478274 0.9325574110962244 10.603283398450587 -0.01555291995578034 0.9903641917746173 -0.13763412572405914 -2.139123581030916 -0.9421250672190874 0.0315911022559651 0.33380418173993337 93.31195443732193
0.32032653142652895 0.1353373125323962 0.9376066805971749 10.932735221171052 -0.012461937041887087 0.9902614555923825 -0.13868471758848033 -2.1917751502613223 -0.9472383450578971 0.03273631408217399 0.3188918223933403 93.39576201865714
0.29150855905347306 0.13696785259376598 0.9467280545943517 11.55438492875059 -0.008227876279110771 0.9900209100496813 -0.1407024690807186 -2.2923543373956963 -0.9565461094113717 0.0332225665683864 0.28972496606650355 93.54054421338306
0.26334956183527886 0.13738242564906286 0.9548846147150734 12.186455804485067 -0.0022461253093983644 0.9898954718732965 -0.1418048005787296 -2.3963096417428473 -0.9647110857562815 0.0351955997361753 0.2609958403688534 93.66829120679436
0.24994868671387632 0.13709078865809202 0.9585214261870829 12.458072770925897 0.0015480086068107542 0.989871164728512 -0.14198305192612168 -2.4400352692481695 -0.9682710985634894 0.036968373924543586 0.24720373891074326 93.71051540654403
0.2246698661292259 0.1354098199424221 0.9649968698581132 13.105873281283042 0.00806265758103615 0.9900081246713813 -0.14080151094801197 -2.539423951827004 -0.9744145402077186 0.03941039774715825 0.22133232052578228 93.81848256139169
0.20006240402227038 0.13421089069855605 0.9705638302795967 13.734397812531604 0.014226599279771532 0.9900742694425432 -0.13984638616856926 -2.635868799785008 -0.9796931480744646 0.04178185447603863 0.1961667385200853 93.90738680325101
0.18963077644311618 0.1342231843268288 0.9726542004276915 14.008416794913488 0.01614156569581848 0.9900549869168643 -0.13977662701773227 -2.677611324704895 -0.981736066213785 0.042202112985824845 0.18557782807920317 93.93751681291933
