1.0 0.0 0.0 0.0 0.0 1.0 0.0 0.0 0.0 0.0 1.0 0.0
1.0000001192092896 0.00016310811042785645 0.0003624260425567627 -0.00028030527755618095 -0.00016328692436218262 1.000000238418579 -6.958842277526855e-05 0.0002650720998644829 -0.0003623068332672119 6.92903995513916e-05 1.0 0.14308583736419678
0.9999999154165655 0.00036672450533803413 0.0008331804358858719 0.0010746638815351747 -0.00036686368641003497 1.0000000846331298 -8.882818503330725e-05 0.00043167009980023957 -0.0008329890189173739 8.831991084079505e-05 0.9999997685088973 0.3931776004493258
0.999999419447706 0.000574757733079974 0.0012653378304858392 0.0007375516163128353 -0.0005749349137394914 0.999999530072514 -0.00010493095276812916 0.0011191774421094708 -0.0012651409240766796 0.00010400142201571574 0.9999991686947486 0.6428833742735236
0.999999221372487 0.0007062919172326926 0.0014563792025467845 -0.001363076375688289 -0.0007065815448308965 0.9999995698414822 -0.00014193605915651197 0.0022268010853658446 -0.001456098089218781 0.0001404621075243993 0.9999989231363609 0.7730439584407933
0.9999990619974471 0.0008952426517794165 0.0014332513495399373 -0.0030859318139805276 -0.0008955314278750742 0.9999993109457258 -0.0001857887306080001 0.0021101247706311515 -0.0014329979650149712 0.00018402622162997224 0.9999988910010515 1.0144653072892322
0.9999990151974861 0.0011039805093021144 0.0015019365513853837 -0.005430362558352753 -0.001104373437815182 0.9999991160081555 -0.00022948086730851538 0.002133883856111601 -0.0015015820068800614 0.0002271193228198984 0.9999989036994595 1.2391458575054382
0.9999989226185751 0.0013124662178309054 0.0015690452553111362 -0.009115778743187166 -0.0013130340037960603 0.999999116868078 -0.00026203952274349003 0.0028463614889536423 -0.0015686253064856345 0.00025890345707920527 0.999998795498423 1.3413560001277571
0.9999990726305045 0.0015478102121067754 0.0012006535577706557 -0.011733392385835713 -0.001548479126764939 0.9999988185065605 -0.00022039876959994862 0.0025499830770495395 -0.0012002403842599305 0.00021755604535409362 0.9999993841080093 1.5649157697371117
0.9999989749676549 0.001742611941476875 0.0007329735946553879 -0.01566538150317899 -0.0017433693866597615 0.9999982921117598 -0.0001568213238130769 0.0022822351705040138 -0.000732654379746102 0.00015476705761131946 0.9999996015995812 1.771815424604935
0.999998966098812 0.001911405879900852 0.000668426420642562 -0.0196960466974936 -0.0019125376557736422 0.9999983506022829 -0.00018832911878523262 0.002482999107686259 -0.0006678905114492567 0.00018593588851663025 0.9999997631655596 1.8723584066195198
0.9999988657367744 0.002244436112412607 0.00022202516069061255 -0.02324744180035803 -0.0022461096939976723 0.9999983045989745 -0.00021498302432846489 0.0017473255343087957 -0.00022115636665248362 0.0002130721098279855 1.0000004137912213 2.0754709669040183
0.9999978798663337 0.0024762162371238716 -0.00036414882987992775 -0.027930287351059773 -0.002477917261439021 0.9999974469164356 -0.00011746411650189582 0.0013522473811623575 0.0003650957308665632 0.00011720626291321973 1.0000002063451372 2.270232337569467
0.9999974016272196 0.0026361838021719485 -0.0005891766085933065 -0.03190212419059029 -0.0026379519801398733 0.9999970566531095 -6.508010489826066e-05 0.0017584881750013137 0.0005903229759330559 6.552781729305256e-05 1.0000002494251174 2.3689307765353824
0.9999958036751085 0.002792454806272498 -0.0015928229103365956 -0.036319381339113006 -0.00279370261699553 0.9999966565452597 0.0001198094408089206 0.001347023710543099 0.0015942337045771124 -0.0001163977247924167 0.9999991321642466 2.563586359543387
0.9999937985984432 0.002908026209869295 -0.0025731996908012087 -0.04147438128519526 -0.0029092769613768598 0.9999966742161812 0.00027050259502678185 0.0007773652026136034 0.0025753981870557355 -0.0002643164080717584 0.9999973129088714 2.7442218363658704
0.9999929789106999 0.0030733499785234424 -0.002797410285594632 -0.04586645133428369 -0.0030745000813771654 0.9999961263693273 0.00029887122327364803 0.0011856107743160333 0.0027998533728323407 -0.00029151747639818645 0.999996847150078 2.8279482459469545
0.99998856220921 0.0031996002829986305 -0.003961169718441712 -0.04968375572494535 -0.00319931897844349 0.9999953773548513 0.0005191726467713896 0.0004538148427376175 0.003964230954861432 -0.0005076191825411005 0.9999925700493606 3.017323203914312
0.9999830923229474 0.0033537820481925142 -0.005156776704474059 -0.05400263596077731 -0.0033524763118279225 0.9999950443161989 0.000677210529880687 -0.00019052925525109385 0.0051607730185419 -0.0006613555920600785 0.999987213649613 3.1785732942444036
0.9999813711598381 0.003495030803034547 -0.00536438175433757 -0.057418213437701524 -0.003493329351203604 0.999994333771049 0.0006760586983848795 0.00017293692499641372 0.005368257053093747 -0.0006584806682844236 0.9999860242720173 3.2625469028416374
0.9999725040880433 0.0037812217334612687 -0.006630986894321962 -0.06284034024962577 -0.00377767555472731 0.9999931265319091 0.0008153839178361112 -0.0006515005620197256 0.006635556531825475 -0.0007912056648247071 0.9999781796346637 3.428515246533633
0.9999594783951714 0.003991043315099262 -0.0082247621544148 -0.06989088131615662 -0.003983970830162807 0.9999918558488801 0.0010498700152560723 -0.00171399305793902 0.00822997996433154 -0.0010175674997249073 0.9999659867198883 3.5831662461988087
0.99995474454049 0.0041380793175933035 -0.008657013716322945 -0.07405154538902504 -0.004129872847195194 0.9999908197621826 0.0010842554582307902 -0.001919835602277811 0.008662183362972198 -0.001048842534517788 0.9999620968107059 3.6601229527997634
0.999942580816644 0.004227436229643176 -0.00992313408740667 -0.08092744293579165 -0.004216352427313791 0.9999903083010436 0.0012254877101193612 -0.003061953837546053 0.009928908380025176 -0.001183897595370666 0.9999501469307182 3.8026451947121074
0.9999291544125921 0.004234899521809436 -0.011188896250291121 -0.08814591673589411 -0.0042216518694151405 0.9999902148348582 0.00128321711933887 -0.004754823545932487 0.011194877551512751 -0.0012362036200286959 0.9999369182704712 3.9373549863932977
0.999926065657403 0.0042986844311330204 -0.0114510949652113 -0.09252044087023599 -0.004286224811574797 0.9999905133984484 0.0012103840964610463 -0.005095511293646547 0.011457083818753445 -0.0011618439992096012 0.9999341969067161 4.0062287968361225
0.999910069749182 0.004424902754926097 -0.012717645528279285 -0.10006799000234173 -0.004409528216782551 0.9999897043197895 0.0012928070990166633 -0.006094744998616259 0.012723882296443379 -0.001237232993844344 0.9999186378734815 4.133513313785294
0.9998961035787243 0.004612537167780983 -0.013708343913390868 -0.10718284269573104 -0.004595341865750787 0.9999885933321188 0.0013337728564909355 -0.007399956787091739 0.013714923751399594 -0.0012713260105340388 0.9999053877756967 4.250977432909134
0.9998924285713361 0.004769025144358683 -0.013940741417508552 -0.1112238377803666 -0.004752864333306184 0.9999883274754363 0.0012591126222346414 -0.007582550049052667 0.013947474401353343 -0.001193862540255449 0.999902420416562 4.3068934971398924
0.9998722774494507 0.0051073228480319425 -0.015218735036692934 -0.11865544739126646 -0.005089265091062295 0.9999869155898524 0.0013008156210111504 -0.00889875084818064 0.015226292644732842 -0.0012245674262076733 0.9998838334847298 4.4138399698065225
0.9998526907872778 0.00531644616947287 -0.016392505295651918 -0.1253579078368387 -0.005296199149185411 0.9999857534285875 0.0013383502039706306 -0.010496247241538607 0.01640037465092918 -0.00125255960141695 0.9998652025910839 4.5046289254734635
0.9998474538903371 0.005506401357845187 -0.016657403577055283 -0.12877559469584246 -0.00548684575697058 0.9999850545142073 0.00128470770934763 -0.01082432989929524 0.01666537378967204 -0.0011944216617508715 0.9998609312671254 4.553771065637267
0.9998312547520127 0.005817507519821859 -0.017526371411453055 -0.13482458131811323 -0.005798499922384752 0.9999837955812961 0.0012131515582658335 -0.012079371030570085 0.01753472183683767 -0.0011132301769685225 0.9998466647774521 4.637540409189669
0.9998185989765492 0.006099397785071047 -0.018167890824525496 -0.13913179470334966 -0.0060806315746399706 0.999982667522604 0.0011896623039156528 -0.012547439518890553 0.018176735568371766 -0.0010813714123577229 0.9998356855363091 4.729660284007068
0.9998148915891711 0.006267017401504243 -0.018315485454475124 -0.14095473580704965 -0.006249223842165921 0.9999817075716657 0.0011354544808668762 -0.011722865259108354 0.018324296138223485 -0.0010232104418743588 0.9998331871888868 4.756972529379047
0.9998036565683652 0.006509560830329226 -0.018842249625572346 -0.1449225419794415 -0.006492552976480758 0.9999806092819823 0.001079796976500681 -0.011801290942364321 0.01885115322363216 -0.0009599258695647553 0.9998238383660598 4.821707808511469
0.9997939348968419 0.006736270141952145 -0.01928579264119035 -0.14836405238009334 -0.006719521561818928 0.999979395867943 0.0010612490225957295 -0.011767072839566333 0.019294992620598958 -0.0009343688870756185 0.9998156178564989 4.88054522901891
0.9997907987353666 0.006887950944098325 -0.019389272818984296 -0.15027675492721743 -0.00687214511585101 0.9999783663061541 0.0010089844143070265 -0.011158318852732477 0.019398200258944363 -0.0008783238276051251 0.9998136175476519 4.916517472730178
0.9997852284834954 0.007032778582713084 -0.0196159164481119 -0.15314402919141237 -0.007017407265000931 0.999977220710848 0.0009776395016715472 -0.010694970027955502 0.019624660829834575 -0.0008427248860730632 0.9998090745967843 4.963740406536437
0.9997824424924465 0.0071831732763170016 -0.019710005851618764 -0.15560751585031518 -0.0071685596641923805 0.9999762001991228 0.0009366351028558394 -0.009998038508173577 0.01971865002066397 -0.0007979818406149818 0.9998072089737556 5.005985844859115
0.9997818318382734 0.007298602758764344 -0.01969612143612733 -0.15744396101675176 -0.0072842922155047654 0.9999752701244572 0.0009157329526021614 -0.008508201500371942 0.019704528222610783 -0.0007746009409722424 0.9998075023619878 5.038060117330981
0.9997790473697793 0.007478829567322672 -0.019764782992495913 -0.1599458676020103 -0.007464826321778987 0.9999739175673628 0.0008900958323437133 -0.0071009258608520425 0.019773048931931988 -0.0007449368837928707 0.9998061731283167 5.075245547134689
0.9997783237338128 0.0076106867571899646 -0.01974237175063222 -0.16181329980493586 -0.007596686891021777 0.9999730485318649 0.0008948759205935115 -0.005470375487225044 0.01975082599991535 -0.0007473667804047167 0.9998067311805262 5.106962935630362
0.9997787151144538 0.007743421802748664 -0.01968310238824976 -0.16364803883026746 -0.007729238901806375 0.9999723787760895 0.0009192816518953569 -0.0034760074248663267 0.019692111321388334 -0.0007700222350002475 0.9998081182115423 5.135141657864445
0.9997800389734404 0.007857735911318912 -0.019600569975919295 -0.16525690168835794 -0.007844770268688822 0.9999719945508477 0.000888542556182062 -0.0016842203898281862 0.019609824351413993 -0.0007382013979148407 0.9998101292753899 5.1598566872807
0.9997814598140843 0.007916345637106002 -0.01951662107557414 -0.16675413301309727 -0.007908534209071472 0.9999719585216085 0.0006354794461764705 -0.0003172558008706918 0.019524031852603096 -0.0004846368606151366 0.9998119414634433 5.177896521468356
0.999782314006719 0.008033618454266343 -0.01943763337106421 -0.16845715724925756 -0.00802961118034046 0.999971004257443 0.00044247393222207913 0.0010944945515428681 0.01944346524336786 -0.00028981628115054916 0.9998134876978494 5.200920355373963
0.9997826060872612 0.008149796865002472 -0.019371616402750626 -0.17003111214428285 -0.00815582115712868 0.9999700406498926 -7.565167902379258e-05 0.0016512265715187104 0.019373269681860518 0.0002303577170230444 0.9998147043617204 5.21836380674376
0.9997834593699596 0.008317451636341119 -0.01924208358447774 -0.1715564846674301 -0.008325170364118364 0.9999685292698188 -0.00018161634757094187 0.0032496552492911135 0.019242565924627232 0.00033850074248257893 0.9998171471668782 5.2455403525278355
0.999784026100136 0.008451604409204118 -0.01914840007778988 -0.1728458961259577 -0.008458483824471494 0.9999673090762974 -0.0001351877851100026 0.003969430322180721 0.01914925428420912 0.0002939564179397325 0.9998189586908846 5.2861622077637325
0.9997842328763487 0.008533789317401565 -0.01911342267988455 -0.17352822447067406 -0.008539123700221554 0.9999669987672132 -4.3629453094715486e-05 0.0059773572703746645 0.01911529644382661 0.00020345411414254578 0.9998198792211224 5.290423075172911
0.99978448722164 0.00861555110910317 -0.019045244546280295 -0.17443200710603116 -0.008622203763873857 0.9999659254385799 -0.00012781057181430002 0.007137350926758645 0.01904617356570603 0.00028895623016367636 0.99982100053223 5.314218196876021
0.9997847358319553 0.008767600557680548 -0.018951136886478353 -0.17551388433118753 -0.008775159703644429 0.9999643597807464 -0.00018280492892192702 0.008556771482462625 0.01895137040040702 0.00034646067551103913 0.9998226673149807 5.341314098850169
0.9997855047055212 0.00891084168579039 -0.01885666772895518 -0.17674253814416385 -0.008918578012870984 0.9999632214171771 -0.00018467729697309873 0.010228791997402422 0.018856987802335107 0.00035015955268914944 0.9998246962943642 5.370279081156304
0.9997849188687578 0.009060826431701068 -0.018807455659701232 -0.17811391285068714 -0.00906805030995322 0.9999617719424823 -0.00016329999798290923 0.011902511986559207 0.018807886062441444 0.00033122877924719773 0.9998254496110512 5.396573597329108
0.9997861157351251 0.009165810876351125 -0.018711796162028106 -0.17943643014403424 -0.009174159929201056 0.9999610446099209 -0.00020505825306092862 0.013407232732810827 0.018712119488873743 0.0003738018169858813 0.999827361807708 5.424440110683089
0.9997861568352512 0.009287681234793878 -0.018643622902267214 -0.18087392211599423 -0.00929713411797466 0.9999597838215909 -0.0002674370193409963 0.014883118482760974 0.01864326960022146 0.00043787391831633056 0.9998286252575646 5.451998186178435
0.9997869951298144 0.009421707096692699 -0.018538246800183483 -0.18243268288910297 -0.009431271695107954 0.9999585368812184 -0.0002699666643782278 0.016631055205508814 0.01853782032357038 0.00044177408909909044 0.9998304705923516 5.479041000769161
0.9997871593087337 0.00953213270310592 -0.018466850750795138 -0.18395701756316954 -0.009542081478557125 0.9999573078850603 -0.0002895654293282025 0.01824665854003894 0.018466166309878476 0.0004629281440080872 0.9998315508870235 5.5056197720252475
0.9997880784364709 0.009646791398805716 -0.018389709994229085 -0.1854875003097438 -0.009657633295876258 0.9999565569435858 -0.0003212082809956964 0.019880150125194066 0.018388978598959608 0.0004956880802981691 0.9998332052783766 5.5330273609844305
0.9997886023837662 0.009749847722165762 -0.01830074023646232 -0.18697617754803392 -0.009761311012250529 0.9999553638677104 -0.0003595906014761422 0.021400453011270734 0.018299562740778375 0.0005352005046006997 0.9998346509022309 5.560522499971946
0.999788519551946 0.009851325793525953 -0.018232044306454625 -0.18845253424247732 -0.009862993423437574 0.9999541205038621 -0.00038633959185405077 0.022887590530818378 0.018230312207988247 0.0005633777307519747 0.9998357797411616 5.588466178171092
0.999789666047434 0.009957884179255567 -0.018118149830377798 -0.18980130114665833 -0.009969965719428955 0.9999530547345639 -0.0004130349419215432 0.024517567213045023 0.018116100140849974 0.0005910444651901471 0.999837965928998 5.615423990060434
0.9997910179662424 0.010070293533563951 -0.018013755621522833 -0.19134465383014948 -0.01008341058121924 0.9999523964529596 -0.00043848555982661 0.02627737684268995 0.018011961218447392 0.0006169869450574833 0.9998402052079662 5.644164884063402
0.9997910723606502 0.010186908230239206 -0.017945613933634075 -0.19308648418737165 -0.010200587479295234 0.9999509612201493 -0.000472344430895663 0.028021016876998806 0.017943354511541037 0.0006524420321579153 0.9998411799244737 5.67105311428756
0.9997918452272838 0.010276327623040541 -0.01783864896738631 -0.1939494297423178 -0.010290264762450641 0.9999496772851846 -0.0004944176729783866 0.028734621834164316 0.017836020365711268 0.0006753588225491041 0.9998429705541667 5.708878015428206
0.9997927903162671 0.010361357849809542 -0.017736852624270886 -0.19461215268205262 -0.010375534021566761 0.9999486083427505 -0.000517520303322489 0.030697754540155015 0.017733846220358486 0.0006989329249641187 0.9998447161084429 5.7168591042430235
0.9997928955473994 0.01047742114615252 -0.017659945746593658 -0.19564655058535443 -0.010491865498564014 0.9999472684958974 -0.0005412376074126372 0.03242346549666595 0.017656498400862284 0.0007240324043621163 0.9998459492114078 5.740871453258636
0.9997936346857206 0.010583262814643266 -0.017562271771041693 -0.1966856522350424 -0.010598053309587269 0.9999458964046724 -0.000573437571518609 0.03394343545170928 0.01755829965143088 0.000757496903766974 0.9998475977326358 5.77015322047864
0.9997932988484745 0.010705947062586202 -0.01748065581689604 -0.19778622504901147 -0.010721078054648552 0.9999442741117691 -0.0006052689506182537 0.03540683068113034 0.017476015765071143 0.0007909486257334954 0.9998487749095873 5.796499894762898
0.9997937280400534 0.010810600284556373 -0.01738527393697719 -0.19888323346114845 -0.010826334285187176 0.9999431212193578 -0.0006449476070452424 0.03672962643841984 0.0173800708053892 0.0008314673096904216 0.9998503591960615 5.8233016728666245
0.999794019060317 0.010951531823578817 -0.01728076019509916 -0.20019442975063034 -0.010967611175610924 0.9999416997978501 -0.0006637531323381757 0.03827236045598155 0.017275332979381976 0.0008513841174604258 0.9998521050401865 5.851063636113543
0.9997947255584724 0.011050552143427404 -0.017163560676190823 -0.20153915771663744 -0.011067094138867646 0.9999403432594455 -0.0007021151775028401 0.03989567093761963 0.017157482729491913 0.0008904428583551739 0.9998541055692799 5.878870136007318
0.999794773440329 0.011155270080716805 -0.01709311617145695 -0.2030287548674679 -0.011172270332743435 0.9999391631478322 -0.0007264105657747664 0.04148622759292515 0.017086857221016154 0.0009157276444084213 0.9998554172160848 5.9075625327938335
0.9997956701818489 0.011255031763345072 -0.016982361260063333 -0.2044753930726432 -0.011272678297182741 0.999938016584077 -0.0007623402113310656 0.04312933723598711 0.016975710037056894 0.0009520680160745391 0.9998571656780701 5.935089358025872
0.9997959872967502 0.01136670767144401 -0.01689669304192797 -0.20594879850103776 -0.011384753283152088 0.999936968926483 -0.0007917098033447819 0.04477704875635749 0.01688963787073068 0.0009822210755030647 0.9998588370947007 5.963636537197266
0.9997961638693542 0.011478165177391598 -0.016797594258825453 -0.20733610665232946 -0.011496214776599593 0.9999354400535033 -0.0008142972284048718 0.04645309549410664 0.01678993897539074 0.0010057135491665706 0.9998603749964045 5.9904454610046844
0.9997968449207291 0.011578898703011231 -0.016702123575189822 -0.2088645252741576 -0.011597609949514457 0.9999342509282912 -0.0008462424869977432 0.04817396543231554 0.016694159025986845 0.0010380165491923104 0.9998619531941884 6.019384542351635
0.9997963686168697 0.011703291760733772 -0.016637257510283106 -0.2106188009990695 -0.01172244670659737 0.9999325396288329 -0.0008753388830625713 0.04991436697030624 0.016628828906329846 0.0010688566987492425 0.9998630123587783 6.04858714797189
0.9997966533007704 0.011820229351028786 -0.01654507134415644 -0.21211646779947427 -0.011839512286127047 0.9999311600693979 -0.0008844370707455792 0.05168708899349694 0.016536360923689968 0.0010787301554079755 0.9998644789976606 6.075590770089968
0.9997962514124997 0.011922140880150195 -0.016468023641077908 -0.2134777152810107 -0.011941682759115725 0.9999297381281684 -0.0009189983569500152 0.05327864041170881 0.016458677804399826 0.0011140074427918299 0.999865425563256 6.100762848024224
0.9997973170867682 0.012015446752022579 -0.016364637867811276 -0.21432238305201992 -0.012035404288577698 0.9999287174866511 -0.00094300409146031 0.05369979461906456 0.01635491281227838 0.0011383156392225466 0.999867345058177 6.140780477147236
0.9997973305557712 0.012112412188252453 -0.016285795089050266 -0.2149024886638653 -0.012132655263613427 0.9999275051475217 -0.0009835633125416792 0.055243558896341534 0.016275238420238772 0.0011794548443584056 0.9998685378729364 6.147284234431908
0.9997984489231337 0.012197625320289621 -0.01617523251171018 -0.21567801864471448 -0.01221843489052666 0.9999265661105791 -0.0010055297454256411 0.05676551119988858 0.01616456105785496 0.001201319038419047 0.9998703174121917 6.173345416475329
0.9997985584874949 0.012311820079806626 -0.01608251945023675 -0.21673365201060923 -0.012332773817332802 0.9999249068671984 -0.00102743642861189 0.058511509180725625 0.01607136299488713 0.0012241486802860968 0.9998716762976546 6.201624661389117
0.9997979421843272 0.012432812487576871 -0.016013622106748584 -0.21796922202125868 -0.012454015737376627 0.9999231435901077 -0.0010543949878343384 0.06021949944355812 0.016001839739580578 0.0012525016357530362 0.999872637778251 6.229645982475702
0.9997976751114638 0.012547950203223215 -0.0159409410919133 -0.21918697249050131 -0.012569533010846668 0.9999216770872535 -0.0010811110911531378 0.06178505115771548 0.01592862895891001 0.001280096949944333 0.9998737142409868 6.25862091856818
0.9997980122623682 0.012659914316500194 -0.015846254823013925 -0.22045224592433796 -0.01268198807240878 0.9999204804812653 -0.0011040292656806204 0.06334225813251636 0.01583369944908702 0.0013032818028468275 0.9998753185251742 6.286873874427086
0.9997988389287599 0.01275699443687244 -0.015738726910335555 -0.22172922735661718 -0.01277973664308652 0.9999193218443396 -0.0011410994409858687 0.06500773149946439 0.015725795998355004 0.0013404078485668364 0.9998771012850932 6.313571358396448
0.9997998022879935 0.012856820454880279 -0.015626430832022607 -0.2231605937729631 -0.012880040286629306 0.9999184949518231 -0.0011637561657662579 0.06666895276657128 0.015613357726222812 0.0013626639414480364 0.9998790818492018 6.342956623385285
0.9997997506218659 0.012963288200930817 -0.015534865490055 -0.2245918784979146 -0.01298652586973325 0.999916978722732 -0.0011835338180879655 0.06837326706032634 0.015521192157540267 0.0013829551994324672 0.9998803709467651 6.371823050815419
0.9997988739765465 0.013077460425882613 -0.015458273756098618 -0.22606489182082337 -0.013100679286566986 0.9999151006206853 -0.001211233507787993 0.07016862447773957 0.015443756709491474 0.0014117612124808843 0.9998812899772921 6.400257288973838
0.9997993829724292 0.013180262084052709 -0.015353903461199546 -0.22755016181789023 -0.013203573516938719 0.9999136076455464 -0.001231378106745864 0.07214615944787633 0.015338961611220756 0.0014322459725571567 0.9998828198454676 6.428340329440531
0.9997991022959127 0.01327545341887486 -0.015267486143343072 -0.22911127680407442 -0.0132990293911847 0.9999121833953185 -0.0012659007949740145 0.07380309732273937 0.015251776854311686 0.0014671186134279104 0.9998840449948597 6.455834306738896
0.9997988697993437 0.013389593106202819 -0.015183570556310175 -0.23064815355593254 -0.013413353567996568 0.9999105135705888 -0.0012889830137645774 0.07548122069122337 0.015167337760998439 0.001490886137415532 0.9998851185028453 6.483158585570906
0.9997985682693477 0.013512620650596302 -0.015087199107781816 -0.23208725262101584 -0.013536568010559885 0.9999089467917344 -0.0013140007253184592 0.07713670958976321 0.015070395025479848 0.0015165078600141923 0.9998865499461095 6.51009715244121
0.999798791018543 0.013625561394475655 -0.014986509096978578 -0.23358271934793554 -0.013650154065869884 0.9999077371250831 -0.0013408180623156302 0.07896010119137598 0.014969416334220784 0.0015433667607558511 0.9998883919457123 6.539507143437045
0.9997988164604704 0.01373364917562649 -0.014917427873435389 -0.2352684519263578 -0.01375919394408122 0.9999066901652555 -0.0013733252086024646 0.07954844834646782 0.01490015116295105 0.0015761326751708832 0.9998896224338352 6.583624671424854
0.9997991781358119 0.013842677622698973 -0.014815997019676156 -0.23618640732508261 -0.013868811420082503 0.9999058760163384 -0.0013935585308955702 0.08132980261521576 0.014798666780467578 0.0015961486146059954 0.9998914659094016 6.591087320745749
0.9997986943459672 0.013964915403026001 -0.014726420662632371 -0.23727224388257112 -0.013991279639453324 0.9999040836960132 -0.0014179893840645637 0.08300567541078868 0.014708535670688035 0.0016211466262938442 0.9998926403059222 6.61754339596203
0.9997982350043181 0.014089807641484455 -0.014615267997145624 -0.23831926252667537 -0.014116214354658737 0.999902060182374 -0.0014422563010831567 0.08480772439915206 0.014596610677158948 0.0016459637423137715 0.9998941241560334 6.6455654173141365
0.9997972357925748 0.014209367072393302 -0.014567868959847238 -0.2396022104030775 -0.014236297078525667 0.9999005750842828 -0.0014645642023128427 0.08650821524280175 0.01454894282017989 0.0016692291902314954 0.9998947849988102 6.674405517529442
0.9997975296007244 0.014316181523397179 -0.014459593682817186 -0.24077404985945383 -0.01434353835608898 0.9998992471322901 -0.0014935569166986745 0.08828673225075115 0.014440208563786883 0.0016979665115492708 0.9998964396897172 6.700729514795161
0.9997971615874641 0.014430338455076757 -0.014355560864638068 -0.24223019431904924 -0.014458016773060762 0.9998974421576039 -0.001523334578059146 0.09004651361626442 0.01433547472984 0.0017278408881576388 0.9998977808530853 6.729260845044848
0.9997963886306594 0.014559850222605364 -0.014279262561315504 -0.24371146646484523 -0.01458773536330873 0.9998954128275764 -0.001545838159044321 0.09179942799741914 0.0142585768347159 0.001751217202494007 0.9998987826915372 6.75719072687382
0.9997960930949666 0.014666339529983379 -0.014178973007972448 -0.24516743725419582 -0.014694288132595967 0.9998936994920629 -0.0015701920020090045 0.09353888449397937 0.01415775513553135 0.0017757454631220373 0.9999001180287468 6.784930375673915
0.9997955254364209 0.014778097773189391 -0.014095149405396405 -0.24674137548088854 -0.014806258368807116 0.9998921226886245 -0.001601497704017087 0.09534251040352673 0.01407322220946441 0.0018074017960368108 0.9999011982617281 6.813231743914539
0.999795569158422 0.014887739255216326 -0.013993525401984635 -0.24822844953774378 -0.014916415058960832 0.9998906822853989 -0.0016337625244666723 0.09717858446217027 0.013971171883852284 0.001839406509055932 0.9999028179830878 6.841288649236336
0.9997949331111373 0.015001033564009038 -0.013905910208735342 -0.2497805596738397 -0.015029802851227207 0.9998888826882579 -0.0016621332574178161 0.09894949655361779 0.01388284362371047 0.0018679633444748291 0.9999039981747427 6.86909774863725
0.9997948953629463 0.015106748722803046 -0.013802967972374871 -0.2513470749713538 -0.015135836627726303 0.9998872411205783 -0.0016918469695050384 0.10085657907750119 0.013779361939155091 0.0018974183702797694 0.9999052616365465 6.897280547380797
0.9997943460383716 0.015219424852066111 -0.013710675803406316 -0.2529491452989993 -0.015248824672557853 0.9998853017094308 -0.00172200663746106 0.10259745217823546 0.013686469143989036 0.0019277925897584784 0.9999064254337791 6.925245290761899
0.9997941202278189 0.015321703583735762 -0.013622229503536188 -0.2543873419728824 -0.015351390277199832 0.999883570795727 -0.0017500318277013092 0.10436830519726077 0.013597410526760055 0.0019559873168066267 0.999907590337319 6.953806933543624
0.9997941819686582 0.015419762362547964 -0.013524863055035809 -0.2559478780813746 -0.015449648478711503 0.9998818989793014 -0.0017754607208898712 0.10618445796403533 0.013499478642735626 0.001981284020629278 0.9999087534986668 6.983146955451997
0.9997937080286133 0.015532742026213932 -0.013431150326281938 -0.25714549291494787 -0.015562806120776202 0.999879976237344 -0.0018057607261339416 0.10681724358915232 0.013405087341932612 0.0020118692090705763 0.9999098484608633 7.028215978821936
0.9997930820646578 0.015654428632382505 -0.013328273872992052 -0.257711351095497 -0.015684702876774897 0.9998780148693632 -0.00184065523006042 0.10873306519436302 0.01330137575944017 0.002046852563085995 0.9999111081625764 7.034755900711246
0.9997926822585432 0.015764956868444303 -0.013263311078291522 -0.2586732020112109 -0.01579603753022767 0.9998766901194384 -0.001875177046835595 0.11046888740285027 0.013236011872815083 0.002081347814885021 0.999912268506907 7.058802237559503
0.9997921246905523 0.01586386175216979 -0.01316138459181273 -0.2596362315087312 -0.015894741404821403 0.9998749635325251 -0.0018980687011136597 0.11218065510684036 0.0131333200699279 0.0021041165266742212 0.9999134588194515 7.088021769054254
0.9997914561112231 0.01597815908605139 -0.01306581805082452 -0.26079624082538955 -0.016008864609342387 0.9998729250113229 -0.001919647410363177 0.11394608438704094 0.01303703338559208 0.002125825322580804 0.9999146165540436 7.116336886215321
0.9997908579113122 0.016082955473712843 -0.012961026102033722 -0.26197879447457406 -0.016113607985120605 0.999870956325709 -0.00194582551641042 0.11584541143628932 0.012931434351424104 0.002151720780343456 0.9999156976029645 7.145158286650031
0.9997904697714237 0.01618631136746927 -0.01287138728546154 -0.26336958386766157 -0.016217401892622746 0.9998695866968396 -0.0019760632709240325 0.11757703123853039 0.01284133592949177 0.0021816112991855066 0.9999169202658305 7.171708218100032
0.9997897039779707 0.016298472594656926 -0.01278117876077195 -0.2648093301327253 -0.016329411510529347 0.9998676537602973 -0.0020023253341676372 0.11946127057019106 0.012750229877636216 0.0022077599404979747 0.999918029967284 7.1992683570339775
0.999789355520262 0.01640492471369764 -0.012690660673522675 -0.26632994573148006 -0.016436388664473466 0.9998660894285993 -0.002033014464653915 0.1212623250839087 0.012659255680720667 0.0022381180010769474 0.9999193643645268 7.226653801655476
0.9997887156993727 0.01652838968403117 -0.01259044428994448 -0.2677809353152075 -0.01656017717678958 0.9998641241939323 -0.0020592525288344195 0.12314485661762424 0.012558494318745684 0.0022640916030137724 0.9999207025941991 7.255567843651047
0.9997879059886536 0.016636169477244535 -0.01250406230215892 -0.2692337721335374 -0.016668252574156783 0.9998622329900414 -0.002107360204646956 0.12495447075848459 0.012470963603975444 0.0023121791672885894 0.9999216916745218 7.281698821236751
0.999787396397738 0.016736329164715232 -0.012420918294893286 -0.2707085643917697 -0.016768647501977287 0.9998607374840023 -0.002136526281644195 0.12671359214179778 0.012387203156991902 0.002341117529566192 0.9999227895402123 7.309935372651537
0.9997868017505152 0.016839735563505782 -0.01232930031576412 -0.27221105075700325 -0.016872178569948555 0.9998591872837685 -0.002161401716491109 0.12858987816543363 0.012295057019245853 0.0023655574069391515 0.9999239940988077 7.338347827630889
0.9997855087702154 0.0169625179966157 -0.01224746417774066 -0.2737617188672672 -0.01699500291064154 0.9998569263814571 -0.0021920226110335598 0.13025243646804888 0.012212276509145205 0.0023964544004156717 0.999924758560765 7.366138134007123
0.9997851885693099 0.017063396119866066 -0.012143534283690588 -0.27509780759812824 -0.01709600023009455 0.9998550380703168 -0.002216442620209412 0.13202151469966997 0.012107705271395944 0.0024203079999842343 0.9999260976856159 7.393858309183227
0.9997838196891401 0.017198939697491967 -0.012066175315165016 -0.27671201357935954 -0.017231557197699622 0.9998525305106108 -0.0022468570593967103 0.13372689363807125 0.012029360001636024 0.002451068209543129 0.9999270893554394 7.423448756923081
0.9997835928754418 0.017299689182761896 -0.011960820280618643 -0.2776631722080939 -0.01733251755501045 0.9998506105305769 -0.002274932347679362 0.13428372688955742 0.011923413670054452 0.002478478290464664 0.9999281788436452 7.469740987757275
0.9997828701444138 0.017415007794426507 -0.0118740478435664 -0.27835390809424865 -0.01744802884658515 0.9998486762634882 -0.0022984340825446693 0.13615999558992253 0.0118361131660222 0.002501730304350953 0.9999291637170594 7.47717025291443
0.9997818827943175 0.017519785433254734 -0.011788573924739946 -0.2792338621927032 -0.017552865397337303 0.9998471444513028 -0.002324397496978666 0.13781850434302279 0.011749874625214074 0.002527291945608363 0.9999302386662743 7.503513352114382
0.9997812608032568 0.017609619269836715 -0.011698070579410356 -0.28012018165746194 -0.017642759570596616 0.9998453587921057 -0.0023609796260153277 0.13944263614122063 0.01165836731400771 0.002563606007888249 0.9999311614718036 7.532511143360813
0.9997802900995285 0.017730922024843627 -0.011598135828391741 -0.28112115597890946 -0.017764305845079906 0.9998431406225158 -0.0023931465569041743 0.14116296898393293 0.011557687749245853 0.002595242106257475 0.9999323743327783 7.559429601394464
0.9997797881860642 0.01783179265929552 -0.01149712586146055 -0.2823373810925371 -0.017865436782141857 0.9998413896323685 -0.002424987126062185 0.14284730035455653 0.011455985756939046 0.002626391607307929 0.9999335894427615 7.5879600544756
0.9997787923765633 0.017924755016244746 -0.011419406788593415 -0.28355429610098376 -0.017958240747275492 0.999839778931127 -0.0024524571223370336 0.14454355619999756 0.011377363834317115 0.0026535954502735003 0.9999344168271729 7.616988888600762
0.9997777029813576 0.018046228145528333 -0.011334137352872883 -0.28495943500592386 -0.01808002391659513 0.999837764180196 -0.0024808453026977113 0.14613218329344463 0.011291365365956922 0.002681802200723006 0.9999354406234119 7.644829746502376
0.9997773721122648 0.018147345102260234 -0.01121232189523829 -0.28609015203631466 -0.018181480988340628 0.9998360789428005 -0.0025186386718565393 0.14777775130119641 0.011168763136456716 0.0027183521992352752 0.9999369666490454 7.6718301777210725
0.9997771566299298 0.018201977394457974 -0.011164152803795483 -0.28771683429747746 -0.01823960375211561 0.9998343544903914 -0.002832103518944968 0.1486004139307142 0.011114787816886037 0.0030312509741821057 0.9999367185326558 7.698582089749876
0.9997768943614055 0.01822740934884911 -0.011141273844728837 -0.2892457957346036 -0.01826869099959652 0.9998324776412858 -0.003179983680502863 0.14954451957270673 0.011085285682399866 0.003379138327019623 0.9999357516769423 7.72497467201613
0.9997760607838251 0.018087442014836058 -0.011444253706604518 -0.292224895374745 -0.018144935255895476 0.9998297851678104 -0.004514995702098287 0.14935620725603513 0.011364459949358342 0.004717874020559865 0.9999271803011247 7.756113003218587
0.9997713110468522 0.0182813532074649 -0.011552921047067746 -0.29516161924527506 -0.01834298450258328 0.9998244335164532 -0.004837889222749911 0.1495707409471399 0.011466218931321957 0.005044970586419375 0.9999242409900608 7.807321600327071
0.9997705517983886 0.018332878045474534 -0.01158755354150347 -0.2969839064487487 -0.01839575209800043 0.9998238227583068 -0.004889745898780226 0.15072768300382378 0.011500021868553775 0.005097363773917328 0.9999239476776989 7.846630328813089
0.9997638806531729 0.01830592126808812 -0.01218541898828354 -0.3008230732505238 -0.018371674969919094 0.9998242961023946 -0.004883185235118317 0.15049693909339756 0.012097975680609557 0.0051014944994339055 0.999916810503166 7.914595070414545
0.9997553158753655 0.018318923194623422 -0.01290650780973393 -0.3058917804229231 -0.018390510349960493 0.9998237858597936 -0.005017004001213103 0.1491585495733411 0.012816824518605892 0.005248171792623763 0.9999076055870759 7.995898041990265
0.9997508507295653 0.018408621440867277 -0.01312538620993881 -0.30840877503517405 -0.018482302323352205 0.9998216811108541 -0.005099418359680298 0.14876946413564193 0.013033527671100973 0.005335873988499336 0.9999043662892266 8.067974915325477
0.9997345798604215 0.018405917709836378 -0.014344571443147507 -0.3140281316322026 -0.01848637250718039 0.9998218646516213 -0.005074447245583809 0.1473598699252631 0.014253376634173868 0.005333156936575589 0.9998879479397612 8.154023514800391
0.9997082883755924 0.018413804006868574 -0.016055056805485572 -0.3211913537991819 -0.01850185339554762 0.9998219075221927 -0.00498504395450427 0.14480907300829543 0.0159650602775813 0.005275595942498 0.9998623638913297 8.265679136135931
0.9996979205641984 0.018483002138712283 -0.016620386579649118 -0.32512812638013133 -0.01857410259766454 0.9998211849989935 -0.004959678297936268 0.14373842329591313 0.01653074094015171 0.005261323567964868 0.9998535291878579 8.328891093822527
0.9996465206529577 0.018415957275636847 -0.019543257336588307 -0.3341205144128712 -0.01851691959012322 0.9998236526771989 -0.00466222787159346 0.14051966324119256 0.019459087555575745 0.005016921955011734 0.9998022887632056 8.453884962624175
0.9995632475782225 0.018377750566826157 -0.023449275450625476 -0.345592864310413 -0.018491808574429024 0.9998254214873682 -0.0043788013299129154 0.1361799723232211 0.02336981816193607 0.004804945478022437 0.9997196064819559 8.589948648848141
0.9995273782421189 0.01841118415887516 -0.024909052163737223 -0.35263035260778974 -0.018529953471432065 0.9998251045965502 -0.0042888527346086796 0.1335046825295002 0.02483079751320004 0.00474303608502351 0.9996847386345026 8.669394633886467
0.99935674843732 0.018466760893411965 -0.030977094101251126 -0.3670737149606548 -0.018601355759622865 0.9998256009672102 -0.003854777925442451 0.12838054440192176 0.03090549713544864 0.004422953311032524 0.9995170068479404 8.815630995979696
0.9991547463360732 0.018858713251521816 -0.03672141744358013 -0.3834023054404384 -0.018997921160182115 0.9998201169280777 -0.0032691868401193073 0.12367226277442614 0.03665781352396921 0.003958792476181388 0.9993241495510735 8.959371921236084
0.9990845655735927 0.018992991051181848 -0.03851998971004408 -0.39227417950384647 -0.0191273920777483 0.9998185592878611 -0.002953703254637511 0.12040107801670179 0.038461561168237436 0.0036825536341876645 0.9992576493219809 9.043826364264113
0.9988120505890231 0.01916028678654574 -0.044972910260793 -0.41230689275087806 -0.0192741946490567 0.9998182862876778 -0.001954564440344202 0.11710882163831295 0.044932069470076844 0.0028138410479435156 0.9989908196693887 9.190025060826981
0.9984571176619641 0.018558562841699013 -0.052479292977556796 -0.433448618936406 -0.01864525596051579 0.9998313773598875 -0.0010363992928038392 0.11303838111035994 0.05245577261479776 0.002008305567267119 0.9986258916390633 9.334610005833959
0.9983011425212592 0.018362328022834738 -0.05542817310718103 -0.4449238540993646 -0.01843253434976473 0.9998356720294839 -0.0006395632413897475 0.10937044879627913 0.05541186135386702 0.0016554368921224635 0.9984667836811132 9.41615288598865
0.9978320527627318 0.017767183035460196 -0.06348503876729136 -0.4679479184248201 -0.017833028378758074 0.9998469934660671 -0.00036761323899704755 0.10290387739635207 0.06347355068746033 0.0014938161979698402 0.9979871813750434 9.56053644481074
0.9972987268353162 0.016974734200072557 -0.07156861942276944 -0.4906882786106638 -0.01703878925361446 0.9998610334978945 -0.00019214108800294033 0.09584157048734801 0.07156017707253469 0.00140578032019953 0.9974400158776228 9.69519070045569
0.9971128265925617 0.01683803149228492 -0.07414277566871381 -0.5022512280980774 -0.01688829809949948 0.9998635093444479 3.487182710587607e-05 0.09177096258133986 0.0741378302169317 0.0012120805712822259 0.9972519380080984 9.76609516556368
0.9964952064956678 0.016339998743844723 -0.08212731179376358 -0.527938985872319 -0.016369594305544407 0.9998719777705746 0.00038860078945274814 0.08844841258286336 0.08212734991858621 0.0009519761460546707 0.9966257445174177 9.924215915717896
0.9957877006682251 0.01605625553158194 -0.09035455387321567 -0.5523100822997374 -0.016078660234036993 0.9998766660194861 0.0005495363615924526 0.0832263354516842 0.09035661694527067 0.0009002276552214612 0.9959137657625403 10.042538198445085
0.9954444103877897 0.01609008386117793 -0.0940578051477613 -0.564217778290411 -0.016108869927725304 0.9998761367973454 0.0006281604597364074 0.07896573723404135 0.0940608287277295 0.0008845342971881204 0.995570903701812 10.11018533764651
0.9945880215248729 0.016682549921472563 -0.10262605705876399 -0.5933557457785383 -0.0167299576216559 0.9998657950548212 0.0004623852881565865 0.07241822800059032 0.10262457344163775 0.0012519932135195493 0.9947242326845988 10.243026419184424
0.9935982570511233 0.01695297288549815 -0.11176527538725063 -0.6257932713393459 -0.016996333247639918 0.9998611934294085 0.0006238965796148802 0.06561322315675285 0.11176502332975773 0.0012745108618657133 0.9937389126394677 10.386394283844886
0.9930247575031489 0.016839957334369302 -0.11676507028357012 -0.6424769562771218 -0.016847658473089444 0.9998632335386856 0.0009771041718793158 0.06039410943895688 0.11677002848477076 0.0009919748139227199 0.9931633849784252 10.469193226456504
0.991798256890159 0.01629287779228202 -0.12683293129065515 -0.6807335615420111 -0.01628668189626956 0.9998722702839763 0.001135641991652106 0.05229596826219973 0.12683957642356614 0.0009342155325164037 0.9919277814714661 10.62814746871001
0.990349577284834 0.01574756964773072 -0.13775030961358645 -0.7230194170375778 -0.015735316920303756 0.9998810231008547 0.0012221158312741294 0.04314738509977618 0.1377572077512615 0.0009524642859747671 0.9904702689188957 10.79310196897384
0.9894336675393708 0.015316868475613634 -0.14423018469096432 -0.7466088328467437 -0.015278241071200408 0.999888079332915 0.0014188035421706195 0.036742082588557615 0.14424012189719 0.0007946279754223784 0.9895474415899355 10.887427287673946
0.9873909948425188 0.015427526574229945 -0.15759831159231266 -0.8028545396325054 -0.015257103339426996 0.999886642383747 0.002330555939986638 0.03182447894028424 0.15762044297233507 9.834735513887267e-05 0.9875047331506573 11.086038529355964
0.9849698674188242 0.016214659670207028 -0.17201110649143905 -0.8674600484853655 -0.015898591200283172 0.9998738958676738 0.0032513751790151997 0.027663924526928466 0.1720460280145379 -0.0004722592237236701 0.9850931915428842 11.300217827668874
0.9836811517358789 0.016418542236153105 -0.17921553130584658 -0.9026169176285316 -0.01603268788328609 0.9998704776527583 0.003636727422971703 0.02313994860108894 0.17925585095340765 -0.0007087693394532172 0.983806667667687 11.415172451939203
0.9806653435254367 0.01894911737384186 -0.19481495354926803 -0.9838035819890172 -0.018432534977308426 0.9998255482025097 0.004496866315307108 0.020609078112684448 0.19486991010887497 -0.0008238301016788174 0.9808330637524809 11.660501056532551
0.9769724687820668 0.02080835893369675 -0.21238712804416873 -1.0723134071871299 -0.020199844747161654 0.9997890001488893 0.005065137009146533 0.017437458509066063 0.21245125539755128 -0.0006632200525560277 0.9771764569609489 11.915638480551827
0.9750308513546355 0.020611129111640043 -0.22114922037829007 -1.1188344726665704 -0.01998211764540248 0.9997931680308947 0.005111434218735893 0.01117017257044256 0.22121223665482656 -0.0005694758566811206 0.9752305892888669 12.0538181519499
0.9710096174133275 0.019394167381339457 -0.2382882259239118 -1.2148883004346365 -0.018826861803095805 0.9998180108960597 0.004684997506625456 0.005210949139793508 0.23833919151694016 -6.805030787514091e-05 0.9711875538257848 12.32590809517786
0.9667253984789982 0.01846885295868686 -0.2551815055845501 -1.3248889218000182 -0.01794315257898839 0.9998352742508136 0.004414758916091657 0.0031084546734585403 0.25522420708733884 0.0003062290721463025 0.9668869057323614 12.628111197903376
0.964289516720046 0.017930212704072607 -0.26427327669351963 -1.3809725535053083 -0.01733065998101091 0.9998449293919836 0.004625596833609424 -0.0018460144906549893 0.2643182574516851 0.00011493878254136381 0.9644403541347494 12.772641944403828
0.9590278087021221 0.017706354538930054 -0.2827858708020348 -1.5033167778779912 -0.01714069793110544 0.9998486573536738 0.004498126940832209 -0.00626274836698038 0.28282544141129934 0.0005288890152701152 0.9591756200368087 13.075975910886266
0.9533286945675477 0.020414995871345296 -0.30127016356050296 -1.6398050440788663 -0.02019900457200521 0.999794424403804 0.003854588909583236 -0.010382402879581977 0.301289505539245 0.0024063621317690345 0.9535347591185485 13.389917787210768
0.9504166083430513 0.02136702399719222 -0.310270856414307 -1.7102981438890037 -0.02129479259210872 0.9997723711270127 0.0036421061761260556 -0.015625949177661413 0.3102805063571082 0.003141549595883529 0.9506446208034193 13.552084760790887
0.9438276072788784 0.02236957906725597 -0.3297046713290156 -1.8609517676934657 -0.022409305500167075 0.999747744409696 0.003701138016784485 -0.019434244368285794 0.32970646579359664 0.0038912674056662882 0.9440800918731047 13.883660817306193
0.9365617108247275 0.02243421711008487 -0.3498074202353468 -2.0212223819112056 -0.022508075767420456 0.9997450527499837 0.00387380646628247 -0.022626692047102583 0.3498072359437283 0.004241399309016866 0.936816875521098 14.221907477973652
0.9327734817597031 0.021738681936067324 -0.3598301765840602 -2.1038024360281162 -0.0216528394192071 0.9997622345909243 0.004288021954288797 -0.02780435731733048 0.3598398348860555 0.0037875733338075634 0.9330113090156703 14.39229816838101
0.9244763591236735 0.022068851592153577 -0.38062207971422474 -2.2861137597790298 -0.021481906571565863 0.9997583093802339 0.0058076317005702595 -0.027059475984548744 0.3806599218890932 0.0028032391268328167 0.9247160351699467 14.74366618554929
0.9145562161173333 0.02357334122031812 -0.4037926310694472 -2.484152331930135 -0.02053729515580569 0.9997248931668488 0.011864132078080061 -0.01370397379649265 0.40396230509172654 -0.0025620552059623454 0.9147777643162277 15.09822456624696
0.9095399162225312 0.02409956810944331 -0.41493829431346757 -2.5917078245515293 -0.020522610178789143 0.9997101062966454 0.013092718780204873 -0.011360620753224807 0.41513448194242375 -0.0033972928435176204 0.9097597061440814 15.284149902886522
0.8991248917246792 0.027627066198106204 -0.4368392330073877 -2.8169200127857503 -0.024194973046988946 0.9996232722160348 0.013433791510950076 -0.00598776563695811 0.43704651114911647 -0.001513894000107146 0.8994436136160362 15.65317090606141
0.8879058850662706 0.028661161132959648 -0.4591504436045422 -3.0554494028224526 -0.02531880390840361 0.9995952362160201 0.013448652096676613 -0.0018498596823031312 0.4593502903536446 -0.0003203808468051402 0.8882610082111612 16.032141817625575
0.881528672533334 0.029621106265775354 -0.4712187049651365 -3.1790055276664515 -0.026033334189321865 0.9995670864925292 0.014144858119185158 -0.0020573119549779717 0.47143383677626627 -0.0002058351914333566 0.8819067822817583 16.21779300126097
0.8683852437283888 0.03254301539227419 -0.4948385036540337 -3.4475990186987815 -0.028834937774418496 0.9994755005234373 0.015140887729564975 0.004880053124539322 0.4950714983706496 0.0011163883089468252 0.8688570407294455 16.601106525368568
0.8540795656950275 0.030088028040859312 -0.5192884820294592 -3.7251836152551845 -0.024637825641485308 0.9995517517987705 0.01740434548144812 0.016470484314445217 0.519578253037051 -0.0020747749402036993 0.854426314497337 16.990525687418668
0.8467557232094045 0.029820301733063534 -0.5311619475472088 -3.8788161063253277 -0.023598703072151814 0.9995567696597933 0.018507810835674075 0.01912231186384581 0.5314770850899279 -0.0031406034581941134 0.8470723615736739 17.193398950141322
0.8313501103041175 0.030051285416573238 -0.5549519070971027 -4.177552702839597 -0.02274965661961309 0.999547014919618 0.020056400342006415 0.026962121233514144 0.5553012960873006 -0.004052693210991927 0.8316450547863099 17.57006773517556
0.815855697617261 0.030608113228175575 -0.5774598874350282 -4.506432688914608 -0.022287701802219513 0.9995272126020299 0.021501159265517916 0.03703198303423701 0.5778427386256656 -0.004675194805975205 0.8161403803399675 17.969362112480827
0.8073300250180311 0.03213248439208685 -0.5892393955778588 -4.6792861546483895 -0.022947016652468826 0.9994771779980434 0.023073199038991084 0.043675122147176414 0.5896702146698598 -0.005110286950265072 0.8076337644201901 18.165256045339902
0.7887588469387314 0.040313016887256026 -0.6133941184976639 -5.043849538816861 -0.027884302278002288 0.9991733273805774 0.02981978600011423 0.06661620881235891 0.6140859401211104 -0.006420472354677267 0.7892196768138933 18.54529879430756
0.7701240243476659 0.041811676218117794 -0.6365361279390455 -5.425555975077753 -0.027443469099729806 0.9991035679260137 0.03243419712891315 0.08547804308803125 0.6373185627656539 -0.0075134584872951545 0.770570345890723 18.942736097573857
0.7609849272799334 0.04170519814826289 -0.6474410766701173 -5.606037009204412 -0.02697642357164138 0.9991086401922834 0.03266038795281388 0.08804000992141271 0.6482230343787153 -0.007391869729370962 0.7614206400443713 19.12093128379995
0.7410921018991996 0.04152015757843614 -0.6701312569915296 -6.010096457314387 -0.02519100512654027 0.9991086149487589 0.034053980811085856 0.10347853336824717 0.6709447153583084 -0.008359262902134717 0.7414665047439083 19.509955237367127
0.7207000404672821 0.04284649954529865 -0.6919336754584888 -6.430789284815766 -0.023704265861017437 0.9990328445080697 0.037183493449000224 0.12672509102060261 0.6928543958200428 -0.010399581100657349 0.7210085841287956 19.892536569461765
0.71113545141703 0.04363165083013924 -0.7017116031853738 -6.642577394994757 -0.023605846774670328 0.9989965331242794 0.03820395479280405 0.13589058458896763 0.7026710923709816 -0.010606675433495673 0.7114418729593911 20.075768101657467
0.6912951670687854 0.04335171242851321 -0.721282280483108 -7.080401839999337 -0.02269268731290321 0.9990137370848394 0.03830524559408586 0.1532010106584606 0.7222279802644476 -0.010115429876588356 0.6915872492421902 20.440669632291062
0.6705596509285756 0.04182180431316588 -0.7406870581096356 -7.5292169392698005 -0.020271723675280764 0.9990752559167063 0.03806867176904169 0.17060520988594507 0.7415900702148828 -0.010515170242055323 0.6707773621670798 20.797732129776083
0.6604769194356958 0.04202406055636154 -0.7496804135892813 -7.761443701172544 -0.019688959808960738 0.9990639914561201 0.03866693084942146 0.17779098147097225 0.7505994513931635 -0.01078094575741673 0.6606761798134937 20.974708601980463
0.6185325861111017 0.04003782779309888 -0.7847489138404341 -8.650538097783324 -0.016078400886815107 0.9991425103645551 0.038312135177717185 0.21638666622483838 0.7856052037727257 -0.011082481488423343 0.6186360587875639 21.60387692004369
0.6081076253307138 0.040508039959370766 -0.7928305630270407 -8.891271127220424 -0.016019565713585312 0.9991256334406743 0.038769855759169296 0.22406254451895652 0.7937033126941969 -0.010878050324891204 0.6082148829379309 21.762007045576123
0.5855077256618798 0.0406944153530828 -0.8096546483749059 -9.386842439617581 -0.015044879773564838 0.9991181061992647 0.039345983919065686 0.24458806053829485 0.8105372964416584 -0.010858821249805807 0.5855937274454028 22.073228842676006
0.5625423179686888 0.04079951219206035 -0.8257713158645654 -9.897047366668303 -0.01375626325342762 0.999111076796268 0.04000055452942135 0.26918137885493226 0.8266640871405918 -0.011144673888296229 0.562593339057734 22.36896354752217
0.5515519262647476 0.041077316826753044 -0.8331388237180787 -10.145929335819988 -0.013242587238053844 0.9990980326722391 0.04050089832595971 0.27851172488393006 0.8340456199525527 -0.011307624975737575 0.5515882819449506 22.505545488350485
0.5282372715351351 0.04028629346036075 -0.848150547087036 -10.65005018455671 -0.010926008234511857 0.9991194765492868 0.04065991271156273 0.29820407050087067 0.849036370179651 -0.01221331960331405 0.5282022000102328 22.776647672382964
0.5036535745823694 0.04065543234727509 -0.8629585505860368 -11.174784906311954 -0.009011655261596122 0.9990905165445884 0.041816893688989595 0.32218285324921153 0.8638681741947055 -0.013286708890780204 0.503552097546129 23.040515715820373
0.49239560655724857 0.0411399366195698 -0.8694092094001725 -11.43788019110444 -0.008525194031564225 0.9990681490545508 0.04245442160799241 0.33217625577183385 0.8703396390299292 -0.013494887670090112 0.49227801037373886 23.16427678435943
0.4679859221928381 0.04193962982972533 -0.8827506733930499 -11.980905361770144 -0.0071203685327356275 0.999025791541397 0.04369606791730322 0.35614169710880017 0.8837167557237912 -0.014166088739000677 0.46781919790239107 23.41039763100102
0.444511578725133 0.04274356242573951 -0.8947629703333039 -12.538762991560517 -0.0062892587119975025 0.9989910407543587 0.044605074526178935 0.3822187204363303 0.8957599590238225 -0.014202705930966428 0.4443227185431555 23.64634279548901
0.4338186446206873 0.04318939171456635 -0.899974219117924 -12.813207997001717 -0.005922524892709631 0.9989713950148144 0.045092398053952404 0.39362176519586733 0.900989254465555 -0.014234234870231404 0.433619017984114 23.754754158907627
0.41027881602135785 0.04370562509644599 -0.9109215637246215 -13.38399449960814 -0.004692333486632393 0.9989446471173187 0.04582272113725925 0.420005771110723 0.9119560763637216 -0.014528154729507853 0.4100418104390927 23.972109979852355
0.38678073746987324 0.0447984016742469 -0.9210922909639612 -13.963751224099381 -0.003680374684693913 0.9988922789371174 0.04704408415273044 0.4492784893599471 0.9221720912985343 -0.01480825073003377 0.38650815321241133 24.17647026477224
0.37574324750026145 0.04530980948050833 -0.9256245274257692 -14.244933667191413 -0.0030679663343174345 0.9988651116560034 0.04765673255861862 0.46166788950808185 0.9267261374890309 -0.015069365053483899 0.3754468384278524 24.26803992109927
0.3503878140481969 0.04588067195407374 -0.9354894319071665 -14.824506283847168 -0.001411717184624031 0.9988302518204606 0.04846513646672358 0.4891266102136231 0.9366108077220947 -0.015663446395463312 0.350033843407527 24.44592780145354
0.32586001976776396 0.04540336319691612 -0.9443361431120454 -15.40700284660292 -0.0004066932426779787 0.9988588260606928 0.04789127665748863 0.5140682928870066 0.9454246390285294 -0.015224321558668524 0.3254975364970332 24.60965055921972
0.31466418225445 0.04543226420206437 -0.9481241403294741 -15.68760014223336 -0.000215079387668102 0.9988631417376944 0.04779903072197644 0.52266289317857 0.9492097411136775 -0.014839242401538135 0.3143073585502855 24.681700351056996
0.2894685143115654 0.04447570011955733 -0.9561625385607839 -16.268489876986845 0.0016646741211438568 0.9989009437128629 0.04697419074359227 0.5449357387754282 0.9571925543219418 -0.015191687073412981 0.28906780695542506 24.82247634792252
0.2649181819216862 0.043366509697631415 -0.9633040450440611 -16.855484416267927 0.0029238774078132667 0.9989533906650191 0.04578210719338356 0.566800486226261 0.9642726700986445 -0.014947688056220104 0.2645061778888608 24.949570693443494
0.254743191040026 0.043298394365549796 -0.9660479552380463 -17.146797865584578 0.0031915789935978178 0.9989601770045354 0.04562161426203224 0.5749934763064453 0.9670098343369529 -0.014707710294336733 0.2543322937076311 25.006344271742822
0.2334068183304502 0.043285352602116745 -0.9714239823964572 -17.733824425816305 0.0039016850123173214 0.9989651140843209 0.045456585042443376 0.5967600532647305 0.9723771318787665 -0.014402615611960426 0.2329884900758202 25.115627997555265
0.21496414533413002 0.043284491082079345 -0.9756716873541669 -18.35002084763305 0.002610889886782038 0.9989947241931268 0.04490112080464243 0.6199179289148075 0.9766243005272746 -0.01220205866589491 0.21462769539390306 25.219234512854005
0.20646403208179617 0.042650593383469375 -0.9775333400836137 -18.63953457947122 0.004498592220646773 0.9990039096313033 0.04454415190259998 0.6276179131173409 0.9784496180925646 -0.013596719718367227 0.20605926988133585 25.266593885273267
0.18907367291157348 0.04105988850240066 -0.9811134705507607 -19.236445713367363 0.004459124205656457 0.999085571252211 0.042677524488558216 0.6447926870906611 0.9819584258174022 -0.012446738759552515 0.18871107002673648 25.356511830105553
0.17379333465595015 0.03885427364661804 -0.9840247125669385 -19.84635053506105 0.009540668991669622 0.9991147916443986 0.04114107521785698 0.6667540246827699 0.9847416416866861 -0.016541129305194902 0.17326229489350722 25.443971391323657
0.16705253954427812 0.038928487143956636 -0.9851887402330826 -20.1699380370968 0.01453885387930629 0.9990213020267416 0.04194626703357927 0.6809002476379267 0.9858464966563758 -0.02133352407510941 0.16631659363236886 25.48643075989008
0.1518667445983929 0.042324486295223195 -0.9875038751335083 -20.849086727647546 0.016630353884844254 0.9988387459743268 0.045373744405181424 0.7153025575172409 0.9882665493562205 -0.023316065653983097 0.15098023251956547 25.57021092158003
0.13907289833147007 0.043692508455066864 -0.9893268378881254 -21.503857992775803 0.017885125745005555 0.9987588346420212 0.046629462507224766 0.7465563157367983 0.9901259214886513 -0.02418172923749245 0.13811238410745444 25.641696439317865
0.13358895846571125 0.04410267902063716 -0.9900641357958194 -21.850641631718975 0.01778579928532106 0.9987481587089369 0.0468954753490413 0.7610237478836103 0.9908826663274792 -0.023876488732066874 0.1326309285460318 25.676148499094744
