1.0 0.0 0.0 0.0 0.0 1.0 0.0 0.0 0.0 0.0 1.0 0.0
1.0 0.00015607476234436035 4.476308822631836e-05 -0.0009506731294095516 -0.00015598535537719727 0.9999998807907104 5.272030830383301e-05 0.0009934410918504 -4.476308822631836e-05 -5.263090133666992e-05 1.0 0.03430753946304321
1.0000002154227685 0.0002854151444608988 0.00010723479947660763 -0.0016301327259068618 -0.0002854201549054025 1.000000096991247 9.136418467292629e-05 0.0031666082485867497 -0.00010719215220511558 -9.137972273975947e-05 1.0000002335880485 0.02986762472151118
1.0000001123643085 0.0004228280706879469 0.00014712526480078702 -0.0022069747273257305 -0.00042263370028168567 1.0000000529878843 0.0001436856974795238 0.005353831468267503 -0.00014720413592997646 -0.00014372734326256943 1.0000003437408604 0.04370154951299586
0.999999803601817 0.0005695082625425988 0.0002040672931449181 -0.002736223478306158 -0.0005691798139672163 0.9999998651377819 0.00019000424534399747 0.0075391108517536 -0.00020416509930592082 -0.00019000213931137422 1.0000002690962768 0.06408968616721122
0.9999994838649038 0.0006925519228679923 0.0002596763442780486 -0.0034385119845160915 -0.0006919758359317865 0.9999994282515683 0.00023872916844765456 0.009742490592330795 -0.00025996148596156647 -0.00023854538855362336 1.0000000696706681 0.08512681830123495
0.9999993502228051 0.0008580284545413136 0.0003331807437911473 -0.00436034289847395 -0.0008573961825391964 0.9999992993205492 0.00029890879312617234 0.011929979785188824 -0.0003334443643178762 -0.00029896791954101476 1.0000000362054826 0.10683455251351023
0.9999989727915782 0.00101285932732972 0.00035204193272602796 -0.005344517565168965 -0.0010119862350798387 0.999998789556299 0.00036412987192691997 0.014155477211894946 -0.00035253116063409294 -0.0003638096986542086 0.999999891221824 0.12872873596007195
0.9999990733903745 0.0011543701517336402 0.00033636512414037483 -0.006363436164154433 -0.001153571354561227 0.9999988635422904 0.00042220064990306904 0.016367073863405808 -0.0003365950964608042 -0.00042209341117262894 0.9999998756481782 0.14810498974498384
0.9999989187022742 0.0012739821723863386 0.0003856487433553396 -0.007336647499338436 -0.0012732483293523944 0.9999989455545842 0.00046565519685811833 0.01842100436359517 -0.00038577802077688063 -0.0004657345697396334 0.9999998407105735 0.1703489087912534
0.9999987516416854 0.0014064045474447653 0.00038124218544502447 -0.008443314803058608 -0.00140577696623487 0.9999991110563433 0.0005157287375391557 0.020619809139997402 -0.00038109693730803304 -0.000516241153092383 0.999999819116783 0.19232162983246878
0.9999984421981221 0.001549791871495253 0.00035116132287268514 -0.009653987779932654 -0.0015491996944432904 0.999998999661746 0.0005719782657607061 0.022864041778407677 -0.00035086289818009406 -0.0005725328394514402 0.9999998015941883 0.21196275587976723
0.9999985547944547 0.001703408318774873 0.0003704768150389332 -0.011019296380919433 -0.001702961270727243 0.999998738388518 0.000612688310423692 0.025198822809919523 -0.00036999749075684516 -0.0006132669048475161 1.0000000099329434 0.23079452936879075
0.99999907944803 0.0018025466186481487 0.0004277046216214029 -0.012056525627663829 -0.0018025369226473177 0.9999990220690621 0.0006518408689218776 0.027394717291008796 -0.00042673993799629704 -0.0006529707748800344 1.0000004415502168 0.24775294698856862
0.9999983212278502 0.0019529053867953568 0.00045322252239311843 -0.013345014526157916 -0.0019525180648205776 0.999998239486254 0.0007054389406650936 0.029760481778693275 -0.00045251023881639086 -0.0007062318066972879 1.0000000380457899 0.26857146244353713
0.9999980788570354 0.002063444575427157 0.0005124963188501737 -0.014386336280127024 -0.002062917665488282 0.9999978029310953 0.0007648683696637686 0.0320993807454507 -0.0005116793196476453 -0.0007656181390704403 0.9999999692237643 0.28796106158000734
0.9999975566574076 0.0022182979082365126 0.0005594900942931237 -0.015651547669544463 -0.002217686584765461 0.9999971429771086 0.0008204421867653067 0.034425146185932384 -0.0005585888245375248 -0.0008211592814139686 0.9999997834049095 0.3075096165787181
0.9999974904193694 0.0023410268457173156 0.0006172628945187589 -0.016238842864049596 -0.002340519668235088 0.999996831841621 0.0008677894578726974 0.035386483698634306 -0.0006161854148521239 -0.0008686433360618162 0.9999999506264006 0.33841448761089904
0.99999733801071 0.0024913816234397035 0.0006792981557914088 -0.01711404978858752 -0.0024912538255030866 0.9999967978484514 0.0009129738034911345 0.037732096272962125 -0.0006777454784101314 -0.0009144232681922021 0.9999999923007759 0.33180146138150596
0.9999968616386559 0.002610971629380254 0.0007670765153209287 -0.01760825464936783 -0.0026107215154906834 0.9999960947496553 0.0009649687868807166 0.040140590516326985 -0.000765553076723612 -0.0009664792673473562 0.9999997063379864 0.34688394483038193
0.9999963584241233 0.002743618026286327 0.0008168974115335259 -0.018288703297221286 -0.0027431508597757035 0.9999954096442133 0.0010073367228921168 0.042578547183797555 -0.0008154333233663588 -0.0010087508266445945 0.9999993887900804 0.3644629448769006
0.9999959038135242 0.00288205790700292 0.000908252647405733 -0.019265127909484685 -0.002881733660492135 0.999995003674916 0.0010329844149733693 0.044974498429232755 -0.0009066674846520861 -0.0010348215397729384 0.9999992882287972 0.37973110490660034
0.9999954390467231 0.003031939659904942 0.0009443321094062489 -0.020394734057169416 -0.003031705522411686 0.9999944517803236 0.001091144052757907 0.04731359134475303 -0.0009424539034011007 -0.0010932507208196549 0.9999990761671661 0.39934461649981273
0.9999955150097672 0.0031538212766878005 0.0009768246439412725 -0.021499576059063635 -0.003153960636614909 0.9999942745217231 0.0011329778257334114 0.04962684103761924 -0.0009744178079931501 -0.0011355659361920172 0.9999992382406563 0.4186047003844676
0.9999949331115257 0.0032769717774807916 0.0010532765982712558 -0.0225615165136792 -0.0032770404841636 0.9999936230405309 0.0011546710292158527 0.051836774605103914 -0.0010508401317192782 -0.001157381761586175 0.9999989004848786 0.43751701004179694
0.9999942260883832 0.003393938836273432 0.0010782113900716416 -0.023717137734899668 -0.0033938034691166027 0.9999928435158879 0.001188087065867824 0.054053644897040516 -0.001075828040927436 -0.0011908232598811868 0.9999986568139283 0.45651896826250554
0.9999937166922247 0.003525827770571378 0.001135601713216451 -0.024847966504887287 -0.003525716230551224 0.9999921084398495 0.0012292580971740871 0.05630715169768309 -0.0011331000343731518 -0.001232121867147468 0.9999985459633453 0.47746463864487754
0.9999929762803658 0.0036864016944496533 0.0011838539067113038 -0.026120213298701973 -0.003686467792920439 0.9999915099546214 0.0012551651230315445 0.05861033775893218 -0.0011810027829482741 -0.0012585298539234916 0.9999984592625395 0.4938629012131635
0.9999924260600649 0.0038146708141669735 0.0012494822694483914 -0.02730210038474917 -0.0038147882428075037 0.9999909745548443 0.0013045443043212528 0.060929800910257514 -0.001246287188971869 -0.0013083320031929166 0.9999983195214073 0.5139034245016214
0.9999921777030062 0.003956964570702971 0.0012997072202202296 -0.02852758444363577 -0.003957368109006568 0.9999906261739723 0.0013377318030343797 0.06315933707755808 -0.0012959901819680202 -0.0013420968674102928 0.999998451833167 0.5329862373344881
0.9999916629323653 0.004073292843156891 0.001341637902357979 -0.029687707989756267 -0.004073800941410508 0.9999900559454296 0.0013749681763601661 0.06538396205366034 -0.0013375869803507504 -0.0013796792712182102 0.9999984666951085 0.5511130836462279
0.9999914037550662 0.004199666077011183 0.001417184598283215 -0.03081868906337848 -0.0042005643945390945 0.9999898487255837 0.0014107813956442685 0.06759949128144961 -0.0014126038528048228 -0.0014160884327746673 0.9999985544248425 0.5716333028216831
0.9999905188988861 0.004338422317175662 0.0014623682826145187 -0.032016914515816584 -0.004339295973037642 0.9999890853917819 0.0014541031447288012 0.06981456637540541 -0.0014576172044465361 -0.001459527467798806 0.9999983100304464 0.591704509626414
0.9999901162031195 0.004468687106599816 0.0015144326415530178 -0.03277746705906063 -0.004469637071000394 0.9999886091329905 0.0014745303927298857 0.07083387655526516 -0.0015093727853712545 -0.001480400339903714 0.9999982041267929 0.6253579045695551
0.9999895271025795 0.004602477265607501 0.0015872711714992086 -0.03349711926363315 -0.00460367463183401 0.9999881988744558 0.001508001304536224 0.07307448173174402 -0.001581683613014056 -0.0015148157153366637 0.999998282800496 0.6211940266658527
0.9999888636530494 0.0047328603798056645 0.0016276501174757214 -0.03414770162567221 -0.004734029429412989 0.9999876597617465 0.0015460225276606068 0.07530807794874309 -0.001621659700551691 -0.001553347939041671 0.9999982805447042 0.635184045647348
0.999988187978257 0.004838819352211465 0.001698351878579063 -0.03467373148710686 -0.004839994980099423 0.9999867575410354 0.0015733740854533178 0.07749672523457629 -0.001692186156974889 -0.0015811757981967621 0.9999978846763835 0.6538398619968812
0.9999871979351979 0.004980820740334755 0.001771727551331106 -0.03553449456020512 -0.004982026244395321 0.9999858914104057 0.0016106595653671198 0.07977820142681977 -0.0017652750140306707 -0.0016191158727247032 0.9999976416971549 0.6723740662832711
0.9999861373123075 0.005114277189761036 0.0017939925113367686 -0.0364286456325916 -0.005115185847610978 0.999984581766693 0.001641155469467344 0.08198306882758329 -0.0017875893373134914 -0.0016494210696720941 0.9999972550822815 0.6930416910945344
0.9999858415655568 0.005222274401817089 0.0018501446170472078 -0.037309458873697354 -0.005223430344074717 0.9999840886380084 0.001676869829220248 0.08416904906667927 -0.0018432907884746818 -0.0016859135679898008 0.9999970956519736 0.7137011070019919
0.9999847873692272 0.005342896128195722 0.0018869791534070048 -0.03838932509720475 -0.005343770753831524 0.9999828554234884 0.001716612487185186 0.08643527321762585 -0.001880071918581555 -0.001725682714646173 0.9999966627881565 0.7324638069828701
0.9999840571332566 0.005467749721984811 0.0019203106626972293 -0.03948667476651854 -0.005468816337541804 0.9999822647235722 0.001741140981453134 0.08868136869984945 -0.001912936691330193 -0.0017506535892613596 0.9999966769441274 0.7496632069276917
0.99998328333086 0.00558875595134877 0.001978712923632752 -0.04053421130600948 -0.0055899430230146535 0.9999815583707912 0.0017663624861690597 0.090821140178982 -0.001971077567898469 -0.001776336262445947 0.9999965207769375 0.7707538645587283
0.9999824516484347 0.005712329830210627 0.0020499678371005228 -0.041661261730028154 -0.005713745772609129 0.9999808012152 0.0018030685348962372 0.0930877720081691 -0.0020418467562131905 -0.0018139221658927023 0.9999963148253789 0.7905176029307255
0.9999820029408648 0.005840190191755777 0.0020869441389717554 -0.04277743444070968 -0.0058418124280204455 0.9999805017286816 0.001827504542556218 0.0952537380172548 -0.002078272024079259 -0.0018393968784843084 0.999996433323415 0.8083538796494012
0.9999810281355515 0.005963909439386238 0.002150964989510284 -0.04384885487664903 -0.005965605674085795 0.9999797107659713 0.001864026133227565 0.09743990976406 -0.002141910429476146 -0.0018767281229840618 0.9999961136416672 0.8302449400718768
0.9999801479956724 0.006089414689351375 0.00221231519009741 -0.04499447302944603 -0.006091185176789962 0.9999789187993867 0.0018866976826183437 0.09957577799545404 -0.0022029780994746472 -0.00190003416090133 0.9999959392922739 0.8488795520399406
0.9999790375476539 0.006232220362950735 0.0022674120527735693 -0.04618000429495929 -0.0062340682202533994 0.9999777569323316 0.00191467461708659 0.10178835294278919 -0.002257751210350002 -0.001928541335014904 0.9999957048936416 0.8696683735413907
0.9999780025449995 0.006350817811653285 0.0023458659267509003 -0.04731310114570355 -0.006352590026311042 0.9999765998111982 0.0019454781334025527 0.10404346949404829 -0.002336051432663621 -0.0019599816744056094 0.9999952890380758 0.8876401918796629
0.9999775629037625 0.006469511160257701 0.0024146134219222804 -0.04794957524794296 -0.006471842808323713 0.9999761212159302 0.0019864081909425685 0.10503630493177356 -0.0024040064661861506 -0.002002191549764765 0.999995286393464 0.9257025023332509
0.9999765105762927 0.00661218739337543 0.0024682454136432464 -0.04866316728116709 -0.006614639183809509 0.9999751367197826 0.002016609015384806 0.10726729084949145 -0.002457215682957753 -0.0020330521634756436 0.9999950967723156 0.9232050298920009
0.9999756811559251 0.006736504197350856 0.002519664720841007 -0.04917535458872652 -0.006739105162603839 0.9999742279331383 0.0020585296203727045 0.10956668303072564 -0.0025081334718013437 -0.0020758856073131203 0.9999950044009205 0.9378482055875057
0.9999745442761435 0.006858951733450721 0.002596224493527068 -0.04979423114906996 -0.006861746046238262 0.9999733476752729 0.002084478645165402 0.11184564121526698 -0.002584291675549332 -0.002102716831594294 0.9999947578840815 0.9577860985239991
0.9999735236494893 0.006985881815755674 0.002654411753675296 -0.05051709858196495 -0.00698870230190154 0.9999724085243907 0.002116624169178488 0.1140661542003148 -0.002642049787227844 -0.0021354698386396543 0.9999945396531758 0.9771088955865408
0.9999726345498116 0.0071187412613260646 0.002729083133503332 -0.051442239069905256 -0.007122014392882049 0.9999716485390917 0.002148528423588688 0.11643113148086603 -0.0027160926510454847 -0.002168544374736666 0.9999945121374295 0.9959121438929786
0.999971535901431 0.007261004450232942 0.0028041830815439604 -0.0524979323581913 -0.007264537809909561 0.9999705806504806 0.002173087920766286 0.1187042831655218 -0.002790677073660472 -0.002194143598581959 0.9999943734316621 1.015176278303202
0.9999705512956716 0.007364801138796839 0.002886298782207684 -0.053423362667682085 -0.0073686633506754124 0.9999700155983262 0.0021947542253775115 0.12094078432314118 -0.0028724049167682085 -0.002216964393434479 0.9999940958710937 1.0353825729670942
0.9999696120760622 0.007483233695303226 0.0029504814190007603 -0.054428981906012676 -0.007487473754911286 0.9999693125569763 0.002225247164512643 0.12317780415984554 -0.0029360379676555736 -0.002248329404884261 0.9999940819339127 1.0544451902132719
0.9999684502722143 0.007618045090173792 0.0030023325906211916 -0.05564917896576044 -0.007622440252582827 0.9999682499506278 0.0022483139405943043 0.1254506819259032 -0.002987471293532768 -0.0022723883372153804 0.9999938774743325 1.0746690570796116
0.9999671057172063 0.0077459893228332515 0.0030864166535073513 -0.05675803179345602 -0.007750327328818175 0.9999670711898125 0.0022848370626609967 0.12771691254633896 -0.0030712823855614585 -0.0023098743078332263 0.9999933638491638 1.0942069217247896
0.9999663691802544 0.007870814641315053 0.0031660972244728336 -0.05781690943109973 -0.007875528982953654 0.9999663091188966 0.0022984066075116783 0.12996493786980035 -0.0031503581257118843 -0.002324563394712646 0.999993444318302 1.1135918006423564
0.9999649961166934 0.008010320235655169 0.0032529966232791754 -0.058940830805022805 -0.008015287885408975 0.9999651489155941 0.0023240682042703327 0.13221514649167146 -0.0032367578893135697 -0.0023514674548384584 0.9999931099569327 1.1349387909241715
0.999963750729909 0.008151373295936357 0.003325207308990858 -0.060217634401445126 -0.00815656525794946 0.9999639563099858 0.002349805617764959 0.13446352292328898 -0.0033084283649839324 -0.002378299176730686 0.9999928150226354 1.1539008114020806
0.9999624684407878 0.0082892814037459 0.003408650110189161 -0.06134946568686629 -0.008294771193475537 0.9999629746322934 0.0023892106138011003 0.13676784864168515 -0.0033912484015185744 -0.002418810487128384 0.9999925639068411 1.1735090935174803
0.9999609132525472 0.00844047200180554 0.0034626638631700293 -0.06259291681487571 -0.008445872486350262 0.9999614857659684 0.0024120684327784735 0.1390592104078249 -0.0034450034237205125 -0.002442449501301382 0.9999922057999099 1.1920297669605198
0.9999595266152239 0.008546019524421898 0.003537026212519866 -0.06311189645797437 -0.008551664685867615 0.9999602082214254 0.002447800087280394 0.14004351704228574 -0.003518892232417086 -0.002478873367056683 0.9999917426542151 1.226113315452828
0.9999581766264671 0.008682100751162204 0.0036234788879690202 -0.06385875111716563 -0.00868812740020292 0.9999590859746691 0.0024783545188249755 0.14221644042212275 -0.0036047126925741256 -0.0025107047080332743 0.999991481005131 1.2223771439925257
0.9999571185154241 0.00880494003398551 0.003686470235818158 -0.06434899489116182 -0.008811541645918118 0.9999581725906616 0.0025110981607325434 0.14447670763437437 -0.0036668692120829603 -0.0025448248953081776 0.999991409812127 1.2365070426245641
0.9999555478738021 0.008921337585142056 0.0037698000763988658 -0.06477315107258858 -0.008928211093108164 0.9999571021042422 0.002528007319059038 0.14670706976302472 -0.003749779317834442 -0.0025628649875403986 0.999991000305832 1.2563152158653363
0.9999541248528105 0.00906125917296188 0.0038480857623533027 -0.06554919997526105 -0.009068265924022986 0.9999556573183 0.0025572011649500604 0.14900072589172797 -0.0038275325006489305 -0.0025931620574136146 0.9999906311302835 1.2757463642991174
0.9999528800629783 0.009192616344431815 0.003893367783717247 -0.06642190244042226 -0.009199745199639585 0.9999544021956875 0.002581348868369919 0.1512490642983694 -0.003872312590125998 -0.002618311507054279 0.9999905141850123 1.2945351585440354
0.9999520119125521 0.00930390732257435 0.003975601902441279 -0.06741489293648092 -0.009311654540079312 0.9999536632467501 0.0026078336200935984 0.15351572827399967 -0.003953739166363924 -0.0026465193242338515 0.9999904830123051 1.3139167838421018
0.9999503845195512 0.00943867077827479 0.004054643586832767 -0.06839593566142783 -0.00944667901223084 0.9999521932531458 0.0026434277557512353 0.1558147951470899 -0.004032208504383604 -0.0026832917070437226 0.9999899564680285 1.332599736240022
0.9999490482347075 0.00955581236509772 0.004111444476900158 -0.06951905572517968 -0.009564035861516319 0.9999510435213871 0.0026588057682244725 0.1580770489480455 -0.004088607238860017 -0.0026998276228531156 0.9999895065111978 1.3498679732021661
0.9999477647463978 0.009673516944335736 0.004207938913758142 -0.07059433863954154 -0.009682185980936184 0.9999498338650229 0.0026889090225126373 0.160395399497974 -0.004184431192571617 -0.0027313929137903494 0.9999892678354643 1.3702270927148354
0.9999461264111116 0.009788862509486953 0.004275853366435655 -0.07172316326231959 -0.00979754641931743 0.9999481572559148 0.0027190081115774077 0.16271979367411774 -0.004252004538562628 -0.0027622430868020375 0.9999886624553462 1.388671703138263
0.9999445521029646 0.009933111839064318 0.004341579258794899 -0.0728517551482887 -0.009942199298654945 0.999947012011813 0.0027503732292018827 0.16503095947247276 -0.004316902100022557 -0.0027952825903066057 0.99998829589277 1.4089086963487671
0.999943233324327 0.0100578312322121 0.0044148050269549625 -0.07407140101763675 -0.010067326713242683 0.9999457968459631 0.0027832041147326167 0.16731053556766035 -0.004389389934290179 -0.002829587618631209 0.9999878874033421 1.42521591128876
0.9999417496538969 0.010183906354281888 0.004490910683778209 -0.07511535245775604 -0.010193566449568805 0.9999442070251068 0.0028115561298810185 0.16956161868887318 -0.00446496923089768 -0.0028591680517615218 0.9999874722237588 1.4464150522865291
0.9999399424358403 0.010332589559119056 0.004542755487425687 -0.07634097757154407 -0.010342624361240556 0.9999427201047908 0.0028424109681809526 0.17183433743493884 -0.004515981335181403 -0.002891482596335334 0.9999871524258925 1.4645807520909548
0.9999386963551096 0.010446308630111168 0.004610858800390794 -0.07741593914185509 -0.010456687609787185 0.9999418235097671 0.00286844125670366 0.17405563450701522 -0.004583422755661016 -0.002918998308912123 0.9999870072249192 1.4829530413385577
0.999936650165064 0.010589897493551726 0.004703316442648857 -0.07799644763643426 -0.010600708896963464 0.9999402340744743 0.0028976355394004253 0.17517760788461423 -0.004675209742811348 -0.0029497868709791233 0.9999863776235157 1.5149706159026366
0.999935264961891 0.010695089075286214 0.004761310027805144 -0.07860181729784642 -0.010705983023378796 0.9999390603955456 0.002916929548207949 0.1773222313441875 -0.004732745202230637 -0.002970127207645189 0.999985989130512 1.5099287794031324
0.999933141115489 0.010841377161269412 0.004841380204525465 -0.07912748769529925 -0.010852564023265052 0.9999373036217639 0.0029603310822894063 0.17962133064289812 -0.004812059547820671 -0.0030149272358224776 0.9999854809472312 1.5240606525184983
0.9999317994789435 0.01095991963649914 0.00490201507974385 -0.07965034672846603 -0.010971648282817558 0.9999362775399309 0.0029917427743224173 0.18194327487768194 -0.004871782795896964 -0.0030477451629055737 0.9999853325622333 1.543657879456318
0.9999299757985091 0.011103719615669843 0.004952446046745669 -0.08042660306567646 -0.011115764096434723 0.9999344786564522 0.0030246295218699444 0.1842622339695275 -0.004921470767741866 -0.0030818839298750508 0.9999849867311619 1.5623383408618534
0.9999281134926743 0.011229951854545185 0.005033727309255579 -0.0811796903309081 -0.011242183472808974 0.9999325895227531 0.0030654810598679675 0.1865563548820009 -0.005002172494696888 -0.0031241383731725504 0.999984341073144 1.5818070778830022
0.9999264724331338 0.011332211158047814 0.005108079324559571 -0.08203261533601945 -0.011344684108056953 0.999931356639941 0.0030912599747234407 0.1888081354527883 -0.005075999373632084 -0.003151293458545808 0.9999838278705097 1.6022118769451734
0.9999245877546088 0.011477310550133853 0.00515528263595181 -0.08308242736440823 -0.011489986263116331 0.9999293649858355 0.0031248505081486193 0.19110754339375638 -0.005122450006282686 -0.003186004278576115 0.9999836018887164 1.6226150451765304
0.9999228167650691 0.011596147688088457 0.005234119109971917 -0.0840667100141764 -0.011609253722772403 0.999927903983165 0.003153838170024813 0.19332770588876935 -0.005200598606440428 -0.0032165944982637893 0.9999831045447111 1.643029370974374
0.9999210465453122 0.011725287250838804 0.005308721838437407 -0.08516001914031916 -0.01173900013724725 0.9999265231419303 0.003189989586771682 0.19562858890578363 -0.00527421032826585 -0.0032545797986139164 0.9999828381287734 1.6628900595396376
0.9999190686969042 0.011855019246858159 0.005349998300813856 -0.08624307075398123 -0.011868848511043755 0.9999246616357353 0.0032204112204143862 0.19793714547713834 -0.0053149133548309165 -0.0032860196553556854 0.9999822833182275 1.681401203778832
0.9999175581250738 0.011949921821880897 0.005444404542899726 -0.08720203987310418 -0.011964214783451227 0.9999234191863655 0.0032545486972420778 0.20017573708797973 -0.005408566646183164 -0.003321840225772355 0.9999815486752716 1.7026919652382315
0.9999161790423984 0.012075771861579645 0.005508548309148987 -0.08828121311229711 -0.012090720235665875 0.9999223354244069 0.003269846514067162 0.20245176293157915 -0.005471806255369811 -0.0033390331715524085 0.9999813878201119 1.72074447617103
0.9999141320580599 0.012211903468312958 0.005581575140686895 -0.08951934939723698 -0.01222723383675369 0.9999206027501673 0.003295072111939203 0.20473921623516844 -0.005544186712089771 -0.0033657362419187054 0.9999809027515427 1.739175414847133
0.9999122692554767 0.012351363262717182 0.005652873721265271 -0.0906387351042216 -0.012367142569804835 0.9999190244704917 0.0033272541414168352 0.2070784614466143 -0.005614556663623095 -0.003399621058320299 0.9999806368440627 1.7597183564926595
0.9999103066229128 0.01247776594582525 0.005724050327181826 -0.09170511491342838 -0.012493819485642085 0.9999173669368209 0.003354121766948199 0.20930446065373481 -0.0056850251293954135 -0.003428047318505999 0.9999801447824359 1.781189997921755
0.9999088023397313 0.012598163159568533 0.005786677418973214 -0.09219127952611762 -0.012614692303599797 0.9999160140343897 0.0033786138747897206 0.21038545656193647 -0.0057468395150185895 -0.003454124542354747 0.9999798230827245 1.8134619751242254
0.999906767968129 0.012727934843453737 0.005855863874157988 -0.0928679110651648 -0.012744733214172391 0.9999142490953717 0.003414937115339965 0.21262134007722716 -0.005815322485145571 -0.0034918853560151676 0.9999792996657478 1.8112110027271275
0.9999048439910102 0.012868779480403063 0.005918966911818941 -0.09338737833893301 -0.012886022174032076 0.9999124372984112 0.0034529090116706363 0.2148651598128059 -0.005877444604986617 -0.0035316272497104497 0.9999789193577697 1.8264125630030617
0.9999030754319829 0.012986995781280007 0.0059807237585162275 -0.09388914275367048 -0.01300474863720819 0.9999110093159024 0.0034924388344999163 0.21715338250043906 -0.005938269205071832 -0.003572824861004541 0.9999784169967006 1.8454068019755303
0.9999006161786602 0.013129495855833038 0.006043060045308128 -0.09456058848291425 -0.013147286190734023 0.9999087530002164 0.003521223520981897 0.21950856076691352 -0.006000014955839311 -0.003603055604408692 0.9999777645241072 1.8649960461355801
0.9998986559914557 0.013235751518482641 0.006097432847334361 -0.0952514751598594 -0.013253679518463155 0.9999068123189918 0.0035560946056891287 0.22175614088231038 -0.006053780440763822 -0.0036387695583657616 0.9999770744245828 1.8858418499287612
0.9998963039464708 0.01337755420332602 0.006175530682223589 -0.09625320635386299 -0.013395772479387981 0.9999046413852094 0.0035861455792998535 0.22415017441673227 -0.006131136039903249 -0.0036705626947966096 0.9999764313680588 1.9049698903961512
0.9998946067463206 0.013490251718105887 0.006225104557625011 -0.09729642928373518 -0.013509127992665992 0.9999032422864903 0.0036201155076064397 0.22649602757069234 -0.006179655562681512 -0.00370606419608248 0.9999762415423274 1.9228968933557702
0.9998924400322976 0.013623139746177014 0.006285306607395442 -0.09831780355531827 -0.013642398586195065 0.9999012539297581 0.0036552465978144095 0.2288000892294339 -0.006238855039971838 -0.0037428870041411365 0.9999756796643718 1.9427651537212918
0.9998903763225088 0.013750731245572597 0.00637502504902097 -0.09937719494947274 -0.013770478365464934 0.9998993839823516 0.0036884774236785917 0.23114363210994787 -0.006327723516180506 -0.003778194718076446 0.9999751130553021 1.962748478718847
0.9998883028834034 0.013860918746975216 0.0064441277385669975 -0.100439615402476 -0.01388083981207248 0.9998974355571086 0.003707017515826052 0.23343580345708695 -0.006396327169535709 -0.0037982923222534227 0.999974424984309 1.9826580149363189
0.9998858443642622 0.014000783016618272 0.006506687628911679 -0.10161883784201535 -0.014021005302891987 0.9998949804308271 0.003762956913136409 0.23580502320151925 -0.006457782074745053 -0.0038559304440343766 0.9999736948563459 2.004468309158598
0.999884023304638 0.014101777963302238 0.00656941194813171 -0.10264787124762531 -0.01412237792090015 0.9998934091520211 0.0038024031192183186 0.23817894274026946 -0.006519617663168454 -0.0038968164894767803 0.9999730187041739 2.022241428991049
0.9998816609292769 0.01423805083026165 0.0066187409046629155 -0.10384572299228954 -0.014258656367957302 0.9998911021028397 0.0038237614600978155 0.24046561190277782 -0.006568378212402564 -0.003919340734651794 0.9999724343326855 2.0410881709031745
0.999879165498673 0.01436353861596749 0.006708099132681911 -0.10481603228971831 -0.014384479084776717 0.99988899715233 0.0038575375445130677 0.2427628713026656 -0.006656932446205108 -0.00395503367142399 0.9999715940282431 2.0625674512526753
0.9998764661233865 0.014505518566907698 0.006762424613326442 -0.10597968246957708 -0.014526675069857256 0.9998864594004648 0.003906857322924579 0.24513780390406684 -0.006710279685366489 -0.004005837882201142 0.9999707409680867 2.0822059110943756
0.9998742541774277 0.014633591426375984 0.006797328408779611 -0.10657101692312876 -0.014655032535167669 0.9998843974053337 0.003941937655963551 0.24635224306358347 -0.006744156052981692 -0.0040420730872011415 0.999970367645326 2.1144408004551627
0.9998721235151016 0.014752366116463276 0.006872377048385768 -0.10729543828776075 -0.014774493336759573 0.9998827497213085 0.003976485261200229 0.24857496347167432 -0.006818089318618817 -0.00407881734677438 0.9999698400973637 2.1121368068164537
0.9998701588131717 0.014880775293139227 0.00695197212938072 -0.10775868392286848 -0.014903574572792866 0.9998809162166449 0.004017842304239789 0.25089963774460156 -0.006896392081923862 -0.004122490762217256 0.9999693665786843 2.128116462930299
0.999867873474832 0.01499761427145325 0.006979562391127456 -0.10830653788108623 -0.015020430759363905 0.9998785602172187 0.004051378406759589 0.2532562355133298 -0.006923265944756882 -0.004156673896510985 0.9999688014046914 2.1463510376022987
0.9998656731981215 0.015127573074448166 0.0070324266544231585 -0.10910830212625391 -0.015150806392473706 0.9998764058345401 0.004070583693084991 0.2556073355765801 -0.006975325126565207 -0.0041775113668206885 0.9999683543171259 2.1658096417078174
0.9998635871626926 0.015240660046753354 0.007102669039824317 -0.10987732311814943 -0.015264475528089433 0.99987465249545 0.004107461685216754 0.25791422719315554 -0.0070444980606976905 -0.0042163590050489225 0.9999677098036943 2.1861088943799993
0.9998612591618702 0.015360653274303361 0.0071564594296508344 -0.11080219119091067 -0.01538466267040885 0.9998723220993004 0.004140289919076581 0.26028343361036377 -0.007097514567353529 -0.004250611939387278 0.9999669541487177 2.2044807028093976
0.9998586793458643 0.015493255666588159 0.007232219725826255 -0.11174811852355433 -0.015517875371134308 0.9998701050657967 0.004180732774049018 0.2626113152594978 -0.0071721383576196715 -0.004293128195243072 0.9999662440580659 2.225565574079082
0.9998567543864443 0.015599576065596227 0.00727087796527605 -0.11265801631908169 -0.015624238527099208 0.9998682665275173 0.004196227317138022 0.26482672783298683 -0.0072103048669920075 -0.004310013697692825 0.9999657802433142 2.245062901459912
0.999854256619305 0.01573329179131509 0.007327485466089991 -0.11369376892602064 -0.015758417801958618 0.9998661255431699 0.0042349244025573635 0.26717145764997796 -0.007265843344073874 -0.004350586475172266 0.9999651462944935 2.265069232268405
0.9998517873561148 0.015863228959526455 0.007385550526133276 -0.11474706814882198 -0.015888938436482473 0.9998638406360293 0.004288255411601415 0.26953143010802727 -0.007322494945770364 -0.004406010363325501 0.9999644349602382 2.2846405948612274
0.9998493393391532 0.016003665828362865 0.007447303274651708 -0.11595980046175092 -0.01603006086663711 0.9998615666393754 0.00432363765404222 0.2719079064949329 -0.0073830281829150276 -0.004443696910967746 0.9999639459471318 2.302468318401579
0.999847452911047 0.01611097782192024 0.007469965547560069 -0.1169316237695575 -0.01613769842642105 0.9998597099096053 0.00435406375790396 0.2741879165428816 -0.0074047223624986065 -0.004475156488322288 0.9999636454410205 2.3240210528562066
0.9998450959585482 0.016229071811347265 0.007546398696596085 -0.11794894209183326 -0.016256567339503845 0.9998577645188708 0.00438809048369176 0.2764307953759044 -0.007479977249743768 -0.004511467227609401 0.9999629258182516 2.3435222201687127
0.9998427156900999 0.016345734293896037 0.0075950721948060875 -0.1189591604167732 -0.016373674746544747 0.9998556276154206 0.004413915270379574 0.27870495612054724 -0.00752763747076033 -0.004539132279284697 0.9999623256389637 2.366325796024392
0.9998407738022117 0.016458225800442778 0.007639656528642481 -0.11994898399522373 -0.016486925313691062 0.9998538645478053 0.00444814866300307 0.28102493002229906 -0.007570844385571003 -0.004575088081273844 0.9999620740172375 2.3856551168053595
0.9998385614490162 0.016577928274407686 0.007702718867530496 -0.12037032351411575 -0.016607113988552014 0.9998516978156872 0.004489403585724211 0.2821637593225275 -0.007632731022703832 -0.004618165600688253 0.9999614082981072 2.4190134859490313
0.9998357998046296 0.01671308104411705 0.007770570565369336 -0.1211389459876292 -0.016742728238963823 0.9998490741753614 0.004531614390007849 0.2844355503308086 -0.007699367281321951 -0.004662500198431519 0.9999606360818291 2.4147234587750614
0.9998337813274257 0.01683950183142241 0.007819265741644625 -0.12152503254244043 -0.016869951714948345 0.9998472983623455 0.004559533776412217 0.28675619034097416 -0.007746698981553096 -0.004692593345363666 0.9999604884799022 2.431383881528149
0.9998313795033582 0.016949185354012925 0.007890329755595981 -0.12189456882701127 -0.016980049159626243 0.9998452041770931 0.00458480183215456 0.28907770424146967 -0.007816901890226338 -0.004719937450897303 0.999959638325073 2.4513807095122395
0.9998289262734408 0.017051366472254376 0.007966567978309956 -0.12244063800902727 -0.017082956816975945 0.9998432408807697 0.004631913058664606 0.29149323762882645 -0.00789187322372784 -0.004769046920252383 0.9999589394630404 2.471648200333178
0.9998267296349489 0.0171567859701297 0.00801684513525441 -0.12322343250063626 -0.017188701241632156 0.9998412951818989 0.004661307457342242 0.2937700197419919 -0.007941227184199503 -0.00480018864316652 0.9999584024248659 2.4903183692893065
0.999823443761361 0.017318613429257303 0.008058328643882581 -0.1242061160448701 -0.01735069135817328 0.9998379211728263 0.004697523250381697 0.2961366092075427 -0.007981693664372989 -0.004837861467544205 0.9999576622983927 2.5119220268502156
0.9998208611898535 0.017438621841655365 0.008076935122907445 -0.1251362222159806 -0.017470794569347414 0.9998352614801059 0.004742862107899106 0.2984950464297492 -0.007999229099702729 -0.004884177958614137 0.9999569415546016 2.5300840119415486
0.9998178843118161 0.017589407663189126 0.008149453375019324 -0.1262392063529161 -0.01762218289363988 0.9998327083497752 0.004773518849132487 0.30088468639539356 -0.008070403071466932 -0.0049174832695722944 0.9999564483429347 2.549430839984677
0.9998153497507847 0.01767898754965114 0.008237826694692472 -0.12700906177349744 -0.017712407395505662 0.9998308200303995 0.004810768517399925 0.303144830092645 -0.008157842659428495 -0.0049568900521422595 0.9999553708847275 2.571059093202051
0.9998125176746927 0.01782892172170275 0.00825972825624335 -0.1280500864702173 -0.017862777305011693 0.9998279645686463 0.004850887705314151 0.3054376344374764 -0.008178345780533565 -0.004998317658362952 0.9999549972637491 2.591340390025894
0.9998098032579583 0.01795740635391204 0.008311356500188964 -0.12910878025209632 -0.017991599847373693 0.9998254713685149 0.004889548590723652 0.3078197281822218 -0.008228752092570586 -0.0050389172211920364 0.9999543829020222 2.611933443394422
0.9998066710375096 0.018121246819723016 0.008348625656471388 -0.13017851080035608 -0.018155903187369718 0.9998223174630284 0.0049299522356528016 0.31017435906723734 -0.008264461909753364 -0.005081065989325645 0.9999539945103944 2.630907759470851
0.9998044495798541 0.018206529608571408 0.00840818228015965 -0.13117867454197138 -0.018241590452212304 0.9998207809352367 0.0049498255324278845 0.3124392284422409 -0.008323300532716325 -0.00510284225647092 0.9999535181085061 2.650125688858184
0.9998023310303445 0.0183051431231741 0.00847470174655183 -0.13206305148457786 -0.01834099518493011 0.9998190650411064 0.004978718040758457 0.31468458683976386 -0.008388537729902343 -0.005134063471074591 0.9999530537278272 2.6694396905673163
0.9997999831312365 0.018414865318881875 0.008542856189622045 -0.1330416612548966 -0.01845122804611095 0.9998170508843836 0.005000806605567775 0.3169816975185686 -0.008455742739553457 -0.005158469452921551 0.9999523656780948 2.6899987924162025
0.9997968098064156 0.018564440442491288 0.008578034737178442 -0.13358325425744558 -0.01860115809499714 0.9998139730961433 0.005038429266588321 0.3181185149635706 -0.008489597711632157 -0.005198150017539779 0.9999518171164663 2.7256369716923565
0.9997937039958484 0.01871735894221817 0.008609151933909964 -0.13438113562658516 -0.018754467446552025 0.9998108320726681 0.005072039664050188 0.32031348069383936 -0.008519347347133489 -0.005233453185305011 0.9999514998013271 2.721738888158753
0.9997913840061299 0.018804913646488484 0.00868111146664683 -0.13477860192880603 -0.018842610898294653 0.9998090892463939 0.005089944616936478 0.322557055369277 -0.008590558463603694 -0.005253392420886827 0.9999506697289113 2.7348752652189168
0.9997889303963746 0.018913030136379464 0.008743448377357447 -0.13514235683377251 -0.01895129689404065 0.9998066911241458 0.005134911319513063 0.3249165651002857 -0.008651558627685118 -0.005300247327636761 0.9999498992025744 2.7557359789142026
0.9997860714397809 0.01902815126233229 0.00881418102290366 -0.13575702690112915 -0.01906729553879307 0.9998046573435511 0.0051727968962713075 0.32725313633873504 -0.008720917417615813 -0.005340734438522549 0.999949085669605 2.7760359438214013
0.9997835909113413 0.019159346566069938 0.00885300659827046 -0.1365538743923345 -0.0191988733809864 0.9998022668678251 0.005195516070032037 0.329575514693206 -0.008758542607547227 -0.0053656331282981905 0.9999488640563483 2.793681315666632
0.9997799904662025 0.01932403417070748 0.008903398488119448 -0.13750585068984425 -0.019363995915185426 0.9997990632118494 0.005224416041790547 0.33186364936657947 -0.008807484769721314 -0.005396969002648751 0.9999483865977468 2.8140568997728814
0.9997772094467229 0.019450084481800307 0.008968735136467256 -0.13838563049241012 -0.019490793730455164 0.9997965676825875 0.005255253249583287 0.33421193770150165 -0.008871412355370051 -0.005430207821414987 0.9999476432565233 2.8345393533966026
0.9997740223889987 0.0195700993889929 0.009037587191252394 -0.13936953065413146 -0.01961125646300627 0.9997936387066573 0.005296623908379612 0.3366015919280835 -0.008939001637287577 -0.005473919164594162 0.999946569344637 2.8531351572359602
0.9997722570900964 0.01965379485663017 0.009077898707651997 -0.1402791190282321 -0.01969543780006757 0.9997918884776014 0.005315477039636398 0.3388742964557239 -0.008978387628712527 -0.005494486574533425 0.9999462240612286 2.8722477500429227
0.9997686948968368 0.019772959249645373 0.009160090319632695 -0.14133184527745096 -0.019814988775912153 0.9997892681262951 0.005341995646216968 0.34121408833146327 -0.009059650859704406 -0.005523511442480497 0.9999452171193639 2.892220004532607
0.9997657637313115 0.019890039973953725 0.009214371945888332 -0.142266475844728 -0.019932433087901224 0.999786653889094 0.00536184351104009 0.3434717241015076 -0.009113031170032477 -0.005545374050861544 0.9999443749976578 2.911950779805279
0.9997631637235491 0.020001128180874014 0.009256780568087522 -0.143195377545908 -0.0200438867336765 0.9997842434790315 0.005385411240738347 0.34580116315732967 -0.009154433172826468 -0.0055709143256701356 0.9999439767218442 2.930859433018342
0.9997607266971575 0.02012419540352625 0.009305335607926235 -0.1441908446227091 -0.020167805238497403 0.9997817683914618 0.005428465290711077 0.3480912402339354 -0.009201280570492165 -0.0056162406019683395 0.9999435333890015 2.9501631000637953
0.9997581304084165 0.02023897243463292 0.009374440341125192 -0.1451700871374753 -0.02028328530890157 0.9997796661195173 0.005452617990288134 0.35045479223167064 -0.00926908935277511 -0.005643048850450609 0.9999429970986599 2.9693905412565273
0.9997549326308756 0.020371264069849876 0.009429671798941311 -0.14614393479566268 -0.020416292982040504 0.9997769034586675 0.005486461547102655 0.35282421101141304 -0.009322875438175414 -0.0056793544030670174 0.999942175105851 2.9906587970481358
0.9997514032755555 0.020482815204455895 0.009512756419369602 -0.14640186823468138 -0.020528321292165783 0.9997741916627414 0.0055193110523281 0.35386744367681294 -0.00940484438228232 -0.005714786242071394 0.99994097229426 3.02222101977021
0.999748310279133 0.020618367133911786 0.00954614096909706 -0.14708626358569973 -0.020664250949963985 0.9997711025957752 0.005551384003603638 0.3560035823600916 -0.009436849051692453 -0.005748695282638686 0.9999403581627766 3.017207031850206
0.9997451055138797 0.020732082198785303 0.009611297085273203 -0.1473293050144309 -0.02077845430699994 0.999768230340234 0.005578830271788387 0.35821774559763186 -0.009500978555633349 -0.005778318173088696 0.9999392852107708 3.0331105842368262
0.9997417953671693 0.020859752125547377 0.009668313686330083 -0.14771701072185237 -0.02090647004586824 0.9997649904790443 0.005617468050485697 0.360535537680709 -0.00955671131456875 -0.005819108171762312 0.9999383423155268 3.0529867396503967
0.9997384813309514 0.02099467882042347 0.00973205388591309 -0.1482854994692021 -0.021042274796721428 0.9997620276373407 0.005660877410294033 0.3629138683371414 -0.009618713694712013 -0.005865163095478281 0.9999374816235974 3.0715204368881777
0.9997358993204554 0.021108555455643514 0.009775942928364912 -0.1489359535010518 -0.02115678931591549 0.9997596239812543 0.0056813262659671775 0.3651909491516156 -0.00966128611361257 -0.00588774754690455 0.9999369383449478 3.0904534605691683
0.9997325879357165 0.021221335015159652 0.009847210111676162 -0.1496974214312513 -0.021269961074338827 0.9997566144891901 0.005715140068750352 0.36753744355347906 -0.009731395713853019 -0.0059237346746172075 0.9999358700846743 3.109651531600076
0.9997296636216534 0.021348550685078158 0.009894010007220282 -0.1504836977799635 -0.02139778300881721 0.9997538784567352 0.005739035194857994 0.3697890989620455 -0.009776862699481774 -0.005950068024811121 0.9999353914762891 3.129566754691033
0.9997259294634581 0.021483931214906285 0.00996734096398203 -0.15141042308135477 -0.02153379477488138 0.9997504917690181 0.0057797924511463015 0.3721745306926157 -0.009848767492510915 -0.005993502646139118 0.9999341929421297 3.148989932452452
0.9997226847845132 0.021605156286404213 0.010031531055203597 -0.15225174929737767 -0.02165569518415188 0.9997475255653799 0.005817876505241176 0.3745073101247791 -0.009911543469999257 -0.006034036541321057 0.999933332433533 3.169940735040307
0.9997195150462465 0.021732542358829966 0.010096769793298072 -0.1532813170177089 -0.021783747478480747 0.9997449857369208 0.005839328069955057 0.37690974678739286 -0.009975471797276005 -0.006058190499535264 0.9999327910319283 3.187850041944773
0.9997156946419513 0.021874641471506022 0.0101694082415604 -0.1542370226937337 -0.021926526411563438 0.9997415872776128 0.00587762842644066 0.3792207185923037 -0.01004648750863605 -0.006099633916118243 0.9999316544796185 3.2083324802916753
0.9997129395475975 0.021996035822808437 0.010214341948019692 -0.1552557876072164 -0.022048563941448107 0.9997389541492406 0.0059107464917000675 0.38158044158093773 -0.01008982277567351 -0.006135129082529737 0.9999313600999574 3.22656658832083
0.9997095188175729 0.02212390252832858 0.01027400969060536 -0.1561629555145606 -0.02217691113831193 0.9997358504283842 0.005936109581192022 0.3838398616224743 -0.010148220639974118 -0.006163212111322229 0.9999306001687778 3.247609141945737
0.9997064616383484 0.022232950697908756 0.010325192525465886 -0.15709828759999012 -0.022286641779907433 0.9997329709042595 0.00598075944619419 0.386093125729365 -0.010197788009224091 -0.006210006570243739 0.9999295703274095 3.26657686965119
0.9997028923012872 0.02237135017180081 0.010384279584373888 -0.15804050199647615 -0.022425745964410493 0.9997296934048093 0.006010504067138195 0.3883978142130319 -0.010255305979393451 -0.006242354243271577 0.9999289010038143 3.2863008756282377
0.9996999220381125 0.022473831064056322 0.010449705348592537 -0.15816306544891076 -0.02252877699323642 0.9997270925544255 0.006038338503312891 0.38946427491108887 -0.01031951032587788 -0.006272671729110636 0.9999279940855501 3.3213561389734894
0.9996957568624467 0.022614282723940612 0.010529429176061053 -0.15880209280073976 -0.022669760685035064 0.9997233632690992 0.006069629065909669 0.3915849164637377 -0.010397835739681427 -0.006307022340058537 0.9999267924781006 3.3156708831039783
0.999692577671908 0.02273118197512213 0.010591642916123647 -0.15911627563316075 -0.022787316851122816 0.9997203927337512 0.006100084473090478 0.3938526336309104 -0.010458605207397473 -0.006340007914552181 0.999925951953074 3.3291174191092407
0.9996893958347395 0.02283790508331406 0.010662695753557884 -0.15936037863096264 -0.022894797331531755 0.9997178375858973 0.006117960239722758 0.3961142955465011 -0.010528522794789203 -0.006360437047459422 0.9999250896747461 3.3494108709742534
0.9996867495099016 0.022933329014253465 0.010701357334388307 -0.15988537620983873 -0.022990429823578788 0.9997153370934765 0.006148016319103652 0.39840042292160643 -0.010566118924817316 -0.006392228253108448 0.9999243739668463 3.367718424206103
0.9996832973514211 0.023058740552326373 0.010766057168803881 -0.16055481082095033 -0.023116645513038783 0.99971251780142 0.006173356977197153 0.40073247565087405 -0.010629326236442905 -0.006420706181098814 0.9999235251750314 3.3878789634688493
0.9996792215015513 0.02319079255309526 0.010839883445990562 -0.16123495025962986 -0.023249316357004123 0.999709198095401 0.006203992520571666 0.4030358354687665 -0.0107016335884393 -0.006454267809203449 0.9999224213000629 3.40856107895908
0.9996754625399112 0.02333753414869413 0.010894934332495007 -0.16215721617275228 -0.023396601086303367 0.9997055619748585 0.006237142451964159 0.40537959534993695 -0.010754983077885057 -0.006490440515026306 0.9999216183553407 3.4277504477507676
0.9996725454577832 0.023445115888681624 0.010932124692754402 -0.16299034104362958 -0.023504858706938546 0.9997030132643532 0.006277469994039618 0.4076925939346176 -0.010790548283465975 -0.006533085861695122 0.9999210804782059 3.4481686467565487
0.9996693615329311 0.023559608315417997 0.01098837983014156 -0.16383470090362637 -0.02362024170292839 0.9997001892748346 0.006314513412341966 0.41004938766247506 -0.010845166173740789 -0.006572768949487807 0.9999203515957772 3.4659730717347603
0.9996659248246029 0.023687419546424105 0.011059429276943533 -0.1648249447854102 -0.023749159782511787 0.9996970845479576 0.0063618728485671325 0.4123933544347004 -0.010914087081279012 -0.006623332825465833 0.9999193903134238 3.4862416865896924
0.9996625299058309 0.023808870595563282 0.01109540702440933 -0.16580866742758057 -0.023871146821578156 0.9996939954771019 0.006391931949795397 0.41472368687629735 -0.010948591949664669 -0.0066554160268382095 0.9999189200302852 3.5063246751909585
0.9996585168974049 0.023939366562063056 0.011177172883890304 -0.16670657324601695 -0.0240022212572354 0.9996907577237287 0.006408251875485477 0.4169586547372245 -0.011029165936892741 -0.006675114818665821 0.9999177288630626 3.5255741968355183
0.999654795460725 0.024062412018937357 0.011246474751564263 -0.16758063934244882 -0.024126181203713445 0.9996877738080324 0.006446535217185336 0.4192875185833025 -0.011096642460069051 -0.006716619275498991 0.9999169466647919 3.5453103908756107
0.9996518276141338 0.024164292465457198 0.011303239980496269 -0.16844697609081732 -0.02422843988543735 0.9996851854366581 0.006464243423352905 0.42155868127830576 -0.01115237030933451 -0.006737033105129687 0.9999161339219483 3.5657045398504135
0.9996487439028711 0.024266373572754043 0.011368330275960157 -0.16931303312913726 -0.024331316047230135 0.9996826062416376 0.006495696558043569 0.42386190932836904 -0.011215929577373033 -0.006771463319034576 0.9999153134108673 3.5860869964958795
0.9996445002196139 0.02440206281890026 0.011451919963333662 -0.16969934921247642 -0.024467917644659866 0.9996791828457511 0.006529017208690834 0.4250852583999513 -0.011297761972937468 -0.00680842298981095 0.9999141458276422 3.6189429407738416
0.9996413096539823 0.02451447158626055 0.011491025084667742 -0.17034383841132889 -0.024580991699331593 0.9996760155280101 0.006571583061633544 0.4271902537078512 -0.01133510746263764 -0.006853265524036696 0.9999133600188437 3.6124861342189156
0.9996370097285563 0.024637691289672217 0.011571216784895618 -0.17048812840344257 -0.024704849423252854 0.9996727268201311 0.006590030628604987 0.42935720299317454 -0.011414121145965416 -0.006875017824810434 0.9999121972647614 3.627536204346728
0.9996328345652764 0.024774868224956885 0.01162448078909245 -0.17086847480036726 -0.02484280136384324 0.999668657814594 0.006635755580268031 0.4317622666328659 -0.011465441394865553 -0.006923284098397118 0.9999112789933386 3.646080212109828
0.9996289735930606 0.024897267126325985 0.011695606346644988 -0.17138993671699823 -0.02496601375487367 0.9996654302326508 0.006660996555253229 0.4340895525418812 -0.011535037754984384 -0.006951511257903184 0.9999102839455223 3.665150636115691
0.9996252771813006 0.02501470484572919 0.01177151040542303 -0.171968220967427 -0.025084464705039323 0.9996622495666422 0.006694844078829672 0.4363921302813266 -0.011609284254294512 -0.00698848179576458 0.9999091699321166 3.684398572030976
0.9996216555808931 0.025128004914789354 0.011833385948051204 -0.17266650945729664 -0.025198411517452987 0.9996590204885472 0.0067231015128585234 0.4387349630894506 -0.011669728043702669 -0.007019421291430961 0.9999081325022544 3.7029159848520163
0.999618070304171 0.025250598655216984 0.011895931515198204 -0.1735710566318259 -0.025321903693421334 0.9996559374145213 0.0067541083318900545 0.4410669637178468 -0.011730551781167487 -0.007053787162358226 0.9999071832415434 3.7219069456721297
0.9996144688573929 0.025365022549632833 0.011955812861800759 -0.1744100861991381 -0.025437091083908386 0.999652695601739 0.006792806238314378 0.443420831115983 -0.011788744927780183 -0.007095334741552489 0.99990614925165 3.7417132833522664
0.9996106972194817 0.025473483435438215 0.012026068047127237 -0.1752736775239068 -0.02554627155866398 0.9996493665768427 0.00682088675399169 0.44576391888235706 -0.011857761700068442 -0.0071263853456666245 0.9999047601194746 3.760887738544151
0.9996069027546531 0.025601345279646782 0.012070728841914102 -0.17620401541205388 -0.025674647874501973 0.9996459223755778 0.00684448875044018 0.44809769924230386 -0.011900981702097859 -0.007152668995662338 0.9999040615330217 3.7799731766224047
0.9996031343312884 0.025735267463872967 0.01211808677790524 -0.17711197375251533 -0.02580971732342625 0.9996425426978518 0.006884653109989623 0.45044613172877856 -0.011946060559670376 -0.007195871906424407 0.9999035720840752 3.799978926723716
0.999598541642769 0.025882384236970916 0.012179486212360499 -0.17804751715360437 -0.025957749814060974 0.9996382152185492 0.006923670575299451 0.4528102935150924 -0.01200546031080731 -0.0072379827250399565 0.999902499102021 3.8198151640520397
0.999595223062327 0.025990552747317583 0.012251383870579445 -0.17889473597917654 -0.026066987455201182 0.9996353398931042 0.006963719456292924 0.4550930738072962 -0.012075331684399573 -0.007281396246517738 0.99990146454501 3.8403247106785265
0.9995913395672363 0.026103466965539952 0.012338550681153904 -0.17963445293479133 -0.026180829525828016 0.9996320941605966 0.006994716165659454 0.4573659667395897 -0.01216089671675982 -0.007315931485527999 0.9999001798183277 3.861622664938308
0.9995875378288712 0.026218292947083378 0.012413354518616497 -0.18050820394904166 -0.02629649447380379 0.9996288834323561 0.007020213108842961 0.45964108734008124 -0.01223413665166391 -0.007345105604592141 0.9998990180664795 3.8814518636603053
0.99958404585241 0.026347817158811602 0.012440159280320922 -0.18081599816878713 -0.026426720368024383 0.9996253272454805 0.007055639870038524 0.4608586206310305 -0.012258930671086996 -0.00738317161377826 0.9998984362804846 3.9138697862564484
0.999579464761817 0.026488283800690866 0.012487234932932249 -0.1815737900813952 -0.026567683307497782 0.9996209297323162 0.007098902727009889 0.46301449048647253 -0.012304196334576233 -0.007429061070715133 0.9998973063768439 3.9105488110603632
0.9995753984482618 0.02660383633273429 0.012563332812407834 -0.1817327635145419 -0.026683836795431497 0.9996173156497435 0.007130090264845871 0.4653603686379341 -0.012378847664688178 -0.007463414579344522 0.9998960742336686 3.923346952082524
0.9995714325569346 0.026723568242478398 0.012625177428532025 -0.18213384420972767 -0.026804419601876826 0.9996138935601794 0.007158757755573815 0.467748216247303 -0.012439098626269914 -0.0074951482719050515 0.9998950325130506 3.9413852055854885
0.999568010654035 0.02682647352732425 0.012696986968509214 -0.18247567017423033 -0.02690830852974609 0.9996110640583667 0.007181934860148239 0.47009160548564377 -0.01250933796784971 -0.007521673606915094 0.9998940783648106 3.961343666819587
0.9995634356360642 0.026959096062590743 0.012763100628887232 -0.1830983968937424 -0.02704187488063789 0.9996068531106052 0.007233935492851656 0.4725155896896834 -0.012573236752039385 -0.007576799829603165 0.9998927454127812 3.980994300670161
0.999559640058877 0.02709147105247538 0.012798785122141164 -0.18395281396700439 -0.027175384142613414 0.9996033533779629 0.0072691649892909415 0.4749310263497324 -0.012606707307186878 -0.007614917709587399 0.9998923923344497 3.998531700045005
0.9995556709069695 0.027229093017290627 0.012845254532823744 -0.18472667143144778 -0.027314068723068415 0.9995996422042102 0.007310624668877519 0.4773602845527917 -0.012650743957613458 -0.007659633296406139 0.9998917340655284 4.017974294954082
0.9995516838488822 0.02734363522610378 0.012907841568540857 -0.1856179933569828 -0.027430009120141367 0.9995958992900917 0.007373517775668141 0.47978329756614607 -0.012710678136485853 -0.007725518232913613 0.9998904099177085 4.037469727471403
0.9995482093513742 0.02745234774551772 0.012955995300983587 -0.18632542106807723 -0.02753954052576864 0.9995925668255038 0.007417363399910309 0.48213198688126574 -0.012756858738954076 -0.007772083447890817 0.9998895836806098 4.0573987799066265
0.9995444919584496 0.027568942644200557 0.013022870199725346 -0.187275178626854 -0.027657645672636642 0.9995891786389216 0.007468559548433853 0.48445230427977665 -0.012821149122589411 -0.007826862754098229 0.9998885751258658 4.0768725473829015
0.9995404973958496 0.02770829886292037 0.013030084955007668 -0.1882102277773786 -0.027797464926145373 0.9995852375058175 0.007509591968490273 0.4867903696723991 -0.012826192502973125 -0.007869990177172513 0.9998882937767042 4.0974896090788056
0.9995360888369015 0.027847158995237507 0.013073082337978386 -0.1891369440930602 -0.027937136809661922 0.9995810431049924 0.007550731494704569 0.4891490653339183 -0.012866962891776234 -0.007914034081163774 0.9998875432407645 4.118011546266378
0.9995318212186791 0.027967739915233936 0.013133437009899022 -0.18989460632813643 -0.028058647408233144 0.9995773058274144 0.0075876822656075855 0.49145465611234923 -0.012925332587804317 -0.007954420455307422 0.9998864744745185 4.139352904125351
0.9995286196553341 0.028057426521003365 0.013195004467324025 -0.19071225496121932 -0.02814951957867056 0.999574405455323 0.007633773257782886 0.4938160834368989 -0.012984838306755586 -0.008003683884299697 0.999885196149831 4.159228700853665
0.9995248285290581 0.0281784757455801 0.013220342076468144 -0.1916843587344358 -0.028271156811155187 0.9995706017979604 0.007667672790867466 0.4960928261358046 -0.013008300151437384 -0.008039649346539519 0.9998846026701165 4.178878057987195
0.9995203863614612 0.028305292407173846 0.01328129806935562 -0.19173524212173498 -0.02839884778792401 0.9995667663139497 0.00769689581666833 0.49726692996334637 -0.013067469787759472 -0.008072206559336794 0.9998836912149913 4.212764520124067
0.9995162284598085 0.02844147739880495 0.013294922652478393 -0.1924625129817006 -0.028535762362250666 0.9995625312015602 0.007742182804777942 0.49942929393878877 -0.013078729814966848 -0.008119289133463282 0.9998831614324296 4.209084917330975
0.9995128336720951 0.028557282269858306 0.013298116616327646 -0.1927052465112282 -0.02865204392994896 0.9995586202969696 0.007787378300744137 0.5016606817590666 -0.013079810933312999 -0.008165896089738122 0.999882768928724 4.22490370092312
0.9995090561835924 0.028655962243014636 0.013379285587539584 -0.19280960330469346 -0.028751691769590085 0.9995557836804537 0.007815105531467357 0.5039936452738211 -0.013159281599367946 -0.008197350955089108 0.9998817110854148 4.244272086287788
0.9995050390361704 0.028772917161250147 0.013429130856696815 -0.1932225280277977 -0.028869236767414742 0.9995521872177231 0.00784211391393613 0.5063645321601599 -0.01320751858110841 -0.008227204598141418 0.9998808324995301 4.262036249105274
0.9995009525502129 0.02891800441341459 0.013417894881979088 -0.193964718958669 -0.02901492320339645 0.9995476083182027 0.007889813469127446 0.5087880063254046 -0.013193683156109403 -0.00827630161574987 0.9998807285870449 4.279612864308157
0.9994964929428938 0.029046136461988545 0.01346082661426096 -0.19458254086691554 -0.029143728822342067 0.9995433336380393 0.007927026076490283 0.5111987095816535 -0.013234633245097351 -0.008316229702803032 0.9998797391534241 4.299919511893333
0.9994917767411274 0.02918176033694402 0.013492074586140516 -0.19542662157810226 -0.029280090005394152 0.9995387227690877 0.007976557665087355 0.5136436336052811 -0.013263413802991142 -0.00836824347291738 0.9998786273929481 4.318598619337146
0.9994881162813588 0.029290483042163525 0.01351962270423832 -0.19612175807485246 -0.029389324508837824 0.999535087647489 0.008015403333568292 0.5159682154537323 -0.013289050089495442 -0.008409205447442192 0.9998779454815854 4.339180063895525
0.9994843667191822 0.029391480531111205 0.013565100631398541 -0.19688097587785788 -0.029491016023508777 0.9995316606453185 0.00805452386430453 0.5183387565670957 -0.01333265476274474 -0.008450723188092443 0.9998770164803352 4.356860629378212
0.9994805511744576 0.02951368236046389 0.01359000494638955 -0.19783855444003567 -0.02961411668673297 0.999527711996031 0.008094425800498975 0.5206734878877233 -0.013355247549319518 -0.00849291661546761 0.9998763569212971 4.375135488162132
0.9994766409249218 0.029643555774521 0.013630320571546587 -0.19874916684279656 -0.029745126415332678 0.9995238815904333 0.008132975767495011 0.523086183603273 -0.013393000953346565 -0.0085346817431299 0.9998757349217272 4.3936861568736685
0.9994723572785414 0.029783825119258873 0.013665151082547384 -0.19958469689481576 -0.029886691211154653 0.9995197670294046 0.008180360866807687 0.5254334818430743 -0.013424875812270323 -0.008585414092643517 0.9998752319965577 4.413411254110744
0.9994686654454265 0.029882442646877394 0.013737521432259427 -0.2003107761441697 -0.029986709725338782 0.9995166365888163 0.008226795559247947 0.5278609919688251 -0.013494796619237255 -0.008635649156974255 0.9998739815103819 4.432193396476754
0.9994645096383851 0.030001848733253414 0.013771641707279039 -0.2012094258751854 -0.030106931787921138 0.9995126370028389 0.008274131200750635 0.5303411104777083 -0.013526537035564964 -0.008685544007681874 0.9998731228811902 4.451900782469457
