1.0 0.0 0.0 0.0 0.0 1.0 0.0 0.0 0.0 0.0 1.0 0.0
0.9999848008155823 0.0001016855239868164 0.00554300844669342 0.01184515468776226 -0.00010254979133605957 1.0000004768371582 0.00011104345321655273 0.0013362716417759657 -0.005543053150177002 -0.00011147558689117432 0.9999846816062927 0.20537936687469482
0.9999777917068298 0.00020480247450294087 0.0067196809123935 0.015285822037046953 -0.00020657133775792147 1.0000006945292226 0.00020159631408223078 0.003665913402608495 -0.006719586788189069 -0.00020300529408068257 0.9999774338256013 0.2697221838178859
0.9999341051085953 -0.00116745394954927 0.011469561731848571 0.02632272970347071 0.0011550364738213512 0.9999994980890967 0.0010378499672347328 0.008098889618651264 -0.011470761511976981 -0.0010244678228325198 0.9999335450828617 0.4370658761538652
0.9998665362529472 -0.001372686515153108 0.01631039997028934 0.03601223951021283 0.0013558726412977807 0.9999994283862491 0.0009974595282399791 0.009500658163168777 -0.016311813185873204 -0.0009751122947471516 0.9998663181535261 0.6155053254534248
0.9998482601724129 -0.0013393713888529475 0.01740438846441542 0.03805774432670258 0.0013237864819651475 0.999999549412939 0.0008602571678441345 0.010719227880809139 -0.017405523194197223 -0.0008367585272484098 0.9998480130495114 0.690853372160059
0.99977991079831 -0.002409570342825841 0.020868526147495767 0.04737547810719656 0.0023934420623736674 0.9999975069560917 0.0007614168564778426 0.012220678685249044 -0.020870284099098333 -0.0007109349277723469 0.9997816575149744 0.8747923340686349
0.999760264967588 -0.0023575743105665133 0.021792701290287826 0.052223417389599444 0.002337095821249903 0.999997140786239 0.0009506689093498336 0.014287142961925719 -0.021795022206870962 -0.0008990255606333343 0.999761686532043 1.0535103206372538
0.9997576960652861 -0.002159723981671964 0.021926205914750314 0.05142270324026612 0.0021383065333169687 0.9999973781434732 0.0010025389372187966 0.015346737250529749 -0.021928710930110635 -0.0009548491835297521 0.9997584886211884 1.1289571995136427
0.9997586180495711 -0.0018035815199419281 0.021919393073146734 0.05301574089479355 0.0017776761189238143 0.9999978881364582 0.0012035115154595997 0.016208474288276303 -0.02192184144297469 -0.0011637553627642995 0.9997583173832217 1.3180160248253798
0.9997666772269093 -0.001180324223095298 0.021584184585973328 0.05233912751936767 0.0011552416808736786 0.9999988493300421 0.0011757951975693022 0.01580109267126408 -0.021585733597383017 -0.0011501159437218337 0.9997655809406567 1.5127483387426208
0.9997728207992556 -0.0010145417512716838 0.021336892113401812 0.05060750970872376 0.0009875084736828618 0.9999996720504232 0.0012478995792246986 0.015784420093682437 -0.02133777519921608 -0.0012267883747397582 0.9997710735481512 1.5959490611020912
0.9998086049100385 -0.001010473185889226 0.019573510705146895 0.048534313007763064 0.0009776368908887066 0.9999988019813706 0.0016673221933813358 0.014788478664565452 -0.019575019194213145 -0.0016479427999877008 0.9998062751520166 1.7890538920158967
0.9998407165737727 -0.0008345425914460551 0.017863083150319186 0.04560124666505352 0.0008006900426503816 0.9999986136686108 0.0018848283741955355 0.012678701350876585 -0.017864579229390908 -0.0018700585714780899 0.9998379072808982 1.9987402543465407
0.9998459658106997 -0.000732949542459934 0.017560420114717534 0.042962630319189565 0.00070106478742783 0.9999984604297868 0.001818931081263197 0.011356281186039515 -0.01756191326114088 -0.0018060890466752634 0.9998432003907969 2.0900434573000823
0.9998625745678709 -0.0003325259180905023 0.016576787286845862 0.03981872748638615 0.00030871821353890366 0.9999990581475592 0.0014455920201966767 0.00799763334015962 -0.01657768345266237 -0.0014396717650094885 0.9998603207682718 2.2971409847649786
0.9998851642525023 -5.262015885536622e-05 0.015195030176751676 0.03637140489268316 3.725063369227867e-05 0.9999999069069228 0.0009985768456025556 0.004029759391027498 -0.01519506540224086 -0.000997783826284499 0.9998831006854874 2.522588460888541
0.9998904260290611 0.00016525209506142695 0.014857264476592308 0.03633589606698162 -0.00017847896953376112 0.999999921895195 0.0008723215170695616 0.002963397918728433 -0.014857200986406126 -0.0008747482220468517 0.999888240487771 2.644916022975788
0.9999026221926307 0.0008593009746750129 0.013980189442159454 0.03464262396342676 -0.000867250361263063 0.9999998350593533 0.0005583611937546777 0.00026013607106184933 -0.01397999025034402 -0.0005701947167787824 0.9999010699082375 2.8826900050506574
0.9999269256270884 0.0007287233010570269 0.012152022340265732 0.03148532722445801 -0.0007305980664121462 1.0000005517034236 0.00012855717773257308 -0.003774874056849057 -0.012152095218364143 -0.0001375351086979617 0.9999254999090583 3.129794459925766
0.999935293192436 0.000805347304952079 0.011459043222452283 0.02793281601795915 -0.0008086804774048182 1.0000005991745167 0.00024374295662076781 -0.005097169594414641 -0.011458874491710964 -0.0002530944544223164 0.9999338473068744 3.240231719535795
0.999966273992802 0.00041841607823620334 0.008324972654503836 0.024466436323224646 -0.00042745552872261976 1.0000002928091603 0.001043690511759175 -0.006165449212887393 -0.008324539573331327 -0.0010473214173253873 0.9999642033229498 3.52443398335978
0.9999856725185625 -0.00023328476561089724 0.005519043066362536 0.019897434119431467 0.00022373508154899252 0.9999994861693464 0.0016811391492262938 -0.00720280119168161 -0.005519380169229147 -0.0016797687174860592 0.9999824871454412 3.813196727964441
0.9999887879970639 -0.00034905126303635644 0.0049930423730599055 0.014962461207867019 0.00033965658837628495 0.9999995033576237 0.0017969375421480222 -0.008660740714819815 -0.004993423933454931 -0.0017954054162730912 0.9999851955232848 3.9453551287944997
0.9999980510510624 -0.0008419562997324181 0.0025062721928804073 0.009747853032682567 0.0008356827903679974 0.9999985836464588 0.002280382005818285 -0.010503594736000653 -0.002507902027475054 -0.0022783992652049894 0.9999934645212575 4.260794474659052
1.0000006641026284 -0.00038835226329526207 0.001282962513053987 0.0026993549887356083 0.00038532807290808907 0.9999993324625915 0.0020132235261846685 -0.0140049774759217 -0.0012835497567004277 -0.002012596983291904 0.9999964241356545 4.569381782170539
1.0000009374584857 -3.9339716255898685e-05 0.0010826725082441863 -0.0028073059820083613 3.6895507791300346e-05 0.9999995982097921 0.0018295638981063918 -0.015749732086774902 -0.0010824574378742113 -0.0018293731194541476 0.9999969315773163 4.725150950635538
1.000001876376186 3.0436456798400658e-05 -2.0063662893134767e-06 -0.008696035774653554 -3.106564075622021e-05 1.0000004451678908 0.0016282085078943537 -0.018815791539668336 2.5613905947049e-06 -0.0016285524472361593 0.9999980567514598 5.0475646268357925
1.0000010493091853 -0.00029962439229193403 -0.001327817252125874 -0.01508239004223767 0.00030160084675920015 0.9999998740005205 0.0018751902956697872 -0.01996982130731904 0.0013277470721217578 -0.0018758223897866104 0.9999966975249952 5.373538801340518
1.000000752336296 -0.0005054092819650133 -0.001684415883817216 -0.020628623523927535 0.0005078464240073091 1.0000002038653466 0.0019200395470532797 -0.020854103948261555 0.0016841837913783555 -0.0019213661720722365 0.9999961397396095 5.536377774611585
0.9999984859656718 -0.001120023025988405 -0.002633044869145093 -0.02685339151607047 0.0011235069103524295 1.0000003847120533 0.0017243522590509658 -0.023064344619459557 0.0026319954690868837 -0.0017278223590049394 0.9999947977606142 5.861446055665159
0.9999961175372888 -0.0007134233562873603 -0.0034570108822793884 -0.03500525887079704 0.0007170225041465547 1.0000013023866257 0.0013192754356825672 -0.026179664910189845 0.003456698654764728 -0.0013219163308122797 0.9999926705370866 6.17264431996482
0.9999950363122987 -0.00045567872510494267 -0.0037541144367659765 -0.04110253776164762 0.00045941516951267974 1.0000011642206135 0.0012029816759636578 -0.028015954016751395 0.003754076453421244 -0.0012046163435698574 0.9999914390679644 6.332055212107606
0.9999919907455929 -0.00014984584233860662 -0.0044758989349087805 -0.04567414728128358 0.00015200751641763469 1.0000013367964673 0.0006322915846177135 -0.03176996984134837 0.004476103075217893 -0.0006326007855959936 0.9999887002461221 6.665465405886414
0.9999909490235106 -7.954371364227202e-05 -0.004817418374297186 -0.049881343128842535 7.846282375676108e-05 1.0000017179028078 -4.743301775794078e-05 -0.03563866303311105 0.004817891239902541 4.709360963859959e-05 0.9999876010626808 6.997355925040395
0.9999903433902771 3.3117594955779265e-05 -0.004870993339069454 -0.05379820426640323 -3.4460928187226845e-05 1.0000012453399858 -0.00014411610792926734 -0.036978184055426626 0.00487122969467121 0.00014464398996117344 0.9999870403255439 7.168690573979066
0.9999875337932094 -3.8399713660307733e-07 -0.005423424308208721 -0.059317153802900355 2.089936029265321e-07 1.0000017602864226 0.00011181581667183787 -0.03790024281721726 0.005423791838612416 -0.00011164305325499156 0.9999842074404827 7.522122615368701
0.9999808214852891 -0.0004855779741816963 -0.006474519872797056 -0.06667233478926757 0.0004890854353070708 1.0000011104424835 0.000591469825685821 -0.03808457930193018 0.006474500365672102 -0.0005944859732734809 0.9999776184204933 7.880544838015997
0.999979897279251 -0.0003802408541442262 -0.0066251977130615545 -0.07285696743587812 0.00038376360933587794 1.0000008027213114 0.0005941676433240776 -0.039090462975106446 0.006625210398790919 -0.0005965158078167181 0.99997646238165 8.052824889635442
0.9999767825532238 -0.0004813341217217864 -0.007035599711920749 -0.07978890356717358 0.0004856928756049385 1.0000005915607788 0.0006830296219588779 -0.040825721703471776 0.007035456089125045 -0.0006862664696033994 0.999973452026666 8.417454602957141
0.9999741549232543 -0.0007357024894713281 -0.007383304005912222 -0.08698708809540152 0.0007427369193076087 0.9999999646759581 0.0009821059838690514 -0.041213723152181025 0.007382705682700228 -0.0009871588774074693 0.9999706225450353 8.782361339879735
0.9999728156363633 -0.000743311400244281 -0.007555906950431615 -0.09323557590734306 0.0007514893235110679 0.9999998486820446 0.0010937066868501755 -0.04148464655026188 0.0075551577428483495 -0.0010989467678902986 0.999969178941905 8.964551950279114
0.9999689821731308 -0.0007283507104954702 -0.00815890111440042 -0.10158664761350841 0.0007400200404271528 0.9999999875580691 0.001518890734666604 -0.041741021183454276 0.00815835689033815 -0.001524914479503704 0.999964396165092 9.333187242993715
0.9999635706312378 -0.000675357073273994 -0.0088267505936216 -0.11046496213252492 0.0006904895881099504 0.9999997046775698 0.0018076874295155768 -0.04214411398448887 0.008826190828931671 -0.0018138867178137535 0.999958269590533 9.7061583079438
0.9999575779967383 -0.00010317608570300938 -0.009514382102132667 -0.1222469198524783 0.0001443969329626612 0.999991660869358 0.00445567914590567 -0.03797659380946164 0.009514185269233278 -0.004456996041015597 0.999943716338903 10.260218854574958
0.9999490060588989 -0.00010824401335126266 -0.010371441518958665 -0.1321003622419779 0.00016281812067432612 0.9999870862201072 0.005348139222481112 -0.03549719170324644 0.010371003959919353 -0.005349562313261773 0.9999308690769433 10.633814082221756
0.9999455277627158 -0.00011189639967827033 -0.010706758467560208 -0.13932707520731186 0.00017098899809651696 0.9999857568749624 0.00559642481156077 -0.03471280814669467 0.010706252591207454 -0.005597982295537583 0.9999261822938431 10.806977668653428
0.9999250463790683 -0.004602327413379301 -0.011622993139526342 -0.14649956074898762 0.0047144184881857286 0.9999432089066144 0.009733587183442692 -0.02456010944752461 0.011577569928612337 -0.009787366870095637 0.9998845134022278 11.177881354393742
0.9999244478017791 -0.0033879855878456116 -0.012121448605952309 -0.15894025700708733 0.0035362124290353367 0.9999194215600361 0.012332963072644088 -0.016904298625981994 0.012078263392516608 -0.012374329475071735 0.9998503755866759 11.546828905012989
0.9999271266669479 -0.0011182667621335285 -0.012286651865010495 -0.1661500740001758 0.0012568705539608253 0.9999360802191904 0.01137549205379429 -0.016177945600285792 0.012272373972688518 -0.01138934279892278 0.9998589902785979 11.725020939062123
0.999919984613826 0.0023529875067618577 -0.01269942321777218 -0.17776051466231124 -0.0022480027584958276 0.9999642448772387 0.008366150756398382 -0.01968352240613327 0.012718152817452989 -0.008336198175025848 0.9998838614472366 12.057535119935853
0.9998884700782352 0.006910760444343199 -0.013509246016541016 -0.19233180523789475 -0.006825017286466274 0.9999576928295566 0.006469863664109625 -0.02065613542623516 0.013553021673405073 -0.006376576380158454 0.9998881300123584 12.410415280043654
0.9998965702492186 0.005458068326059316 -0.013583577699476677 -0.1967516459394979 -0.005396764311314752 0.9999767762018216 0.004658728766824992 -0.02257131371934402 0.013608568318448876 -0.004584826730481518 0.9998972943046421 12.565941303308337
0.9999144743322808 0.0005604896245640526 -0.01338519867683651 -0.19964746345534082 -0.0005407146098519439 1.00000153054239 0.0016451263366674893 -0.026790050904257564 0.013386088203819743 -0.0016377308268479265 0.9999097378915124 12.912063206367586
0.9999123218844176 -0.0032691831946449574 -0.013145410217922586 -0.20851261924786024 0.0032888865879248013 0.9999962604298537 0.0016517468092270308 -0.024908053211259096 0.013139887744621716 -0.0016948888725547117 0.9999128772798717 13.270977874994713
0.9999093479506694 -0.003871546213898081 -0.013203602219372466 -0.21602185769494606 0.003890986898297798 0.9999944087685905 0.001645147760271723 -0.024493690534185878 0.013197241940105154 -0.0016966649418990649 0.9999120635514391 13.429281447789677
0.9998926535594744 -0.005474422773169467 -0.01388035892272261 -0.22318612068520133 0.005449227446688489 0.999987098758002 -0.0016612631863123968 -0.03144327218853393 0.01388947962119523 0.0015851690660185639 0.9999028453981696 13.757066396151568
0.999897859563331 -0.004054013709777697 -0.014000920441217575 -0.23244776131092365 0.003949954055536076 0.9999692094571407 -0.0072628898566606225 -0.045294764907758724 0.014030245747686576 0.007206426547468055 0.9998763080880118 14.084681441040702
0.9999086764105154 -0.002051784213573168 -0.013660155327781016 -0.23913303607231026 0.0019454725328676863 0.9999723148542746 -0.007614034358874597 -0.045310394235000266 0.013675363305513083 0.0075868236251033 0.9998776947381717 14.254572279098698
0.9999193903562958 0.0010663268489296673 -0.012963828676999668 -0.2472289161065823 -0.0011260454319791367 0.9999927500855929 -0.00440932881159977 -0.0421280688864 0.012959011906339612 0.0044236037011208445 0.9999060679436382 14.623284856905755
0.9999057448339901 0.004409583388677706 -0.01330476969820265 -0.25731828288283115 -0.004434258757051924 0.9999921519605568 -0.0016439459036056273 -0.03901371016360772 0.013297317748607828 0.0017029247335244605 0.9999102658373803 14.998006461802403
0.9998989289591185 0.004278040658185671 -0.013820826011891376 -0.2618628903737236 -0.004271895171226506 0.9999937539251906 0.0006361956834640688 -0.03574440996157279 0.013823611967493947 -0.0005772366941861863 0.9999041679177837 15.188910720571464
0.9998999399679507 0.0002747196872870925 -0.014399246560450081 -0.26938145313218903 -0.00021369178681199713 0.9999934214324987 0.004408344298587659 -0.02799856844974324 0.014400277118439024 -0.004404952524169148 0.9998866786965759 15.579725844337812
0.9998973543985051 -0.0031035637544822013 -0.014257751665258304 -0.27787965686054483 0.003195136828803678 0.9999765260055218 0.006595243844266652 -0.02244814558799537 0.014236599330026195 -0.006639895562717154 0.9998768091954688 15.967965618703605
0.999894455746027 -0.0033092489469362728 -0.014387132234298496 -0.2856161452853447 0.0034037322111479754 0.9999746382020446 0.0067176731290743185 -0.021460286806819145 0.014364018607556777 -0.006765303787680914 0.9998740375975098 16.14149554012914
0.9998931805584187 -0.0030995525911304313 -0.014532251210374391 -0.29079710731993574 0.003192881470332887 0.9999763333141022 0.0065721928762589345 -0.02153771812110685 0.014511079051230396 -0.006617261581298359 0.9998729268830745 16.49605476293092
0.9998988203108694 -0.0021030077994354944 -0.014348593495822919 -0.29724478374873525 0.0021875931658734914 0.9999822941143337 0.00608915548569753 -0.021812695765729518 0.014335622962011817 -0.006119898649696074 0.9998790092429427 16.819534670988375
0.999901149646743 -0.0017588551033509855 -0.014211977737325191 -0.3012426150726664 0.00184120871090432 0.9999834569139593 0.005983597184147504 -0.021216573265811254 0.014201135297878448 -0.0060090366275227305 0.9998814933413255 16.971616753419603
0.9999050064955628 -0.0013010428108074816 -0.01399323146081849 -0.3069045269785646 0.0013800282010212495 0.9999846910373523 0.0058396678216017925 -0.021214473507910635 0.01398526415827112 -0.005858097586705858 0.9998852253501536 17.265487078499927
0.9999064765509194 -0.0010728163082591353 -0.01389253158211453 -0.31288248508108635 0.001145229201921051 0.9999873288084776 0.005402789358255128 -0.02271824957891598 0.013886329783172535 -0.005417728234974398 0.9998888283021534 17.545899789380602
0.999908010674742 -0.0009182169752708594 -0.01376863488928828 -0.31770896237970214 0.0009874725943227174 0.9999882877254793 0.005192915406961891 -0.02326797442887334 0.013763152401006614 -0.005205276904417747 0.9998914451811649 17.6709227242222
0.9999135925775354 -0.0007966283600873294 -0.013336851187571315 -0.3213979835167931 0.0008600323212772345 0.999989657760071 0.0049190426577900076 -0.024293129237179568 0.01333215775846246 -0.00492916037706778 0.9998985147290594 17.941041410945424
0.9999200667841474 -0.0005179003222632052 -0.012885755338345403 -0.3259105806417521 0.0005790166425287682 0.9999900656745002 0.004933408390309026 -0.02382875157233681 0.012882671813498137 -0.004939691780035804 0.9999045798003439 18.19933801267621
0.9999216547580869 -0.000345926265839083 -0.012751026648317457 -0.3300805985560384 0.00040642346435882954 0.9999900694628149 0.004928866796734876 -0.02347532116625349 0.012748705179864992 -0.004932736625755895 0.999906278783129 18.31539834006226
0.9999266588309844 -0.00022420500962567767 -0.012348063705669663 -0.3333446280604181 0.0002816520390553997 0.9999903809188162 0.0048277624008215775 -0.023798039757138 0.012346210336547947 -0.004829759255029594 0.9999117366983195 18.554672330332906
0.9999344042775914 0.0002823156172319179 -0.011720423578895512 -0.3367996198655367 -0.0002322743746851376 0.9999921762193933 0.004485214893629373 -0.024702419927315013 0.011721094882446416 -0.0044814121689343385 0.9999209617570088 18.78352970023497
0.9999375613333892 0.0005553560009879856 -0.011414385415745562 -0.34026817505815765 -0.0005081559958620486 0.9999924467584634 0.004331036389143819 -0.024588921665622467 0.011415858020253081 -0.004323914397728947 0.9999250614008977 18.87674314656718
0.9999423619626703 0.0007995340214740365 -0.010961129949449021 -0.3432444617441925 -0.0007581629928779038 0.9999937562675565 0.003985517564681509 -0.025520181257064324 0.010963430067613899 -0.003975877244455918 0.9999314331766808 19.08127708118271
0.999950827037333 0.000885621717936909 -0.010225680246083786 -0.3453281187017606 -0.0008514542709278387 0.999995532379658 0.0036113298582548955 -0.026599481943396487 0.010228472675429513 -0.0036018500724458737 0.9999408662665397 19.285259961720723
0.9999669244590137 0.0006028895752896279 -0.008541792131917138 -0.345339917029901 -0.0005792721703504677 0.9999975653783704 0.0030963246964952826 -0.02884572288694085 0.008543382036795217 -0.0030906880907444847 0.9999586338045101 19.59773537924304
0.9999721525572968 0.0004865877829282588 -0.007923975106166456 -0.3470026416724605 -0.0004652245555169674 0.9999977683205789 0.003052305752156943 -0.028667524144711683 0.00792521623150635 -0.00304782623054312 0.9999638089654358 19.803226531348734
0.999974625964182 0.0006011868358794622 -0.007574882350056753 -0.34682250050950847 -0.0005806715308711461 0.9999976139669366 0.0030462421296884173 -0.0285276178460011 0.007576322180135639 -0.0030409569961021795 0.9999664744731486 19.92670137836911
0.9999819055073041 0.0008351250508074333 -0.006500935846544735 -0.3450307444643755 -0.0008177115968590756 0.9999974079560319 0.00306832637664221 -0.027931822754850986 0.006503077357942142 -0.0030622521078794026 0.9999740652341325 20.138932848267213
0.99998694849808 0.000984255621861593 -0.005614444360629945 -0.34394797852360737 -0.000970366824387669 0.9999977061007839 0.0029303009714831533 -0.02806868460484635 0.005616876922183363 -0.00292412975374069 0.9999797746069454 20.357533867924424
0.9999888797307164 0.0011735728028141972 -0.005205429789673029 -0.34527529247099337 -0.0011610181808557308 0.9999975765222343 0.002911306750520647 -0.02720768697209429 0.005208401302184869 -0.0029045589170253396 0.9999818880819858 20.45505566120113
0.9999949795570411 0.0005157113772360562 -0.004136439884915718 -0.3436574020654709 -0.0005032044665794079 0.9999957203144921 0.003709930949253098 -0.024248352047626806 0.004137885292979378 -0.0037072247812222434 0.9999844124564637 20.67762625669378
0.9999876156941939 -0.004377245699191424 -0.0036774991533655523 -0.3407970954866171 0.004401432164850858 0.9999656259287162 0.007444993697904974 -0.014279114399747625 0.0036440987798267615 -0.007460237946401593 0.9999657204822846 20.907498483951027
0.9999878284234084 -0.00463806898799636 -0.003440288539335474 -0.3436300456648098 0.004664968171816753 0.9999526999108426 0.00891281459021666 -0.00920910382894987 0.003398092918208735 -0.008927884061478687 0.9999545927191134 21.004427701184895
0.9999900494744544 -0.004775882906795301 -0.002543266958147506 -0.3430462331143194 0.004801334021099214 0.9999250168384752 0.011551600590550267 -0.0021753276828458488 0.002487157410349993 -0.011562787303489667 0.9999302263371184 21.22060894012212
0.9999922095440963 -0.004764999767017298 -0.0016213185889757675 -0.34284829119513666 0.004780001884104886 0.9999225298890694 0.011816558390305168 0.0012707578363913286 0.0015643070581366743 -0.011823564219200663 0.9999293310356965 21.426098301113353
0.9999947038874257 -0.0043853345175695006 -0.001272849452101535 -0.3455567457570976 0.004396139189669499 0.9999230231400548 0.011919695444043204 0.0037216413768597746 0.0012200157599150778 -0.011924647488831291 0.9999286770903452 21.52101544920175
0.9999991286515482 -0.0033669431614796667 -0.0005566616248540552 -0.34709485045986044 0.0033707216963765035 0.9999045718803281 0.013639858832537677 0.010730359217982037 0.0005101488740767624 -0.013641002311099111 0.9999072957945867 21.733463306928318
1.000001026769091 -0.002852753090830119 0.00038031804094354373 -0.34671411921454776 0.0028433273889627085 0.9998931809480518 0.01456940592287133 0.016545293498241645 -0.000422322002151879 -0.014567753356361787 0.9998941836876182 21.932782020187034
1.000001193199625 -0.002604242483090659 0.0007062759411151742 -0.34890249450049327 0.002590526696231298 0.9998940706925087 0.014525152524153899 0.01867005127157358 -0.000744800241707453 -0.014522556616854919 0.999894406267032 22.01423208366543
1.0000025202644827 -0.001254674906143556 0.001268377011744444 -0.35183941163888377 0.001233793189950608 0.9999001119037364 0.014240697956159286 0.022138365687175213 -0.0012874631206301564 -0.014237525762842415 0.9998970677381666 22.201305315354443
0.9999965602866548 0.003515320408620509 0.0016156551435940745 -0.3592851064070356 -0.003540422109387535 0.9998954583487154 0.01418865865448914 0.028715544111266898 -0.0015669649505386139 -0.014192564623316894 0.9998969505261115 22.3900690950936
0.9999874768236996 0.0054890746705718784 0.0018361662778841725 -0.365031775091665 -0.005516717143883733 0.9998898499503837 0.0139348497349196 0.033613060044895685 -0.001760721126217146 -0.01394310665531015 0.9999001950478367 22.46670731106089
0.9999204686563774 0.012889768245753884 0.001147828541213731 -0.3770154782655143 -0.012907425275415978 0.9998152769722027 0.014388992954297419 0.04123841259760591 -0.000963380769200069 -0.0144010169830421 0.9998947143922157 22.640790148634963
0.9998219619748052 0.01907943022257788 0.0007893536420875416 -0.38532046594953095 -0.019091722777351175 0.9997068775994976 0.01504611872752815 0.05028904111815259 -0.0005033078595798135 -0.01505699858613983 0.9998859095009317 22.797287333128388
0.9997881467929151 0.020801929009296356 0.000847867702194171 -0.38932947331985934 -0.020815364358590802 0.9996671979991768 0.015424126494713425 0.05741190403533197 -0.0005275394322711494 -0.01543727937108071 0.9998810101657447 22.870986862717682
0.9997705499198756 0.021630299274212533 0.0011296455845107472 -0.39066824946997875 -0.021648551772733563 0.9996378508487094 0.01616303045801299 0.06445772305790073 -0.000780332663455386 -0.01618264720675649 0.9998690755227464 23.033471093970295
0.9998319618677904 0.018566468877212975 0.00127971041239992 -0.39205147664121726 -0.018586238691045684 0.999725061378463 0.014510107034617283 0.06584818646704838 -0.0010105943722824432 -0.014530355515856994 0.9998942527169041 23.19117570872033
0.9998407949340123 0.018082080083793334 0.0014084698880862312 -0.394887632828589 -0.018102563534535918 0.9997493091796946 0.013434270754528035 0.0663968314924997 -0.001165667977172743 -0.0134565527982881 0.9999092219498894 23.262774549593022
0.9998979061031408 0.014468944447186136 0.0022400152916097573 -0.3915009291867576 -0.014491629912611027 0.9998580024025674 0.008953687269514121 0.06012043143343615 -0.002110646354819864 -0.008983996570254772 0.9999576933743246 23.40929545251478
0.9999392517520252 0.011184918266765256 0.002550620116946154 -0.39010664639310916 -0.011197940654484241 0.9999323520158458 0.003962970453768543 0.052882984217944955 -0.0025067515696965454 -0.003989939721163324 0.9999891014403348 23.559716525236354
0.9999403142330476 0.011029944437030488 0.002651624205651958 -0.3925421889955462 -0.011040557401372407 0.9999371208821144 0.0029930557212907573 0.05218891011186836 -0.0026193761752763413 -0.0030205297630335783 0.9999918517612807 23.640445097599702
0.9999409121565314 0.01087834970307292 0.0030142696374769653 -0.3926813038719578 -0.010885919126964929 0.9999418708071358 0.0016358835074776147 0.04942363843250886 -0.0029973791350546074 -0.001667046209998847 0.9999938172514369 23.804254964372745
0.9999488040339263 0.010013177467855799 0.003381474879905239 -0.39269982936193065 -0.010019565039729015 0.9999516721454726 0.0011171238570845516 0.04823096590465636 -0.003371230746829986 -0.0011494068234271233 0.9999934386189024 23.983373860372833
0.9999491022894906 0.009930732659202558 0.00357283461133949 -0.3945906762419181 -0.009935895119062479 0.9999529594825456 0.0007142847280508264 0.04736060340699251 -0.0035667997264816854 -0.0007484049028304686 0.9999932407324299 24.066572654630402
0.9999501936025103 0.009585001949314428 0.004267615850443048 -0.39288657590856274 -0.009580079828862284 0.9999551816621824 -0.0018088122504140687 0.04262587281980393 -0.004285446968445944 0.0017688470431064618 0.9999893973023462 24.251928420734508
0.9999570136600785 0.008601209262977567 0.004803600207355403 -0.3909375580622996 -0.008578246068452366 0.9999518895883113 -0.005332265871337848 0.03626803099260092 -0.00484967478842376 0.005291406601088913 0.999974533711056 24.446318949386736
0.9999696238089946 0.006993655818258126 0.004898454655811927 -0.3924503361471734 -0.006961955415445384 0.9999540230497723 -0.007063290903187535 0.03383151874210956 -0.004947870415651701 0.007029210758240953 0.9999635351515478 24.551962644814317
0.9999792757148758 0.004297102325026422 0.005856146132687739 -0.38856568485205567 -0.004236961733555849 0.9999365280366983 -0.010726140317004884 0.025979497175850165 -0.005902257799586972 0.010701295021641717 0.9999256383049298 24.77601274328451
0.9999297673127678 0.006890445005530092 0.010220074852609798 -0.38477758120258626 -0.00676291667681227 0.9998988162869055 -0.012734986995824446 0.02119410281801385 -0.010307130077811194 0.012665104085774922 0.9998668465120695 25.026925011237445
0.999904061433746 0.008807221797987166 0.01121483457609199 -0.3863334715023034 -0.008661956605939413 0.9998781627122384 -0.013191013995723857 0.022464277912896194 -0.011329923834438912 0.01309243222973843 0.9998503931298606 25.1420675391264
0.9996132823952163 0.023649283627074028 0.015015109069956742 -0.4012337728066097 -0.023473851913174987 0.9996558394978089 -0.011936928311162172 0.030907826307518406 -0.015292275434965256 0.011579683295244496 0.9998161443723038 25.368029437651586
0.9993674880226142 0.032354968171494976 0.015129963536535854 -0.40610834652192584 -0.032213040144199845 0.9994362314121059 -0.009719042046138058 0.037478656405533786 -0.015435799431091933 0.009225296237173816 0.99983785835095 25.66234453803299
0.9993479999524704 0.03279878744764785 0.015467529208200647 -0.40333520210190815 -0.03269821985880732 0.9994438814862895 -0.0068978748584222795 0.0430750167806416 -0.015685086228152283 0.006387603314948524 0.9998561192702249 25.809938625874757
0.9994770604843967 0.02822166301727961 0.016159263224220295 -0.39336727745538735 -0.028214221047581246 0.9996046568572773 -0.0008990913134405811 0.05669552373527591 -0.01617824054296554 0.00044371557188426555 0.9998690382531477 26.15463367756622
0.9996618261118922 0.020556135591761983 0.016314243849483063 -0.38181185505230547 -0.020571838954197005 0.9997915815063028 0.0005589545504070962 0.05941435087079551 -0.01629945878715391 -0.00089321332019828 0.9998668922556169 26.527806877632404
0.9997293067550269 0.01678681015572842 0.01650740297899726 -0.38516573594417686 -0.016791578227560524 0.9998626972826479 -9.534248916877232e-05 0.0604834004124322 -0.01650685698256643 -0.0001806547498507886 0.9998639267953126 26.71383889043913
0.9997810646598143 0.013081385791801285 0.016725766547185335 -0.3840715777058248 -0.013087135021857883 0.9999179998109419 6.5798692793924926e-06 0.062386958267010274 -0.016724344512794392 -0.0002244967608537881 0.9998604507385408 27.081884971726517
0.9998173524652934 0.011257344732662758 0.01587525037735575 -0.38262009978564687 -0.011388171213836411 0.9999077815823452 0.007937903023346765 0.0803139145932418 -0.015784357392459068 -0.008116015680918272 0.9998429787604979 27.490776167865942
0.9998030854132842 0.012466260213619821 0.01586013350911855 -0.38625065684989957 -0.012643917131313019 0.9998646203518322 0.010889973403059024 0.08926126373181514 -0.015721940823368037 -0.011087418338924439 0.9998150160990297 27.708628590308052
0.9996379506167966 0.021938803213746312 0.015999675948340175 -0.3947340794487026 -0.022125978263223524 0.9996945705249012 0.011360579895102238 0.09967415384221205 -0.01574532745145636 -0.011709622731601046 0.9998077963578547 28.10419510575704
0.9995159922850082 0.025566614381284034 0.018100553262140353 -0.3959955443845161 -0.02562827993935132 0.9996711438614085 0.002958531104336576 0.08674538438309116 -0.018018566862491918 -0.00342010734486479 0.9998323215483826 28.537311372886517
0.9995244738810408 0.025659718992425706 0.01751079252312913 -0.39621501961877353 -0.025646089367787762 0.9996746860666756 -0.0012344076724813608 0.08029968689411304 -0.017535997277836477 0.0007850423469248522 0.9998469365202635 28.732939375913396
0.9996417230245653 0.021409054485294773 0.016507767552290584 -0.3887185986988655 -0.021324890873610985 0.9997620097364047 -0.00551511817600371 0.07005255133691715 -0.0166210693219723 0.005161269345115823 0.9998497376629267 29.172322337599795
0.9997514680491887 0.015292516502518156 0.01666838045393352 -0.37930470705773145 -0.015205956595996724 0.9998736535404341 -0.005574719831981704 0.0680917203815999 -0.016750846094789856 0.005320273312997543 0.999846876510303 29.652079069599324
0.9998024975623873 0.011489768769066128 0.016645235795584086 -0.37392929827346144 -0.01137567881943452 0.9999139851075766 -0.007195308124021125 0.06360192485692431 -0.01672575480983373 0.007005054413284209 0.9998369145800707 29.894290114327568
0.9998118657910243 0.011434009273928472 0.01610888880802338 -0.3677357338052296 -0.011236353849590017 0.999862395472525 -0.012576278277124498 0.04667752779777641 -0.016249810077803687 0.012393304041396389 0.9997925707467579 30.344966773540616
0.9997434017436972 0.015387683955318717 0.01702985629048524 -0.36405584096444565 -0.015176780014576244 0.9998084520069416 -0.012698688810550272 0.0406694200186147 -0.017221344209275336 0.012437414221667817 0.9997753581089007 30.830778816417684
0.9997205255147765 0.01652569602033239 0.01730536823272428 -0.3626395311114839 -0.016361115549561007 0.9998221119838995 -0.009851930770023665 0.043658058724126855 -0.0174643950900422 0.009566637702642251 0.999802830277194 31.08096696181648
0.9997560481093273 0.014999626731574936 0.016630192941389833 -0.35374234469055105 -0.014937250218686611 0.9998845702430778 -0.004117521032169916 0.05112213501940157 -0.016689481682803972 0.0038686610156801115 0.999854452084777 31.634959115249274
0.999810383751524 0.01086453999621035 0.016572352078608747 -0.34659717264315804 -0.010822248997111272 0.9999416262799359 -0.0028883207995258533 0.05163813309059154 -0.01660225882797375 0.002709201238022546 0.9998594036496492 32.18343747349723
0.9998290088036934 0.008906118873549728 0.016636532250213498 -0.346372863113581 -0.008852657292031033 0.9999591529148619 -0.003562252102167921 0.04982591292599983 -0.016667093324482476 0.00341515312954202 0.9998562137954462 32.470493001742454
0.9998558801185763 0.0035923684464226405 0.017018673065076085 -0.33553020039377035 -0.003499577840794764 0.9999818132769106 -0.005748208622745608 0.04343947840227243 -0.017038604254519443 0.005688515668877116 0.9998395622097719 33.03199101591551
0.9998636394301964 0.001666870709950689 0.01686380901611932 -0.33125843664632304 -0.001577532917161982 0.999987641847987 -0.0055937354075950565 0.04054795845177401 -0.016872583465872733 0.005567078359107098 0.9998432055542005 33.59019310574695
0.9998667047336893 0.0016099149428844357 0.016684188533971894 -0.3317115149377237 -0.001524657629527832 0.9999886293846932 -0.005410824161312874 0.039203670483142564 -0.016692334485911394 0.0053853570400202826 0.9998470796372402 33.86974516567153
0.9998599302926235 0.0005811736242773448 0.01716075604459725 -0.32277933646568796 -0.0004965630232677262 0.999991035184782 -0.005233542854934583 0.034384154823671756 -0.0171631507648645 0.0052249313340180575 0.9998400273681147 34.43337565676872
0.9998427267839443 0.0008546800129678687 0.018126127428449938 -0.31406221745265744 -0.0007764495597963385 0.9999936543570508 -0.004592766922570048 0.030538188009052357 -0.01812953579335512 0.004578801021006308 0.9998259785738818 35.01824453636835
0.9998417955742918 0.0010201516713344793 0.0181762997940141 -0.3116204812701993 -0.0009471655598574303 0.9999949320315668 -0.004285783831343603 0.029050745062557268 -0.01818020108874538 0.00426864019799915 0.9998264197729373 35.323724962101814
0.9998387926530832 0.0008461480648278613 0.01837751954790678 -0.3025792010364488 -0.000781529697123296 0.999997312040602 -0.003794968810176219 0.02569876627321496 -0.0183801603871866 0.0037807045147610473 0.9998249852516415 35.922793286791816
0.9998225140901056 9.092657019118278e-05 0.019239509403765256 -0.29045434359651734 -2.5780544981921225e-05 0.9999977120956228 -0.0036244561431711497 0.020914276190123135 -0.01923920687110031 0.0036241621550295493 0.9998091929027508 36.539914096749456
0.9998159991769923 -0.00019008382292619953 0.019573261686688215 -0.2865831335174175 0.000256762422506017 0.9999976397437222 -0.003646339171640771 0.01836259501311423 -0.01957187750321672 0.003651537784098963 0.9998025720865213 36.84841532209508
0.9998034497261769 -0.0005220426002774827 0.02020823135164678 -0.2693454478207353 0.000596200303055473 0.9999965802897877 -0.0039130390784350546 0.01301138205465888 -0.020205354152445423 0.003924890880716155 0.9997888110823795 37.48413168401865
0.9997933969602655 -0.0004939777401811956 0.020694553791386648 -0.2547782369973614 0.0005740526192188503 0.9999959182186422 -0.004116059419295998 0.007435027256963576 -0.020691625527104324 0.004127675712956168 0.9997780677704411 38.117424436302684
0.9997898287686958 -0.0004661317810968138 0.020867574866697804 -0.24945980028893372 0.0005466914026184712 0.9999959784950002 -0.004105320686887598 0.0055526739620101 -0.020864794880354958 0.004116368365669113 0.9997745307506756 38.43504396773722
0.9997775178121451 -0.0016172183804763463 0.02141850439255122 -0.2346808835300997 0.0016688112059134418 1.000000136192184 -0.0026517400434078542 0.004274257592947467 -0.02141357391447972 0.002687664486806128 0.9997679282942209 39.10268902484397
0.9997701556995652 -0.002441152224066379 0.021643271776204235 -0.22041654276424244 0.0024578060261736295 1.0000006991278474 -0.000954604726991833 0.0035549992833281696 -0.02163993042746727 0.0010078566919973977 0.9997658271293547 39.78811850496542
0.9997679397552165 -0.002480910471900584 0.021735510399127737 -0.21534570873415582 0.002495862310850168 1.0000005715017266 -0.0008655962569691226 0.0018975509900097166 -0.021732463713554296 0.0009200642689378572 0.999763915420671 40.14001639128409
0.9997557136688626 -0.00293468807269682 0.02226265957000192 -0.19999199726882477 0.002942312280182149 1.000000221602664 -0.0005315648819068494 -0.0004154613781839852 -0.02225997403115417 0.000597092184566822 0.9997527446859226 40.839039086539096
0.9997544739051807 -0.002569024682884358 0.022366910714801225 -0.18715294089618306 0.0025538659442232827 1.000001309374338 0.0004865154081365832 -0.0009085657373494491 -0.022367080501885264 -0.0004290221201447372 0.9997505473512067 41.551967557429535
0.9997565307190841 -0.002507386564918427 0.0222873927357173 -0.182593826987527 0.002488309732317328 1.0000012696747782 0.0006678991573696072 -0.0010748455803442016 -0.022287979393512024 -0.0006119725655682919 0.9997519995536583 41.90892811634637
0.9997664033761834 -0.0010311616043054835 0.02195734715608361 -0.17426623178245929 0.0010050845922571759 1.0000034367572668 0.0009875144961126244 -0.0013815442688161683 -0.021957572647939225 -0.0009646806542799338 0.9997588452878754 42.63779261597814
0.9997892719807048 0.0029052413000206522 0.020719156231003972 -0.17261285768512527 -0.0029203318472005506 1.000000141626153 0.00047730257455058753 -0.004089826003258565 -0.02071685011056076 -0.0005370770021520211 0.9997857071556318 43.351813856532715
0.9998049145631872 0.003058306632127196 0.019925436220090235 -0.17082898263707838 -0.0030591595621222486 0.9999997121230644 -0.0002180279154484084 -0.00660504003015584 -0.019925179306212706 0.00015757385835794184 0.9998018905149221 43.70028135181464
0.9998680811186476 0.0005101007758581966 0.016724663568370185 -0.16387030839083663 -0.00044506527622951194 0.9999956811009982 -0.004178027062414275 -0.01480754584526919 -0.01672574219253242 0.004170259057002022 0.9998519342791647 44.39227333174238
0.9999059027843819 0.001680061333250338 0.014198803787830115 -0.16352805055879582 -0.0016141130317625044 0.9999907396169928 -0.004990726067514682 -0.02147550167796988 -0.014206060547053385 0.004967807153284778 0.9998871494946917 45.08553578077741
0.9999222812819565 0.002557614668737623 0.012853927889696826 -0.1660836733327779 -0.0025038340658455165 0.9999909251275222 -0.004568876788159966 -0.021737166956411962 -0.012864440216483522 0.004536815619253805 0.9999073978103088 45.44003326350344
0.9999594878572114 0.0031453484394489135 0.009300796823239569 -0.1691831792106504 -0.003114566827938133 0.9999921406924775 -0.003821001668558219 -0.02420339462755601 -0.009312019470496697 0.0037923351275273485 0.9999495725517478 46.164395069687615
0.9999976270768381 0.0025240310106229152 0.0038541925177574795 -0.17030403083570228 -0.0025187682510565456 0.9999977899705563 -0.0026705652136952696 -0.025071092592952187 -0.003860481365807073 0.0026614543520806903 0.9999894252345767 46.883646865949004
1.0000028804750007 0.0026455602749508632 0.0020718722673826787 -0.17463493759084248 -0.002646492781333678 0.9999990836237974 -0.0021545424862098096 -0.024367663858922375 -0.0020770342265882128 0.002149367155785814 0.999996062922925 47.23610474801423
1.000001201121529 0.003587871285358858 -0.0011969015797366244 -0.1847391879838331 -0.0035954441943256013 0.9999965871112665 -0.0019220624965660532 -0.027161271580528536 0.0011899872859183888 0.0019267822482416542 0.9999975528972694 47.95444468957279
0.9999893455553562 0.003890379833581336 -0.004870761344361627 -0.1968279528451993 -0.003903026853568051 0.9999961606126401 -0.0014718600267873431 -0.028427653201677366 0.004865180264417764 0.0014911045524915003 0.9999874646448761 48.670661767274595
0.9999787663549494 0.0036164797295446254 -0.00679738479826881 -0.2057878855216408 -0.0036299459554857845 0.999997240434655 -0.0012173329897900232 -0.028798049940334563 0.006792902486575948 0.001242662724139929 0.9999765474348126 49.02722644073001
0.9999261180120834 0.002050712394041522 -0.012657761914394588 -0.22180428274439873 -0.002070190380196564 1.000001714227397 -0.0011235435385729578 -0.030314363658657244 0.012655325015904592 0.0011504316341072033 0.9999197190022882 49.74347493664979
0.9998366785931807 0.001989851604046612 -0.01843751755497973 -0.24920851034972713 -0.0020209798418950003 1.0000016283697288 -0.0013998080515193018 -0.036431909960894515 0.018434848214458767 0.0014376345497368317 0.9998295541489436 50.78042539453096
0.9997455377754177 0.0017091154754051222 -0.022867541960315742 -0.27235021307118884 -0.001733461053275091 1.000002707284693 -0.000828786498773583 -0.03733027351138427 0.022866233814339495 0.0008690762356225769 0.9997385864898238 51.494427090913995
0.9996003509254435 0.0012931253013377516 -0.028509004484579468 -0.3009721282712314 -0.0012816870836168785 1.000003216930745 0.0005816530014245124 -0.03522286912358175 0.028510461258322718 -0.000544339607687922 0.9995932484312741 52.219654657127485
0.9995404609632751 0.0009528817299344913 -0.030559749825318616 -0.31854045144030885 -0.0009212228673344092 1.0000031940662573 0.001207055980308844 -0.03382055929522406 0.03056162578439503 -0.001177881122448776 0.9995321891231435 52.57936282248055
0.9993965583380956 0.0003662455510228592 -0.03496974697039588 -0.351379005956913 -0.00028693739865153184 1.0000013633185494 0.002410917344152019 -0.031433851044472244 0.0349712064207937 -0.0023989835388220603 0.9993855262468618 53.30454225953773
0.9992359695964674 -5.6755052090612254e-05 -0.03930129208048109 -0.38771995144535726 0.00016456054930473682 1.0000001525723075 0.002865789841011486 -0.029898906792150362 0.03930167328786591 -0.002869635473091953 0.9992233783975089 54.01720479218111
0.9991777730445317 0.0002523503532101782 -0.04076431192877025 -0.40997756641879124 -0.00013319965482650037 1.0000000218251477 0.0030534801513811653 -0.029240728834157487 0.04076592235550059 -0.003045377895606431 0.9991645209674057 54.379630633739595
0.9990178742272885 0.0003823850554019203 -0.04451184719224277 -0.45132145905128285 -0.00023404060946239597 0.9999984866830486 0.0034546652607976925 -0.028305868441476215 0.044513736748619095 -0.003440588450095797 0.9990033002657733 55.1145753899695
0.9988346548523607 0.001258939277203147 -0.04844137350898613 -0.49698904934095123 -0.0010604290862470565 0.9999952073836249 0.004230016504308348 -0.025192581932892574 0.04844742863879476 -0.004173642146696013 0.9988178956967915 55.84274102066115
0.9987876281422695 0.0014876016018636983 -0.04940016202206064 -0.521722912981351 -0.0012783341787682993 0.9999942353312354 0.004377212560418855 -0.023681654474993895 0.04940732016773041 -0.004308722648659592 0.9987703539137478 56.20338337007001
0.998656303715811 0.0020035324145488078 -0.051980164595604436 -0.5638238019809253 -0.0017965470337207694 0.9999947475553073 0.004137301928214721 -0.0239040185364422 0.05198966532038578 -0.004038734608931787 0.9986410488143296 56.92876320422307
0.9984965970370044 0.0018321628059818772 -0.054965521418683744 -0.6070398606566815 -0.001666146257533183 0.9999984061011811 0.003166880619849756 -0.02557200793177678 0.05497256961593243 -0.0030704469880814145 0.9984845420381289 57.644252502318764
0.9984565541436258 0.0019327056632529448 -0.055679314206449754 -0.6310109419126243 -0.001799248674059066 0.9999995788747198 0.0025389408147561145 -0.027516679221882164 0.05568504126825543 -0.002434205442465532 0.9984462839799466 58.00465144585003
0.9983878952404218 0.0033166139264964476 -0.05683548140787645 -0.6788609146262953 -0.0032533813893276626 0.9999981071921337 0.0012928660343055228 -0.03195905287258218 0.056840383663716236 -0.0011048858768970265 0.9983836029984553 58.72068470138808
0.9983114486888713 0.0040991217668837855 -0.05811464949545831 -0.7277881299449311 -0.004024999871282154 0.9999950591803931 0.0014785013441927838 -0.0321016574092595 0.05812123374293676 -0.0012412600122513897 0.998309646908818 59.447940321964694
0.9982875754408014 0.004388088088090559 -0.05850637720569002 -0.7533610973211405 -0.004314574197781918 0.9999938475705112 0.0014696795840047846 -0.03266628268086038 0.058513314950081496 -0.001213928259287968 0.9982868560941058 59.80581795667675
0.9982299526058881 0.003957843841099229 -0.059511703135521246 -0.8001961003182431 -0.00387359849887751 0.9999955328090562 0.001616793852226127 -0.03364092574438649 0.059518711264206055 -0.0013826072966583302 0.9982272425494203 60.52403142156777
0.9981950698601016 0.003967045733362832 -0.06009394273738993 -0.8476297670121415 -0.003907078817150506 0.9999963117249207 0.0012029188542434831 -0.03726720678329754 0.060099580805377764 -0.0009655485888995146 0.9981932004943097 61.24364288559632
0.9981869439903853 0.003906465279967929 -0.06023658407186205 -0.8725314122694962 -0.0038568406339468844 0.9999970724505663 0.0010317243555747148 -0.039098022159789955 0.06024177425292533 -0.0007973734282918013 0.998184819165039 61.595830631161675
0.9981625334023512 0.0053398828641778836 -0.06053195101060917 -0.9245329494210157 -0.005274445873788202 0.9999899252649876 0.0013311006955080786 -0.03922209286776512 0.06053979420338713 -0.0010089813767379377 0.9981662075991948 62.33304223071775
0.9981394599031824 0.006256781245009479 -0.060823992192149956 -0.9751727731452791 -0.0059714224681833026 0.999974673818485 0.00496325201822474 -0.033445508724148476 0.060854644983567525 -0.004590193248502204 0.9981372665397377 63.081817776636306
0.9981181567895373 0.006482318542095957 -0.06115795979890312 -1.0018527612012051 -0.006082325763079061 0.9999632907733784 0.006822918343099037 -0.02875242340577639 0.06120102735938592 -0.0064374274162123995 0.9981060572657314 63.454535583502874
0.9981044283194422 0.007521267184377992 -0.06126437352973329 -1.0520440835430398 -0.007035309933496478 0.9999468316875972 0.008245642812671709 -0.023089719663441748 0.06132446338542217 -0.007798672008484064 0.9980889765865227 64.17681984234247
0.9980867607568986 0.010084565034297959 -0.061186657620367166 -1.100378912630892 -0.009784960424529572 0.9999435920383503 0.0052940918540424625 -0.028761271720674234 0.06123755399423645 -0.004685274966513009 0.9981133516168186 64.86112743243743
0.9980591889813817 0.011212692763708848 -0.06144444644159173 -1.1619219658351836 -0.011201013336278258 0.9999424973091199 0.0006342296287875325 -0.040317691339679364 0.06144913063906751 5.514313191815577e-05 0.9981115141841853 65.83056254248889
0.9980581046643772 0.011361407667462462 -0.06142763482118585 -1.2018095519787813 -0.011382657448269072 0.9999402025370151 9.806920175607311e-05 -0.04532864773188415 0.06142588940927877 0.0006016980913157027 0.9981122925065495 66.44594539221627
0.9980597378316547 0.012361829156070578 -0.061201961840392616 -1.2232297225481694 -0.012396364869650019 0.9999276048158018 -9.543126578143847e-05 -0.0460066530116883 0.06119704245592327 0.0008547536060513288 0.99812572252415 66.77428585376632
0.9980813318121229 0.013214063061749765 -0.06066636756918741 -1.2620800179045322 -0.013150043921693682 0.9999168784048283 0.0015440187583211223 -0.04393321651438193 0.06068252124588792 -0.0007424083804891212 0.9981570502531403 67.39692674641098
0.998045833246108 0.015357110678393047 -0.060743244833788054 -1.305477772303431 -0.015230844180187402 0.9998848537493633 0.0026315734803465446 -0.041732724297060056 0.06077734695046509 -0.0017001688130809317 0.9981498010210055 68.02734030110364
0.9980456760526458 0.01589305298146862 -0.06060636054158029 -1.3279599509845619 -0.0157636449129865 0.999876430059031 0.002703224270183713 -0.04064075214853906 0.06064253116831502 -0.001741368974714983 0.9981579424669355 68.34684589212706
0.9980675114857951 0.0158196042820017 -0.06026410576058642 -1.3647256638931982 -0.015675759363473436 0.9998771491560114 0.0029503357699234493 -0.04066369320855133 0.06030403695067137 -0.0019988713480352505 0.9981779353857086 68.94429761213914
0.9980947382545401 0.015947682200380914 -0.059771882804274874 -1.4005508089082643 -0.01579916851399083 0.999874816596553 0.0030434679914566618 -0.04145404455465311 0.059813439427217764 -0.0020919878076038666 0.998207079339791 69.51268305497402
0.9981106399352748 0.01598454038182395 -0.05949062467929609 -1.4195366323528076 -0.015831155538931347 0.9998735544298897 0.0031355571207795268 -0.04142095056407798 0.05953366513623039 -0.002186181395197374 0.9982232820082634 69.79501102994605
0.9981696668532821 0.016831768348434004 -0.058254835517939946 -1.453095133615573 -0.01668699443981426 0.9998598226884648 0.003058309271367493 -0.043119454376900686 0.05829851491994014 -0.002079189985317819 0.9982963373476385 70.34272773057667
0.9982601424204101 0.01779749512026439 -0.0563896229506687 -1.4832138194697158 -0.017690493633781355 0.9998440864699334 0.002486134649024975 -0.04776131542121611 0.05642546257356936 -0.0014827442799250164 0.9984049022752997 70.87884379563705
0.9982813726477249 0.018111579022732072 -0.055914718213798155 -1.4986011352512596 -0.018012304255481216 0.9998386230070153 0.002368743951296412 -0.04879403414776473 0.05594899860451398 -0.0013557705858968838 0.9984319571638286 71.12936383740329
0.9983854119363055 0.018402046527607543 -0.053932769613233116 -1.5255826563929094 -0.018292083807397885 0.9998332130314426 0.002631917287585831 -0.0499674838216664 0.053972778030947695 -0.001639578571093883 0.9985403574592923 71.6476140403414
0.9985073031823396 0.018646662871685676 -0.05153521700588637 -1.5496158150670776 -0.018525326515765866 0.9998278072696909 0.0029320369473146584 -0.05147014018114652 0.051581578957316805 -0.001971362641451447 0.998665959135486 72.15082604860842
0.9985340142341804 0.018624374151850556 -0.05101686295790875 -1.5630473292073437 -0.01850505960723682 0.9998281345686472 0.0029057569321894877 -0.05222225039200989 0.051062541570517955 -0.001955787309444732 0.9986924870967333 72.39489550418959
0.998634047302467 0.0181418837673746 -0.04920038481528712 -1.584736119722958 -0.018057517287738772 0.9998378172422594 0.002251721723516302 -0.0570315745847033 0.04923351406489742 -0.0013583319007559652 0.9987853906339289 72.8761449479443
0.9987428398446918 0.018505085343509278 -0.04680533755212518 -1.6056255793407563 -0.018442354973152986 0.9998316476397155 0.001871632755026476 -0.062081939631270525 0.04683242910723681 -0.0010041317799564975 0.998901422251852 73.34658257398188
0.9987848332468663 0.01867244428947686 -0.045833243644876225 -1.6162305688739418 -0.018615088275481865 0.9998283399737871 0.001773231355097322 -0.06304853887625114 0.0458586963154994 -0.0009159975685493415 0.9989464396018336 73.57029229996897
0.9989196747489202 0.018823058801065634 -0.04273172750236223 -1.6296607434155383 -0.018765496203144882 0.9998256413387732 0.0018563445104704322 -0.06447254192082093 0.04275948882490999 -0.00105066932977797 0.999083820892566 74.03943550576783
0.9990255102362975 0.019068667897162703 -0.040065047859501886 -1.6440833077497619 -0.01899557283665343 0.9998204258957575 0.0023200358526676472 -0.06429047549476467 0.040102446224940046 -0.0015549276942536149 0.9991932579154483 74.49801273916034
0.9990515714304756 0.019197645354600106 -0.03933925135259546 -1.6525084565711812 -0.01912534376209286 0.99981788491174 0.002325043726328469 -0.06432547917704315 0.03937689508750985 -0.0015683617540878877 0.999222050624868 74.72117009348052
0.9992243041545863 0.019993938935588314 -0.034226484566745805 -1.6795004174000545 -0.01977148344909338 0.999783874833381 0.006957307523326321 -0.058500607100603993 0.034358236251973526 -0.006273095894757028 0.9993887106188406 75.66324161114618
0.9992309522663549 0.02051752254874265 -0.03371079832801859 -1.6876662714276025 -0.0202824496861324 0.9997699699990011 0.00742605077421193 -0.056208144101826105 0.03385531030994285 -0.006734372436413489 0.9994026918025577 75.89878288100229
0.9992719222833562 0.02070788057744454 -0.032342075035157604 -1.7015217723354705 -0.020479997635675356 0.9997650896011807 0.007478338774086374 -0.05580071863971068 0.03248904648767301 -0.006807997047710844 0.9994472188010426 76.36197567684891
0.9993142179996726 0.018877211848742012 -0.03215507768838668 -1.7151092937038255 -0.018734538292255493 0.999815697210842 0.004854392385057036 -0.06063418261634527 0.03224053922076374 -0.004246043829649753 0.9994694973173043 76.80902221832386
0.9993441963544276 0.017122931215993537 -0.03220158220836014 -1.7249190514741877 -0.01704933565903692 0.999853967502158 0.002677586757616383 -0.06336291383567795 0.03224232832920129 -0.002124191215463664 0.9994761825042597 77.02465671890535
0.999415618281539 0.013330250142046942 -0.031775429223477966 -1.7374016598574034 -0.013364085405633334 0.9999133407794583 -0.0007334247592360693 -0.06979364243812951 0.03176248192492611 0.0011602360499561887 0.9994931966356299 77.46490736913564
0.9994217694090656 0.014531486184374694 -0.031048814344302476 -1.7558420746412458 -0.014579706535463253 0.9998957892425716 -0.0012060724272547163 -0.0731936495844903 0.031027589784485964 0.0016604908187322174 0.9995154115524686 77.90428627040718
0.9994210548517599 0.014995789232052456 -0.030861876177137777 -1.7658052242959847 -0.01505775445156334 0.9998882313365628 -0.001646494175684901 -0.07543473617284305 0.03083371788241933 0.00211210620620516 0.9995209244120908 78.10489983005732
0.9993794557382906 0.017920827566249905 -0.030652402945665562 -1.786008105555439 -0.01801833264364568 0.999836652916925 -0.002778152662822205 -0.08013132525676683 0.030597456525636352 0.003330906236076181 0.9995246312864314 78.54245268102177
0.9993635014393911 0.01920559474124669 -0.030402295705666358 -1.8034884579224866 -0.01931733765223719 0.9998109190565065 -0.003250514356377587 -0.08419713663858841 0.0303342790035287 0.003837814887540077 0.9995311064822991 78.96797426854688
0.999369160395275 0.01895786282430181 -0.030376444947266087 -1.8127646393990746 -0.019067356090084947 0.9998158864861744 -0.0031733355005172255 -0.0848267079352848 0.030310934597272268 0.00375259483805317 0.9995322631971632 79.18445907831361
0.9994314438342302 0.015704660463797836 -0.030179372165903853 -1.828151188521402 -0.01571948636415969 0.9998789821466597 -0.00010695245583754046 -0.08094434451062986 0.030174174049665665 0.0005831880875032465 0.9995431045311878 79.62574380148058
0.9994503217641884 0.0143555706884435 -0.03022467148514197 -1.8462161604421867 -0.014327221843487885 0.9998988716986918 0.0012975225718164607 -0.07866100918347145 0.03024043109540157 -0.0008620488937789449 0.999540816564707 80.07178864936368
0.9994532767125546 0.01448894426561744 -0.03007136963908504 -1.8524704377067547 -0.014462445768663929 0.9998971218557064 0.001245579898465971 -0.07953110437345494 0.030086607032070087 -0.000808399911058329 0.9995457580387671 80.30323139975452
0.999454092777375 0.014940719578144872 -0.029821093526417014 -1.8652416187450023 -0.014930702968816344 0.9998907799682254 0.0007060552419025956 -0.08361619042086244 0.02982853247391386 -0.0002591596070166605 0.9995538397468434 80.72642218865752
0.9994370501011649 0.015847865092111554 -0.029926321987678164 -1.8814259181807287 -0.01586098840794804 0.9998765921879531 -5.4117592107383533e-05 -0.08816919151883372 0.029922062172339038 0.0005300596695639917 0.9995509977140989 81.16114730445125
0.9994278309563421 0.016411677158034647 -0.029939399585839823 -1.8913451108250812 -0.016429906601060033 0.9998675613643635 -0.00021146543361939108 -0.08892174349483721 0.02993248816161564 0.0007042171076522093 0.9995508359524723 81.37296109883155
0.9994225832841483 0.01672782780376089 -0.029939429385442858 -1.9080235080596801 -0.016748867098122327 0.9998620629333089 -0.0003004072890091086 -0.09169221991487064 0.029930682915763108 0.000802804655437462 0.9995508161451211 81.81819443756373
0.9994094860651521 0.01705165057634241 -0.030203731360444457 -1.9260616530827364 -0.017085727750137548 0.9998562953567561 -0.0007209301863672847 -0.09603997837615862 0.0301875279501656 0.0012375246849827067 0.9995427725867336 82.25751253183886
0.9993974706808175 0.01732327521187197 -0.03044023481686602 -1.9376915223615263 -0.017366826342597043 0.9998509179877453 -0.0010204978478287085 -0.09828534376665675 0.03041836310705611 0.0015497913434693545 0.9995350518042957 82.47468033247497
0.9993622425240359 0.018005936342055724 -0.031190945365238906 -1.9578116117628481 -0.01806602177009545 0.9998380423970175 -0.001506612309035684 -0.1031783405470483 0.031159056556890084 0.0020705399522913132 0.9995112748979165 82.92164925092861
0.9993259508273451 0.018745206928099646 -0.03191554324028651 -1.9785122665947579 -0.018826077723040586 0.9998226568955247 -0.0020951553528741162 -0.10812229511682661 0.03187097979554173 0.0026958269720019617 0.9994871189231959 83.36277363009903
