1.0 0.0 0.0 0.0 0.0 1.0 0.0 0.0 0.0 0.0 1.0 0.0
0.9999996423721313 9.188055992126465e-05 0.0006779730319976807 0.0033680566120892763 -9.15229320526123e-05 0.9999996423721313 -0.00019592046737670898 -0.00302329333499074 -0.0006781816482543945 0.00019606947898864746 0.9999997615814209 0.46677207946777344
0.9999960542017166 -0.0007853415312961687 0.002572989946932669 0.010759488423996072 0.0007868842350142735 0.9999992597801111 -0.0004275531523445508 -0.007566819085677967 -0.002572861432661 0.00042971852595563576 0.9999963448556248 1.3600268271590805
0.9999883815602738 -0.0011806908357055634 0.004623768309590929 0.01932540224903185 0.0011734917339072224 0.9999980353731337 0.0016115275667881591 -0.008216933530319381 -0.0046261522230521285 -0.0016057531893747695 0.9999880655726863 2.289380995749751
0.9999849972455773 -0.0013497661974878534 0.005235188619131764 0.02343218326045684 0.001336923167390339 0.9999958893963351 0.0024910694850428915 -0.00736514001043179 -0.0052390163628895986 -0.0024835807220456225 0.9999832845919668 2.776344432204904
0.9999676574962717 -0.0016603151445082475 0.007841046752275722 0.03476812931672975 0.001643053719301707 0.9999963365983923 0.002196052711636424 -0.011734554792071505 -0.007845095797759214 -0.002182772754792794 0.9999668589833315 3.721642378909788
0.9999481505921206 -0.0015062839713691461 0.010037626953495986 0.04593962794239668 0.0015568969661694017 0.9999861550050513 -0.005033484987256604 -0.031498681127566444 -0.010030588073700025 0.005049499003143036 0.9999366589869855 4.591215987118213
0.9999398137152182 -0.0022531727760525897 0.010711163034936482 0.053855204794552525 0.002347698798649019 0.9999583259841303 -0.00882583397868463 -0.04363977834679546 -0.010691454675776032 0.008851034958633215 0.9999035327903086 5.049464245190233
0.9999004829301141 -0.0044549550522952 0.013394081097562292 0.06923302086108012 0.004639119547607486 0.9998945657697293 -0.013776638939026366 -0.06414808253038584 -0.01333172421227618 0.013837666584759259 0.9998154711771348 5.88529261872045
0.9998617268736779 -0.0031509578474380865 0.016327998520548493 0.08266296999563415 0.0033830617753954164 0.9998929430902709 -0.014230488979843721 -0.0802990916988845 -0.016282258837424093 0.01428425267608256 0.9997650828725682 6.754311764801853
0.9998499546797064 -0.0029119258707605367 0.017073289734600948 0.0890466563289933 0.0031445128767685973 0.999902080789378 -0.013632641949058139 -0.08552355436549941 -0.017032811251080495 0.013684799356374051 0.9997609432679189 7.164744756696606
0.9998155876102449 -0.002814669517882106 0.019006617452724316 0.10614310537612001 0.0029918940059196933 0.9999522203879238 -0.009324088075118139 -0.09259852327899148 -0.018980503430700065 0.009379758037452668 0.9997760664318004 8.041778810941327
0.9997858263893089 -0.000674486682670365 0.020687666783013696 0.12358090684683236 0.0006904527498790241 0.9999995367615473 -0.0007876146768356056 -0.08887241123792587 -0.02068816201416947 0.0008021504384325244 0.9997856276056025 8.91916485978602
0.9997717676407281 -0.0007199675351327373 0.021325922673544783 0.1330033262680173 0.0006612137112960662 0.9999957906873729 0.002756387488777692 -0.08303382485812115 -0.02132824485418967 -0.002741554534784805 0.9997681785923407 9.375078630968765
0.9997245326362931 -0.004081886323366431 0.02308485249443967 0.15841690794944546 0.0038905222255068155 0.9999575892933 0.008319222315333068 -0.06993887125072572 -0.023118134049340475 -0.008226825348413616 0.9996982115574697 10.28331959834954
0.9996676923630957 -0.0026308485383106073 0.0256155024088004 0.18001157039572863 0.0024074655037556224 0.9999583269698462 0.008740998698978113 -0.06382370630876692 -0.0256375595635717 -0.008675938059960137 0.9996322093650967 11.215516953300767
0.9996449092773977 0.00022733687299282313 0.02661905630506481 0.1877083682852462 -0.0004375754379548301 0.9999683602206375 0.007882912566445424 -0.06281035079832505 -0.0266164168233024 -0.007891585777894596 0.9996132806179892 11.676643082062968
0.9996078447880914 0.002220623756543139 0.02789955308960291 0.21185887907359127 -0.0023085231959510746 0.9999918595555085 0.003109109254849342 -0.07167454831890613 -0.027892626068335525 -0.0031722320292132383 0.9996045437494261 12.538547564084844
0.9995992514995227 0.0004665816413654914 0.028282609572312337 0.24142903110830446 -0.0004948558178935174 0.9999986018033161 0.000983615504981137 -0.07606873790887289 -0.02828230029230096 -0.0009972279254625085 0.9995979588530077 13.41806097242685
0.9995859971137306 0.0010020694177059054 0.028742787222161448 0.2541222856037462 -0.001058898565643823 0.999997010449454 0.001953839048119422 -0.07350029468873313 -0.02874089678299712 -0.001983709841244605 0.999583447145718 13.898771269851482
0.999511723381032 0.00187144610985168 0.031167511260230776 0.28425242724661426 -0.0020902416055436405 0.9999728622287419 0.006985675760599093 -0.06485003351577737 -0.03115337161305822 -0.0070478447313580385 0.9994879071193399 14.837844652012368
0.999464310539098 0.00297627399131146 0.03256912331483891 0.3161640794339255 -0.0031726855571655695 0.9999766908820231 0.005975305745506407 -0.06722747366385043 -0.03255025124061453 -0.006075864317014204 0.9994498909150968 15.752546988329383
0.9994491150669235 0.004476019350537727 0.03284320535316349 0.33129403734152446 -0.0045054801510889825 0.9999888411776794 0.0008194547048811915 -0.07870562700294097 -0.03283931748347216 -0.0009670666598035234 0.9994577716596983 16.246729288969842
0.9994103007652609 0.006342413062956743 0.033708230240092146 0.35521640115686576 -0.0060239015540671376 0.9999354942569807 -0.009545107206739786 -0.10533916753405531 -0.03376692062203389 0.009336473020984462 0.9993836946839266 17.09477879911743
0.9993901756706416 0.006677476968732658 0.0342346232041307 0.38443160805538723 -0.006343228762498787 0.9999302764714287 -0.009865217159965519 -0.11921520212076409 -0.03429854694152333 0.009642144052277916 0.9993626438910272 17.964260240635163
0.999381049695125 0.00732547910506011 0.034368505227222054 0.3962110274458888 -0.007034884963549874 0.9999374707207097 -0.008570498508309371 -0.12172637641432771 -0.03442959530806618 0.008323660008186465 0.9993700630886009 18.395749330652226
0.99935417929633 0.007805344324895652 0.03503500671314897 0.42610728838673434 -0.00760421571349623 0.9999527624381769 -0.005868687685359306 -0.12811351915693733 -0.03507938649350996 0.005598784336436138 0.9993661975066602 19.298623866257415
0.9993242482259853 0.00901287982804171 0.03559349090052931 0.4546453901765883 -0.008835933930401106 0.9999469541320701 -0.00513210012644222 -0.13424285480144207 -0.03563788664114909 0.004814290183474611 0.9993505864223218 20.204262407920147
0.9993009189114892 0.010404980271010314 0.03586099207906583 0.4671884194871139 -0.010234657465729623 0.9999344303146981 -0.004931742826380793 -0.13601429105906293 -0.035910157599849536 0.0045616786481169165 0.9993417300366159 20.66966642000071
0.999275826921093 0.011558568597339405 0.036218997381596875 0.4961752110486519 -0.011378596457444193 0.9999210383939785 -0.005177297192282202 -0.14339868670975825 -0.03627574651014094 0.004761414912964182 0.9993281483561399 21.564978858084665
0.9992625599890822 0.012406725330812284 0.03631364081347676 0.5247593827762185 -0.01219229982529746 0.9999061525864334 -0.0061254365394777695 -0.15431656540676442 -0.03638597641118238 0.0056783034345781165 0.9993194482584632 22.418658604656578
0.9992466581812729 0.013409489050890852 0.036391914675370854 0.5362970424375062 -0.013179662378883964 0.9998907846644862 -0.006552081286949862 -0.15970931782137776 -0.03647546076315638 0.00606751657027081 0.9993137501493922 22.849724416759795
0.9991970080405652 0.01602019005494693 0.036703462860102565 0.5612570661594464 -0.01576920211351952 0.9998496343483522 -0.0071235167901980805 -0.16927188814501815 -0.03681171667690186 0.006538715042370228 0.9992987773006218 23.72544595029588
0.9991424339601628 0.019047709075723687 0.03674153888809662 0.5882379713308856 -0.018761630681158624 0.9997906192253374 -0.008121851883522891 -0.18102903944422064 -0.03688812427246755 0.007424993504105433 0.9992901431996846 24.608772909419102
0.9990861745919906 0.022319215659507275 0.036427495892495144 0.5975613378986343 -0.021997227741346402 0.9997150596971148 -0.009221884883632476 -0.1868817471507779 -0.036622512903931696 0.00841176602552938 0.9992921532102046 25.062832883387063
0.9990854398597769 0.02462308356591098 0.034928479598310254 0.6180684077245187 -0.02428266940673255 0.999653295264251 -0.010142679578282545 -0.19854797212932734 -0.03516568069099091 0.009284975109706297 0.9993368083476676 25.92490676135942
0.9992903089101229 0.02251935148901211 0.03015895954970811 0.6390095625498183 -0.022370933459619186 0.9997355018826726 -0.005254373672142644 -0.19799746256860234 -0.03026871308741476 0.004575499620370493 0.9995296805970759 26.81500997359586
0.9993384927031594 0.023067528007258583 0.02807252859568435 0.6449377364012993 -0.023054454851219305 0.9997330591689986 -0.0007932125847101923 -0.18967179858487018 -0.028082265505749465 0.00014500915767034703 0.9996033216076429 27.305212521137904
0.999442276452248 0.023632903131631484 0.023546768955985176 0.6582045502342647 -0.023803506058784486 0.9996916808862746 0.006991150338480859 -0.17744006138364243 -0.023373102679497538 -0.007548098835315055 0.9996961618454739 28.267716843765665
0.9995784155302405 0.02376120097878096 0.01661639884055772 0.6755862334265637 -0.023777850174448695 0.9997164680153402 0.0008069088190354266 -0.18958567224272996 -0.016591328232289523 -0.0012020784813911419 0.9998593552507865 29.667648752887175
0.9997917614834944 0.016475729621563743 0.01194925508146228 0.690036800032572 -0.016315048425345407 0.9997760982055268 -0.013420966054053582 -0.22026577695944344 -0.012166634136165103 0.01322270843557416 0.9998361492104527 30.638330836183318
0.9998743626403123 0.013310022961792947 0.008438590897056621 0.6937448461411413 -0.013131792774515793 0.9996966322977765 -0.020791645057876527 -0.2487534251445745 -0.008712133913865746 0.02067809285467808 0.9997454268328431 31.538099583747073
0.9998721730544422 0.013814663765270694 0.00788742409750323 0.6922703632161045 -0.013644713511981035 0.9996817707478329 -0.021176876101338133 -0.2614614239353278 -0.008176638182025265 0.02106599966342224 0.9997417690862354 32.01716336659132
0.9997369449781703 0.02243272735149833 0.0044632955699892085 0.6786049477754054 -0.022348036479320432 0.9995839831739105 -0.018165279213984555 -0.27580277221247934 -0.004867907613350018 0.018060388961693322 0.9998213630585839 32.90967018427019
0.9996863241345231 0.02483353586944387 0.00272636673423221 0.6740527439664524 -0.024781560606014805 0.999536385079051 -0.01762128467814505 -0.2915953780486104 -0.003161736085793043 0.017547776186606346 0.9998370907311583 33.83312378652757
0.999587144826919 0.028597513569707425 0.00229094676686651 0.6677944684185385 -0.028552196515819982 0.999432574534963 -0.01782727170081328 -0.29904286564337484 -0.0027983701958238095 0.017753754230898876 0.9998352435185038 34.32372745212655
0.9993846244091529 0.03498640427908761 0.0020356030295489796 0.6598939033394463 -0.03495164950488058 0.9992742465855964 -0.01507707743074538 -0.3109333729912257 -0.002560311286451427 0.014995839824576612 0.9998806299406745 35.2531296766922
0.9993815302560071 0.03510622138073409 0.00149154968642088 0.659220724744408 -0.0350800210755879 0.9992710433688257 -0.015008344956113261 -0.3264507358814349 -0.0020159027645321697 0.014945653070676522 0.9998827731976163 36.141612598943766
0.999348927627953 0.03601872427407194 0.0013476273892580974 0.6552736077953458 -0.035995055396706443 0.999243993327194 -0.014597708894364004 -0.33281740294583345 -0.0018712902617108618 0.014539067394246704 0.9998885547754801 36.681267796181935
0.9993428567078259 0.03621386126061454 -0.0004705602040308045 0.6529362487901422 -0.03621616041716887 0.9993123722200876 -0.007782988225011954 -0.33307727180449087 0.00018954054765465923 0.007794451946785823 0.9999656310502267 37.66404605483361
0.9993252901189833 0.036508466473986784 -0.003686515587767242 0.6490594417779767 -0.03648741476047256 0.9993158543596175 0.005727404836181277 -0.31293720641353456 0.0038938998335560065 -0.0055898692486196925 0.9999724611692854 38.65195274720539
0.9993248003279932 0.036486923978315336 -0.004032905881165623 0.6445279260428448 -0.03644644387876003 0.9992857398652506 0.009796349741520091 -0.29890051690995756 0.004388301804736866 -0.009643326111574249 0.9999398881468624 39.28968087189118
0.9993775408942118 0.03494135601740289 -0.004602461490005393 0.6387882363705766 -0.03489854664337034 0.9993469891865336 0.009186514131678942 -0.29305706781699764 0.004921367791334242 -0.00902068816578966 0.9999430886016544 40.27575851334581
0.999353155939586 0.03530485159117267 -0.006607571965118944 0.6258327444296873 -0.03533768744554077 0.9993618234055587 -0.004855930141185873 -0.31881087453506274 0.006432466964008626 0.005085857102098804 0.999962017475958 41.31359986333439
0.9993215520981271 0.03604074440539074 -0.007384915733879861 0.6178124044894289 -0.03611696651892124 0.9992918889198367 -0.010389083323221077 -0.3362295862631676 0.007005881298216475 0.01064836337582583 0.9999144562110321 41.82744674386489
0.99930382747134 0.03602432964919912 -0.009527150467503498 0.6048663928512331 -0.03616492902070349 0.9992317438684117 -0.014972853005184843 -0.3603995515926975 0.008980761590494017 0.015306883363189284 0.9998377769762182 42.8215385112302
0.9993056358852195 0.035607561615982206 -0.010811521649554496 0.5889258032977597 -0.03572394274759609 0.999302066013781 -0.010718949956864393 -0.3699046324047279 0.010422643317021245 0.011097499560712532 0.9998793450402849 43.83048028329906
0.9992889256571126 0.03595090346829016 -0.011269558744294068 0.5782979285399136 -0.03605213898234835 0.9993097399446014 -0.008797032139379787 -0.3720478698920244 0.010945669563676307 0.009197444570266264 0.9998931471536142 44.396747217842915
0.9992623360529871 0.03640890414071251 -0.012117467463626573 0.5596796049401257 -0.03649938200797023 0.9993059064086383 -0.007230782882618667 -0.3799471842154201 0.0118456808595514 0.0076680804506216935 0.9998960594052403 45.411112534570094
0.9992481514726869 0.03651487266028783 -0.012910308407422518 0.5422201174677453 -0.03660933407426209 0.9993030022342039 -0.007067684497217056 -0.38992072408546613 0.012643074805525255 0.007535607885179956 0.9998872731447537 46.434515639300656
0.9992102670653387 0.036760018574211566 -0.014973606069166348 0.5160193810260494 -0.03686946169685773 0.9992937846619763 -0.007022925787445213 -0.4062944896452642 0.014704891331421104 0.007570033441761694 0.9998588031317862 47.874087798410365
0.9992008159774304 0.03660754195634115 -0.015970960569799103 0.49721846386437873 -0.0367157899683722 0.9993039004295776 -0.006440817411019138 -0.41539419015753654 0.015724279613876017 0.007022336553182369 0.9998475983803102 48.865710283007026
0.9991903338746728 0.036806938286137715 -0.01617771644951213 0.485028843271056 -0.03691178764618709 0.9992983565312477 -0.006145172665977752 -0.4189470442708329 0.015940318646450395 0.00673779241424343 0.9998462003140406 49.39182668294785
0.9991639514483602 0.03717337673479074 -0.016947702037298597 0.4623258779027951 -0.037242185376914885 0.999298221173646 -0.003675945084468829 -0.4236312542512232 0.016799094756473336 0.004304715741067991 0.9998456998466512 50.40988890184955
0.9992038207781133 0.035710297421327024 -0.01771027231348592 0.4428150476706262 -0.035731892779369195 0.9993597619809159 -0.0008295701616323082 -0.42509344765157847 0.017669390274722103 0.0014623076736746585 0.9998387698038499 51.41086008819033
0.9991913254731463 0.03590040632243257 -0.018015653700989228 0.43225627772791825 -0.035915640899169106 0.9993531309395883 -0.00045924278394115023 -0.42544320718295403 0.01798756257939451 0.0011066158365616373 0.9998333103331717 51.95066697188949
0.9991761206009866 0.03608518570714047 -0.018471981575415658 0.4115641373778974 -0.03610537226224418 0.9993456446555442 -0.0007204481117332913 -0.4297056847944633 0.01843347225738797 0.001387952087172987 0.9998245504556023 52.95921667421659
0.9993062019046874 0.031613148032089776 -0.019602587563650013 0.39236779639483765 -0.031618801199579986 0.9994979096520049 6.879774960601864e-05 -0.42918068430452244 0.019594503473597674 0.0005522420484430635 0.9998033382169651 53.975050750144945
0.9992828300804091 0.03185241010191606 -0.020381859421638913 0.3767551584665886 -0.03184186596828655 0.9994903576987113 0.000884608716616184 -0.42744243766448675 0.020399112504449885 -0.00023372143258063754 0.9997873489157647 54.49809569496206
0.999135343796611 0.035560613706008104 -0.021463372147282857 0.34388214132868694 -0.03551141032466859 0.9993633088756022 0.0027093656327623204 -0.4250122085417197 0.021545495494479327 -0.0019437465051428736 0.9997617817160885 55.55131421609789
0.9990796395565464 0.036710419707837165 -0.022102175162947404 0.3141203741939394 -0.03664699599501719 0.9993201479622339 0.0032993831872315618 -0.4236662853289969 0.022207231680905836 -0.0024849623024930365 0.999745515800119 56.633810512810385
0.9989351391907559 0.04013406015385941 -0.02267632871308362 0.29076641918718193 -0.04005558944620971 0.9991871920138061 0.003937285496094821 -0.4215776967877726 0.022814857231406808 -0.0030234084768017352 0.999730599647203 57.40096994417916
0.9991048799253767 0.03479757522592673 -0.023994877954898474 0.265184073827336 -0.03475428526913294 0.9993911886329757 0.002256965809650198 -0.42155477021655974 0.024057796216287546 -0.0014195725152717474 0.9997052813845131 58.59494334432481
0.9992719868773466 0.028486878251376135 -0.025323394873823138 0.24065307130634236 -0.02856793869887478 0.9995856935768412 -0.0028046624374961607 -0.43092129023078396 0.025232026350732573 0.003527523952024015 0.9996709832176346 59.87933679685606
0.9992505650901251 0.029200728574790565 -0.02535163682824193 0.21446501410307056 -0.029293654736886856 0.9995633962547263 -0.003255063417123378 -0.4362809256414545 0.025244590997682552 0.003996597231839601 0.9996688842642372 60.800590126411684
0.9992756236974076 0.027512689422774628 -0.026246186736868585 0.18404458913665916 -0.027509165239523247 0.9996191831330945 0.0005390092775891713 -0.4354378920334144 0.026250096865917817 0.00018449187698099147 0.9996510460069441 61.94516431237212
0.9993061745475634 0.024180354175635254 -0.02828138556572861 0.15277313533061682 -0.024092657445714226 0.99970131285437 0.0034774410506154462 -0.43192434521381945 0.028356176126907395 -0.0027925393634347876 0.9995895927719456 63.06534134551182
0.999298806374687 0.023894131452060312 -0.028762210447813113 0.12244568581560528 -0.023787055308887847 0.9997054824304625 0.004082147349535345 -0.4294181213687701 0.028850239618642803 -0.003393926391976677 0.9995732899987235 64.09305058211976
0.999301252167851 0.023864796122340187 -0.028705724510468312 0.08992968328268627 -0.02374876452419275 0.9997050937663889 0.004400818444405448 -0.4286760602949913 0.028801227633554576 -0.00371483039292066 0.9995736142656686 65.23069136385216
0.9992899573287642 0.024610137575802857 -0.02847093424109376 0.05763721452193766 -0.024487152411174076 0.9996860841577306 0.004679331357319182 -0.4271271313910519 0.02857601071872326 -0.003977924807450141 0.9995789519338321 66.23865861883127
0.9992669785539389 0.0250934271103448 -0.028859300963936137 0.026120724426765843 -0.02496037659060854 0.9996730584145935 0.004985794878776795 -0.4253767921450388 0.02897404555632074 -0.004261320653844711 0.9995664562674648 67.25793197032078
0.9992398989877834 0.025634772763067686 -0.029313757171397035 -0.005924489769817402 -0.025469926906092122 0.9996546386073624 0.006006194529893281 -0.4204083262923679 0.02945666098704091 -0.005254598091203096 0.9995474118118701 68.2804303717406
0.9992250403174692 0.026089041452972427 -0.029430876539752057 -0.04090665573182432 -0.025911186557240052 0.9996407155784958 0.0064323242946977745 -0.4156170363606767 0.0295872621928795 -0.005664424028848276 0.9995414168053813 69.38144830384446
0.9992113071315889 0.026644246297600035 -0.02940534873294823 -0.06528922932226632 -0.02646669825251364 0.9996259931027401 0.006426086847855501 -0.41415152428204366 0.02956458227148943 -0.0056422575870199 0.9995420893037755 70.14128238724157
0.9991868469283387 0.02755963614966243 -0.029387472492026626 -0.10166020860003723 -0.027392845198156858 0.9996027172743263 0.006074363211754945 -0.4122857586425923 0.029542028200318503 -0.0052636523994543825 0.9995443991754984 71.23228465035038
0.9991562634039811 0.028525493429434685 -0.029493966875536577 -0.13685816320547603 -0.028362793116049962 0.9995762778002298 0.005922997984613102 -0.4098620573531054 0.029648813194592758 -0.005080382924700939 0.9995417109871226 72.24472639844859
0.9991413256775751 0.028897155954317227 -0.029633173605446997 -0.1621440163474138 -0.028731912811628554 0.9995649993427397 0.005977006419335578 -0.4085355907127054 0.029791050638135464 -0.005118754476766862 0.9995371643604805 72.98298734052199
0.9991211096028227 0.02961659541507086 -0.029607227111182084 -0.19667455815419516 -0.02945180368944883 0.999544085786295 0.005973547200990367 -0.40515082371996747 0.02976875549313903 -0.0050946482512380315 0.9995379542169416 73.99604138058045
0.9991049841205096 0.03072958111810167 -0.02901068505933262 -0.2293806971556446 -0.030578637637957668 0.9995121049520024 0.0056178911936870315 -0.4037585926163198 0.029167126713327066 -0.004723768843704428 0.9995573901981696 74.99096127979094
0.999097865721737 0.031239044122680824 -0.02871435543908768 -0.24999757883028678 -0.0310903018373308 0.99949646014767 0.005594301138214433 -0.40281127897838526 0.028872507825856514 -0.004694703649257128 0.9995660629753633 75.64317697549929
0.9991125430516586 0.03186418980322039 -0.027506511815810535 -0.27983332151053864 -0.03171799679858776 0.9994761148895026 0.005720224442495355 -0.4001970444737706 0.027672276940571432 -0.004841032219112347 0.9995993972007918 76.62998276175763
0.9991111565726377 0.03291225699226998 -0.026281287209745555 -0.3098181663608867 -0.03277612496606424 0.9994422777141089 0.005563335441359622 -0.39820225279175475 0.026447126506986714 -0.004694772507631147 0.999632456758528 77.66264828252429
0.9991169829557836 0.033092243018712435 -0.02582768917836291 -0.3266897158236859 -0.03296082950800743 0.9994365836681773 0.005465679477917211 -0.3984363528630819 0.025991394981375326 -0.004607159333730998 0.9996446857791994 78.29972256647551
0.9991533162197742 0.03287754263776801 -0.02468251019657999 -0.3494196313638017 -0.032748574483597546 0.9994431221257964 0.005597890392874004 -0.39753869338347103 0.02485027872315534 -0.00478252388846583 0.9996730112374259 79.29176875267068
0.9991945082170056 0.033090862036487326 -0.02264845747507888 -0.36956748103382014 -0.032969775517046725 0.9994353972898136 0.005683938325578756 -0.39703948826799523 0.02282124103369896 -0.004930326991624916 0.9997205996036289 80.23223776944438
0.9992088877031179 0.03332106347297687 -0.021671993808204868 -0.3808380050919275 -0.03320724708568546 0.9994284766420728 0.005586773430416854 -0.3986657277379241 0.021843470830955426 -0.0048607724063044954 0.9997429726686917 80.75228129559994
0.9992726758296909 0.03274218902319673 -0.019516629062583463 -0.39576981375190945 -0.03264464262763268 0.9994487323200804 0.005307149423309162 -0.40030746724348043 0.01967740010789358 -0.00466427372780464 0.9997889869567451 81.73029157071835
0.9993375172771473 0.032047503665556004 -0.017219034722269003 -0.4042754404613604 -0.031962690716443455 0.9994712992412971 0.005184302080220113 -0.40055525592780106 0.01737384088519697 -0.0046285864555779726 0.999831682152804 82.70058903965962
0.9993573249291869 0.031775199775556574 -0.016576046143430178 -0.410196341823701 -0.03169025823176833 0.9994793039503593 0.005367685314035299 -0.3996887357500572 0.016735795518420242 -0.004836898328007614 0.9998416844118687 83.32120700427953
0.9994123974942734 0.03137117031807004 -0.013758229205112816 -0.4193157023345746 -0.031301046137765534 0.9994916419794592 0.0052542058697215245 -0.4006085050768695 0.013913925968751486 -0.004818393298303741 0.9998849489052715 84.30120440039694
0.9994640432622941 0.030903061430541383 -0.010752245932446908 -0.4252699552797425 -0.030847422788749374 0.9995056697282111 0.005292798477816451 -0.40139309552023783 0.0109082929067279 -0.0049561921809878375 0.9999216901032715 85.29271298284341
0.999494372942474 0.03003290964248362 -0.010432646602604402 -0.43227734841845245 -0.029973722433699983 0.999529828376515 0.005815186292615355 -0.40002436923364537 0.01060017055008351 -0.005497474287988077 0.9999223024803179 86.33815471534953
0.9996461631348601 0.025419516330966348 -0.00781514116230149 -0.4325372254122624 -0.025351753112415523 0.9996368375678784 0.008671322829376 -0.3913366143833088 0.00803064369824059 -0.008468079971409952 0.9999251933575045 87.59736821876464
0.999692990046256 0.02436480217940763 -0.004535499681721745 -0.4308590204205389 -0.02430851620578918 0.9996268032999998 0.012159554894005841 -0.37974854555959847 0.004827913375283101 -0.012043523022213122 0.9999092511897562 88.92534249328617
0.9996958895371936 0.02443930025826804 -0.003223771943242841 -0.4294006847140249 -0.024398324040296446 0.9996243168073398 0.012134499901659143 -0.3729512320934663 0.0035166904919870044 -0.012049697152257626 0.9999142510718511 90.01066084234031
0.999729225060091 0.02321269335414513 0.0014210824942066961 -0.422343339666828 -0.023223571119037986 0.9996907920544751 0.008337165291888183 -0.37423264083274943 -0.0012296591693330369 -0.008365668630831363 0.9999571074467584 91.04942761901633
0.9997072681704581 0.02347909401716841 0.0058537488663283534 -0.4127468743976676 -0.023490436290255164 0.999717478992005 0.0018961112904261977 -0.3865700246615123 -0.005809880180265334 -0.0020309310956242175 0.9999741448645516 91.94241360869799
0.9996822526191134 0.02414810733623435 0.007244081231709188 -0.40574081384785343 -0.024154518097167267 0.9997030419509976 0.0008210313017490793 -0.3936614360686578 -0.0072246397074164324 -0.0009935009930726543 0.9999666682071541 92.4979695483069
0.9996398064513213 0.024431383196284153 0.011168354919175527 -0.39082072989683037 -0.024441440746191413 0.9996966776159765 0.0007218819998330164 -0.39911113428953743 -0.011149982841529604 -0.0009922777330239835 0.9999306221258623 93.41545813785858
0.9995680120101681 0.02578084068683504 0.014146315665038645 -0.37721560805640036 -0.025807731850308897 0.9996611000958247 0.001683062512180481 -0.40053846142434113 -0.01410055096672905 -0.002045400647942723 0.9998915356463316 94.34246675986795
0.9995347273017584 0.026177730407179897 0.015694806586267047 -0.36546158558954167 -0.026207499204001554 0.9996507596472104 0.001658880518878628 -0.40352991582807196 -0.015648321413926414 -0.0020673921004799515 0.9998686517004137 94.90931689844473
0.999470900445738 0.026504776258203324 0.018892860461060552 -0.34310961447200805 -0.026534855471886182 0.9996427227422816 0.0013138836515119302 -0.4098439601967112 -0.018853705749391825 -0.0018125615211682417 0.9998137711222627 95.86289044018767
0.9993956409715467 0.026970464049798804 0.021948853709653788 -0.3128895117101998 -0.02699200606324993 0.9996309566350531 0.0006723680069570776 -0.4179129068417762 -0.021925280322714617 -0.0012622929922211808 0.9997519110785962 97.03296633674924
0.9993631744697941 0.027295150152947957 0.022990088214290008 -0.28923485867868914 -0.027315802195550593 0.9996223961698273 0.0005730518019494083 -0.42066831799709714 -0.02296860015776209 -0.0011986489817516401 0.9997285790729536 97.78917565205623
0.9992636019113988 0.028777460845881796 0.02539568623957283 -0.24568056942763492 -0.028794271852789422 0.9995810031117918 0.00029049309491090337 -0.4267527348249755 -0.02537949825157478 -0.0010194560309732383 0.999670373844149 99.29785377575968
0.9991570286996185 0.030498896888799303 0.027496940134050785 -0.2035530968648416 -0.030547272429163844 0.9995279956112473 0.0013393708528665696 -0.43035466348743673 -0.0274460239508825 -0.002176301716355181 0.9996140027136224 100.60316600064604
0.9990928944053461 0.031761804386834055 0.028387536927792757 -0.17960587686072596 -0.03180825874089326 0.9994888979341964 0.0011781192171612589 -0.43324744229460344 -0.028338316611784334 -0.0020786205313481363 0.9995895988072941 101.31669980744543
0.9989153491267205 0.03536918287661015 0.030305100035121355 -0.1516663345836687 -0.03544320435182675 0.9993654313361792 0.001898708342718159 -0.43339359165203767 -0.0302214043633991 -0.0029693508136491497 0.9995319633577167 102.2414600081321
0.9988539033386611 0.03682130333813314 0.03060386074526004 -0.12410526327827692 -0.036888297613636434 0.9993136441040944 0.0016149193543199747 -0.43621104256214466 -0.030526078273614057 -0.002740795880717432 0.9995234431262789 103.15084497534906
0.9988253510240913 0.03760344572779902 0.030592549781234248 -0.10788817771238846 -0.037663454201543364 0.9992854385424962 0.001367513966279153 -0.4379216157793326 -0.030521686535765015 -0.0025170771886983178 0.9995245466831766 103.76908973368634
0.9988322541128828 0.03873057372946162 0.028910380843567573 -0.09255419698229163 -0.03877741812060997 0.9992430824603653 0.0010438040504261415 -0.43974188716494744 -0.028850761962166863 -0.0021624491985692915 0.9995746303364128 104.6281014388204
0.9988769276794991 0.04019125972510551 0.02512083872384415 -0.0801539692948298 -0.040245214761713125 0.9991841288925868 0.0016278088428740166 -0.4382900870861597 -0.025037653424289284 -0.0026357273229546813 0.9996762992910923 105.58694524897969
0.9988419466659292 0.04163831484204814 0.024141599311206775 -0.07540341848960824 -0.0416870046762779 0.9991252161072431 0.0014927185934821405 -0.4363061318667555 -0.024060872108231473 -0.0024963779765730734 0.999700770958021 106.17457477051111
0.9987738690507127 0.04538050869285339 0.01984153422830319 -0.07426306915099437 -0.045432406965569445 0.9989605558796192 0.002145060794916664 -0.43382759147054833 -0.019726155372216614 -0.00304291423577522 0.9997941688110407 107.08178497216834
0.9987050969308698 0.048402491454014075 0.015742258297989517 -0.07494636649923697 -0.0484576208744329 0.9988158579756139 0.0031128334311349972 -0.429191662602458 -0.015575481713555068 -0.003870812279780076 0.9998648708580409 107.94586981449287
0.9986764128793175 0.04950461672217161 0.014032099573129612 -0.07465730445011236 -0.04955783700162456 0.9987607159546912 0.003458728481556493 -0.42510847172548805 -0.013846108309243366 -0.004148559286419922 0.9998890545233441 108.52081570798579
0.9986158399721318 0.051848725133651845 0.00897674025349281 -0.0791939577355643 -0.05190057870613539 0.9986316181928359 0.0056211760774881984 -0.4174774373349249 -0.008675306252402024 -0.006078006797917087 0.9999370353758662 109.45435556441619
0.9984764157934104 0.054957471697119314 0.005211358256916347 -0.08920654124491016 -0.054990100663612776 0.9984621334799156 0.006305832026846182 -0.4112341716599998 -0.004859181336752158 -0.006581673187329573 0.9999597859639586 110.33194148297038
0.9984062181407873 0.05629748417934858 0.004284915120153875 -0.09471453872763214 -0.056322680423036356 0.9983898923893133 0.005957978639744121 -0.40765464392292095 -0.003945024710934091 -0.006188782919894917 0.9999660345549143 110.98144359710022
0.9983302644031585 0.05779048431981992 -0.00019238841774838963 -0.10338608301901397 -0.057788575950051754 0.9983067355582429 0.005861217520516126 -0.4066502105277672 0.0005287186228976727 -0.005839594315793062 0.9999762102903345 111.84281564409372
0.9981741576178254 0.06032189996999822 -0.003534919914099083 -0.11717007317165268 -0.060299774665856676 0.9981566230631788 0.0061039799227702255 -0.40231911366577533 0.0038942356561072196 -0.005878838779159713 0.9999680715360063 112.70534703643814
0.9981212882844395 0.06117241910302506 -0.003876547500062616 -0.12399998321839706 -0.06114968379284913 0.9981067208062464 0.005832596265173346 -0.39942306797728366 0.004223967929284386 -0.005584117318099636 0.9999685209852206 113.1768990268269
0.9980902769669289 0.061570179689172506 -0.005319841618042942 -0.13542082994197654 -0.061539640389517807 0.9980829208643578 0.0058195878002927845 -0.39583335369784683 0.005665986950998359 -0.0054807798383945975 0.9999620509581094 114.02055156556408
0.9980017983678044 0.06285910260681149 -0.0066680509870158475 -0.15027779287067328 -0.06282557888855661 0.9980062417542193 0.005198857998831118 -0.3935839947595434 0.006979505605064983 -0.004769218267448316 0.999957301285326 114.83548175652412
0.997992549807033 0.0629927777665003 -0.006824926268420748 -0.15765100668705934 -0.06295876928024431 0.9979980896770162 0.005203328701596492 -0.3898345489515289 0.007137169313537595 -0.004763248042475774 0.9999562322787193 115.2886819298991
0.9980333378886785 0.06210445853520998 -0.008736588570829531 -0.1686479299661921 -0.06205184361437541 0.99804872260258 0.006281769603256947 -0.3833054456144283 0.009107683049088088 -0.005727313888389821 0.9999351926022212 116.14679148096826
0.9980513457517932 0.06155256694859799 -0.010430647139806124 -0.18188991510762076 -0.06147921330816808 0.9980769706206392 0.007309443779885219 -0.37627487749668936 0.010858616372318459 -0.0066540182920934235 0.99991185274107 117.11126802135124
0.9980394857462179 0.06171953262504159 -0.010575255889413078 -0.19118516573999705 -0.061646634952780416 0.9980674378610682 0.007169806381529937 -0.37329125631121357 0.010995297343477683 -0.006503542239511625 0.9999111268592731 117.80029801109744
0.9980531232735176 0.06134478813301408 -0.011427698266892767 -0.20451013831247394 -0.061274076355866604 0.9980950298672815 0.006502242079872175 -0.37097475632982246 0.011802678820364117 -0.005788906577680351 0.9999061842584592 118.74233158587705
0.9980313199285895 0.061428573318749374 -0.012836048752031736 -0.22093575540330757 -0.06135294561829679 0.9980919788938539 0.006289048852900084 -0.36834550748589734 0.013196281405017848 -0.005488869228289579 0.9998907626572638 119.77174156516978
0.9980115886666159 0.06167631668502687 -0.01313568718787082 -0.23305553114643243 -0.06159877935011006 0.9980764208855569 0.006280683895638939 -0.3653412728992527 0.013495894079643009 -0.0054584091216505586 0.9998865519318855 120.49799660468969
0.9980331924287175 0.061142565288668675 -0.013972580860545598 -0.248279037954242 -0.06105652750455655 0.9981080074684175 0.00658040056868643 -0.36081261733196823 0.014346648135204284 -0.005713791890229946 0.9998733787632925 121.53634699515841
0.9980238518624767 0.061230483371275984 -0.014271863544857596 -0.2639049159567437 -0.06113949756505991 0.998101668886098 0.006808279601554604 -0.3558609396457151 0.014659903796152646 -0.0059219363075100175 0.9998678167366727 122.51870867251833
0.9980208302541437 0.06134594163458394 -0.013996005115628412 -0.2732586027313907 -0.061256950830531176 0.9980943780329367 0.006787736679842188 -0.35296338936930255 0.014383943009559285 -0.005916691971619415 0.9998717147760245 123.14475112180793
0.9980280658281613 0.06133019114175333 -0.013524636163711906 -0.28632482334214854 -0.061245141850348093 0.9980956197113019 0.006692130681131186 -0.35002256731845166 0.013907400614673398 -0.0058503944962060555 0.9998786629069013 124.11091105010745
0.9980086820433872 0.061695326626042636 -0.013290027370944145 -0.29709065775848986 -0.06160720239387018 0.998071348390872 0.007016738324505931 -0.34372837469386125 0.013695468733889639 -0.006183735263489339 0.9998796633360342 125.02525418444405
0.998000556896008 0.06187346689383772 -0.013063812516620102 -0.30375172552970514 -0.0617703066376761 0.9980522783082674 0.008221288313206922 -0.3350676147344557 0.01354518292833893 -0.007397565336835596 0.9998734421641928 125.56687051801214
0.9980034701556261 0.061913166826201994 -0.012647628858914734 -0.3143214165793781 -0.06175997899593619 0.9980117693309654 0.012224650140246675 -0.3210413755538721 0.013377658119291926 -0.011418747837639404 0.9998376182927159 126.46913265385665
0.997968523962001 0.06251611802821076 -0.012424766346800502 -0.32526009886819035 -0.06235093859534764 0.9979610575563188 0.013310879855493384 -0.30895426528218856 0.013229774280473075 -0.012508640419752907 0.9998263220528013 127.36130736920855
0.9979621821869844 0.06267613001876575 -0.012147863693087771 -0.3317988885852574 -0.06251601727306812 0.9979524162662032 0.013194572064710699 -0.30463678045046544 0.012948219613960291 -0.012407875975347841 0.9998314301395221 127.8508648570275
0.9979583112509307 0.0628378922838715 -0.011658322583259089 -0.3415942465161485 -0.06268799417115699 0.9979458627426259 0.01290381262502531 -0.2978350545585157 0.01244393363627095 -0.012146683340984038 0.9998414524826224 128.6668091156585
0.9979605879825676 0.06289462468239472 -0.011129014676903462 -0.3501036081274118 -0.06275231935438538 0.9979429879471894 0.012784146488671627 -0.2910350693907037 0.011908629026467703 -0.012059933127103526 0.999848691005426 129.44892551107213
0.9979497403738747 0.06312585378099994 -0.010769369912201676 -0.3565086929968511 -0.06298701055034125 0.9979272365186757 0.012842177064711104 -0.2857110203012228 0.011556008466493947 -0.012137665407093563 0.9998516534250839 129.84525780698561
0.997945666722888 0.06332587364604352 -0.009933418658732929 -0.36421914727120336 -0.0631917660824423 0.9979076605376009 0.013342312765510485 -0.2758517889081253 0.010755792327434502 -0.012687242320128585 0.9998536955447046 130.63263128516695
0.9979582779623692 0.06330332114880514 -0.008754825641121745 -0.3689044003428488 -0.06318389317416566 0.9979075772265115 0.013386812268900752 -0.2686900599461803 0.009582282484481983 -0.012806362188222465 0.9998640932989369 131.3863646227276
0.9979583431164333 0.06335355472053507 -0.008378413612925642 -0.37357313647976276 -0.06323928098136927 0.9979048321123762 0.013338076156633781 -0.26481139717219737 0.009204132046597695 -0.012781266008179545 0.9998679217731542 131.75484326587832
0.9979592645585871 0.06352881389063741 -0.006858255258057682 -0.3775200340574709 -0.06343749411072978 0.9978977272968773 0.012946885650359508 -0.2608735682480528 0.007664960691821857 -0.012485907393741716 0.9998849217755879 132.45575511726042
0.9979702124112791 0.06354833616708609 -0.004726768979183114 -0.3783972749206396 -0.06348543869432463 0.9978988024262744 0.012606851132773319 -0.2568228421645545 0.005516590815523498 -0.012281546686755128 0.9999014974769568 133.18078336791126
0.9979660678398325 0.06365814930432534 -0.004065087656522258 -0.38049744211347153 -0.06360350268396715 0.9978918238605692 0.012549497078412976 -0.25326550544076926 0.004853830280254948 -0.01226579891748692 0.9999051091101905 133.52279154471952
0.9979546649893916 0.0639241558083016 -0.0022305808441537957 -0.3813908198307875 -0.06389178797910539 0.9978728684635263 0.012580498885575043 -0.24720679623928055 0.003028348541810541 -0.012412803003244424 0.9999103272070918 134.21106468611035
0.9979514234559391 0.06400740412438542 -0.0004999054212201366 -0.37942237553655855 -0.0639967291894721 0.9978678618174378 0.012433888007588316 -0.24299004849918424 0.0012930419893561575 -0.012376967855907958 0.9999144201354236 134.89805492610404
0.99794007338921 0.06418723689193091 0.0002774312247497872 -0.3764360101382523 -0.06418659151179412 0.997856403654538 0.012415987314306709 -0.2389153109333268 0.0005186950082546961 -0.01240928216060094 0.9999147916019295 135.27947156059238
0.9979088750698202 0.06463367148447298 0.0020164736568307378 -0.3726275802348013 -0.06465410936991366 0.9978259598605698 0.012390022931063262 -0.23256108658483657 -0.0012129966098561166 -0.01249529742057987 0.9999128406615103 135.94411975735846
0.9978573081443228 0.06531256917202762 0.0042543245670036405 -0.36758695977527617 -0.06536022193276887 0.9977813519006794 0.012241012532005002 -0.22699202419351036 -0.0034473723429782202 -0.012493358024475713 0.9999074282876097 136.63174482134724
0.9978226361640485 0.06577621355616285 0.005171996026747377 -0.3661223362098457 -0.06583486404917846 0.9977514843965006 0.012140345152024171 -0.22319081426512088 -0.0043638057616496116 -0.012454908609338743 0.9999043968329022 136.99807062160968
0.9977888987179617 0.06609707073262357 0.007267961232369955 -0.36027284481114125 -0.06618334381049104 0.9977265164764669 0.01231587801049634 -0.21661668981021923 -0.006439229049114378 -0.012770168424696604 0.9998893337870889 137.6385170016409
0.9977571427113693 0.0663745318297063 0.008873225413581227 -0.35377019337019827 -0.06648161219231159 0.9977064201685089 0.012341433910380657 -0.21132762250942422 -0.008035561113854017 -0.01290418349238126 0.999876096069968 138.26601331542162
0.9977336977500979 0.06660621602974244 0.009724037027647087 -0.3517162512733623 -0.06672345274624662 0.9976908976815562 0.012263561663783203 -0.2080385078818005 -0.00888665361778938 -0.012884916227672889 0.9998689689075962 138.58781728832002
0.9976647925545383 0.06724290907755671 0.01214014743946543 -0.344165411268547 -0.06738846905101314 0.9976500626054908 0.011974120507374775 -0.2053927739516577 -0.011308244651848025 -0.012764813501179296 0.999846215557132 139.1715508811048
0.9975752488330529 0.06811773412813346 0.014407465546201693 -0.3351353263749716 -0.06829164298452574 0.9975890992813685 0.011918978025232908 -0.2005656680868219 -0.013562745159329929 -0.012874364691141681 0.999816659819035 139.7680637993804
0.997539743293656 0.06850860637809889 0.015017346321561945 -0.33174797516004556 -0.06868921391857653 0.9975630168462716 0.011824296833406314 -0.19704385598439292 -0.014172477680340877 -0.012827315540396966 0.999808879829233 140.08488460591303
0.9974977123814878 0.06869472654567998 0.01686005744506295 -0.32117489337331057 -0.0688917698815464 0.9975543535954907 0.01136401998026431 -0.1954800339185158 -0.016039991610801316 -0.012497699837185777 0.9997848541975484 140.64552236869656
0.9974111205297698 0.06920836264843071 0.01963415115996846 -0.31007612765262255 -0.06943676107181293 0.9975181704740039 0.011184728399119978 -0.1924700692993475 -0.018813243405217134 -0.01251963314317813 0.9997359927849597 141.22600949527745
0.997369332823296 0.0695583553703819 0.020516920201774633 -0.3058311360668874 -0.06979799091465358 0.9974931266371178 0.01118650784790267 -0.1877766295003005 -0.01968916769629413 -0.012589811182109587 0.9997183363519985 141.49885947725792
0.9972991326163594 0.06975082208906787 0.023108073270196722 -0.2920746881540649 -0.07002311639853336 0.9974776944572865 0.011179342941214617 -0.18312268429257117 -0.022271750035178894 -0.012768082775599321 0.9996620156415745 142.05774757543566
0.9971909298098314 0.07036438493643839 0.025771695924981474 -0.277090624244571 -0.07067563765802333 0.9974296180264661 0.011363077568886602 -0.17704320688101355 -0.024907633787541725 -0.013153475912886542 0.9995948671773666 142.65343111739844
0.9971595748232011 0.07049013658644887 0.0266229787237934 -0.2699083199436957 -0.07081680806515694 0.9974174697577075 0.011530422588667133 -0.17207464547840243 -0.025743274322255216 -0.013383866406522803 0.9995704193658018 142.94169767851517
0.9970572683907647 0.07106998088838698 0.02883319080411359 -0.25133938769993763 -0.07143055441549696 0.9973720710562889 0.01166937681050415 -0.1657545937689687 -0.027929867229310994 -0.013695457699932679 0.9995075602623178 143.50087433427672
0.9969891012725264 0.07125374830589483 0.0306911064653846 -0.23257083907530213 -0.07163828402837415 0.997358264844586 0.011599901345068497 -0.1614317742740128 -0.029785204712961033 -0.013764688525093414 0.9994531627672473 144.02303393935475
0.9969543986856942 0.07141709166609633 0.031433938724028394 -0.22343862669814513 -0.07180240316526196 0.9973498308333721 0.011289464190512726 -0.15853933852438207 -0.03054608501117395 -0.013512902519015036 0.9994334772105238 144.30281005571754
0.9968590722492991 0.07195912872367863 0.0331937120688085 -0.20497328293912181 -0.07234324923371813 0.9973198022707285 0.010495019870886293 -0.15824937307985826 -0.03235093827577338 -0.012864475962083243 0.9993856702514096 144.86255261036806
0.9966807047098469 0.07372158708393335 0.03464387188157963 -0.1900879624800108 -0.07411707810691215 0.9971920585404569 0.010254085232597422 -0.15414158326294938 -0.03379210450274704 -0.012788795856032572 0.9993386021700433 145.38792154850475
0.9966517090015152 0.07388071456265932 0.03513954688047161 -0.18135501942377352 -0.07428530372375654 0.9971787094681777 0.010335494884814406 -0.14908453271224129 -0.034278356780626185 -0.012912388048957925 0.999320344244648 145.66731567632016
0.996485482881794 0.07534359874238276 0.036717710882915575 -0.16688354102240968 -0.07576536788198433 0.9970687627559127 0.010220958960628922 -0.14380036284450395 -0.035841380990197555 -0.012968418197650152 0.999264840766465 146.1817924398235
0.9964889392509462 0.07493161705944809 0.037462939908531466 -0.14781639658987378 -0.07532489728837223 0.9971123027116292 0.009181586725941476 -0.14253717794661097 -0.03666810530723542 -0.01197291179780141 0.9992473737457718 146.6909703350729
0.9964752206062109 0.07496537752642536 0.037766571673848476 -0.14023662912634835 -0.07536135495952503 0.997109815550865 0.009153164710745943 -0.13832705719781324 -0.03697253710707483 -0.01196875649528725 0.9992361318922732 146.95717243586532
0.996450717540955 0.07487578071903074 0.038580771797042966 -0.12291643232507403 -0.0752932515038847 0.9971121436801352 0.009463085753986035 -0.1331930196773482 -0.037762094661125595 -0.012336036589601366 0.9992021012269499 147.45641598335072
0.9963681826317313 0.07525537712535038 0.03994857836637963 -0.10635700650615797 -0.07568024353869388 0.997084985471449 0.009216451706067118 -0.1314638333725676 -0.039139985566859804 -0.012207840199159771 0.9991506091287288 147.93128110463172
0.9963292373873622 0.0755076454304866 0.040439070635848076 -0.09821344613407335 -0.07592758669594608 0.9970686356498716 0.00893918076350932 -0.12891265878400948 -0.039647055644541795 -0.01197832358330936 0.9991333766513069 148.19987694682803
0.9962512020933544 0.07623425599355046 0.04099059649007046 -0.08293563384237966 -0.07663255750334294 0.9970209338194927 0.008227062047187476 -0.12843458891970286 -0.04024297097462268 -0.011338749195072101 0.999117067985626 148.6484142145831
0.9962318160114431 0.07625000336434583 0.041440935123289 -0.06725976289959461 -0.0766399119403528 0.9970233129653522 0.0078861840252445 -0.12640036408927957 -0.040717784520644285 -0.011034153598432829 0.9991012198928573 149.08934767336294
0.996215185763309 0.07629632218853721 0.04176103341359481 -0.05957088371530935 -0.07668673979872598 0.9970207284695084 0.007805069800471904 -0.12267115990625872 -0.04104239388987331 -0.010980006481787838 0.9990885828747915 149.33822589842052
0.9962157380621085 0.07617499892320338 0.04196146122608844 -0.04520516279637228 -0.07656077747645226 0.9970312486457492 0.007649910888555192 -0.1197622483157305 -0.04125563459996074 -0.01083517903940314 0.9990812981380929 149.77658388689608
0.9962314038379684 0.07603597245669241 0.04184480629720385 -0.024596390854057112 -0.0764153199909868 0.9970431755135787 0.007527934004377561 -0.11733629417803779 -0.04115017054106372 -0.010698570383962212 0.9990870125946789 150.26122278342788
0.9962314193660617 0.07601821838408361 0.04187678234850115 -0.01629009700561178 -0.07639808495363337 0.997044402671447 0.007532593369202028 -0.1136426229624725 -0.0411818005398873 -0.010704816016835041 0.9990855188832549 150.49375287814252
0.9962149402622085 0.07627448818713169 0.04180388973306608 -0.0017732048416993912 -0.07665789329966495 0.9970235703653783 0.0076372320400192725 -0.10924076433573617 -0.04109846301427665 -0.010814164758196354 0.9990877851876162 150.93824166254123
0.9962171693357219 0.07638288072679227 0.041544655079983145 0.010565567423127193 -0.07676781897031154 0.9970141632872975 0.007744842353607932 -0.10467156100689873 -0.04083068659590278 -0.010905937799981147 0.9990977499432094 151.357133281443
0.9962085033187009 0.07655389323186541 0.041432475759356026 0.015833188584699207 -0.07694056594775499 0.9970000313139261 0.007818882105601352 -0.10054412860202769 -0.040711491674380644 -0.010978294176050405 0.99910172138002 151.59711233084798
0.9962467611134106 0.07658113004293474 0.04045111367231663 0.02694029284647452 -0.07696534259774804 0.9969962200610392 0.008028647458930702 -0.09660684361242738 -0.039716758800998564 -0.011112787305258094 0.9991401809838324 152.02012338604388
0.9962715521499076 0.07668901616658841 0.03962214711133623 0.036370677989029446 -0.07706951455453831 0.9969865480669678 0.008175612235291613 -0.09255005046840838 -0.038877999074315515 -0.011199520604049872 0.9991721449039619 152.4320373346501
0.9962788499467885 0.07669688935487187 0.039423160272836176 0.03972312690221927 -0.07707944193218601 0.9969849043690493 0.008283108707237193 -0.08881478049022722 -0.03867130100886309 -0.01129193843526742 0.9991790967357957 152.65417475277746
0.996335250611722 0.07691951261459883 0.03751479584965542 0.04743560274906327 -0.07729382404214878 0.9969652057052097 0.008644769496672033 -0.08429780707109147 -0.036738470362496944 -0.011513831893052147 0.9992494880939529 153.0802780652869
0.9963455674388592 0.07753172875871495 0.03596020355908891 0.05328855350897795 -0.0778956053664458 0.99691680898574 0.008834226745297283 -0.07936567111501774 -0.03516654047648018 -0.01160417410765888 0.9993052613960544 153.4853198430589
0.9963333952460298 0.07779238973765566 0.03575420728278374 0.05519831608099261 -0.07815577845645925 0.9968967657806984 0.00886229240315476 -0.07534960300348931 -0.03495543227272605 -0.011625634293695966 0.9993127842655839 153.70642934276034
0.9963484425300334 0.07834019937215857 0.03409891752765556 0.06179622786962017 -0.07869189579482366 0.9968527384523849 0.009084009359199773 -0.07110049932090778 -0.033281762520373355 -0.011735355036766905 0.9993686122307935 154.13190836204768
0.9964212915599239 0.07852085727524416 0.03146284277828091 0.06778612914361884 -0.078855179015866 0.9968358078624581 0.009514121568477092 -0.06690828195881782 -0.03061802111181186 -0.011962470635550674 0.9994511903951804 154.5549275050161
0.9964364948250803 0.07855940208350494 0.030877974979824377 0.06908738739161632 -0.07888938055359888 0.996832202262971 0.009606964315807636 -0.06326376538435709 -0.030027356590839452 -0.012009927577212835 0.9994685996777937 154.78234729964083
0.9964951307210674 0.0784922175942704 0.029118140146264123 0.07425511720154397 -0.07880596254605211 0.9968377485955204 0.009766724291422009 -0.059671483848048046 -0.02826094743190427 -0.01202874772522009 0.9995201234592118 155.20178303798647
0.9964771766753958 0.07934608930134233 0.027372227327740303 0.07649252454757022 -0.07963565715228195 0.9967731583254797 0.009627029221770092 -0.05649926907989917 -0.026521279784601583 -0.011774882410477179 0.9995710408399073 155.61747761534144
0.9964756664905603 0.07953438902531379 0.026879158363620044 0.08096120687790223 -0.0798194578088087 0.9967580282530433 0.00967315960967512 -0.05484397426285083 -0.026023859074038428 -0.01178681022508801 0.9995840394715241 155.86596943536287
0.9964882027730072 0.0800575996144296 0.024776149564407574 0.08581184388964656 -0.08033036955014676 0.9967115945993035 0.010185923302536655 -0.049623268763217085 -0.023880525086078165 -0.01214262369835465 0.9996332435902457 156.27496088587216
0.9964999580762619 0.08049428319550948 0.022820331518559313 0.0884360847451012 -0.080753443454869 0.996672703823624 0.010638271627623768 -0.04347142842194067 -0.021889392814586614 -0.012446066079189579 0.9996752027804725 156.68632539980237
0.9965024367562779 0.0806181390465679 0.022275080734666493 0.0888035874035037 -0.08087363062676237 0.9966617337889909 0.01077654404179721 -0.03898645036971775 -0.021333138830735152 -0.012542683159806728 0.9996861188358387 156.91050096779372
0.9965278847101736 0.08078075507399388 0.020486523460980333 0.09020340658593425 -0.08102325147127697 0.9966441577561576 0.011251928460609444 -0.03306005519748 -0.01951009028140939 -0.012875143709448998 0.999719118624744 157.31906164499938
0.9965873081363404 0.08064592267015891 0.01797957964170304 0.09110040398578322 -0.08087373749742786 0.9966443506299327 0.012273131647374319 -0.025192661720919104 -0.016930709104135758 -0.0136878101154313 0.999755480574692 157.7547147122444
0.9966288624224173 0.08037882800635107 0.016838579006051672 0.0897801131723661 -0.08060394590466755 0.9966558222268147 0.013093260429604384 -0.018730053352845725 -0.01573112727516894 -0.014408918396059432 0.9997647391978588 157.9958466558067
0.9967267025592715 0.07974123618025154 0.013808267348657824 0.0887654675177455 -0.07996480809687785 0.9966583906767394 0.016408751161535434 -0.006598616105547447 -0.012454837997695655 -0.01746176012984913 0.9997623360658698 158.42809193072895
0.9967883805169222 0.0793655251335549 0.01130458648834455 0.08582890525871999 -0.07956090594798222 0.996664066834964 0.017944401496259497 0.0042788772205061935 -0.009843931616497222 -0.018788855552965653 0.9997675374080722 158.8640085715835
0.9967919553538325 0.07939141553400411 0.01073111624814772 0.08166407924382033 -0.07957743648755496 0.9966588878092247 0.01813084945936262 0.010297302222860615 -0.009257455352087933 -0.018928858656264553 0.9997701389471461 159.10858997909116
0.9966841635938676 0.08098737644212337 0.008631263704431702 0.07491006105128772 -0.0811342841757199 0.9965316406345099 0.01822662004497661 0.018211907434187054 -0.0071266370558935675 -0.018868908580553494 0.9997889172931926 159.52875997995386
0.9966862888168212 0.08114228134461855 0.006755623926834467 0.0699922851739378 -0.081256185201321 0.9965151593000356 0.018603355786718043 0.027041458074276284 -0.0052238051133848135 -0.019093462080378616 0.9997966340417003 159.94346923154228
0.9966552573733407 0.08154998043944008 0.006367159566706641 0.0650772930136314 -0.08165696529071334 0.9964799340166913 0.018726830732255114 0.034082340388315584 -0.004819005718404317 -0.019186833835103383 0.9997967231053276 160.17823741886323
0.996564556765914 0.08277909225859344 0.004483475865873129 0.05785580734746272 -0.08285291544543706 0.9963637895544906 0.019647438807135233 0.04594826480445019 -0.0028417862832184906 -0.01995449740286581 0.9997898069285999 160.5747077795024
0.9965923643855847 0.08255503083895716 0.001238328453293114 0.051205989539360265 -0.08256406743122388 0.9963693235718103 0.020545566968320612 0.05623956909972096 0.000461185278571012 -0.02058088788581425 0.999780868702238 160.97339077562626
0.9965755598097108 0.08276623968376574 0.0004685206406335186 0.044269872363606834 -0.08275886355399498 0.9963479753574056 0.020796738180825686 0.06311132479347224 0.0012531656244382516 -0.02076722230856567 0.9997764224321115 161.19809603504368
0.9966192642817339 0.08218671366511031 -0.002762849559246089 0.040435269058697126 -0.08210776786971101 0.9963793621232278 0.021825722683564943 0.07300687824786382 0.0045455625696430085 -0.02152809369461611 0.9997506920045257 161.61946465684588
0.9967395926031286 0.08057880452040164 -0.0054506132434119885 0.03290640101288296 -0.08043340608620929 0.9964869465580183 0.023115181807121826 0.08579986697025593 0.007292811908413826 -0.022604278514935714 0.9997108212092737 162.01556389351606
0.9966827519650538 0.08124674538677105 -0.005904258396187852 0.02446942749423672 -0.08108934130869541 0.9964286873894315 0.023334213976137993 0.0940915864684156 0.007777901551707044 -0.022781015550033906 0.9997031642793397 162.23859074041303
0.9965697393278796 0.08240298528679926 -0.00844293572417851 0.012687533856787222 -0.08218134533263573 0.9963251083601639 0.02394515096431435 0.10513774487221689 0.010383949429631754 -0.023172233230447332 0.99967069324279 162.60638491966202
0.995925574515907 0.08942984953975591 -0.012147982593961494 -0.003106491295525555 -0.08906181376714534 0.9956255564831562 0.028090400748546136 0.1231120721212185 0.014605604523574975 -0.02689700734874511 0.9995252569580444 162.96762790091358
0.9956037192470605 0.09276549769257322 -0.013448250743446329 -0.013508296018046161 -0.09233899641090461 0.9952862920886063 0.029494009557434787 0.1363692147348598 0.016119531950317983 -0.028125466752763017 0.9994680375779393 163.17648760274787
0.99526851465215 0.0959010388748497 -0.016029446059400976 -0.027094605480208242 -0.09538042672413616 0.9949657362524679 0.030605308244911287 0.15189707285844087 0.0188824810473964 -0.028934528033796276 0.9993965781662975 163.52214102173215
0.9954717975169411 0.09319160938521047 -0.019115285218934297 -0.04155341261697729 -0.09262178398329358 0.9952793025990299 0.02883220806134059 0.16123923835782106 0.02171078409472916 -0.026934122754400217 0.9993951916752791 163.84979880481478
0.9956504091812151 0.09106999923478103 -0.0200269531970323 -0.052695509064216 -0.09048313802864444 0.9954853035789283 0.028518367284794593 0.16897318624360783 0.02253239391224885 -0.026585112363850583 0.9993863340285797 164.0107689017062
0.9960914829747223 0.08541426932646766 -0.022807349422337145 -0.06802379746664373 -0.08469506341988937 0.9959245438459795 0.030857465177311968 0.18665361207283923 0.025348947257455828 -0.02880814174281467 0.9992568896034195 164.3207569970273
0.9962431091618016 0.08282695290082334 -0.025582516319709855 -0.08609751537885602 -0.0819798419755123 0.996096652092557 0.03258914208148127 0.20159606931290563 0.02818045738139272 -0.030372314742476047 0.9991347050552232 164.60528609519693
