1.0 0.0 0.0 0.0 0.0 1.0 0.0 0.0 0.0 0.0 1.0 0.0
0.9999995231628418 0.000557631254196167 -0.000448763370513916 -0.0014064577408134937 -0.0005574226379394531 0.9999996423721313 -1.940131187438965e-05 -0.002084838692098856 0.00044843554496765137 1.9758939743041992e-05 0.9999997019767761 0.48938846588134766
0.9999993360584094 0.0009052296298808216 -0.0004339721759309967 -0.004122686301794111 -0.000904708693203915 0.9999995723498509 0.00021105178907276922 -0.0025499508521160397 0.0004338255493374632 -0.00021048691447056456 0.9999998323149972 0.9722830731112095
0.9999985817751819 0.0012271887803590106 -0.0005397593228509744 -0.0071284869256859175 -0.0012264317783326447 0.9999989209185974 0.00022315776097229042 -0.0015079617772957867 0.0005394230975063113 -0.0002223276987025302 0.9999994262611884 1.2207067517862944
0.9999974702582634 0.0018585874803152252 -0.0009426295301933083 -0.013331205086306454 -0.0018576435897624025 0.9999977733261921 0.0002940747722990052 -0.002677531312521803 0.0009426693705935167 -0.00029208206987809527 0.9999991932398083 1.704807592895561
0.9999962019773909 0.002283809178633627 -0.0009447401921577961 -0.018829019469363724 -0.0022823540060746494 0.9999963398082541 0.00045715713149893194 -0.003524528283672338 0.0009449983421930851 -0.00045437194148199964 0.9999989049135792 2.1772214072606078
0.9999967236839474 0.0023381066679883386 -0.0008905762651641579 -0.022558943542184455 -0.002337305573770398 0.9999967373322634 0.00035856659223632405 -0.0030171336839795353 0.00089093270624481 -0.0003562712271206564 0.9999992394702216 2.4260314640329845
0.9999978937981644 0.0010504183008376235 -0.0017467053484859427 -0.027983560616714438 -0.0010522525924019927 0.999998443859535 -0.001335576270201159 -0.0063196484486846725 0.0017448463599530578 0.0013373211296287815 0.9999974156031729 2.888874142764516
0.9999975856148995 8.84977368318677e-05 -0.002124069071266695 -0.033226893156529665 -9.482105510657171e-05 0.9999945968685107 -0.0032749789644276085 -0.01111417560589647 0.0021232736991763203 0.0032753545513260133 0.9999921400164986 3.3309333403663786
0.9999980688193463 -8.738176061236174e-06 -0.0020126652962586633 -0.037720734503354725 1.3572192518805333e-06 0.999992505857611 -0.003916451059195476 -0.01216268590796985 0.0020123368367192395 0.003916402514982342 0.9999902160479448 3.5677947240263683
0.9999970147595355 -0.0012300147496233486 -0.0021150234655051884 -0.04242602680568989 0.0012195882583514762 0.9999858293103646 -0.00519483923749904 -0.017179674117351076 0.0021209232430518432 0.005192122830178722 0.9999842880636922 4.012407503679103
0.9999959231126133 -0.0007537107111447097 -0.0028520136072999907 -0.0515666669267188 0.0007387493156546215 0.9999852646278792 -0.005404678261593268 -0.021944958533453848 0.002855624928594626 0.0054022830784137225 0.999981401135174 4.4684516645379695
0.9999958898218639 1.4082463220864779e-06 -0.003000546905800353 -0.05822730771251769 -1.705434802700791e-05 0.9999856727138102 -0.005366403143927715 -0.022382690118504318 0.0030000478396603972 0.005365963094981387 0.9999811844294222 4.718424798378706
0.9999862027356472 0.0025566437927751103 -0.004714227609251692 -0.07089472319549403 -0.0025743678054144566 0.9999892519021828 -0.0038430971636590505 -0.022558413575372294 0.004703870112116469 0.0038544312718879307 0.9999818926164482 5.21115535688247
0.9999415476033896 0.0057233912360924455 -0.009268652113696782 -0.09005480247205366 -0.005734962037261201 0.9999827115136931 -0.0012653137857963478 -0.01943690332752942 0.00926065520225719 0.0013175584631723194 0.9999568578723597 5.714611798146873
0.9999058219915594 0.006581228169107558 -0.012130700209323149 -0.10236987339325986 -0.0065869040933567565 0.9999782405786707 -0.00045394891249643965 -0.017520391466011698 0.012126983252983083 0.0005328309955034686 0.9999271250059331 5.986944135829505
0.9997891624020914 0.006612146556630864 -0.019505564774396928 -0.12812046639585029 -0.006590510892965166 0.9999775041118655 0.001164757990519306 -0.014588125156648316 0.01951223477067387 -0.0010368826523807727 0.9998100190705957 6.5212457406897055
0.9995965783694323 0.007137434235561796 -0.02752747737492107 -0.1579920160777945 -0.0070632550872923635 0.9999707530352621 0.002784446824484762 -0.01089156316548262 0.027546141333163826 -0.0025898488482684434 0.9996175334730709 7.051842031852445
0.9994617302230037 0.00746058111540536 -0.03195600052594607 -0.17510544908407977 -0.0073547175914992395 0.9999662042465015 0.003415966063950546 -0.0105290216306147 0.03197955540081121 -0.0031796869661186596 0.9994833881855961 7.314773792884678
0.9991393001537419 0.007741563224717882 -0.040766536060575995 -0.2131254046476279 -0.00759620271298536 0.9999632834228326 0.0037140330791580263 -0.00994996640828666 0.0407929575181239 -0.003401557245825856 0.999161680584426 7.8458663550902035
0.9986912242060416 0.010521368137463929 -0.05006091902294921 -0.2627902188964747 -0.01033469442826085 0.9999379278902841 0.003982097678095623 -0.008331103114405523 0.050098794933138596 -0.003460165950277843 0.9987381654854794 8.36898549575255
0.9984298286164597 0.012874641291969576 -0.05452480581746651 -0.29135586977662387 -0.012657558717153468 0.9999099164976578 0.0043210029534754505 -0.0068772410850944125 0.05457450253826226 -0.0036244465072861475 0.9985029242042152 8.636768048598396
0.9978071332621269 0.018246337216887242 -0.06362821962694495 -0.3521960916164227 -0.0178858544186856 0.9998198759215037 0.006226773147548931 -0.0007674974117949747 0.06372932614071877 -0.005075476308879651 0.9979538841727345 9.157181278206727
0.9968443547734083 0.025920506982495168 -0.07502997003471085 -0.4265502930131683 -0.02525300763670098 0.9996321009176451 0.009826274880512898 0.010504104598308677 0.07525604474089745 -0.007900886478714328 0.9971322663263481 9.677859460459162
0.9963406103081497 0.027584067294108502 -0.08090047964737451 -0.46247274041117536 -0.026799355861133706 0.9995821061501565 0.01076488247318003 0.014156247736364678 0.08116256027372074 -0.008557530619200067 0.9966635386906227 9.934910599199277
0.9951766924174326 0.0274386128581407 -0.0941856796487627 -0.5345102917791714 -0.026424710562123182 0.9995780990378341 0.011992410953754475 0.020003390780145566 0.09447406400232507 -0.009445693260836406 0.9954818536626535 10.45723444272789
0.9938749969452669 0.02705246450066712 -0.10715317823329784 -0.6129966765144721 -0.025770549579503598 0.9995783367943751 0.013328317178308366 0.027550600894861936 0.10746782811686204 -0.010485437663170574 0.9941530773196317 10.98431633423337
0.9931007497260856 0.026898548309694056 -0.11414148429987937 -0.6585206445934232 -0.02540244377416795 0.9995708388974378 0.014540051504897355 0.03086594812663477 0.11448287244397068 -0.011540485227419565 0.9933580138347758 11.266049825469636
0.99141668489519 0.02761981552417245 -0.1277910174346282 -0.7542042490542802 -0.025690899687963516 0.9995295472337337 0.01671761192342147 0.041576144212269975 0.1281918308939718 -0.013291241366029013 0.9916601914718369 11.816599474961508
0.9895776295830615 0.032507160837372845 -0.14028723139954738 -0.861419097083934 -0.030201913637791056 0.9993715745229869 0.018529963122705443 0.05332165286016709 0.14080066781867456 -0.01410021621167009 0.9899377521749128 12.34908648447664
0.9884759738266783 0.04024467035296862 -0.1459344734345442 -0.9243019928289423 -0.03750850570532809 0.9990656768155032 0.02145300126349217 0.06395476700710692 0.1466606514155203 -0.015732074713898994 0.989062341797296 12.623254478672223
0.9863856501331095 0.0513796604601848 -0.1562215111149485 -1.0458914665746593 -0.04770798290853705 0.9984917027544647 0.027163459626096807 0.08966367814858958 0.15738060911882884 -0.019340674514912247 0.9873495427982603 13.136238863312117
0.9842218870337587 0.04652609370968554 -0.1707197732851609 -1.1596308277832659 -0.04260609943849127 0.9987394173180348 0.026558802579392055 0.10644388515854672 0.17173940145586677 -0.01886636289212905 0.9849627832192085 13.655954162684328
0.98283788793631 0.04568154136415311 -0.1787336133738208 -1.2179812253553635 -0.04153209185367691 0.9987757926322989 0.026894928650947874 0.1091805661747821 0.1797430160234523 -0.019010866697241193 0.983531314406906 13.906623937951853
0.980739505737493 0.043071831505774295 -0.19051901914936512 -1.3315095628350617 -0.03881636125840762 0.9989081252459339 0.026018425782003436 0.11843703031027422 0.1914312958222666 -0.01812253714667943 0.981340237986053 14.385731469407851
0.9785402246412079 0.04098595903189587 -0.20194521002927665 -1.4552763635677237 -0.036475912421620627 0.9989964698070881 0.026009359216048706 0.1308085890499004 0.20280826550114403 -0.018085624926436707 0.9790528187013433 14.8933871838973
0.9770728244201851 0.040986074559812104 -0.20892855520820633 -1.5257420148780756 -0.03619877388327049 0.9989886656640928 0.026690745729794844 0.1363550035341436 0.20981068658211285 -0.018516455133560906 0.9775680532467612 15.158031495376171
0.9739787137319423 0.044219841981939276 -0.22229048061316048 -1.66504604016139 -0.03917003560835042 0.9988662114174564 0.02708020030043203 0.1473368247860147 0.223235498583002 -0.0176688201938263 0.974606072297115 15.639544504312619
0.9708891755650081 0.04574607183012859 -0.23512566411462504 -1.8088405403114427 -0.04044846422188368 0.9988088332876689 0.02731040424174249 0.1576166679597891 0.2360943540356931 -0.017005074434542217 0.9715822980521773 16.13015441739215
0.9691285629003801 0.04487000318204784 -0.24244459375860156 -1.8823374486329203 -0.03925810577609427 0.9988392441329066 0.02793478271949754 0.16244647557042735 0.2434159814903396 -0.017554626091034795 0.9697641639575629 16.379479376105856
0.9661745190930396 0.044260999607228124 -0.2540675971386219 -2.024419047015557 -0.03822075235745853 0.9988585244559183 0.028667629586368967 0.1733177666336279 0.2550456521442098 -0.017987091628510823 0.9667625279581361 16.835091210756858
0.9632355998129024 0.04328206732182918 -0.26515330015322186 -2.169829587244982 -0.03679228104353185 0.9988908685486987 0.029400422268358976 0.1858313999449342 0.26613080487953605 -0.018563419450129088 0.9637587745517296 17.284645226414927
0.9614248243837372 0.04262012874662791 -0.2717499704007286 -2.248534726597443 -0.03577071821830663 0.9989065890883059 0.03011493273992545 0.19049361457492248 0.272735457951756 -0.019231988755983698 0.9618973428976765 17.51844833879829
0.9584699686370337 0.04215621376325588 -0.2820647367573525 -2.391542382214472 -0.03498860410375698 0.9989253407408151 0.030406164852018303 0.1992311038367942 0.2830426661289924 -0.01927374125413714 0.9589144285527608 17.92713682007161
0.9555622657608818 0.042499791478248276 -0.29171348754345544 -2.5436895881211887 -0.03502516553368917 0.9989118756212051 0.030803671126470148 0.21070603018387096 0.2927044507455677 -0.01921702087300896 0.9560106301061447 18.354845300654297
0.9540448955287975 0.04284099610558314 -0.29659015716964077 -2.623494654848126 -0.03506875697239768 0.9988895750926954 0.03148208821240808 0.21599086025827813 0.29760884039483626 -0.0196339972172899 0.9544870724246842 18.57689933967222
0.951353915264033 0.04292008836577501 -0.3051002434214488 -2.770882434742574 -0.03454387887098985 0.9988651625360628 0.032805479127579945 0.23108003095748225 0.30616135991850835 -0.020670010217645744 0.9517559798330045 18.978243825854378
0.9485533927082144 0.04238700927957717 -0.31376964270473695 -2.9176058038097175 -0.03322509871445397 0.998852669968173 0.034493552144632074 0.24760544275400298 0.3148718077076471 -0.022294111182393096 0.9488729731956035 19.365493395016152
0.946829836637837 0.04229562078267293 -0.3189435440995509 -3.0026396817247534 -0.03262815859726621 0.9988335049904896 0.03559626098441347 0.2549206944573699 0.3200774244148332 -0.023297122617858376 0.9471052922740655 19.57911558985047
0.9443151027003052 0.04205864303293781 -0.3263446834851864 -3.1476722374149433 -0.03169239117904393 0.9988116989531096 0.03702018699620443 0.27110297195551253 0.32751433315428086 -0.024616212114412065 0.9445257236620548 19.959192560172305
0.9421765090785895 0.04247908140143854 -0.33241433798987396 -3.295428220575429 -0.03146666059386009 0.9987649778583606 0.0384448102200369 0.2881322532135195 0.33363755368762726 -0.025762112239363918 0.9423495251736457 20.340033305657247
0.9411443260804385 0.0428151432439334 -0.33528259501621044 -3.3822171320036087 -0.03151330705265052 0.9987386678475668 0.03907971813039523 0.2969751283532691 0.3365337021844371 -0.02621410874901078 0.9413064656231079 20.557298329042094
0.9391616320445044 0.04328520767538738 -0.34073754171266546 -3.528278358508366 -0.0313889466214167 0.9986919921507164 0.040352136509978535 0.31361349619827766 0.34203929252124493 -0.027201941380196385 0.9392919031867567 20.925639548743522
0.9373958359885732 0.04357588809418047 -0.345529391980464 -3.672852563581368 -0.031173597729744054 0.99865681069739 0.04137252371970187 0.3298666252711718 0.34686902249349527 -0.02801132924360638 0.9374952410353934 21.288114072452654
0.9369331615445257 0.04352895715030262 -0.34678702658215965 -3.749794395194881 -0.031024802199250537 0.9986547652567712 0.04153099030081478 0.337404296632865 0.34812931426818156 -0.02815300717539805 0.9370236440960831 21.472267741028617
0.9352304958978432 0.041757606973878196 -0.3515679498473998 -3.8875144251566778 -0.028937792465945203 0.9987126883766988 0.041644134701108684 0.3512903617051551 0.352855299116279 -0.028773619907442333 0.935235239438883 21.812243025630888
0.9338210614248911 0.041624811306876 -0.35531136757446496 -4.026006102172978 -0.028438412376959106 0.9987014272644832 0.042258137554350865 0.36590698464790916 0.35660995583621224 -0.029357213811315886 0.9337920262079438 22.147498937904334
0.9335371782603133 0.04157763456319177 -0.3560618228972869 -4.09883166734273 -0.028279181559226145 0.9986965061240175 0.042475699140020924 0.37357092686514215 0.3573646961136797 -0.029583397266808798 0.9334961184144986 22.316708808288794
0.9328312757545323 0.04186692787703676 -0.35787267236221026 -4.233975679874225 -0.028347972326850535 0.9986744834883995 0.04294187247891464 0.38854362127303244 0.3591970997569524 -0.02991220687918365 0.9327818341863949 22.64494027792622
0.9321404519976517 0.04264287385351223 -0.35957692188136714 -4.3725903945556395 -0.029086711429940022 0.9986494913090301 0.043029819504267416 0.4036099150790598 0.36092705471089687 -0.029650592835453172 0.9321222040922457 22.975091116137776
0.9319683744711179 0.04306463170029346 -0.35997111566710954 -4.4434767168274485 -0.029537904390030338 0.9986371993072359 0.042996772620517786 0.4117826558187023 0.36133279423143627 -0.02943792972694153 0.9319710252160444 23.136628761809614
0.9311841571742449 0.05142793284889478 -0.360902264069585 -4.579463895766373 -0.037231177912898206 0.9982374677386068 0.04618480648133983 0.43286835367002363 0.36264195508695896 -0.02956897113276703 0.9314584099561799 23.45870781687464
0.9305373667561749 0.055280818855987186 -0.3619994619207309 -4.715866121918729 -0.040251848246128444 0.9979892201075021 0.048933198986642355 0.45600367920038787 0.36397735873382414 -0.030962309976554934 0.9308920907787414 23.78843095682034
0.9302822085769294 0.05446798455550411 -0.3627764032870027 -4.790014579869573 -0.03919108520047373 0.9980108703046772 0.0493433085894689 0.4671466766473772 0.36474307048035665 -0.031684904517773914 0.9305677608999846 23.963978793781795
0.9299241723948176 0.04682741571003168 -0.3647551534612075 -4.919396771333791 -0.031938286856087746 0.9983940701497249 0.04674825582415599 0.4805630564505531 0.3663589186143744 -0.0318219005971703 0.9299280012046583 24.283049481456615
0.9296628169052595 0.03837177997618973 -0.3664051725965498 -5.038306115554149 -0.02419082348312371 0.9987710057925784 0.043216821717325375 0.48476978083916067 0.3676134571450376 -0.03131280286404368 0.9294501195230777 24.608534882795183
0.9297658435543293 0.034383703714449286 -0.36654043895203764 -5.111853713086787 -0.020272697636943875 0.9988986785168864 0.04227888253840992 0.4936086838474188 0.3675906463765592 -0.031878167789051906 0.9294400216056721 24.78380032974143
0.9295526340798788 0.03301305327599429 -0.36720641659244746 -5.235219605639361 -0.01874980956082008 0.9989256414306161 0.042342689263259715 0.5082389696181789 0.36821002442280504 -0.032474257565479746 0.9291742233880996 25.08106973160831
0.9293402128045253 0.034898033178801885 -0.3675694862693373 -5.364876688257095 -0.020742927301362846 0.9988843725376704 0.04239073163440344 0.5249963666899217 0.3686389632031662 -0.031770579624816435 0.9290284220796975 25.385041848068955
0.9293444940841742 0.035911323366542375 -0.3674602397879178 -5.422225386064079 -0.021825580794143474 0.9988596527816934 0.042416907333875056 0.5345039461485444 0.3685645002924362 -0.03139911572838181 0.9290699377057896 25.515152062574675
0.9294991982146559 0.03794086866806862 -0.366864128199206 -5.543094826665782 -0.02402867451395299 0.9988092545307838 0.04241534928913566 0.5509945474719129 0.3680366673324437 -0.030609082942690116 0.929305393940473 25.80874445613305
0.9295646217996996 0.03856524467258129 -0.3666335591005592 -5.656536652144881 -0.02491880962316918 0.9988099477344949 0.04188181180332318 0.5628395630105277 0.3678125092740634 -0.02979503316916085 0.9294205109408776 26.086809408715904
0.929634537438871 0.03876688865514428 -0.3664350027097683 -5.705950417170733 -0.02538532401916623 0.9988237651969366 0.04126750656164765 0.5684727137362879 0.36760388270693445 -0.02906085646871295 0.9295262614883193 26.19795811838278
0.9297128253608227 0.0388022464339695 -0.3662319015733048 -5.807473893567507 -0.026787044124540648 0.9989230520396485 0.03783389712739814 0.5747038042208248 0.36730553369486063 -0.025363377898046626 0.9297523520534483 26.444827885728888
0.9296350645939605 0.0382685505836409 -0.3664861814831161 -5.913558242142246 -0.026185483163687958 0.9989371837650219 0.03788679635621971 0.5874515839421279 0.3675465553796162 -0.02562326726687928 0.929650166414485 26.703150472827797
0.9294781466852013 0.03826892122902206 -0.3668838309578597 -5.967263348680093 -0.02590126726280791 0.9989179600397498 0.038575583126780714 0.5956600283357104 0.3679630469859497 -0.026351196116602655 0.9294649509517027 26.82380833524492
0.9295556241170935 0.035203371006522474 -0.366994589404045 -6.081624073036688 -0.021456506866240132 0.998907281682643 0.04147078830631289 0.6156001247332813 0.3680536505208336 -0.03067394442862375 0.9292964584355384 27.104788049271917
0.9297668989243852 0.03244353721281043 -0.36671349405311304 -6.192778267722961 -0.018027409543419977 0.998924361130934 0.042667867397824744 0.6339544289631478 0.3677036134244115 -0.033059581064526423 0.9293534062812084 27.372533694451217
0.9297675919978869 0.03217672550146189 -0.36673571298007895 -6.242340501992074 -0.01772052366651234 0.9989275677077646 0.042717077713354736 0.6411077694360156 0.3677172314357917 -0.03321731171680186 0.9293423796463983 27.479428534753826
0.9297548778643608 0.0319567719388797 -0.36678694791525185 -6.336692737401833 -0.01757469330963892 0.9989400299146748 0.042483228242006996 0.6510681186050566 0.3677560826144042 -0.033052017687964 0.9293328459820982 27.7056428869258
0.9298415360173209 0.03293326260468117 -0.3664813363160248 -6.433307095245985 -0.018762086595531302 0.9989320131261636 0.042163180260810854 0.6624286662365105 0.3674789520589694 -0.03232857266742862 0.929468094168679 27.936591983478987
0.9299234834810848 0.033421290411710824 -0.3662291762831903 -6.480336047341792 -0.01933578891316946 0.9989252733372048 0.04206178021135306 0.6685446668170869 0.3672418201876157 -0.0320323082682776 0.9295721182612253 28.05014390071805
0.9298715834165348 0.03389575402261984 -0.3663172895014189 -6.567885675395877 -0.01990844644368892 0.9989211454333599 0.04189371014021738 0.6790299610183421 0.3673424390755414 -0.03166229129420135 0.9295448804378791 28.26524929658415
0.9297713977240657 0.033796722417793607 -0.3665815029937444 -6.6522037049468254 -0.01984028425349164 0.9989280085594004 0.04177385813701033 0.6885486752144452 0.367601035639974 -0.03156684228518361 0.9294462885939359 28.47007787707055
0.9297834196702043 0.03371530351032392 -0.3665580128357382 -6.692706753919425 -0.019774672235051662 0.9989316550447318 0.0417206848614689 0.6942603812242762 0.367573521314103 -0.0315423963253687 0.9294579431593197 28.56375768589996
0.9296706062011143 0.033191540024666503 -0.3668923754762401 -6.784839265373844 -0.01918344078212903 0.9989416348107699 0.041761788604480495 0.7054217196436363 0.3678906918082824 -0.031786182487277714 0.9293242329516703 28.788652984718674
0.9293816170701413 0.03358852316462391 -0.3675882294993539 -6.876681578990976 -0.019406771610499772 0.99891873119785 0.04220980751292953 0.7175392934188773 0.3686091672751966 -0.032095186903053824 0.9290290601963077 28.99980605324391
0.9293020212601727 0.03372365484165465 -0.36777779526539217 -6.919532669483625 -0.01950031536902118 0.9989123603517865 0.042322983833118305 0.7235420784331563 0.3688058988236753 -0.032159480482019324 0.9289490411460467 29.093193663229286
0.9289899222952195 0.03373123123483349 -0.36856504981283167 -7.005411527493503 -0.019485723815454756 0.998913575189233 0.04230627617260361 0.7322450795992558 0.36959259954769563 -0.03212121432985427 0.9286378017148031 29.291201856607916
0.9286563358380509 0.033325422731727804 -0.3694423642103173 -7.09189437735962 -0.019187489958294206 0.9989377396531913 0.041878398058210475 0.7399015719317776 0.370446809668314 -0.03180330462241882 0.9283087786850565 29.489219263586122
0.9286313883889035 0.03325073194287239 -0.3695122666259809 -7.1299521812804025 -0.01910577961160367 0.998939547989877 0.04187525246759169 0.7448975272994304 0.3705142250848819 -0.03182852035335446 0.9282810370348381 29.57340094279901
0.9285484974347354 0.03296271356757352 -0.369745784426202 -7.217698641426517 -0.018429198966661477 0.9989137737326887 0.042771222696380444 0.7578556271613541 0.3707555776526732 -0.03290281231496551 0.9281470855411584 29.78519491342003
0.9283263953653512 0.030541597861858026 -0.3705098898457647 -7.303365313998074 -0.015171478372242532 0.9989004875734917 0.04432724142854697 0.7725305064251788 0.371458321568141 -0.035530756561213614 0.9277689897941621 29.980662599507642
0.9281226463928434 0.0301759800475184 -0.3710490249550549 -7.3524329017868455 -0.014640790761154198 0.9988952521540769 0.04461308893702445 0.7797042675452869 0.3719872689893675 -0.03597546650040183 0.9275395107065931 30.083610374515448
0.9280172811014786 0.030770574480883568 -0.3712627681994812 -7.439110123794599 -0.015424039205867305 0.998900370291568 0.04423385148752608 0.7889237321079342 0.3722174098039667 -0.03532465570185744 0.9274719898982677 30.276572954619056
0.9275599205416455 0.035237201514197534 -0.3720088277143495 -7.532923786438647 -0.020827999013454793 0.9988699414674443 0.04268065994896086 0.7992633147658921 0.3730942233629756 -0.03184207483872449 0.927246202691052 30.474934918092924
0.927321344448676 0.03711621206743516 -0.37242068388422944 -7.583302824759755 -0.023037651694279914 0.9988424917897606 0.042181634251152 0.807483163872163 0.3735571310142937 -0.030537672259959514 0.9271033589060161 30.57505932238084
0.92596749741886 0.04072226173685729 -0.37540117279458257 -7.679811163081924 -0.026681187063242778 0.9987371908249445 0.04252586793276234 0.8192539263259989 0.37666068604843744 -0.029362888931737774 0.9258852136346563 30.77669672389299
0.9255082867659812 0.04224913743784015 -0.3763631674727568 -7.754548562142555 -0.028141180234080642 0.9986811516804214 0.042904822552800266 0.83082657317131 0.37768126637081256 -0.029118965093709055 0.9254773144790405 30.941574773190936
0.9255377531164123 0.042502147541002094 -0.37626205495753284 -7.782027518459421 -0.028376623447359722 0.9986699685569524 0.04300503567142893 0.8367837821070844 0.37759120011741476 -0.0291272317424801 0.9255136590751172 31.00504807572245
0.9253259694769179 0.04217265967968781 -0.3768197039651572 -7.846837880082526 -0.02791910683863577 0.9986737973750083 0.04320801057155133 0.8456390513237595 0.37814406967928155 -0.029462423017877677 0.9252771958925191 31.15562797135269
0.9244314416344325 0.041615155820867916 -0.379069957135694 -7.91721707016097 -0.02712873776027138 0.9986837145543587 0.043476019289100026 0.8530070761268701 0.3803822142707429 -0.029908098138959192 0.9243447828311272 31.30657262375158
0.924344387977922 0.04170161419066856 -0.3792727886637251 -7.947899009025894 -0.027220850286690548 0.9986820626562334 0.04346194640743354 0.8569801028141436 0.38058720888516473 -0.029850930114723208 0.9242622642489893 31.3692612467596
0.9243789682766068 0.04178480496788408 -0.379179217392382 -7.999603840533068 -0.02739316016532719 0.9986854404705097 0.04326966125902051 0.8628507067272657 0.38049058466891306 -0.02961171596317127 0.92430957474942 31.48609910465296
0.9242695800976892 0.04187174844951329 -0.3794365371692563 -8.045165697560037 -0.027534940006980077 0.9986877229233198 0.04313273430761078 0.8680292705058678 0.38074675593995017 -0.0294201012297184 0.9242106825303451 31.584169154444634
0.924199240201104 0.04193867901830152 -0.3795994625868945 -8.0716314677937 -0.027596719651850204 0.9986853925674698 0.04314464502385502 0.8722306841094526 0.3809117874866407 -0.02939989829926852 0.9241430436384903 31.639412596192305
0.924194692463954 0.04200593484429446 -0.379603946708665 -8.148357488126278 -0.027630257764844006 0.9986808142200981 0.043240326796242796 0.8817357819487908 0.3809216435775263 -0.029475705394642816 0.9241369925444118 31.82131385143771
0.9242275673268933 0.04221367841411908 -0.37950207004243763 -8.1676795727139 -0.02782442504369919 0.998672223737013 0.043322812080985464 0.8862489427005658 0.38082936286876884 -0.029482845659019315 0.9241751094626496 31.860234807158893
0.9240177240428933 0.0425217560074058 -0.3799774685826496 -8.203543264598421 -0.028071258624049984 0.9986577995437025 0.0434914502756561 0.8917869790216892 0.38131903015563784 -0.029522250748864862 0.9239715990459467 31.934858681260984
0.9239664091796393 0.04285510785067694 -0.3800651916986506 -8.230199083040285 -0.02839734775485423 0.9986454646770594 0.043566713872247885 0.8967189251000557 0.3814196846553083 -0.029463410934271777 0.9239321095430453 31.990185434690112
0.9240234366505478 0.04307850789053956 -0.3799010184181382 -8.24620867849055 -0.028610176588539295 0.9986356723623079 0.04364973070881507 0.9014046533416727 0.38126522423186254 -0.029466335871674805 0.923995728718116 32.02401475557546
0.9241117891315528 0.043303814084311915 -0.37966015666606523 -8.26712580325954 -0.028819721114588952 0.9986250942147039 0.04375149137894696 0.9067773737244436 0.38103474538234583 -0.029491410982726028 0.924089822932814 32.07003811831757
0.9240874238452988 0.04342928911088025 -0.37970501865944617 -8.2855715845021 -0.028941882190377723 0.9986205407615966 0.04378027812864628 0.9112801032593104 0.38108444168564004 -0.02946944350704237 0.9240700284478122 32.10882641293053
0.9241034174923971 0.043532883164645104 -0.37965348738917687 -8.306544153421894 -0.029051611086498765 0.9986165936613207 0.04378998126059654 0.9147591901945477 0.38103638674902884 -0.029438396213474542 0.9240904852169316 32.15622968935642
0.924158360986197 0.04371313610043054 -0.3794992067089452 -8.312435967973204 -0.029266670115698327 0.9986117043174557 0.04375348144655322 0.9183375838721629 0.38088658188328683 -0.02932960130114243 0.9241555997518665 32.16802156640813
0.924219401623346 0.043878785145786046 -0.3793319573105082 -8.3189810142485 -0.02947704589681939 0.9986082356003644 0.0436917991458121 0.9223874618500743 0.3807232503002684 -0.02920081996112172 0.9242272002701892 32.180424697805094
0.9242553292817232 0.043992920137772444 -0.37923208806045217 -8.331545422200833 -0.029618440998873424 0.998606065562673 0.043656859461230296 0.9271325993180943 0.38062633939176704 -0.02911985354581957 0.9242703575926001 32.20734813942273
0.9242807158280427 0.04407723910196644 -0.37916045255413444 -8.344699420955877 -0.0297118164911566 0.9986032278434384 0.04365697599739335 0.9320135803539105 0.3805574283256657 -0.029087734721801917 0.924299680059695 32.23448136332293
0.9243643215876367 0.044233201026055845 -0.37893848714585365 -8.355055293782128 -0.029902888815479693 0.9985991380779649 0.043620514648595704 0.9369194357503584 0.38033945180297024 -0.028991804129232735 0.9243924558899503 32.254892856819026
0.9244179830534058 0.044411338949744354 -0.378786784322549 -8.364670137113468 -0.03011211074724969 0.9985940578867555 0.04359182414265395 0.9415425717705881 0.3801925849029725 -0.028892941148919712 0.9244559979496085 32.273150138295826
0.9244620824963086 0.04433521297212452 -0.37868784180086434 -8.374323953665527 -0.030141364419520634 0.9986046530620927 0.04332892296791603 0.9452725574559053 0.38008272852746694 -0.028643746034362216 0.9245089363054624 32.29163216782585
0.924451418426469 0.04444151164214494 -0.37870209117362186 -8.378415381719899 -0.03033569034036962 0.9986071057726456 0.043134347682432905 0.9491256118876672 0.38009388326111665 -0.02838952986089608 0.9245120902756727 32.293300153706866
0.9244639239595789 0.04460684621668947 -0.37865181595779623 -8.390133092064652 -0.030507949195830573 0.9986010278498826 0.04315388508854351 0.9542854219085616 0.38004940581658975 -0.02834450514227855 0.924531643727004 32.31605773181176
0.9245082238077811 0.044907260109507664 -0.37850794150085326 -8.399973422425319 -0.0307797632800511 0.9985867881338854 0.043293904900200915 0.9598448998568178 0.3799195136260026 -0.02837762564241161 0.9245842911261942 32.33411001542562
0.9245274577243928 0.045112215301137154 -0.3784364525674105 -8.412818820635188 -0.030965276345043515 0.9985769696585051 0.04338713666063265 0.9651296252836067 0.37985752260000144 -0.028396696959548298 0.924609127165218 32.36118973934379
0.9245293677140064 0.04527439656076955 -0.37841267352540564 -8.422690821252893 -0.031113581903609334 0.9985697609041827 0.043455554626031456 0.9697911668212363 0.3798414120651167 -0.028405144481502245 0.924615906968768 32.379451599901714
0.9245770595499752 0.045355168329097945 -0.37828678762570894 -8.432169391546543 -0.031217528725916266 0.9985678602411271 0.04342455131785027 0.9741796864233533 0.37971712970272814 -0.028343214685149207 0.9246688206101128 32.398183243226185
0.924629239628038 0.0452942630101938 -0.37816698265842985 -8.442984871105233 -0.031256466870362085 0.9985776599803304 0.04317941860776683 0.9778886004388683 0.3795875020303273 -0.028108010078278185 0.924729604310638 32.419680882295516
0.9246424683300609 0.04531325145623085 -0.3781320527826266 -8.455610754725896 -0.03138347568867624 0.9985845483306158 0.04292276889464161 0.981806282787143 0.37954450623887426 -0.02782417768628091 0.9247556804581251 32.44423289445637
0.9245920907006262 0.04478036690146785 -0.3783190477977351 -8.475565277229279 -0.03126970110836903 0.9986366168549543 0.04178348075173041 0.9837820135046552 0.37967695794916734 -0.02680606340933858 0.9247316508180883 32.48610910016766
0.9246211740977947 0.04481976617765838 -0.3782427199763935 -8.493769336994914 -0.031377590455096006 0.9986391443963071 0.04162955972646678 0.9882032758829885 0.3795963061447187 -0.02662605001994698 0.924769446270102 32.52626287139602
0.9245992346368209 0.045030241720952054 -0.3782713284770946 -8.51005355897591 -0.03156354126659346 0.9986291905844723 0.041728178615703736 0.9933422154497542 0.3796343760544865 -0.02664508914926025 0.9247533052214822 32.56292922964137
0.924550706430721 0.04525074630149349 -0.3783642778885618 -8.544927043688407 -0.03171953299483581 0.9986163120815761 0.04192134672930624 0.999856679617976 0.37974022582720196 -0.026759597958154035 0.9247066958627648 32.643913128857584
0.924502221599857 0.04541416366616316 -0.37846324370550394 -8.582383482095782 -0.031855159166179495 0.9986081430886037 0.04201321027535165 1.00584517174318 0.37984694344234493 -0.02678811366745387 0.9246620367336621 32.730145371896306
0.9244728141923192 0.04556335646969354 -0.37851746195489766 -8.606617633051979 -0.031989985706067835 0.9986015545552596 0.042073001284646215 1.0106510773946822 0.37990752494437596 -0.026789695742175438 0.9246373861387108 32.78421259230066
0.9243716203655858 0.045343472627871126 -0.3787905220665685 -8.654025468746353 -0.03176306228416645 0.9986107271088654 0.042026467927984826 1.0165665019110057 0.3801722528568705 -0.02681953207786551 0.9245275920168524 32.89282739462186
0.9243135448377076 0.044811974854705366 -0.3789947492464095 -8.702890086065354 -0.03138396343732279 0.9986429415448851 0.04153622889618808 1.021984455254592 0.3803438800922473 -0.026500817687736333 0.9244658169355208 33.00308438995549
0.9242942337139445 0.04471364894344291 -0.3790529370350208 -8.735068066183562 -0.03133284407675248 0.9986501849396905 0.041397930087127964 1.0267040050936267 0.3803944014662308 -0.026389615187707546 0.9244481118437592 33.0732059752069
0.9242246065317944 0.04432135661095068 -0.3792689546277178 -8.796015541743518 -0.03106701732603725 0.9986748958283533 0.04099715480216869 1.033152021515931 0.38058548020068034 -0.026110108091659437 0.9243772279632306 33.211511273169116
0.9242608815208708 0.04489703777538891 -0.3791128869884207 -8.869497658266068 -0.0316313778519457 0.998651110688673 0.04114872288318575 1.0437582569724015 0.3804510068964583 -0.026042662561548892 0.9244344751003958 33.38348065086125
0.9243378064346615 0.04573377234372081 -0.3788241667814824 -8.907284801390103 -0.032127565285562557 0.9985924083546324 0.04216015508126211 1.052735074276597 0.38022099222277944 -0.026800938288359062 0.9245068891496475 33.47079943485481
0.9244760142560788 0.04953024000278448 -0.37800711868881814 -8.984567031586439 -0.03458286903603577 0.9983299287872925 0.046229269693922416 1.0721082852739132 0.3796679660188615 -0.02966690704074679 0.9246460526292674 33.65143796602659
0.9244388104878967 0.05468822606690796 -0.3773863733603742 -9.067477293164627 -0.038872927926970585 0.9980197759973787 0.04939964650252093 1.0918506813278432 0.37934359886936847 -0.030998563580499353 0.9247350533845226 33.84786628995647
0.9245306530288878 0.0554428890607188 -0.3770509937031499 -9.110848681695808 -0.03963618222229011 0.9979821307581694 0.049554604646426234 1.1019468137577606 0.379040309938289 -0.030871529159767864 0.9248635803062611 33.950680537971735
0.9263953201751339 0.05731413224456921 -0.3721643271182961 -9.271166158667095 -0.042113398328883334 0.9979156894118336 0.04884857747820339 1.1221722621211463 0.37419029741016585 -0.029581567974911356 0.9268789338928545 34.3625158469171
0.9267620746911094 0.05740509410818858 -0.3712356560700808 -9.321230094652881 -0.04222805473160819 0.9979086610009743 0.048885966367630394 1.1300352117897006 0.37326749374569324 -0.029630346643815787 0.9272490761459031 34.49323360405813
0.9280335962283922 0.057614793150396 -0.3680133565473741 -9.405298605575535 -0.04251913831994258 0.9978908499814931 0.0490006484679346 1.1438313795384802 0.3700622492664421 -0.02982797471708907 0.9285266905570969 34.72221548851681
0.9297942966184859 0.0577287705154304 -0.3635244563779767 -9.495089157315492 -0.04280999758581559 0.9978798665297488 0.04896616839819431 1.1581452776067096 0.3655826166769653 -0.0299672881182681 0.9302951305863967 34.96992024471359
0.930692156804959 0.0579707617147708 -0.36118081917522316 -9.544617918997295 -0.04318487186119034 0.9978683842103451 0.04887894320338552 1.1678753146319947 0.3632465255948231 -0.02989541213543837 0.9312121328696098 35.10632950115481
0.9331161848989683 0.05848805111263892 -0.3547860131810769 -9.637062466297804 -0.04414087884494035 0.9978498159414521 0.048402489388037824 1.1823125017233593 0.3568561698344082 -0.02950613109756482 0.9336921590561539 35.3770244211005
0.9353677884626874 0.058722917271364417 -0.3487668907945707 -9.733697545526299 -0.04469110103920106 0.9978376650349552 0.04814670830021508 1.1969339624106334 0.3508420902844314 -0.02944948350949503 0.9359702373239814 35.66431165372783
0.936585073402286 0.058972939511269896 -0.34544248364537283 -9.786413902028995 -0.04503515845302249 0.9978176776609671 0.048238823002676096 1.2081909010712955 0.3475355663271773 -0.029624139873619015 0.9371974478150751 35.81956018396206
0.9391175285106466 0.05941473779244291 -0.3384206269242402 -9.878103426186868 -0.04551589379378924 0.9977661073396443 0.04886283263558473 1.2255910019642366 0.34056956469739125 -0.030485759825540675 0.9397239524319038 36.11820274768698
0.9426901935479257 0.05979624842954181 -0.3282680305570911 -9.973444674175756 -0.046387542543661266 0.9977422496307112 0.04853066765444626 1.2418950969564735 0.3304306460110503 -0.03052307481604721 0.9433356832639946 36.4486991890477
0.9446510362668613 0.059944478287352804 -0.32255455058559995 -10.021338423746327 -0.04676815650055568 0.9977281951085686 0.04844988116081721 1.2522295854426095 0.32472806669376847 -0.030684302784987124 0.9453084069427022 36.61838589751793
0.9484150455180117 0.06046834667122133 -0.31121173896923116 -10.117585707953586 -0.0478232060528756 0.9976944942054997 0.048108555339736334 1.2697094507640718 0.3134052044605035 -0.030745063210419407 0.9491203457160069 36.97518044787256
0.9524522772421511 0.06210889113332748 -0.29829049149421066 -10.21349159500361 -0.05023268297864372 0.9976137089142868 0.04732209009682997 1.2871983867531067 0.3005200763976548 -0.03008964048915159 0.953299565606189 37.34468776097075
0.9544795617052775 0.06249119211728489 -0.2916572165044341 -10.258678204604996 -0.05093922170072663 0.9975915309964444 0.047040456052249525 1.2983645987395087 0.29389645689729826 -0.030043757594920503 0.9553639920182597 37.53133388573963
0.9588465724417676 0.06378848705657485 -0.27666558286761167 -10.348170255593233 -0.052935193262586624 0.9975116087228982 0.046528039015920536 1.3184907952769045 0.27894720396454237 -0.02996943421413066 0.9598377329899286 37.92620476086573
0.9630158104621476 0.06412428131648007 -0.26170431667684 -10.433035606081589 -0.05388456533927925 0.9974799884253907 0.046121120548773646 1.3373624301238825 0.26400453329126294 -0.03031515026355309 0.9640441940001546 38.33778210949046
0.964955070914611 0.0642980495676707 -0.25441754124124677 -10.473694975343793 -0.054392147684168765 0.997468094812438 0.04578437199133434 1.3478012005861175 0.2567193112136814 -0.03034286954365243 0.9660089287247182 38.54625836222327
0.9694617073722335 0.06418831321039344 -0.23669693379397483 -10.550517925068709 -0.055230654618305584 0.9974900576314476 0.04428517694084787 1.3668250831262774 0.23894729461722367 -0.029861249607773203 0.9705727127410874 38.99244263413709
0.9737389770016027 0.06280246921796387 -0.21884090078237398 -10.617443548819326 -0.054625921491222536 0.9975704457567939 0.04321673552620374 1.3843840105109155 0.22102473143266138 -0.030128904136568272 0.974802488283243 39.43873181281305
0.9756494278696648 0.06259920105693606 -0.21022110753233705 -10.648640531640277 -0.05478214725127833 0.9975798146726809 0.042807366639529706 1.3945974693402832 0.2123933750656028 -0.030250314479909824 0.9767160233808106 39.66572787518589
0.979830409650231 0.06448346609794547 -0.18915118962948194 -10.709279730829318 -0.05742491937321903 0.9974418389579657 0.04256490342423591 1.415372696510281 0.19141283071895385 -0.03084607058933956 0.9810249421758522 40.14495317408336
0.9840147058199445 0.06727705048215707 -0.16490137405182287 -10.755456172164168 -0.06086729546930778 0.9971919997337221 0.04362082757802724 1.438621600160931 0.16737402391216913 -0.03288802875120145 0.9853447489013588 40.63057783764111
0.9858365268081232 0.06791014213336696 -0.153355125953572 -10.77178392687545 -0.06188222590844925 0.9971241406287433 0.04374389660048026 1.4515315119386192 0.15588568516471807 -0.033636051723850965 0.9872021133078164 40.869646582908196
0.9890922203726062 0.06977162926671887 -0.1297357992101398 -10.805356848739807 -0.064321908247612 0.996880501751714 0.045731696963790605 1.478581013534103 0.13252301922130166 -0.036889667515576915 0.9904933308401261 41.39128802339464
0.9920432434006488 0.07068177120679138 -0.10419788793327267 -10.824868511108 -0.06606854023908554 0.9967036400564383 0.047076045252240406 1.5046211796930948 0.1071829863279134 -0.039818544807167226 0.9934417991559661 41.92109644911909
0.9931897771730902 0.07079544985036272 -0.09254144563481341 -10.829476690369493 -0.06667050087474234 0.9966703445155868 0.04692299429252974 1.5181109746140435 0.09555710490006898 -0.040435233994646116 0.9946022995176721 42.18814780516601
0.995266349120969 0.07115426971674622 -0.06620712328487814 -10.828383929936392 -0.06821079484538581 0.9966231202332171 0.045691552189007376 1.5405093489248047 0.06923663876261248 -0.040960722518478765 0.996758785021989 42.72338687091634
0.9964951899692084 0.07436955556614488 -0.03831111979610023 -10.814243858701493 -0.07266243104828174 0.9963780478421044 0.0441501435113562 1.5610484420750146 0.0414574381868348 -0.041213196433011634 0.9982897781202401 43.29780609832288
0.9968816520034192 0.07514431339092756 -0.024112720847192383 -10.800522035338238 -0.07406399090081113 0.9963293418940891 0.04290065275608819 1.5726400991494234 0.0272497175189959 -0.04098255217820612 0.9987880305686203 43.58748922977214
0.9973758512978033 0.0723344645547565 0.0032171744670832676 -10.760195541043132 -0.07240351933180747 0.9966419307921213 0.038224759117528206 1.5858796477050088 -0.000439772109462222 -0.038359071767042174 0.999263747941784 44.153824938985466
0.9970554707201682 0.07031074727907255 0.030621677145555408 -10.707683153040389 -0.0712478520494455 0.9969850042323702 0.030706943808512542 1.5914998669554812 -0.028368626774000913 -0.032799726793587634 0.9990589144648849 44.68509969264914
0.9964693767152624 0.07099516728407212 0.04482048132508697 -10.676779082166878 -0.07231594686074067 0.9969711433049236 0.028586465682991866 1.5971622665196965 -0.04265362151105981 -0.031728429776371414 0.9985855831170612 44.97279496745778
0.9947654968417041 0.07215179445109102 0.07236263460593804 -10.597846555672678 -0.07407709747695945 0.996955679834387 0.024293587990378014 1.603744033312855 -0.07038789235310089 -0.029528496488729565 0.9970820779868956 45.53052250345198
0.9923308004214113 0.07356687157489229 0.09933951529494037 -10.497665701024962 -0.0760479186628785 0.9968731250340342 0.021427894575248806 1.61165792901885 -0.09745122585010013 -0.02881971253611785 0.9948225911333567 46.10284788308575
0.990880959871737 0.07335249239755019 0.11303070136559117 -10.440144536072282 -0.0761061710955938 0.996893549717026 0.02024522663896005 1.616609266600528 -0.11119351018006196 -0.02866458092230668 0.9933850673934714 46.394869437591154
0.9874350089825028 0.07063254462627173 0.14136605112192518 -10.318352404580262 -0.07394637247439369 0.9970932242744237 0.018327223195400734 1.6226063238561474 -0.1396593159814327 -0.02855163120197116 0.9897874686923632 46.96340345292775
0.9830360676591332 0.06800961310228057 0.1703391007619412 -10.182201023256829 -0.07162662261714665 0.99731535174017 0.015177803188493249 1.6232275261435263 -0.16884801533161287 -0.027122246417362123 0.9852681616339067 47.51464533205353
0.9804242321803421 0.06793493143834557 0.1848045534627673 -10.10782124216088 -0.07167179786901512 0.997334393806303 0.013612053902113007 1.6241149039607807 -0.1833853151249177 -0.026591708905713198 0.9826804846360049 47.79635966053243
0.9746134465548599 0.06898563075472121 0.21300280007735076 -9.947687633046987 -0.07308069457140584 0.9972599678469837 0.011405484367436644 1.6253522674568537 -0.2116309604574222 -0.026683164305521256 0.9769849108974176 48.34597490237178
0.967982662580107 0.06859128362326763 0.24146368987079417 -9.770816960852702 -0.07291295600973775 0.9972967626182242 0.009000286887204098 1.6235049238804362 -0.24019217099049217 -0.02631856479584073 0.97036786191874 48.887748443471764
0.964279973744915 0.06888643467230243 0.25577013377795 -9.676322758722828 -0.07320050634889434 0.997288900548229 0.0073763926572758725 1.6227646826916915 -0.2545671603957935 -0.025835936489793977 0.9667092143426341 49.163376397117
0.9563499302930973 0.06690828969274844 0.28445930266913205 -9.47862132713451 -0.07111964875726287 0.9974565821517013 0.004491662279737622 1.6186793613076955 -0.28343358586654926 -0.02452680671831625 0.9586773341943852 49.691370018786245
0.9473428395845093 0.06440914472247536 0.3136729013308179 -9.266552939180915 -0.06858232540945033 0.9976417002543758 0.0022771044998671913 1.6141132906232851 -0.3127845297806536 -0.02367011502704995 0.9495278221155456 50.201893830105554
0.9426199613529926 0.06442432723279506 0.3275911326862375 -9.145165997203302 -0.06853754478741059 0.9976471126712539 0.0010160655660410186 1.6119489806043077 -0.3267529452282989 -0.023410748244066727 0.9448188587320956 50.4869545210164
0.9324575109761932 0.06397020215166976 0.3555687263076278 -8.9184306123035 -0.06754567430291245 0.9977126052889059 -0.00236153656240737 1.604832875201612 -0.35490433257548665 -0.021815971223098186 0.9346470217326417 50.963486121069415
0.9212325460433322 0.06289191611163307 0.3838925851471406 -8.67450501374724 -0.06582313977844993 0.9978153030766695 -0.005510360198329043 1.595397025663489 -0.38339831024811577 -0.020193576000297957 0.9233612024169002 51.44105493636493
0.915199939863655 0.06361840569697567 0.3979452075922582 -8.54692703807197 -0.06632466580693876 0.9977729088601995 -0.00697493680808803 1.5920791703266954 -0.3975007487273268 -0.020011021241068707 0.9173826774225081 51.68156269623348
0.9030749574949184 0.06317643767555481 0.42480903451442686 -8.279396815498247 -0.06500513460483709 0.9978321670343379 -0.010202784706173966 1.5817903440594003 -0.42453055771436954 -0.0184017716702724 0.9052254885227591 52.15430192489817
0.8901087116593646 0.061365896861734534 0.45159596213173014 -7.993152086126669 -0.06265848119833858 0.9979608843873446 -0.012106228748197875 1.5707890781785407 -0.4514160220328693 -0.01752128532348358 0.8921402668985247 52.62905483172645
0.8830943798075157 0.062297684685067634 0.46503917247281 -7.825888015167375 -0.06345637712934676 0.9978967988644535 -0.013177041087345106 1.5684319381208562 -0.46488015205347316 -0.01787398486695106 0.8851918145773215 52.89179526468446
0.8689172199997106 0.0633560676187916 0.4908837726009751 -7.518312805415045 -0.0643787185672838 0.9978147545985625 -0.014824252372129266 1.558747974047923 -0.490748593596119 -0.01872234528641886 0.8710987692496914 53.34578620702447
0.8539341011828943 0.06403357709553696 0.51642426059659 -7.208444795029337 -0.06473810674803797 0.9977625265919955 -0.016667352106376508 1.5470251100879282 -0.5163343097944715 -0.0192004942630782 0.8561705157577102 53.77455245792738
0.8459818194718522 0.06473095744578401 0.5292672071044529 -7.044707803741844 -0.06526359680392399 0.9977109688888495 -0.017703440187961553 1.5430039839091592 -0.5291997024921286 -0.019566413309281487 0.848270588028941 53.9920238449643
0.8296734780202303 0.06319812318316503 0.5546594141213846 -6.697986349543958 -0.06308074270194096 0.9978211888286912 -0.01933223243552037 1.5297745430867686 -0.554670609035205 -0.018950077771126624 0.8318530223475904 54.434875453232024
0.8030852723593234 0.06373292183204236 0.5924456507844518 -6.201675351448364 -0.061731460310578114 0.9978127943846357 -0.02365874768703048 1.5050626458680276 -0.5926555695914701 -0.017573894570651595 0.8052634058411994 55.01806945526407
0.7848082610536187 0.06402319583008481 0.6164222370752209 -5.827530527462553 -0.06038773682020056 0.997816751467448 -0.02674963743390291 1.4841445434323606 -0.616786966055187 -0.016231998374890675 0.786961532043728 55.428147636007004
0.766262404747015 0.06317966606171058 0.6394131921769491 -5.44873859436252 -0.05844113609267318 0.9978823443458686 -0.028562497569549063 1.4642831190469798 -0.639861653207956 -0.01548277502330399 0.7683326873525979 55.81986388164159
0.7569108386558866 0.06368741985667646 0.6504069855093311 -5.254668370845998 -0.05860174621613173 0.9978452141057527 -0.029508256124584558 1.4555862232425154 -0.650882857023332 -0.015780863131796757 0.759012733255385 56.01313700940464
0.7387852335675501 0.061700895167719386 0.6711102117294774 -4.85394315249342 -0.055169124826044136 0.997995217849718 -0.03101961076841665 1.4360041539938506 -0.6716766235344668 -0.014108773649634228 0.7407087785656161 56.40000662617966
0.7210584864612565 0.061078071937174065 0.6901766440765804 -4.463817517401654 -0.05356041935946346 0.998040175500334 -0.032363695125380045 1.415598713642824 -0.6907989080485166 -0.013631187621002488 0.7229174850098402 56.756813927333525
0.7116776538202011 0.061818758139550484 0.6997812072344933 -4.241013161613605 -0.053767007738064 0.9979926562188355 -0.033478869410570725 1.403809106320897 -0.7004444249797089 -0.013800426849503214 0.7135730022271733 56.95860722000657
0.6926485408424047 0.06313710500546119 0.7185074035342298 -3.811683102457556 -0.05439492204601185 0.9978978904791849 -0.03524733130947633 1.3798682331819079 -0.7192211098299427 -0.014670534688727739 0.6946272817151604 57.324295170007986
0.6735001135957082 0.06395239197304169 0.7364161266339443 -3.3831300068444246 -0.05433545737783126 0.9978391159166979 -0.0369585161017668 1.355643461830108 -0.7371872331271044 -0.015123294233509266 0.675520075721216 57.66799343942355
0.663534801734598 0.06421998100095139 0.7453847145172473 -3.176757771575013 -0.05410388674089585 0.997819581052142 -0.037803883822399686 1.3454268838463057 -0.7461862803406639 -0.015245228734492532 0.6655632405375572 57.82584128026699
0.6441260700892643 0.06302128490487416 0.7623196987122124 -2.7199428937600723 -0.05106279162896503 0.9979202452031098 -0.03935058669729948 1.3200054966476882 -0.7632132763028352 -0.013580716536481456 0.6460050879720969 58.16876311898489
0.6262739706779331 0.06159635176535701 0.7771666685854117 -2.252522031571063 -0.047602610181767355 0.9980353818871954 -0.04073950479011883 1.2957369976426636 -0.7781479762169836 -0.0114822537901106 0.6279764921533282 58.49843248003128
0.6178440431109621 0.0615455647860012 0.7838896465385069 -2.021101499365987 -0.04736255598182185 0.998035327361338 -0.04102634489178769 1.2854096816438365 -0.7848728361351858 -0.011780226483917983 0.6195454494584882 58.65543503450659
0.6003502643314367 0.06237111275126187 0.7973026212296414 -1.553329284050195 -0.04738196253390977 0.9979772125658386 -0.04238965273012216 1.2595858860852969 -0.798331980881779 -0.012330191972624263 0.6020915804571212 58.968572386298284
0.5835971931564637 0.06292034069937896 0.8096031989394364 -1.0883072236213587 -0.046897558876114305 0.9979415619676608 -0.04374961677364614 1.231441657234939 -0.8106881799052732 -0.012437543710207711 0.5853470082781842 59.266729738241445
0.5766410698697523 0.06297753335056415 0.8145675559428011 -0.8643722368419957 -0.046049133157608266 0.9979449383619483 -0.044554288611433304 1.2176793804398631 -0.815698874831385 -0.011819738293438532 0.5783567345110157 59.407527123972606
0.5628340902929196 0.06277110699148201 0.8241839280740154 -0.41202384382896917 -0.043413242336068705 0.9979811006962963 -0.046358940841518766 1.1883680501190912 -0.8254292147175637 -0.00968961939387185 0.5644235123428961 59.6888313926892
0.5489905397217832 0.061802587965410834 0.833541436894065 0.10256596044582345 -0.0409305995469554 0.998053832337399 -0.047040216658699646 1.1559977766504128 -0.8348258283312407 -0.008294094351741409 0.5504523792758862 59.99969707779078
0.5429609313767987 0.06158587761207706 0.8374973764398589 0.33859286624541185 -0.04051701026067816 0.998066742861205 -0.047123512134627836 1.142085853109917 -0.8387799711561134 -0.008348098416282337 0.5444071978064425 60.13777212097291
0.5308962758679953 0.06122913777955517 0.8452227437845256 0.8505998855072164 -0.039562120650487774 0.9980891124185267 -0.04745132978097169 1.1100201294098182 -0.846512884981826 -0.008248213676740045 0.5323050764278082 60.436255955231765
0.5202737838453186 0.06099854023087636 0.8518190941448704 1.3853057307120067 -0.03903950447139551 0.9981011326809669 -0.04762731685318961 1.0755937520651093 -0.8531068999200286 -0.008476552892826863 0.5216680955996742 60.74163459981869
0.5151174977500088 0.060855127309855386 0.8549576955493166 1.6562959490507878 -0.038784780829758565 0.9981095476400162 -0.04767435026929431 1.0581250312039532 -0.8562419183515699 -0.008602093133398275 0.516504805518461 60.89502327420379
0.5059692076749496 0.05893022170043537 0.8605375258191197 2.1995830992617336 -0.03541451931967913 0.998241734685898 -0.047535441532174635 1.0243860240784632 -0.8618251331583924 -0.006424039419265366 0.5071675651125666 61.19494131502332
0.4994195545779675 0.05843830812187339 0.8643885675527595 2.7437768852953983 -0.033795968339056265 0.9982774881846331 -0.04796144862331764 0.9872269449781179 -0.8657016181038757 -0.005259987407889898 0.5005353040021568 61.49534933673993
0.49604880211865504 0.05852451285789678 0.866321461298977 3.029537407016528 -0.033709181861998366 0.998272334466391 -0.04813467603226582 0.968221555289371 -0.8676410445469395 -0.005325725301538559 0.49716536873883804 61.656169364283734
0.48885169617694196 0.05924648671464987 0.8703541522190239 3.5959032260013415 -0.03402919230401513 0.9982273601561475 -0.04883582799949238 0.9295685894381069 -0.8717040615681519 -0.005743994931085738 0.4900019616636002 61.96357380614784
0.48252735715342165 0.05855428386412572 0.8739228373263036 4.219436297069639 -0.03334324020286974 0.9982675745218573 -0.04847360847569101 0.8913309975136537 -0.8752470395737694 -0.005749523650368457 0.48364488818595386 62.29404253976846
0.48055728207052384 0.05792774905206187 0.8750494585716964 4.562400048160811 -0.03277537225860565 0.9983051058689573 -0.048085734672136116 0.87449104517088 -0.8763517216283221 -0.005572195661207766 0.4816424650018753 62.47390316431758
0.4748284593015045 0.0561479080559068 0.8782869703902445 5.235420342648157 -0.03141922195588423 0.9984082800562114 -0.04683883705081795 0.838744820788484 -0.8795190872411586 -0.005354721499046644 0.47583775078702883 62.82384387018636
0.4692707566669079 0.05476635878636809 0.8813558134871571 5.890284427271209 -0.03032365758012787 0.9984856126565587 -0.04589724038442457 0.8026648887555967 -0.8825350341162815 -0.005187979793435547 0.47022182994707357 63.15972682032585
0.4668431075511977 0.05530859650091192 0.882610012687798 6.211612273793494 -0.031149713991932337 0.9984508172666641 -0.046089162510775654 0.7847429179642871 -0.8837927125579633 -0.005977078183483615 0.4678441821554275 63.32770759014064
0.4618885788737922 0.06062097543805872 0.8848651467523198 6.84833083808104 -0.034621071510359536 0.9981328763787616 -0.050306681122545556 0.7400948991912886 -0.8862633351780597 -0.007399417343881978 0.46312634836905564 63.661949462209925
0.45733609616251075 0.06534704577440258 0.8868913599826781 7.480423062994786 -0.038768848714139006 0.9978130669128011 -0.05352589612071389 0.6953177141447778 -0.888449885114923 -0.009904970161391064 0.45887079600624175 63.9921096499277
0.4560959458276887 0.06575582280874098 0.8874995595373018 7.823061578141253 -0.038963879185064595 0.9977852621944099 -0.05390056944226275 0.6729550412613456 -0.8890787461082762 -0.009997179416985167 0.45764936922294863 64.16764693507702
