1.0 0.0 0.0 0.0 0.0 1.0 0.0 0.0 0.0 0.0 1.0 0.0
0.9999940991401672 0.0014808252453804016 -0.0031540095806121826 -0.00948333740234375 -0.0014789029955863953 0.9999988675117493 0.0006341785192489624 0.0014605398755520582 0.0031550824642181396 -0.0006295591592788696 0.9999950528144836 0.7350128889083862
0.9999902721682974 0.0020305318871383093 -0.0039583030771006555 -0.016671306775904803 -0.0020281551870731107 0.9999978267440361 0.0006190956879656984 0.0027722068591166 0.0039594897485204505 -0.0006109564291660874 0.9999921678777994 1.1035701085328546
0.9999671585888142 0.0049017308992303265 -0.006561912050357487 -0.03311554810549278 -0.004894119250305863 0.9999874864147635 0.0011956564523684893 0.0051570947687067615 0.006567652661400619 -0.001163688034053715 0.9999788229637352 1.8485424523557206
0.9999263874184571 0.007190937062577128 -0.009829810133401645 -0.051499338494167955 -0.007169116288054122 0.9999721427995172 0.0022667473232889377 0.008876282368353059 0.009845789791159451 -0.002196283537583321 0.9999501970850986 2.5949349069941743
0.999910945970067 0.008254589887046464 -0.010513901037555312 -0.06258890004914651 -0.008232607059421974 0.9999638851894703 0.002125824352257252 0.010846747855071538 0.010530676832211754 -0.0020391439830603985 0.9999431360853239 2.960058448654773
0.9998720863160921 0.009240783187654155 -0.013078412267910929 -0.08149848229175727 -0.009209963757449438 0.9999549462273174 0.0024049988103872736 0.012651516809883957 0.013099727195869897 -0.00228438542921552 0.9999123601647932 3.6760570568331237
0.9998393933125227 0.009523855149193058 -0.015191800689052026 -0.10064591719797751 -0.009481371848891449 0.9999509707641069 0.0028413663012826287 0.015511238283189257 0.015217685728488082 -0.002696900055301916 0.9998811653980251 4.376381017917056
0.999832743919382 0.009706923022890186 -0.015514416976635935 -0.1119611282871394 -0.009664356902548087 0.9999493525964734 0.0028007932363773255 0.016507539598461914 0.01554054492686513 -0.0026504186236187524 0.99987637912794 4.7119782629172615
0.9998065408363472 0.009822457976032135 -0.017049884936248132 -0.1309138859540085 -0.009779700280534447 0.9999487954407281 0.0025821500783372022 0.01578831267675608 0.01707407194538706 -0.002415004625265135 0.9998518556932893 5.386588859065935
0.9997787654247101 0.009988665214999637 -0.018526398151052323 -0.15100577659595374 -0.009942284064581187 0.9999472803177948 0.0026001364852612178 0.016119539325304695 0.0185515100271995 -0.0024157135332770045 0.9998254392993228 6.072701166062101
0.9997709999933666 0.010189379715601375 -0.01885003122459072 -0.16330293997278822 -0.01014519650304534 0.9999458946945363 0.0024492699485259535 0.016118306772513188 0.018874113540331028 -0.002258004923868332 0.9998199540840561 6.411673893162243
0.9997484245719219 0.010191960666494537 -0.020010937133058498 -0.18225992037662359 -0.010158574747494065 0.9999470500587221 0.0017794950098248585 0.0136708626448237 0.020028024917703943 -0.0015761669569303851 0.999798754124559 7.0541647449126845
0.9997255694426961 0.01084567292015626 -0.020807864025484207 -0.2027065131182002 -0.010820377794484777 0.9999409221992175 0.0013481348283586117 0.011830391260463313 0.020821320016391504 -0.0011230410680028496 0.999783333115883 7.701839530974964
0.9997178798741965 0.011066341034194517 -0.021050903073182324 -0.21499626158921953 -0.01104283801269582 0.9999387714159969 0.001245497317279185 0.011856265055217951 0.021063477897831192 -0.001013011709413522 0.9997783537056272 8.040724330153894
0.9996962666356416 0.011854019821242246 -0.021643570046812232 -0.2359321839581417 -0.011836461521884651 0.9999300117306151 0.0009577576843583936 0.009926742054413129 0.02165342456536104 -0.0007015453414814947 0.9997661140283456 8.65581055684996
0.9996762224208604 0.01261559586963167 -0.02213571883822836 -0.25653247966622444 -0.012603702557683076 0.9999208222232697 0.0006997558667004262 0.00796100256496915 0.022142926967526916 -0.00042090884460365823 0.9997554684194326 9.271356640427028
0.9996667396169004 0.013019829236637795 -0.022323129445734186 -0.2650458287757048 -0.013011322832648511 0.9999154363814168 0.0005402493327292236 0.006695961314981893 0.02232826946977913 -0.00024955182773883156 0.9997513709921064 9.57488453010093
0.9996562779972291 0.01358853833552859 -0.02243901924525357 -0.2813779870442867 -0.013587107821631887 0.9999075160288742 0.00023011808747726037 0.0036217708821267864 0.02243977592329252 7.508047383201602e-05 0.9997485931764626 10.181814086783373
0.9996499776788743 0.014587241800093863 -0.022096756777140406 -0.29840033899242707 -0.014589981676081493 0.9998931535008708 4.61886462899238e-05 0.0016409866921242807 0.022094637338171942 0.0002770437138187842 0.9997561384720236 10.820198470158997
0.9996477701649606 0.015007324083271125 -0.021924606420393133 -0.3067077793945978 -0.015010338012537938 0.9998872594800763 3.878793118515315e-05 0.0027884230660324668 0.021922337883831376 0.00029112786579195074 0.9997601821021583 11.110986408307403
0.9996527786847209 0.015420555181240648 -0.021402445474232288 -0.32223117550021096 -0.015423666300317943 0.9998809375750696 3.842866899458724e-05 0.0006325985600024583 0.021400081665834306 0.00029246939239217453 0.9997713347450644 11.740537943153655
0.999676009205854 0.015562305798575241 -0.02017106168407694 -0.33446650888697943 -0.015563216737485367 0.9998785397296318 0.00011428704487460699 -0.0019259408648400487 0.020169808630697544 0.00020063627092647534 0.9997967977663192 12.355958543400444
0.9996851539433564 0.015967700800096126 -0.019410722309045017 -0.34264133872029345 -0.0159698194798205 0.9998724589409669 6.221189906024946e-05 -0.002337821754389695 0.01940876261391718 0.00024858003299586064 0.9998120835801123 12.678329022315562
0.9997163100824138 0.016516052313770065 -0.017214322938443116 -0.3533193228781254 -0.016518056191108795 0.9998631025056509 2.4278901066318043e-05 -0.0056198103727069775 0.017211705502650814 0.0002611637628371651 0.9998521630908858 13.303059364650645
0.999743385118655 0.016799066980421995 -0.015290075310086046 -0.3606805461081515 -0.01679982261259807 0.9998589306165274 9.706112190148637e-05 -0.008897672675132334 0.015289106338995518 0.0001607439580565528 0.9998837396973889 13.900825867125585
0.9997523139773276 0.016907256135149408 -0.014568087489848695 -0.36600281081691655 -0.016907846274012456 0.9998569953044777 9.726869280818015e-05 -0.009524431903924376 0.01456708790651091 0.00015026753829317218 0.9998944818345725 14.213246584673527
0.9997861262405148 0.01688264319303207 -0.012023801604228373 -0.37085198618579196 -0.0168845804968391 0.9998570331814741 -8.440517834403564e-05 -0.014738206098458781 0.01201993798484337 0.0002887429814340915 0.999928228956077 14.826090429661908
0.9998061631024496 0.01733595608277058 -0.00942118533639374 -0.3745932591505708 -0.017342026703245066 0.9998487611467902 -0.0006146516072631028 -0.02263226924995776 0.009408401822092528 0.0007794845327271087 0.999955781473252 15.432197087057764
0.9998105606154086 0.01753298661431462 -0.008554116386975192 -0.3776536052040053 -0.017539701120130872 0.999845241524482 -0.0007611388621190912 -0.02487225094042648 0.008538769819017729 0.0009125044837126592 0.9999635021384504 15.728106380610278
0.9998245132082463 0.018043093254818118 -0.005321366147963352 -0.37893539751313104 -0.018049375198213147 0.9998362691244668 -0.001107286194294491 -0.031757879093663066 0.005299910460137187 0.0012044491970771287 0.9999858833646417 16.335471127225482
0.9998311039469239 0.018350668717788825 -0.002057811825796096 -0.3772953662059804 -0.018353825826586068 0.9998303292960017 -0.0014396309428014286 -0.03912323729316791 0.0020304365291018926 0.0014784020975979334 0.9999973961034382 16.934346434785198
0.9998300550025649 0.01849109022317288 -0.0009705631849003867 -0.37842894583226455 -0.018492471636383213 0.9998276779924207 -0.00150973913190733 -0.0412251202453796 0.0009417603450248126 0.001528501923047464 0.9999987569420832 17.24710818852255
0.999831824623334 0.0183015430268462 0.0021671300558093573 -0.36984885021412006 -0.018298706332482657 0.9998318017065353 -0.0013967714736485678 -0.04433499976646044 -0.002193038366101123 0.0013579794942664397 0.9999970831623826 17.85097767653184
0.9998213425402499 0.01811202660011236 0.0057890921296435745 -0.3605238444030411 -0.01810581918582473 0.9998360086421679 -0.001181692786682037 -0.047601437777707346 -0.005810277164620237 0.0010778286521610971 0.9999832139285476 18.461262509975153
0.9998123341605717 0.01821761913475564 0.006901681508711275 -0.3572947697720506 -0.01821030424699654 0.9998340448359797 -0.0011391255883649995 -0.04877563728596535 -0.006922129493023343 0.0010144352292877049 0.9999761072371225 18.765605829340434
0.999791164081439 0.017868851039649206 0.010126861064599667 -0.34735939422700124 -0.01786130953009602 0.999840542742414 -0.0008178202863537993 -0.05158178510070279 -0.010140622292882125 0.000637926398543648 0.999949085205157 19.363874644731805
0.9997584083567898 0.01760279892166594 0.013320315066129825 -0.33583097927852446 -0.017601492245658015 0.9998456654010178 -0.00019996127070995046 -0.05426417018287955 -0.013322476617405002 -3.335978131879585e-05 0.9999120617294788 19.983386672216238
0.9997742759567386 0.01629165375025526 0.013784759988949472 -0.3325871519321766 -0.016298299208354065 0.9998676559648677 0.0003733806908064091 -0.05295855619281378 -0.01377747353986361 -0.0005969065816572415 0.9999058704467387 20.304975939423223
0.999731473584217 0.01624238631685681 0.016609434915638873 -0.3215026566445903 -0.01625577046833857 0.9998675199597926 0.0007016969111212524 -0.054999962796043425 -0.0165964525489977 -0.000970466324273471 0.9998625134357052 20.904360841811844
0.9996692317051843 0.017183205014914365 0.01920673075252824 -0.310429446915743 -0.01719085122838982 0.9998521924162196 0.00025803054172694186 -0.061237562009039855 -0.01920008661595849 -0.0005871848598706536 0.9998161004840069 21.493842632186865
0.9996484138444305 0.017504181161198597 0.01997828906671183 -0.30531639790482096 -0.017509701658855088 0.9998465026107771 0.00012857558941095371 -0.06291799888824925 -0.019973684504821333 -0.00047718847208018476 0.9998009537756495 21.803753231325878
0.9996058797755023 0.017699383758368773 0.021845926925447564 -0.2920819079545811 -0.017706933094318596 0.9998429840751877 0.0001787395519230373 -0.0662980539684316 -0.02184007514006271 -0.0005642389670308395 0.9997619572216113 22.39989087413734
0.9995688885146417 0.017530677893801166 0.02361609356412971 -0.27623867714601147 -0.017526892590511153 0.9998463693640458 -0.0003433452313520782 -0.07238384868920704 -0.023619131957080295 -6.969562967968441e-05 0.9997218184202636 23.000086334816935
0.999538991618698 0.018126787312415973 0.02441116836210305 -0.2715437882647074 -0.018119343783221307 0.9998354501773384 -0.0005014624643960207 -0.07353300056753172 -0.024416989122796717 6.008480416214729e-05 0.9997025047066689 23.307583856967074
0.9994910082158891 0.01887854874531656 0.025768775774430697 -0.2582772196920173 -0.018877255973104832 0.9998213013419386 -0.00026549806733376104 -0.07513822111757176 -0.02577001583669574 -0.00021963471934086237 0.9996685177921002 23.92671174673426
0.9994295067344039 0.019663703619503464 0.027536301816123883 -0.2418661591015982 -0.019690527404162453 0.9998061919213177 0.000697430849785205 -0.0750818146852144 -0.027518007664657448 -0.0012379253479335793 0.9996214227685902 24.574368347157133
0.9994040251503042 0.020007788342936338 0.028219731457726306 -0.23501961984292447 -0.020041202523664654 0.9997995196288955 0.0008858264043779846 -0.07436454265914064 -0.02819690242403852 -0.0014498341118094906 0.999602405213349 24.90005412622908
0.9993702253861185 0.020279111686035828 0.02921165728562003 -0.2170571933857594 -0.020329241922605323 0.9997931682829136 0.0014107704944619531 -0.07467291483732791 -0.029177505968216593 -0.002002731158910126 0.999573340746156 25.561262414733996
0.9993485242661576 0.020137931325427877 0.03003151928655819 -0.19184722756486178 -0.020198530243193374 0.9997950386057379 0.0017155164038429348 -0.07481003679139762 -0.02999145580166155 -0.0023198805607097736 0.9995484737737685 26.2477736479324
0.9993374046307594 0.02024306617247325 0.03034300968127181 -0.18194394268890754 -0.020306484839481432 0.9997928692586892 0.001779598431810265 -0.07393691426334072 -0.030301200223684197 -0.0023935203440881726 0.9995391241864932 26.586744623941158
0.9993196431652623 0.0206520789783671 0.030645356684449815 -0.16466544751347223 -0.0207222788261806 0.9997836365148646 0.0019841397287090135 -0.073341755677787 -0.030598499945061263 -0.00261648203589807 0.9995292239567911 27.239108099162635
0.9993255787153317 0.020893724460057696 0.030288927067921537 -0.14888176371623135 -0.020963067109488684 0.9997787747181538 0.001980084274524583 -0.07414367650338893 -0.03024157017689686 -0.002612491485527005 0.9995401603001166 27.89658475164635
0.9993192165746929 0.021583897664537353 0.030010815749469715 -0.14422940166614986 -0.02164835327443227 0.9997641936211242 0.0018432828962921634 -0.07389593388340085 -0.029964937428448465 -0.0024904091403721513 0.9995487396209173 28.22789025714377
0.9993326736881537 0.0220911090475685 0.029189839316758972 -0.13274817194006594 -0.022145827082767126 0.9997539525849445 0.001561514546253402 -0.07557332416146287 -0.02914875310230095 -0.0022060001583869967 0.9995737896351814 28.850836548282135
0.9993803629989985 0.022370964654798247 0.027289985456507702 -0.12334983053056736 -0.022413075378658883 0.9997485476984549 0.0012430359872851074 -0.0770983491716746 -0.02725548594668359 -0.0018531630944009735 0.9996280386712754 29.471173233768788
0.9993805689527758 0.02282465845115287 0.02691921786298907 -0.12045430093188846 -0.022863597069905994 0.999738706134883 0.0011358683122724925 -0.07706162745914324 -0.026886198485194277 -0.001750039373717975 0.9996384131572228 29.790050803537707
0.9994166222212229 0.023119344772977626 0.02528230185258062 -0.1132726726095609 -0.02315756522730325 0.9997316529056808 0.0012156154240857467 -0.07709868701181384 -0.025247318824275878 -0.0017996457632594152 0.9996810314398993 30.410956980331406
0.9994131335084437 0.024722227649582436 0.023867513014894842 -0.10959726817392629 -0.024758326505838646 0.99969345831478 0.0012063342201627004 -0.07582997267173837 -0.023829815457769632 -0.001796417424895801 0.9997162267953794 31.03472023230137
0.9994059370378546 0.025405431386297948 0.023438612036143617 -0.10877557070303155 -0.025437948388227372 0.9996761625524245 0.0010921081629598143 -0.07478442736045618 -0.023403034691002682 -0.0016872927414843186 0.9997261270964285 31.365865671224157
0.9994315822722963 0.02681480518246567 0.020603988702623522 -0.10774874888212731 -0.026843590297398637 0.9996394170351538 0.0011200255675274343 -0.07428925546192763 -0.02056610192839559 -0.0016721062277529049 0.9997887378670316 31.978892799914686
0.999447166149175 0.028186584263306762 0.017815553996256346 -0.10780214907894956 -0.028217821341053335 0.9996008527737699 0.001514507848818495 -0.07167364053838972 -0.017765905068394233 -0.0020155149738545672 0.9998411692614563 32.6089481826563
0.9994511675657521 0.028597926920238995 0.016913833405445527 -0.10923941043508964 -0.028630283779230974 0.9995887012179119 0.0016889167730574028 -0.06966107239965638 -0.016858828075726123 -0.002171265523091934 0.9998563763703281 32.92644450954502
0.9995081063615631 0.028515438261411546 0.013322200980122966 -0.10908260854389759 -0.028557307071007013 0.999587793043712 0.0029677822763369893 -0.06572650805168691 -0.013232414860328627 -0.0033458752108179385 0.9999079406933505 33.56270444769328
0.9995628919547656 0.028214149650572024 0.00917702577892126 -0.11137453165120904 -0.028269943799217805 0.9995819909007868 0.006036027743721472 -0.057495486035656275 -0.00900256298759072 -0.0062923505177483775 0.9999402361988643 34.21468242703557
0.999572282625392 0.02834904206040347 0.007640364332190057 -0.11140340070380561 -0.028404210157591855 0.9995708551267947 0.007205120453167036 -0.0535153316536267 -0.007432405045163529 -0.007418537998780954 0.9999454340266571 34.55979385307893
0.9995669712277425 0.029111816798344965 0.005052204602698833 -0.11557584514549708 -0.029155383991728588 0.9995371513330535 0.008741151077744126 -0.04595998349864264 -0.0047949624895572834 -0.008884138177528752 0.9999496110529639 35.19113827588595
0.9995590692616231 0.029744591192306425 0.0021707369979408154 -0.12284954441097691 -0.029763488644305402 0.9995164548750008 0.009052194620837655 -0.04041336961692243 -0.0018996759225507983 -0.009112307292874586 0.999957455645842 35.82247645560658
0.9995557794133824 0.029918627735511072 0.0011395246453850684 -0.12831079055068972 -0.029928183824881 0.9995099513850784 0.009215181284813637 -0.03676871241345544 -0.0008625015575183747 -0.009244477381107544 0.9999576219839895 36.14553043461046
0.9995693904925932 0.02939639980024131 -0.0022958202992759058 -0.13718554480158518 -0.029373571323947238 0.9995239315556915 0.009495244880884239 -0.03185954219694715 0.00257458704820446 -0.009423071699604303 0.9999527542128483 36.74682416724408
0.9995812342403705 0.028549006740403643 -0.00561284870784674 -0.14784545311565384 -0.02849653454191158 0.9995512510319121 0.009295260337058558 -0.027454836073368637 0.005876590140213293 -0.009130860856289153 0.9999416106807882 37.351960133209424
0.9995724090733554 0.028658429458658798 -0.006530529617831388 -0.15645982140766865 -0.028598224698826096 0.9995489760882965 0.009241847308872302 -0.025294948022201027 0.0067934551292436075 -0.009050827291964556 0.999936597609188 37.64935737952619
0.9995124457620279 0.030038782680691038 -0.009020103128256506 -0.1717211001195256 -0.029966182401939857 0.9995184238156123 0.008150724814896218 -0.024186558146319273 0.009261516944716983 -0.007876331398899426 0.9999267245050161 38.24438216495696
0.9994575141297537 0.031057324211119924 -0.011329112073110669 -0.18744955267128177 -0.030972526083554358 0.9994916729116744 0.00762844521928603 -0.02220719602495677 0.011560716884076404 -0.007272964564893777 0.9999070509887938 38.81274986108798
0.9994527527934887 0.030760886685650232 -0.012509277513500526 -0.1967084395234954 -0.030665963520343464 0.9995001133582979 0.007758976796079855 -0.019817622521248985 0.012742138599702125 -0.007370706042298701 0.999891908302861 39.104102480035415
0.999410965951976 0.03058837845095165 -0.015867972400498153 -0.2140268143414852 -0.030456102542813734 0.9995002010202815 0.008567411648233653 -0.014063515816427702 0.01612263524446405 -0.0080787388662388 0.9998376534447995 39.658957425383036
0.9993722942584182 0.03049760078027107 -0.01829161361798287 -0.23200768470179037 -0.030328036582862115 0.9994952119113616 0.009519661724551596 -0.006892243558122022 0.018573257503878657 -0.008958517107771263 0.9997876304204926 40.213591451409506
0.9993375181614429 0.031245537710349026 -0.018912568888931176 -0.24507087684944928 -0.0310651335180986 0.9994696558233581 0.009791512680251788 -0.0022130702341906314 0.019208810928726464 -0.009196979536092099 0.999773442589907 40.51138802062674
0.9992692159347163 0.03229561913196789 -0.020660482287346387 -0.2649090235686841 -0.032060615311608816 0.9994180957013089 0.01164469836302709 0.006897498174702038 0.02102512957705944 -0.010973308308521954 0.9997183532217034 41.07577156468074
0.9992205048183002 0.03265885754519663 -0.022370998449065222 -0.28428181572912803 -0.032349135566546616 0.9993771528697196 0.014096663181503018 0.017915160729716665 0.022818122499091785 -0.013361508191419147 0.9996497925064105 41.6351640483985
0.9991898548903289 0.033211936801442105 -0.022942739540967785 -0.2979678726045641 -0.0328763406462489 0.9993487347761745 0.01489275200338852 0.02503234495992991 0.023423361338862955 -0.014126216063306407 0.9996255329890888 41.92473467670208
0.9991840086498539 0.032658720828329386 -0.023961669435666147 -0.31210390012974326 -0.03228293443045915 0.999351740492482 0.015933302049036046 0.0356993553386116 0.024467483880849714 -0.015146746737701337 0.9995855111106791 42.48627107730563
0.9991625219025095 0.03294933730200934 -0.024471451633320408 -0.32958768630562674 -0.032548210533336314 0.9993318118265173 0.016645191176351815 0.04658240993702014 0.025004700775824975 -0.015834978621688707 0.999561704356969 43.0219575247115
0.9991363577234594 0.033525609586947266 -0.02476321815570354 -0.34186913471873726 -0.03310994466828232 0.999306694726082 0.017047647475939794 0.053833253315229576 0.025319022257493533 -0.016213447851310913 0.9995477396929838 43.32482579376567
0.9991254752761961 0.03350817399289613 -0.02522217290280424 -0.3595570931377638 -0.03306011741848359 0.9992911519737993 0.01800530573726372 0.06515621138508608 0.025808939098568524 -0.017156032348110747 0.9995193791033675 43.88001689085514
0.9991030089223994 0.03440053545022502 -0.024916032058413164 -0.377200854132443 -0.03394409141117453 0.9992518351795496 0.018551213458537066 0.07534053858053538 0.025537102586107936 -0.01768930259860394 0.999517389774213 44.42748744816492
0.9991035126234993 0.03493551151962495 -0.024124080450785203 -0.38614761809662457 -0.03449034926989433 0.999230924797553 0.01865855721372737 0.08150280540105605 0.024758602062567334 -0.017809902124849137 0.9995347824968287 44.710433313513974
0.999198371037575 0.03502921398570034 -0.01965337633448602 -0.3924084658013699 -0.034662809631237405 0.9992239094243697 0.01872934492058111 0.08825234633354684 0.020295439167501095 -0.018033083920317567 0.9996314091294123 45.24745470096113
0.999235781935883 0.03651683051005126 -0.014293976127163491 -0.39718616405094975 -0.03626695662060454 0.9991904550158293 0.01743296278980573 0.09001598042539244 0.01492065976420794 -0.01690119988567758 0.9997455112275099 45.81608819641504
0.9992480031054508 0.03713234901432953 -0.01157347720398477 -0.39904975835595885 -0.03693713359628096 0.9991781806299942 0.01669496552259127 0.0921572068684683 0.012185360590421355 -0.016254610535509313 0.9997931075661339 46.08459193358756
0.9992171968718039 0.03956764402100822 -0.003058893155044432 -0.39372024630085833 -0.039519948703273786 0.9991150379815397 0.014430103110337244 0.09324568227338911 0.0036286009242729646 -0.014297727343570231 0.99989087072866 46.62361977333031
0.9991545793573554 0.0405949092448902 0.007250968859398892 -0.37558162575766063 -0.04068452420628082 0.9990928647166558 0.012603403103781835 0.09189652108612892 -0.006731223037070662 -0.012887590049677431 0.9998941245362996 47.13827569249293
0.9990885558129818 0.040625597555281404 0.01347945707663667 -0.36473649335741926 -0.04078898005079415 0.9990957303597431 0.012039387169858211 0.09256676158818675 -0.012976519739733048 -0.01257802082328748 0.9998364642008324 47.39838778977655
0.9988733267214158 0.039596929896746284 0.026359391273873378 -0.33226898097544777 -0.039895952283861044 0.9991447405255331 0.010897077307066471 0.09204591558493327 -0.025903759131059172 -0.01193648364650343 0.999593078376772 47.900988641683284
0.9983352694952367 0.03994312221069704 0.04174376875538168 -0.2871148938009918 -0.04040307317872374 0.9991315123266002 0.01022586787479659 0.09233439538761382 -0.041297539585833216 -0.011895317274795885 0.9990760727493916 48.41236237304528
0.9979866489525542 0.04001451780873704 0.04932743660359451 -0.259473429125309 -0.04056122741577995 0.9991263928405003 0.010125506626748661 0.09354143185525418 -0.04887732642306887 -0.012105625182907035 0.9987316725106091 48.67382483856379
0.9968849422528552 0.04114719412898437 0.06737436905797412 -0.19775918356722552 -0.04184514583641319 0.9990845871915938 0.008976209171107873 0.09310922622687198 -0.06694137789398726 -0.011767691624575442 0.9976878420989079 49.19317014865387
0.995430714238631 0.04192725714262956 0.08586320583196635 -0.12077820001701037 -0.04276225263702426 0.9990548772226563 0.007906630103758399 0.09482032490704544 -0.08544862346394239 -0.011542229240410201 0.996276051357031 49.71545205079426
0.9945676568190801 0.04220761541546212 0.09521232284825698 -0.0785066615407336 -0.04308956072780626 0.9990458502012941 0.007226174024851178 0.09581987695091809 -0.09481415819461349 -0.011289680822872234 0.9954310967654137 49.95951134032256
0.9921143593379501 0.04245428630598054 0.11797981867919316 0.014226252365315217 -0.04335476357757235 0.9990478812415051 0.005075374183339934 0.09355758504402394 -0.11764980979945368 -0.010150778816271211 0.9930033983558891 50.44952071278544
0.9891233526153518 0.040512783944340366 0.14144566831512842 0.11803299501095835 -0.04125260329505926 0.9991469928326374 0.0023008172189071855 0.08855276245770477 -0.14122975939069465 -0.008110909752998344 0.9899438659538313 50.928659367829624
0.9874972243379319 0.03983099573697742 0.15256727266690467 0.17465884465812292 -0.04048894847852598 0.999180135729892 0.0012049678097223425 0.0865133645667219 -0.15239237172756756 -0.007367442772953273 0.988293117442448 51.171335210103194
0.9831731916189302 0.03799029315656474 0.17872010511684955 0.2992546954060331 -0.03847936623117014 0.9992598654828737 -0.0007314133132527703 0.08227255636480298 -0.17861348959006138 -0.006157982830533612 0.9839004551025663 51.66103431314798
0.9746812133541826 0.03525299366719085 0.2208337387954065 0.5032602868788075 -0.03543273275403218 0.9993682219049075 -0.0031491225487788608 0.07610922955171781 -0.22080272579427487 -0.00475544843570487 0.9753074258923581 52.33252486075157
0.9677351059303353 0.035689984769529 0.24945739793374141 0.6628528607510312 -0.03582614006625671 0.9993511347231581 -0.003996631172817161 0.07132076342283732 -0.2494352980397372 -0.005069277776463343 0.9683789050917404 52.80415803483306
0.9600844954215342 0.03693631859531301 0.2772869882091633 0.8342165447617198 -0.03703935877110362 0.9993032302729349 -0.00486747242924894 0.06540389520161677 -0.27727115239825173 -0.005597256540035572 0.9607766298778855 53.26413176538589
0.9559080369356617 0.037092769753682336 0.2913374216617063 0.9261495317857344 -0.037016516333288146 0.9992988424440619 -0.0057754649285532145 0.06224911955027638 -0.2913446820701278 -0.005263036858859087 0.9566045539312644 53.49097615881513
0.9466258153056755 0.035225028044910955 0.32042390219362055 1.1175414627192195 -0.034642332380369824 0.9993720032731167 -0.007520463544566087 0.05520312602309938 -0.32048443781488256 -0.00398045032479084 0.947245878094724 53.93700916575907
0.9362747807785738 0.03398594172767584 0.34963879149608496 1.3239339265394403 -0.032881066991725036 0.999418296435148 -0.00909676084030604 0.04711259027379064 -0.3497413650242404 -0.0029786122269833386 0.9368418988293081 54.3811161366585
0.930848134274211 0.0336178080018384 0.3638732612188657 1.4317477569849388 -0.03229813744267763 0.9994313156947339 -0.009712567759628338 0.04417050015174724 -0.36398932544829404 -0.0027106256773009375 0.9313994206493607 54.596760651128626
0.9188806025347493 0.03175541404809462 0.3932712170785801 1.6675075606950363 -0.030132476877647345 0.9994932383488055 -0.010301712151282514 0.037402455081965685 -0.3933952861910169 -0.002383249675201534 0.919366658737923 55.04625963458616
0.9064609672777174 0.027411474371735994 0.4214124280141135 1.9223254093646958 -0.026684573167491787 0.9996150294486388 -0.007623365670175507 0.03650366853939795 -0.4214547422753525 -0.004333689297302481 0.9068389868248662 55.491960941210976
0.8997516608198158 0.027291292956023557 0.43556077962675394 2.0527214608481352 -0.027019161755805064 0.9996119223684538 -0.006819371279087832 0.0366622149508297 -0.4355734508864956 -0.0056313790022843 0.9001355079664809 55.70821646119251
0.8856656455808678 0.027277905593787975 0.46353326850843596 2.344365161899658 -0.02735926832847709 0.9996045379092846 -0.006549695868062376 0.034126176718898435 -0.463524043292504 -0.0068797451023198414 0.8860575490280523 56.166325952073095
0.8704401601895697 0.03193958895751756 0.4912478776256977 2.625030699016529 -0.030927226970443703 0.9994701521897759 -0.010182609151803187 0.023381763869658075 -0.491307978699152 -0.006328282438721914 0.8709627330886748 56.58186655897729
0.8626217631414468 0.03411089565210464 0.5047086358638272 2.756572020520397 -0.03200614980632052 0.9994057189188174 -0.012841200587150029 0.018859675529269582 -0.5048418934444935 -0.005075318880409838 0.8631966750432677 56.76700899148243
0.8465097541216177 0.03355190579406587 0.5313254507175802 3.04589319592649 -0.026467121577959798 0.9994311008277562 -0.020943905152936017 -0.002320656222754413 -0.5317208498750938 0.0036680252165410187 0.8469116393052679 57.14527822363264
0.8321998890729286 0.031128990598823222 0.5536109758107944 3.3550850093416926 -0.017659010047340717 0.9994050359486337 -0.029649727000835888 -0.03771607971860792 -0.5541994766813033 0.014899610982635704 0.8322501545568073 57.53062148356409
0.8271849239789667 0.029290149132246063 0.5611753418797478 3.4889466557734368 -0.012528428536801105 0.9993542946374819 -0.03369324898840495 -0.052208155097111936 -0.5617949356670067 0.02084128000343092 0.8270135556176373 57.69683087572782
0.8187870015860179 0.03078219397093368 0.5732808342233049 3.7566597218928535 -0.011852763700200043 0.9992552813003829 -0.0367264579728391 -0.07646376143547574 -0.5739797010970915 0.02327783882630611 0.8185382347309944 58.04338346039588
0.8069915716073018 0.036368457385222805 0.5894506252741003 4.028362777889759 -0.02001507710579514 0.9992130979011424 -0.0342485375500692 -0.08804012083102958 -0.590227781235618 0.015841981320749293 0.8070809043984631 58.39564997727071
0.8005470885176652 0.04171579055394486 0.5978244863623922 4.155434688365203 -0.027712619130931593 0.9990841312771941 -0.03260532897123921 -0.08658974164626196 -0.5986326928082428 0.009536569288704996 0.8009663343694797 58.5576290957134
0.7836433015960285 0.04599681664956556 0.619513647650049 4.442299256442462 -0.03935244048646383 0.9989277465509077 -0.024388618043137134 -0.08671800774124679 -0.6199666952721676 -0.005265549715648177 0.7846093366401398 58.90811431588903
0.7688382773028258 0.04492662358858216 0.637870703572784 4.7549321051049205 -0.03899458717475171 0.9989663084155475 -0.023358215663902577 -0.09844835552583359 -0.6382561931076172 -0.00691300841322498 0.7697919133648727 59.22368202791893
0.7589193462180648 0.04420799665055235 0.6496901786402964 4.896687832283029 -0.03745671052503539 0.9990044550323959 -0.024222460644876688 -0.10508708580285296 -0.6501095377746811 -0.005950350466518756 0.7598163846385394 59.347966604184656
0.7338618106422563 0.044706460251528066 0.6778340646342128 5.237769996761567 -0.03521746023305426 0.9989945010327869 -0.02775948612072075 -0.12388315010437702 -0.6783886272996191 -0.0034983685110824216 0.7346944901240853 59.6348429471677
0.7039849374526973 0.047378573837847805 0.7086406684299089 5.594391880569666 -0.03851066550861608 0.9988515429141471 -0.02852348178912404 -0.13835422628122068 -0.7091732042557066 -0.007208350030949144 0.7049972790527558 59.907340425887284
0.6881526453922215 0.04819452154030492 0.7239710340534137 5.750003019571196 -0.04021351894493056 0.9987916127758857 -0.0282645628836671 -0.14291912339385904 -0.7244532668100423 -0.009661420304365584 0.68925542028117 60.01052821239479
0.6540315898336924 0.050651098026961154 0.7547769806695087 6.10407292169283 -0.04478077053938287 0.9985990270289825 -0.02820968456667866 -0.15406655128830446 -0.7551431586038198 -0.015347832236995476 0.6553802475471521 60.23734818751236
0.6166860061451815 0.04964130163075443 0.7856497047956654 6.513182528181904 -0.04490091758239733 0.9986036117413046 -0.02785248974688278 -0.16372075805271766 -0.785929954288159 -0.018098252934900378 0.6180507584577206 60.46440035091496
0.5966741463052442 0.04644543925498887 0.8011455888247124 6.700891241233063 -0.041793590977072984 0.998768044573054 -0.026775616152982875 -0.16692381378076937 -0.8013971234960438 -0.017504698038949742 0.5978772987739096 60.5452058425611
0.5561957173768919 0.04050139058968185 0.8300707957252664 7.099983325873548 -0.032591358307135276 0.9991072498645382 -0.026910798952803766 -0.17701263977131404 -0.8304143486998479 -0.012083680277603162 0.5570163735894355 60.708187227544215
0.517044899291238 0.04147305299325287 0.8549599780393767 7.485513447901668 -0.028058280102756513 0.9991112021515456 -0.03149680768270364 -0.1964195297355397 -0.8555003766971041 -0.007701710608861674 0.5177463171313347 60.853762750686535
0.49675851569502677 0.04316775274714094 0.866821543597977 7.666695526466462 -0.027095112857353866 0.9990481010951301 -0.034224853717327815 -0.20480686647948013 -0.8674678014651914 -0.006483544219665073 0.49745279362633593 60.91482556923524
0.45366616406398025 0.046662822364323765 0.8899556923440464 8.069697946017232 -0.02845871968816595 0.9988785338694688 -0.03786677351868911 -0.22467441530739454 -0.8907186096911494 -0.008146528190737697 0.4544834551865323 61.04374597552698
0.40856490262174144 0.048731378148637136 0.9114336510183667 8.476014979591724 -0.034198460518480425 0.9986911421321848 -0.03806683621834526 -0.2436336186410923 -0.9120894341502961 -0.01561520642315377 0.4096950287206238 61.15093255007428
0.3886020171145388 0.04852305231676619 0.9201333133311635 8.661563788718631 -0.03532386465611318 0.9986641229639356 -0.03774582781103429 -0.250657717024884 -0.9207292618816563 -0.017832843150308968 0.3897952174294535 61.188814824937865
0.349657951123492 0.047491021796694205 0.9356793408935342 9.058081303978629 -0.034330395106408784 0.9986949116044823 -0.03785996094364293 -0.2634497575151843 -0.9362496461495556 -0.01888323426737447 0.35083053262876596 61.26810885287939
0.3142354439175606 0.04715039508970432 0.9481795119655418 9.471740811862022 -0.027393700072775626 0.9988021017586166 -0.0405886835838604 -0.2861877436394441 -0.9489509779609513 -0.013218835157664671 0.3151494050435611 61.33556758351416
0.29809627765450647 0.04699067672752559 0.9533843765461066 9.647241586887356 -0.023768815010016212 0.9988452412354609 -0.04179888665388721 -0.2953937049579933 -0.9542408607592799 -0.010199978923345853 0.29886773826922053 61.35905654595847
0.2687884047809622 0.04666756160524504 0.9620737453158885 10.064046288054938 -0.017741251276199993 0.9988980073140606 -0.04349668033343883 -0.3173719780080721 -0.9630363746989467 -0.005376318518512285 0.2693190123149527 61.42156693083013
0.24354487833802535 0.04512818015989942 0.9688444886223702 10.481363246450183 -0.012742977911325021 0.9989815164566954 -0.04332770765238426 -0.33752693853999194 -0.9698058606252413 -0.0017928497347926029 0.24387077592176581 61.4852540278804
0.23258424063838276 0.04501671858895853 0.9715391151593465 10.66020171526622 -0.012197081721428223 0.9989865467981588 -0.04336734205123474 -0.34490122720013233 -0.9724996425661262 -0.0017622427577196743 0.23289665983303726 61.5098751583015
0.20967471897187387 0.04592225014040517 0.9766971092747183 11.065141915530408 -0.010308117708315264 0.9989464545498846 -0.04475412617204381 -0.36557121706831996 -0.9777163818421972 -0.0006829443064543033 0.20992633689350249 61.560393075282136
0.18945657197697818 0.047689191968728374 0.980735522712218 11.456814391710509 -0.009547409753895333 0.9988640951430924 -0.04672535412469856 -0.3880900061467189 -0.9818428267674711 -0.0005101368443026801 0.18969620426143258 61.60457453970685
0.18128934564657787 0.04835044655541869 0.9822453817662171 11.650002834322079 -0.009441603380507004 0.9988319636326026 -0.047423260663980574 -0.3967121235623843 -0.9833842829645373 -0.0006751401736856212 0.18153387499724172 61.62700516268199
0.16662363967458724 0.050049728687739777 0.9847545796843684 12.042477817230123 -0.0099688048300328 0.9987472655755679 -0.04907286053560709 -0.41876026586657306 -0.9859703745879999 -0.0016389990221957998 0.16691351234464502 61.670909073144216
0.15244526949955592 0.05154884644254107 0.9869720009763453 12.435239513933132 -0.010715203550113723 0.9986684417046765 -0.050503580727407675 -0.44215421681678957 -0.9882543621586057 -0.002875565905821694 0.15279425652726164 61.71110811523488
0.14526811538328088 0.05240759139215974 0.9880087753763589 12.610510508659821 -0.011695231072483306 0.9986195491628325 -0.05124954644016739 -0.45070377046851023 -0.9893237177331233 -0.004109007847441646 0.14568021821466237 61.73016675831339
0.1340497858763166 0.05705624267570147 0.9893362269174436 12.98430509785267 -0.0170710434652613 0.9983281220307436 -0.055260512299263445 -0.4739358754169413 -0.9908281312328575 -0.009480156976196301 0.1347995148880174 61.77327187025439
0.12471712072373917 0.061211752671199715 0.9903077825132883 13.340961331719825 -0.017263519826560936 0.9980797359112413 -0.05951702717141521 -0.5019249554939288 -0.9920424361907229 -0.009672100555616646 0.12553444421333618 61.80659925952785
0.12148038934295216 0.061274650329938125 0.9907060881153632 13.51934781388075 -0.014917309377311496 0.9980942941327196 -0.05990149767529055 -0.5126815583216092 -0.9924815234643424 -0.007500895359654892 0.12216303448864117 61.824128659156386
0.11353299471340303 0.05923090877880461 0.9917726420757805 13.947613955378676 0.0004540825229981927 0.9982199664332219 -0.059666615494166804 -0.5452466859677675 -0.9935336707955792 0.00722560497199605 0.11330433742513173 61.84150355427976
0.10832240698549091 0.0545247762860499 0.9926251928501226 14.360060528834683 0.007495690951262309 0.9984234313191317 -0.05565991866149185 -0.5659836222225655 -0.9940875938758574 0.013471034331636456 0.10774351052586269 61.869669898161895
0.10714525434329772 0.05299252415863652 0.9928358381080736 14.528011739507749 0.008963440654347956 0.9984881849340264 -0.05426021154878938 -0.5740234513416284 -0.9942028767576836 0.014714257606936322 0.10650882374870811 61.88575191347784
0.1033472366933619 0.0511524113924446 0.9933345783192409 14.913195202280859 0.009030392320819425 0.9985884612037325 -0.052361699801932206 -0.5952577388535024 -0.9946039121691286 0.014382529659646464 0.10273966431911014 61.9208575124224
0.09819079486214488 0.04781520895788166 0.9940240201260492 15.295011379707839 0.0037128783206586604 0.9988217538966223 -0.048411858173161175 -0.6112491226465928 -0.9951604235388866 0.008445198174559649 0.09789780696722553 61.95592321233772
0.09596178814113235 0.044048173727838966 0.9944158355540199 15.45188202292293 -0.00142198387652704 0.9990267231655946 -0.044114399031659764 -0.6100460336851805 -0.9953837652329869 0.0028201367783575945 0.09593140952764909 61.973194851335975
0.09120041443614121 0.036305178928775494 0.995176235471238 15.832658160769524 -0.007099235877375702 0.9993345838346425 -0.03580552826323996 -0.6145991512632327 -0.9958067833955776 -0.0037985707453536133 0.09139794205199102 62.005870377430156
0.0906769043806467 0.03580301848936234 0.9952422067572988 16.228524982026688 -0.0034709086720437635 0.9993598620227758 -0.03563411894003299 -0.6303405196342126 -0.9958736493752043 -0.00022246113312748104 0.09074351282323759 62.03836130481153
0.09079359863193619 0.036792574725478186 0.9951955931729457 16.426570177975922 0.002127651163505744 0.9993084503569533 -0.0371382000927565 -0.6408162574692011 -0.9958667322710333 0.005489913596589521 0.09065292940288247 62.05599899547348
0.09038861143067069 0.040208927575106045 0.9951004361959125 16.796466404036135 0.009094585047730142 0.9991108031483773 -0.04119649635458896 -0.669716503709667 -0.9958645865524961 0.012774670063557132 0.08994289609966925 62.07172550501873
0.09033187048851654 0.041654002760852904 0.9950461826315474 17.17728649940032 0.015148040718366406 0.9989532054938153 -0.0431920032145895 -0.6914525741472078 -0.9957960741146392 0.01897551932820928 0.08960658515734034 62.09892244684244
0.09085490649763477 0.041363735182289675 0.9950106088256258 17.364165808221024 0.015410545894557516 0.9989601364145939 -0.04293403969638131 -0.7007425372687972 -0.9957442154762749 0.019235256824022492 0.09012330302467682 62.12171262265868
0.09511254859279045 0.041402113932860814 0.9946110335062918 17.715908850745933 0.014657716832782768 0.9989692330192249 -0.042984118892239326 -0.7208627219798109 -0.9953579291432807 0.018667886466654432 0.09440779207291936 62.16589867136062
0.09987324089784938 0.046570671074964265 0.9939159552059506 18.031680286035073 0.013072668648344414 0.9987578441542724 -0.048110083348149174 -0.7494340915352488 -0.9949140245456003 0.017798890924407253 0.09914032292273017 62.21108720299924
0.10137459297955034 0.04895473519282527 0.9936495931379149 18.158207802378165 0.011678593002402527 0.9986627961603116 -0.0503923417401114 -0.7616625733892588 -0.9947797753408018 0.016713790089127403 0.10066705800214752 62.23186737645818
0.10832685034886855 0.051902385652677116 0.9927658230090609 18.497308945136368 0.010537612890362662 0.9985216101345367 -0.05335231308220412 -0.7902385026810511 -0.9940591707889365 0.016241707578499236 0.1076196905248237 62.28192926099865
0.11677931960933802 0.05215451190611812 0.9917938414928286 18.82852426469102 0.01052499667704643 0.998500495359429 -0.05374563879280397 -0.8155923838531183 -0.9931018719913833 0.01671581686912363 0.11605530659636422 62.33403382568775
0.11946873438030993 0.05176449835652556 0.9914939531185496 19.011639268723545 0.011101152279624264 0.9985092522810425 -0.053467619998423296 -0.8298621365254258 -0.9927754360857648 0.017395343140451533 0.11871604029957974 62.36320831945457
0.12616852846685142 0.05053600864436229 0.9907270170153353 19.364399189390323 0.013179555462165345 0.9985295124125335 -0.05261176350087774 -0.8515934698744193 -0.9919208608533215 0.01969624974887675 0.12531699780107042 62.41696895974861
0.13219212377514353 0.04871427161500785 0.9900328310005542 19.703511037056103 0.01317185663487045 0.9986187729053245 -0.05089461768303726 -0.8705043249993037 -0.9911363408248807 0.01976945921198569 0.1313680556367283 62.47460382890547
0.13390516522697565 0.04770874448901059 0.9898515852343263 19.858367285614236 0.012621928015953536 0.9986791213585303 -0.04984061830745385 -0.8790842371746164 -0.9909132503964173 0.0191685499587193 0.1331264486174122 62.505432590748555
0.13964744968936108 0.04521628694651726 0.9891748073088598 20.221014023594876 0.011567987030076173 0.9988161234017822 -0.047288892181881606 -0.8956940010775715 -0.9901332615283035 0.018047434736177016 0.13895945508030805 62.56926545934331
0.1442920832363608 0.04396430439869441 0.988564543955463 20.570892252164803 0.006538497077721262 0.9989504015529328 -0.045379228664362704 -0.9118722066666484 -0.9895131142407415 0.013012500947293549 0.14385352173358695 62.63532533894713
0.14500313090191985 0.043894570873197376 0.9884633980030594 20.74269242327166 0.006004479556967249 0.9989597223633347 -0.04523987541035423 -0.92053848972403 -0.9894125962498912 0.012495867031881316 0.14458924364239023 62.667721205509615
0.14674964823473385 0.043869033660219256 0.9882066494093174 21.10882382432226 0.004314024363743864 0.9989798070098583 -0.04498616764507101 -0.938024794817226 -0.9891637633351446 0.01086535489813106 0.1464114834892436 62.7317845878455
0.1496188271994724 0.043172260361168044 0.9878069333410864 21.50029666538134 0.004712183323925558 0.9990053794637075 -0.044373846289853365 -0.95711722294435 -0.9887318437386166 0.011294380097254022 0.14926739833570754 62.79577367879453
0.15036736317088842 0.04284096178536019 0.9877075878725886 21.690356689756353 0.00584673562618304 0.9990059108246259 -0.04421946061265255 -0.9666620319666382 -0.9886119591950335 0.012424034349036921 0.14996833857605704 62.82854613233475
0.15180797416239503 0.04194209052323429 0.9875256675581486 22.071150835803884 0.009165185911384812 0.9989975639597359 -0.04383668719536482 -0.9843232798714745 -0.9883661641700826 0.01570523164931382 0.1512722009642785 62.89164486628382
0.15194233922933362 0.042281648322354155 0.9874907203291122 22.431233401635982 0.008883135925070567 0.9989869958584642 -0.044139610149707485 -1.0039507356029875 -0.988348262317845 0.015478281868629543 0.15141334226097514 62.953150721857206
0.15187503044602926 0.04256853004116776 0.9874889281439803 22.60428593945984 0.008666461695312043 0.9989777315006697 -0.04439551993117294 -1.0137630481721127 -0.9883607984518598 0.015300280929774715 0.15135121346062938 62.9837013124715
0.1522627434864891 0.04380737127671016 0.9873748432340846 22.978949271073876 0.007483228448317841 0.9989385262007139 -0.045473131313957374 -1.0360007640588575 -0.9883106310476554 0.014312199596031744 0.15177393950265267 63.04747875942274
0.15239401587264637 0.044540571012860526 0.9873219755141649 23.37051485363737 0.004231771922468143 0.998946503656259 -0.045717195425092824 -1.0549916859429849 -0.9883100182973648 0.01114487653761957 0.15204553170871846 63.115271301129454
0.15215991538323023 0.04416762851253527 0.9873746415305616 23.55969501977043 0.003787814282438328 0.9989684261806561 -0.04526860002636213 -1.0615588873536324 -0.9883477752184653 0.010627543299267789 0.151836468550094 63.146401850620805
0.15148042629412992 0.04060084828274479 0.9876320692721383 23.99438680585989 0.0031109601969207456 0.9991322630829123 -0.04154959610867794 -1.076029607706216 -0.9884544357966543 0.009365783263452693 0.15122338260361934 63.21551802474366
0.15166286605033874 0.039461161477890895 0.9876505672166584 24.41109740337639 0.002645526641196067 0.9991844276487346 -0.04032740703317338 -1.0924581653918688 -0.9884281826642756 0.00872860339845216 0.15143523623049554 63.28391397337344
0.15148364681066917 0.03952640050647935 0.9876752280600366 24.619623756778427 0.0026023452930376595 0.9991820915136107 -0.04038493075472101 -1.1020281060467327 -0.9884553751441801 0.008687440722286817 0.15125750679314326 63.31847090164285
0.15123988543675673 0.03949162629679779 0.9877145276465691 25.040796218159603 0.0020949518109559485 0.999188533693633 -0.0402706085196047 -1.1209145225654473 -0.9884944295090499 0.008159623071304592 0.151034567286108 63.38641925354288
0.15118511246904578 0.039358854414110044 0.9877282743178217 25.471461194545412 0.0011755870736187635 0.9992011960494442 -0.03999574611851808 -1.1390082740311727 -0.9885046977147216 0.00720781674240268 0.15101795751981661 63.457290428061455
0.15113464176071154 0.03936446745677721 0.9877357844689316 25.688754021103385 0.0006177956241480685 0.9992048122856211 -0.03991554850894811 -1.147437324162172 -0.9885129595159772 0.006642784945687795 0.1509900776828007 63.49443296424967
0.15119820226024477 0.03956652915755252 0.987717676588777 26.128360995951088 -0.0006106304774218306 0.9992039309886048 -0.03993240186901634 -1.1665687552500699 -0.9885028636724051 0.005434417970938313 0.15110210464002505 63.566704488696935
0.15097831548523344 0.03990277475684975 0.9877377906160693 26.56687798033679 -0.0010802746784793677 0.9991928484699479 -0.04019984618121092 -1.1876319444642827 -0.9885359652533017 0.005002146338084421 0.15089954995151886 63.63636478849889
0.1507913123250377 0.040157777637925725 0.9877562279288455 26.785591693690122 -0.0013429805169003167 0.9991839565644867 -0.04041677021071756 -1.198400965479023 -0.9885647211694312 0.004768022516821946 0.15072186626625955 63.668329282264786
0.15016108556939695 0.040781840465664965 0.9878262883370675 27.205906611130395 -0.0021504433847482954 0.9991616078421452 -0.040922052952702764 -1.219695733267779 -0.9886589114442713 0.004020452851862142 0.15012288199308413 63.73062008156863
0.1487631401218753 0.04142814793738981 0.9880113852632212 27.650392354429933 -0.0026116540829723314 0.999136946492575 -0.04150064671338949 -1.2435181188273225 -0.9888698703015365 0.003593618371106282 0.14874244107390588 63.79405676407147
0.14816087957918267 0.0417775739314821 0.9880872724743336 27.875423547352845 -0.002976274689427675 0.9991235667103818 -0.04179736641083099 -1.2547479701630924 -0.9889593886873475 0.003252258997332213 0.14815477848414252 63.826493744975465
0.1430362363123128 0.042389117082851945 0.9888160571257169 28.36767651659874 -0.003804833900188086 0.9991004269209947 -0.04227914532292154 -1.2811464877807344 -0.9897107749519654 0.0022854521301145805 0.14306830240623278 63.89252295686861
0.13658949669989992 0.042568908564087425 0.9897195968417448 28.85708907986785 -0.004388477051838319 0.9990946047905992 -0.04236571406139766 -1.3065669022101227 -0.990618787805876 0.0014437757133152094 0.1366521423524755 63.951018194188194
0.13443194130230063 0.042664703508470715 0.9900109201584968 29.09145754104744 -0.004652439723020856 0.9990911428596149 -0.04242347138576085 -1.3179624362277576 -0.9909127598859133 0.0010975186325564254 0.13450773297962715 63.97787618580451
0.1275918699726709 0.042840741645669096 0.9909082686500607 29.57383263676265 -0.005563305135746553 0.9990845148335644 -0.04247699937661218 -1.3417045059729549 -0.9918121920761511 -9.25653012630377e-05 0.1277129241781022 64.03083685716068
0.12030882637195149 0.04154739580365207 0.9918738349557111 30.0781254902154 -0.005255491060261476 0.9991391215976316 -0.04121319192212645 -1.3654939740815741 -0.9927239771524924 -0.0002540134305087414 0.1204232013928746 64.07716421950249
0.11579731586057562 0.040601282221326175 0.992449932056506 30.321745799419624 -0.0049228877677172 0.9991780541332196 -0.040301068170845236 -1.3753756583117365 -0.9932621599228406 -0.00021844448604364986 0.11590174220579733 64.09660382550628
0.10550504975980424 0.03900013480277259 0.9936609708891093 30.845315959083127 -0.004785543163593864 0.9992415235470444 -0.038710108205108854 -1.3983061051060175 -0.9944087275610578 -0.000670484765069457 0.10561142385756477 64.13368058417755
0.09416127736017156 0.038699782241970467 0.9948118300583596 31.37436492525981 -0.004128511105699478 0.9992533119236742 -0.038480501438991024 -1.4247090473177333 -0.9955499230614178 -0.00048326772736051785 0.09425074400737216 64.1643436275437
0.08866738094940743 0.03823435248439321 0.9953345084172133 31.635380390223656 -0.0039032581760211744 0.9992710841062042 -0.0380365583516762 -1.4364848637753358 -0.9960552728901676 -0.0005120655406237306 0.08875201555418755 64.17738384736032
0.0767963610515662 0.037595192633558164 0.9963449468434744 32.17966176279934 -0.008415987947453777 0.999280017190769 -0.037056038334590265 -1.458619974611192 -0.9970128243834543 -0.0055388883349750725 0.07705736399913071 64.20404845549577
0.06478910354909313 0.03753984557521254 0.997199688602087 32.73830136834242 -0.009498367974835982 0.9992722770987078 -0.03699947752741496 -1.4837063550364598 -0.9978553857792285 -0.007074049633494314 0.06509847176675904 64.22227915316921
0.059374073031737605 0.03756769215905457 0.9975356434500589 33.018790156073266 -0.009966199934216434 0.9992663843072421 -0.037038293327190434 -1.4961127588024208 -0.9981879456752866 -0.007741791769884958 0.059704922381018044 64.23085602754503
0.04799253515442055 0.038307125606781935 0.9981201062609727 33.579390726055685 -0.01077385666822894 0.9992287836621341 -0.037830244936154285 -1.520946001624638 -0.9987917885476468 -0.008937674116249008 0.048368375895820485 64.24056797834734
0.03621968492416438 0.03801969082890977 0.9986277294461096 34.14538442902721 -0.008195220377178599 0.9992567473022402 -0.03774477917643109 -1.5473670183206436 -0.9993128485987371 -0.0068165736236334 0.036504632955201885 64.23872656828115
0.030390937062777915 0.03811439398056997 0.9988187534772763 34.426448010131566 -0.007310907940413966 0.9992576939235038 -0.03790696290436204 -1.5611744331305435 -0.9995144231400236 -0.006149647441229747 0.030647483731701564 64.23637959203997
0.017524556003616035 0.03939223970972567 0.9990775516278881 34.9719995595971 -0.007556434163020603 0.9992033282887394 -0.03926295970824141 -1.5908809908202801 -0.9998208339900057 -0.006860501312688713 0.01780893240015672 64.226544158935
0.005732967178691239 0.039626967639956226 0.9992055701566508 35.52629641559603 -0.00746426420766879 0.9991915315231624 -0.03958169031440142 -1.6197752934754688 -0.9999590042963777 -0.007230892877408688 0.006024763430218816 64.2099472775605
0.00035834166860625963 0.03927678624485492 0.9992357423519633 35.80909242723215 -0.007579534352911593 0.9992028025406258 -0.03927115739072969 -1.6317917153399186 -0.9999740594649137 -0.00755939547048441 0.0006563060392997134 64.20091171063537
-0.01176004679249321 0.03824393960631444 0.9992063098349372 36.39108448317521 -0.006700371035785886 0.999245695931251 -0.03832272429727186 -1.6576258784438846 -0.9999106837352658 -0.007145512973747912 -0.0114947998975677 64.1736994659045
-0.02268904434589509 0.03910989503021963 0.9989844115634213 36.95126978373198 -0.0035450619606916126 0.9992278532102267 -0.03919857433368482 -1.688208343418482 -0.9997386145267217 -0.0044306745112678335 -0.022532784478094245 64.14037721838342
-0.027711928659053267 0.03953388015951192 0.9988409491655914 37.22919978677538 -0.003202340329599959 0.9992117329401535 -0.03963602215659925 -1.7039299990680787 -0.9996133159733868 -0.004296911923032155 -0.02756335404751791 64.12340682113845
-0.03960992014161876 0.04083934794538613 0.998387210341046 37.7669713638138 -0.0008449678269781265 0.9991651039452325 -0.04090368085345538 -1.734030402890287 -0.9992168489211952 -0.002463824257263897 -0.03954249633335332 64.08262821853883
-0.051469494454801756 0.03995819370125911 0.9978814465288001 38.35005958563848 0.0019067681224200217 0.9992036578284298 -0.039912007813116795 -1.7628352149652184 -0.9986740681808212 -0.00015184656528767309 -0.05150514445653993 64.03144472999237
-0.0567246667305886 0.038550218381476424 0.9976521235302361 38.629077707172584 0.0029698705985407863 0.9992589694458881 -0.03844278198160221 -1.774036173666613 -0.9983871711565084 0.0007819731776488409 -0.056797407794136966 64.00468959241856
-0.06670206898690419 0.03419610761196987 0.9971940632117913 39.22187657066833 0.0077698328780110675 0.9994030295996865 -0.03375115565723042 -1.7921931554734432 -0.9977449986088948 0.005496834988576173 -0.06692745663265696 63.940096091575946
-0.07815765436069305 0.02681519568437464 0.9965879867472052 39.81137874077356 0.011602729986694166 0.999598185832525 -0.025985378533082103 -1.8007544088844394 -0.9968759583047573 0.009532403541436658 -0.07843662081637451 63.86861978003951
-0.08379915267315538 0.024189761086541032 0.9961970180147536 40.05494443816878 0.011398710769892356 0.9996665747903161 -0.02331406382124156 -1.802436517157646 -0.9964202450508618 0.009402201328537677 -0.08404591153441962 63.83765024004858
-0.0946698922199939 0.024787641971973917 0.9952079872541281 40.60676747954513 0.011698523874306139 0.9996519714000319 -0.02378436768964331 -1.8225162609189363 -0.9954428970995761 0.009391383223868848 -0.09492553270120803 63.765009046617585
-0.10574575269566082 0.026473946765375653 0.9940485408114628 41.1590346212115 0.01065676361267388 0.999621316473893 -0.025487473928320313 -1.8424550686930756 -0.9943388157511471 0.007899058828603023 -0.10598623873682494 63.68836195615087
-0.11183014953509657 0.026952218346728708 0.9933692988503712 41.384100632727666 0.010194628399440287 0.9996135122781136 -0.025972820055970573 -1.8485771999351739 -0.9936774759797375 0.007223373304373504 -0.11206008146442115 63.652103956046666
-0.12240175053774745 0.03200084472638529 0.9919722099581164 41.90431480365625 0.013491695523108261 0.9994441802547649 -0.030576007137000573 -1.874777348879486 -0.9923914168880252 0.009641695972610727 -0.12276377623817027 63.566374115218736
-0.13309328205795426 0.03288506143037638 0.9905655826411217 42.40874558298746 0.01404465553055805 0.9994147826022166 -0.0312906320155279 -1.897860089550789 -0.9910070245798338 0.009748251251636147 -0.13347532176280674 63.47875376835217
-0.13926332039817282 0.033073633863693525 0.989710449219788 42.64764368032586 0.015887240412056785 0.9993911843421328 -0.03116025639294342 -1.9059270123634304 -0.9901307482618779 0.011384873382921788 -0.1397019754795708 63.43278177980196
-0.14875787634623142 0.03350402208191234 0.9883133737547038 43.22413339722014 0.020070903442135034 0.999325376488136 -0.030855312550901442 -1.9273669820470867 -0.9886724695659826 0.01524672853483153 -0.14932814456919755 63.32663289002012
-0.15423956339480216 0.03472771810958431 0.9874302792123388 43.75420533064657 0.020524523039959008 0.9992820850245189 -0.03193755792837136 -1.9536605477608602 -0.9878227500813435 0.015340563465131185 -0.154839739761184 63.235371394731295
-0.15548019890812742 0.03483777370630697 0.9872316045634839 44.04208330596187 0.020573015179827743 0.9992781604588488 -0.03202184545173907 -1.9653667977761329 -0.9876271864645824 0.01533153434338946 -0.15608276275069374 63.186408554722526
-0.1606947136358678 0.034169328785571 0.9864194790827636 44.58784972786609 0.020419077360407975 0.9993040289185926 -0.03128849569230287 -1.9846909711560816 -0.9867954924413899 0.01511378876553755 -0.1612786136783095 63.08889354860093
-0.16551330204011283 0.03353316688784916 0.9856441785389791 45.15102272997128 0.02026405659680632 0.9993286976614518 -0.030595027950576097 -2.0045400170716436 -0.9860018875018298 0.0149090856859761 -0.16607961704773927 62.98655081725566
-0.16577966628593088 0.03289613817361869 0.9856206965442706 45.4359439416328 0.022849901920400272 0.9993056731011642 -0.02950863246231308 -2.0106829386081766 -0.985900404644987 0.017629239412045944 -0.16641409004904728 62.9371025341864
-0.1635878726448965 0.031177077066467208 0.9860427345663265 46.01784391792187 0.028343537274192525 0.9992386277344424 -0.026891344965725514 -2.0209915937512215 -0.9861238513435622 0.023548613660274546 -0.16434496516712807 62.84320031066688
-0.15858363861101596 0.030173392632362194 0.9868909390936879 46.58767554050686 0.03222214065424561 0.9991608942365523 -0.025370036144557555 -2.0318608661817317 -0.9868218990364203 0.02777592837909567 -0.15942110556025071 62.76150547476971
-0.15513885865466837 0.029774823524272097 0.9874505141253209 46.88287693656616 0.03223956193397609 0.9991681944027339 -0.025062325565500546 -2.0403990171717408 -0.9873686827573146 0.027946280450030083 -0.15596795386046142 62.72516064258101
