1.0 0.0 0.0 0.0 0.0 1.0 0.0 0.0 0.0 0.0 1.0 0.0
1.0000005960464478 6.55055046081543e-05 0.00012698769569396973 0.0004280810244381428 -6.580352783203125e-05 1.0000004768371582 -3.94284725189209e-05 5.7244906201958656e-05 -0.00012674927711486816 3.883242607116699e-05 1.0000003576278687 0.038867831230163574
1.0000005153392966 0.00014731843835669167 0.00025099238673220725 0.0008958856300336077 -0.00014760604962305024 1.0000003505313604 -8.288843940817969e-05 0.000999362292348871 -0.0002507301518095417 8.227385399717235e-05 1.000000340222674 0.041297533181396236
1.0000004105156755 0.00021763134621126943 0.000389895646635395 0.0016671995734189675 -0.00021792803486524623 1.000000337118153 -0.00011950619306048908 0.0018447021240311817 -0.0003896147930477779 0.000118883293421018 1.0000001235691014 0.0637410707340885
1.0000001684447413 0.00027865304288331665 0.0005180662951412024 0.002451904254779783 -0.00027856039919159 0.9999999611700227 -0.00016134677094317175 0.0026538607919395184 -0.0005180103540916674 0.00016091056440194573 0.9999998302389246 0.09022863665552916
1.0000005646824532 0.00033619140785697433 0.0006426592035164756 0.003081289446913645 -0.00033623773116477854 1.0000000581780029 -0.00019994572268692938 0.0034446869297049825 -0.0006425637693182108 0.00019917676618166528 0.999999997906167 0.11723715367826001
1.0000001067137634 0.0003936515376458234 0.0007685577222818006 0.003599570293959127 -0.000393522256403632 0.9999996715512064 -0.0002482081727555343 0.0042183763908427655 -0.0007687281847162406 0.0002475983692083759 0.9999996689749571 0.14335651692528556
1.0000002126202485 0.00046401775918731853 0.0009049164206676515 0.004035983798138337 -0.00046397098482241347 0.9999998717509356 -0.00029102818768989453 0.0049607814154894216 -0.000905061596822877 0.00029001265625577214 0.9999996727596984 0.1697171241940696
0.9999997801205213 0.0005165392997947724 0.001026489308623688 0.004408716420289388 -0.0005162086654703291 0.9999994769712245 -0.0003350429540320935 0.005688826108121883 -0.0010268785387443492 0.00033395326664576277 0.9999993115431126 0.19648325436488473
0.9999998481662137 0.0005884130208599149 0.0011563425085734196 0.004659627547784716 -0.0005880186553261902 0.999999423529751 -0.000384075188522841 0.0064800044035691435 -0.0011567216061947531 0.00038272548530053803 0.999999161821553 0.22243185785971537
0.9999995281859275 0.0006524771247990593 0.0012972528937146039 0.004981427870371928 -0.0006516220649820745 0.9999990120060536 -0.0004260302540706525 0.0072547468005515585 -0.0012979789191667776 0.0004249705627636486 0.9999988635640105 0.24902137235660143
0.9999992150326839 0.0007077475043370416 0.001418941662413911 0.005263884570521302 -0.0007068832024159494 0.999998841448902 -0.0004624385090525205 0.007970301821452913 -0.0014196850149034203 0.0004609596020086874 0.9999985709355887 0.2766856344388732
0.9999993228523427 0.0007975910539490637 0.0015502854548536543 0.005500328451579116 -0.0007967660927528912 0.9999988811695186 -0.0004974894549953936 0.008715572430144182 -0.0015509166185722738 0.0004954624263245828 0.9999983683192203 0.3038774826032992
0.9999990739471315 0.0008457975434689129 0.0016859956786106206 0.005871797943104936 -0.0008446801848244721 0.9999988185053691 -0.0005465925195395158 0.009408511167124678 -0.0016868089577921333 0.0005442635085096285 0.9999980142986575 0.3300643993715078
0.9999987440353311 0.0009110167091968566 0.001813513707083903 0.006188884026542407 -0.0009094600610263262 0.9999984422405166 -0.0005889002678873232 0.010159636016635288 -0.0018146362573002652 0.0005866216793574846 0.9999977165670346 0.35625989053835355
0.9999986942749667 0.000987072582473391 0.001934212842673346 0.006347410227154404 -0.000985623472510913 0.9999984728707538 -0.0006220906628013322 0.010888920242175054 -0.0019352911339583665 0.000619534544391333 0.9999975972906697 0.3842851605849802
0.9999984884442584 0.001055784138456439 0.0020672707994757672 0.00662580746715472 -0.0010540860468524252 0.999998380490713 -0.0006620079602860084 0.011671964166323195 -0.0020684008806088083 0.0006591579187135165 0.9999974342690328 0.4102975741449293
0.9999980097890362 0.0011279135778296961 0.0022041325636522327 0.007141918980205394 -0.001125669516960663 0.9999979156444845 -0.0007091801868247186 0.011678625785330077 -0.002205717023627833 0.0007062750535208419 0.9999970008724973 0.4513506695054558
0.9999976870763523 0.001204816729096598 0.0023113531594376965 0.007570740102461385 -0.0012025728586729833 0.9999979249500809 -0.0007427688627963546 0.012632279134939223 -0.002312791210983959 0.0007391265457940542 0.9999967406528503 0.45519472976229935
0.9999971571692363 0.0012739861075050244 0.002452867705384439 0.008376363217585558 -0.001271429866275782 0.9999977540459799 -0.0007809070473691682 0.013478512232806581 -0.0024545812906433934 0.0007769645671932014 0.9999962063751157 0.47694847288495407
0.9999972303941431 0.0013536144156664535 0.0025762049686560698 0.009149338229788846 -0.0013516814458538124 0.9999981025202592 -0.0008162904636586556 0.014289886132796746 -0.002577459792542804 0.0008116382793104929 0.9999962337818027 0.5030874963541433
0.9999970180771613 0.001432246521424104 0.0027099333370517406 0.009786301909380055 -0.0014303401215409613 0.999998202193381 -0.0008567343509173945 0.015081747180230169 -0.0027110978436789583 0.000851371028767271 0.9999960947012051 0.5297987148148726
0.99999650541455 0.0015027510012928333 0.002839842101186818 0.0103122143035927 -0.0015005321893524768 0.9999979469610313 -0.0008979579734090619 0.015838976520562712 -0.0028411845613811842 0.0008924263378386802 0.9999957074070437 0.5566432063956255
0.9999962844422793 0.0015713823439657947 0.0029652193868468847 0.010808257540489962 -0.0015688457937531731 0.9999979267241761 -0.0009389160115878442 0.01654922011657265 -0.00296680294930842 0.0009330309831457138 0.9999956722570952 0.5835907119032566
0.9999957833125358 0.0016359207594912853 0.0030999582653367147 0.011235115496011475 -0.001633211295675384 0.9999976727960702 -0.0009750988141184079 0.01728805452214135 -0.0031016882455440595 0.0009686619495096412 0.9999952387817755 0.6107042579564977
0.9999955042101893 0.0017000215248660299 0.003233187665712131 0.011607308175295 -0.0016972759842592367 0.9999977611943778 -0.0010223448346436106 0.01804232558735775 -0.0032348179034237053 0.0010151936285656444 0.9999951373806487 0.6367886513138655
0.9999949536320833 0.0017815325079269478 0.003360616992286407 0.011905168262892436 -0.001778535601308312 0.9999974654538256 -0.001060350426964931 0.018815548201322578 -0.0033623942453958784 0.001052480968867839 0.9999946269918337 0.6635997782866742
0.9999946155727429 0.0018684167429630833 0.0034862239468396697 0.0122105527521582 -0.0018653659734490765 0.9999973893803645 -0.0010996449453356814 0.01954856876538153 -0.0034879238750921806 0.0010908427957491268 0.9999944017142292 0.6896315034143431
0.9999932959553296 0.0019399060069666167 0.0036210897422570506 0.012528062403906354 -0.00193605569154018 0.9999966148257 -0.0011409636356766411 0.020274856020092363 -0.003623389848413983 0.0011318990810756983 0.999993409403851 0.7178392510637612
0.9999924486498357 0.001999983441182506 0.0037570738080954518 0.012896437270386352 -0.0019957129951293307 0.9999963430409029 -0.0011731748088397935 0.02102610601620432 -0.0037595629964226967 0.0011636593606214522 0.999992701475583 0.744439222438383
0.999991801901967 0.0020621214924267336 0.003896050658406671 0.013270187958182428 -0.0020574190764190044 0.9999960533042306 -0.0012132084107229135 0.021737095397647906 -0.00389884062345644 0.0012033311894161045 0.9999920728126411 0.7715977893329704
0.9999911161875963 0.0021279570957708485 0.004037306384829115 0.013572827767907414 -0.0021230510715442427 0.9999961002389867 -0.0012600504203499668 0.02246737965895597 -0.00404009228893478 0.0012495667541946639 0.9999915848939035 0.7980798906406474
0.9999906901378349 0.0022114068837758966 0.004158029893200974 0.013844760378336032 -0.002206494903991743 0.9999961234450591 -0.0012909438295258995 0.023207169891598427 -0.004160717287885583 0.0012796285151890371 0.9999912970298148 0.8254256398322503
0.9999900007684774 0.002275222265390147 0.004275560368832517 0.014364075449934382 -0.0022700601142604864 0.9999961816321666 -0.001322018718191745 0.02323749789542326 -0.004278367713054857 0.0013101195633676707 0.9999907086929627 0.8652822097955348
0.9999891740106069 0.002349309404923104 0.0044155057620205145 0.014886603354246741 -0.002343664952857348 0.999995839484816 -0.0013637914920872247 0.024189649404477164 -0.004418623152404463 0.0013515260577396664 0.9999900552345404 0.8689610243173775
0.9999883899905201 0.0024012579717296945 0.004538282926482298 0.01574628384783494 -0.0023951440229338446 0.9999954828526061 -0.0014051468992480644 0.024980864415427472 -0.004541774795927564 0.0013927218949752343 0.9999894567923983 0.8899851571999907
0.9999878657029281 0.00246198203550157 0.004674135561606738 0.016613251299682375 -0.002455511514532585 0.999995277115085 -0.001448775117529854 0.02574558915374915 -0.004677876584981524 0.0014356897019461657 0.9999887789921741 0.9176360245732966
0.999986941464399 0.0025289019592782966 0.004798337244458513 0.017330207896963545 -0.0025219387311799287 0.99999493404062 -0.0014901772141431382 0.026488622473101207 -0.004802364875015392 0.0014768021515434808 0.9999879000874271 0.9437443126794381
0.9999864079271472 0.0025920737349208653 0.004926008640403034 0.01795173417715223 -0.0025848105159543403 0.9999949608105699 -0.001526113195960025 0.027246910516112364 -0.004930100951976733 0.0015119046751199579 0.9999873531383627 0.9711513001433839
0.999986131889074 0.0026751676910313216 0.00505943849460092 0.018452249982640112 -0.002667995322146224 0.9999950379400102 -0.001570327543773772 0.027984749556482422 -0.00506338505599978 0.0015549180423446289 0.9999868668417321 0.9973810181512354
0.9999853855308245 0.0027359356102572233 0.005198339405482307 0.01895528459596174 -0.002728394943905864 0.9999948202254952 -0.0016062821862330113 0.028690562621382396 -0.0052025059235696735 0.0015903139746810053 0.9999861077110145 1.0252951766194696
0.9999846359754541 0.002803225166758661 0.00532996961061599 0.019402715818268478 -0.0027952682161996 0.9999944452519862 -0.0016519409642087423 0.02940808062773379 -0.0053344270707131125 0.0016352936325171007 0.9999853502088184 1.0515805401317164
0.999983944578853 0.0028790814164126443 0.0054645906296804676 0.019805560725633643 -0.0028709527443325777 0.999994422841633 -0.0016822986717099325 0.030127858581051877 -0.0054690781844360685 0.0016646921032704802 0.9999847018064151 1.0786308199089318
0.9999834936852559 0.002948225697868657 0.0055980522683990105 0.02020663190586158 -0.002940109423144983 0.9999947560553789 -0.001721872793930675 0.030881180107519935 -0.0056024106314148175 0.0017029095138599599 0.999984382870207 1.1054951880627009
0.9999828028328706 0.003006997789602253 0.00573319574227784 0.020617219114996792 -0.0029985579746261565 0.999994867696826 -0.0017658118857994008 0.03158319617654605 -0.005737603712783874 0.001745496877930589 0.9999837892849067 1.1323966193450339
0.9999824393227372 0.0030539225109735097 0.005855162712647069 0.021054993334088938 -0.0030454614494921668 0.9999947866846781 -0.0018003018257117206 0.03223858863936389 -0.005859548412864311 0.0017792626679975832 0.9999832677458023 1.159780385622813
0.9999814147399136 0.0031333794586093427 0.005978548874580308 0.02139122496962167 -0.003124721576914634 0.999994718202144 -0.001837513421145342 0.032971108383686255 -0.005983039232784571 0.0018152165845489617 0.9999824785464119 1.1865835457724803
0.9999808310140039 0.003200547173639216 0.006120761869625321 0.021796233242855408 -0.003191635876457555 0.9999949147443146 -0.0018767908402408614 0.033669218559194816 -0.006125348410658726 0.0018535295077711548 0.9999817948703253 1.2139691251967175
0.999980306188604 0.0032740312275691998 0.006245988704854959 0.022179682858997997 -0.003265103361241365 0.9999949679828242 -0.0019151595440642707 0.03439249971365477 -0.006250595810433304 0.0018906913098570026 0.9999813143129292 1.240946405929592
0.9999795226516283 0.0033341494060701244 0.006378121986554092 0.02285037887191535 -0.003324723456989294 0.9999949355685217 -0.0019547817088170806 0.0343753001163164 -0.006382940935369839 0.001929655850023869 0.9999806519100383 1.28173455530978
0.9999782814731264 0.0033967951903462815 0.0065119231487886725 0.023397958043446222 -0.0033866579541688173 0.9999944752279002 -0.0019931946113641943 0.03529940195515769 -0.0065171080661502005 0.0019671351896331313 0.9999795449563569 1.2850906593331406
0.9999771387430211 0.0034606908068915312 0.006635591956417468 0.024274382166170096 -0.003449769529180618 0.9999938284160808 -0.0020304188276976053 0.036086220790938 -0.006641356060147659 0.0020036439437598396 0.9999783081232194 1.3069523336700035
0.9999759034544883 0.0035266097274980926 0.006760365580517593 0.02512458456433388 -0.00351502010766874 0.9999934102403754 -0.0020666417144242096 0.036809606530572 -0.006766533954446005 0.0020388502763594506 0.9999772280820054 1.3338145306726903
0.9999743537183474 0.003594841998978966 0.006892236077035032 0.025883504623731974 -0.0035823365232234734 0.9999926070428041 -0.0021091260410197343 0.037570049836621294 -0.006898928635398415 0.0020807376586904638 0.9999758914403646 1.3597829688991392
0.9999734597154435 0.003657999403686263 0.007023651985863122 0.026556229882544784 -0.003645031957388674 0.9999925449712076 -0.0021454792705661984 0.03829287319646183 -0.007030516183870263 0.0021159170411882266 0.9999750284492828 1.3864944462700017
0.9999725039020471 0.0037398830887934494 0.0071510989445539 0.027057494051685196 -0.003726715385259047 0.9999924075224712 -0.002182869631066507 0.03900245238663064 -0.007158033416543328 0.00215185058801027 0.9999742917519436 1.4139290194220346
0.9999715213354178 0.0037906507351683104 0.00727863691626416 0.027562918661940022 -0.003776683209508506 0.9999920640602147 -0.0022269763327682607 0.039723726199078734 -0.0072859314663525875 0.0021953869911141947 0.9999735221758674 1.4399700454515367
0.9999704965804525 0.0038668687412538 0.007412610997602768 0.028065819786502938 -0.0038526197821383526 0.999991938124232 -0.002262679354354298 0.04044288298710325 -0.00741993925332591 0.0022296124199388413 0.9999725869924155 1.467694016079487
0.9999691254038704 0.003935054402061293 0.007545786847373158 0.028515627456891644 -0.003920087089903494 0.9999913469174271 -0.002303485460720493 0.04118040171399393 -0.007553630016477524 0.0022694295878075235 0.9999715078132415 1.4941228039736645
0.9999679480724879 0.004005031187240527 0.0076653718575251705 0.028902766458811676 -0.003989607967021643 0.9999908804657961 -0.0023361706520206157 0.04188541450715361 -0.007673411529586046 0.0023009689317144665 0.9999704708078118 1.5213160272847552
0.9999668325110221 0.004079619382411117 0.007787478390758539 0.02928450865189667 -0.00406364916200593 0.9999902648900376 -0.002371169013462669 0.0426392387004915 -0.0077958289849438195 0.002334908111763445 0.9999693937281264 1.546831240464599
0.9999655655985028 0.004138647938746934 0.007919255837827458 0.02976763323567966 -0.004121807626730221 0.9999898005883232 -0.0024165275281555713 0.0433213199105824 -0.007928015560872883 0.0023794206962182178 0.9999682602971524 1.574106879107789
0.9999641759122906 0.004199630665638552 0.00804780585482326 0.03020269610712552 -0.004182292350674605 0.9999894567196155 -0.002455919615644846 0.04406109451622361 -0.008056811819020267 0.0024177410359940473 0.9999670281577784 1.6011411517632286
0.9999625679643157 0.004273921738015025 0.008171728259171828 0.030573739332296068 -0.004255865217809606 0.9999888872731127 -0.002489369133889533 0.0447934999754157 -0.008181200024586424 0.0024501342493008916 0.9999657105420406 1.6274024629434944
0.9999613141416643 0.004348367664614737 0.008300878135444723 0.030943302083618056 -0.00432984055417073 0.9999884801592575 -0.0025267845326284216 0.04553462863531962 -0.008310541874240527 0.002486302433019445 0.9999645622870806 1.6542160673568667
0.9999599498845334 0.004420235326629126 0.008427591253288402 0.0316279908066171 -0.004401014857325738 0.9999880654910858 -0.0025687885348711415 0.04551919482556216 -0.00843761342609261 0.00252725098191248 0.9999634046237954 1.6943217564458584
0.9999585850366071 0.004480311129917909 0.008557996104689748 0.03218829076647811 -0.004460462134752915 0.9999879691865432 -0.0025974364703440977 0.04647808504352116 -0.008568353511471827 0.0025545213998220315 0.9999622322774052 1.6975896582101324
0.9999567849267488 0.004552926630312856 0.008702439217161398 0.03317364220161998 -0.004532504329271617 0.9999874218767043 -0.002638492898123414 0.047230015650600456 -0.008713102071928793 0.0025946102898363227 0.9999608301951087 1.7201955695031994
0.9999553817024929 0.004613753653083657 0.00883185452000123 0.03411779964451143 -0.004592570822426299 0.99998685937471 -0.002680564511065471 0.04800648800359541 -0.00884289383494854 0.002635625764201268 0.9999595336480507 1.7459186251190368
0.9999538118688156 0.0046752358572461974 0.008963893554606252 0.034929689548422356 -0.004653160285213668 0.9999860692849503 -0.00271499621549851 0.04875313838806152 -0.00897545977112981 0.0026693549032876167 0.9999580370294054 1.7726175877999482
0.999952377128342 0.004742770909728363 0.009088733264819127 0.03559522666136148 -0.004720054037972738 0.9999855957466455 -0.002752949386879488 0.049490502249618366 -0.00910062493774515 0.002706032696070105 0.9999567555491866 1.7994779485993886
0.9999509564538358 0.004810849647148457 0.009222645710961156 0.03620145139404526 -0.004787305814780491 0.999985163746979 -0.0027944414472587135 0.05017954344675881 -0.009234943460777042 0.0027462439008147967 0.9999556629027964 1.826005903770641
0.9999491577072094 0.004868329414628328 0.009361690426983225 0.03683200485424939 -0.00484398568625138 0.9999846643528782 -0.002833313692061561 0.05089195642604335 -0.009374507073970723 0.002783891053733034 0.9999541529334671 1.8532423037449988
0.9999475095806717 0.004936854674128792 0.009502067164907837 0.037378239301612916 -0.004911684479386471 0.9999843413534045 -0.0028736607616262713 0.05162547046911894 -0.00951532736378373 0.002822798307440346 0.9999526650579708 1.8794004512729172
0.9999463914546635 0.005002355420587726 0.009623350509734556 0.03791440486650001 -0.004976454214866022 0.9999841523876626 -0.0029118676893838034 0.05231378059593936 -0.009636983097995126 0.0028595494203410778 0.9999515222272669 1.905902669157536
0.9999450135027197 0.005074455444325202 0.009753728632061273 0.03836630033777352 -0.005048076572929565 0.9999838118036046 -0.0029480408932124557 0.053037597964578166 -0.009767719134135442 0.0028941126110901437 0.9999500431972553 1.9333511787430098
0.9999435450159344 0.005147486400552591 0.009890809670418414 0.038806069927475165 -0.005120479434664763 0.9999834416396725 -0.002990486719780818 0.05372070215259202 -0.009905045810015771 0.002935035308135563 0.999948700461558 1.9599173729118788
0.9999420330761789 0.005200163533250633 0.01001610426422732 0.03931675972171799 -0.005172226821595856 0.9999830598339569 -0.0030291862630743307 0.05438446955434604 -0.010030928344519746 0.0029726324587144716 0.9999473457019843 1.9862974980216364
0.9999401117588559 0.005243565426172634 0.01014956720945757 0.03988289104131112 -0.005214555074329021 0.9999826657026357 -0.0030665928981171383 0.05509372440867676 -0.01016497638191136 0.003009153538936484 0.9999457169847737 2.0131089442946224
0.9999387721176002 0.005300553521799947 0.010275567731604268 0.04034585160834062 -0.005270643421979932 0.9999823700711639 -0.003106530187489447 0.05576914964413733 -0.010291444134795652 0.0030476175378417536 0.9999444350391734 2.0399957107210165
0.9999372056549897 0.005386744965015968 0.010406950605913762 0.04079761338431721 -0.005356244841777378 0.9999821652299968 -0.0031428375723137406 0.05647137616111181 -0.010422980648127628 0.0030821682983959427 0.9999432107873866 2.0674801381658066
0.9999353651321775 0.005462899287690983 0.01053850475373822 0.0415965110522377 -0.005431317434237145 0.9999813905384785 -0.0031849081480980193 0.05641966662593676 -0.010555259288795348 0.0031229501339482516 0.9999416500887448 2.107313255635949
0.9999340534095079 0.005532243084622294 0.010660844823342718 0.04210795871017462 -0.005500039279782163 0.9999808994219622 -0.003222260096379398 0.0573681227510244 -0.01067804869531211 0.0031588173325440947 0.9999403612035326 2.110555963076812
0.9999321658452749 0.0055819943770150935 0.010795156718475358 0.04313826816778454 -0.005548776937557288 0.999980446801929 -0.0032604012041199046 0.05809748091326669 -0.010812960181629892 0.0031960176442945537 0.9999388065645638 2.1328271287478864
0.9999309315009153 0.005637539495438447 0.010925007700573322 0.04416807828943985 -0.005603727759616842 0.9999803650549083 -0.0033023098101729693 0.05881193146902773 -0.010943012883077927 0.0032363986302657117 0.9999375067077483 2.158957115872004
0.9999292206900521 0.005715453714412042 0.011052342017394488 0.04500865210386982 -0.005680672416414973 0.999979808640779 -0.0033401869603746294 0.05952758516346395 -0.011070840346499496 0.0032725029437527865 0.9999358714056142 2.185701358343209
0.9999273428487899 0.005793279811901464 0.011181973863411344 0.045736690076547105 -0.005757753072343682 0.9999792463658194 -0.003377491697813439 0.06024777826857731 -0.011200904608531992 0.0033083002738523897 0.9999344334057394 2.2129415106728882
0.9999256101214693 0.00586204728421449 0.011301258382551329 0.04637453897908389 -0.005825714445433331 0.9999785333412657 -0.003420050954329846 0.06094926209373294 -0.011320660062989353 0.003349255098645837 0.9999328367544237 2.23791637719448
0.999923820164216 0.0059301551059720535 0.01142431675100367 0.04698243075112521 -0.005893062009955415 0.9999780083822133 -0.003459094183389352 0.061624440248794946 -0.011444111369990285 0.0033866929154360635 0.9999313126424155 2.2652648703957254
0.9999216335714114 0.0060060819627582186 0.011555335378934443 0.047558202586215556 -0.005967646064300029 0.999976823336821 -0.0035013204955645946 0.06230127555839558 -0.011575931002198225 0.0034275477155963604 0.9999292526689728 2.291970250298462
0.9999199682760227 0.006062985344742958 0.011690505179369405 0.04818651945481509 -0.0060236475284994664 0.9999765852855889 -0.0035425400745889954 0.06295088357433525 -0.011711509706234824 0.003466767808701636 0.9999276657230766 2.3178689990359516
0.9999179779066005 0.006136736523365928 0.011822569715440047 0.04874649562773765 -0.006096491084590406 0.9999760004770398 -0.003584105759971398 0.06360229568859076 -0.01184398720731792 0.0035063781697914705 0.999925974690385 2.3455221862414213
0.9999162864751479 0.006203226284311258 0.011951320688190702 0.04927440030995612 -0.006161951292384981 0.999975332171614 -0.003625839275178498 0.06427830475687274 -0.011973225884487121 0.003546511464435618 0.9999241838662064 2.3714816841635113
0.9999146055296514 0.006276824766759424 0.012083733515333778 0.04981874093035909 -0.006234874485689997 0.9999748673045908 -0.003663581689905627 0.06495175913342724 -0.012105951771002883 0.003582379347259755 0.9999227030614458 2.3988043641113292
0.9999124302597086 0.006350684737171685 0.012215536541163061 0.050305870571880476 -0.006307731623562893 0.9999742692357005 -0.003702491222991986 0.06561669274890583 -0.012238256955278743 0.0036198135567533036 0.999920908377557 2.425969686606023
0.9999103882763539 0.006410454594358153 0.012351653575650363 0.050902994471631165 -0.0063665020990745814 0.9999737708544721 -0.003737235181892375 0.06625324282987323 -0.012374806367439607 0.003652552378624974 0.9999189978866502 2.454054656529757
0.9999084805087664 0.006448062034574034 0.012486485150582727 0.05154358398407923 -0.006403069892411769 0.9999732530037435 -0.00378166507714544 0.0669269781460061 -0.012510143966614902 0.0036956010247049882 0.9999171070115002 2.479349003587875
0.9999068583660862 0.006512096534397746 0.012612090200123468 0.05235462815248127 -0.006466312690018817 0.99997295957823 -0.003815551791481741 0.06686218209717658 -0.012636020090516476 0.003727704947476805 0.9999157682631739 2.5198345820274732
0.9999046346982121 0.006581866266196316 0.012742839901785385 0.05286052998189981 -0.0065350107063943405 0.999972143322683 -0.0038500744705900042 0.06775279905030378 -0.012767395718247728 0.003760739936830619 0.9999139876454931 2.5231103218000985
0.999902378953441 0.006620972493404787 0.012890305068504042 0.053971083123040664 -0.006573153523269666 0.9999717440469869 -0.0038890365615191274 0.06849640310505208 -0.012915197592538985 0.003798390502911886 0.9999118990167252 2.5451346096145144
0.9999000784704657 0.006691758126772525 0.013027772517840078 0.054985535571493695 -0.006642949040347501 0.999971125657876 -0.0039302638557682556 0.06925455423617803 -0.013053168375550539 0.0038377124925599118 0.9999100860336286 2.5711065951980103
0.9998979694283061 0.006775051987296419 0.013146932152852515 0.05582070594464534 -0.006725566992065803 0.9999706691222833 -0.003968100828453498 0.06996176582308794 -0.013172685817734146 0.003873464694031296 0.9999085042848461 2.5985500566067463
0.9998958095785231 0.0068486432828485065 0.01327336853974919 0.05658343551496101 -0.006797958498855444 0.9999700196559782 -0.00400882742654152 0.07067179047156762 -0.013299676060181426 0.003912314355861348 0.9999066805926478 2.6253164500921207
0.9998934437699409 0.006929982428509367 0.013396134678856893 0.05723878177279996 -0.006878016646846081 0.9999689537030763 -0.004049328687185255 0.07138712873352569 -0.0134231801446856 0.0039508714149091885 0.9999046504314367 2.6508645210881183
0.9998910974636397 0.006977110238949985 0.013529108409730125 0.05800095584639067 -0.006923726493684837 0.9999684665390478 -0.004091579416743607 0.07203826127962056 -0.013556771960126742 0.003991429031748898 0.9999025789334343 2.678041717608675
0.9998891663071361 0.0070414208155311535 0.01365632954421479 0.05863459383085888 -0.006987399644898589 0.9999681444295008 -0.004121548864906652 0.07274142705081316 -0.01368427493810461 0.004019379391612132 0.9999009736262425 2.704358155468728
0.9998866097186156 0.007095724821380779 0.013789141409485544 0.059290968221867114 -0.0070404302198810295 0.9999671347540541 -0.004160205932297198 0.07338378392324074 -0.013817867406330502 0.004056724950552327 0.9998986430453563 2.7321632268512115
0.9998843625759972 0.007157078251914042 0.013920550077750407 0.059919438383582435 -0.007100527820364859 0.9999664084427419 -0.004204017970280935 0.07404090067645182 -0.013949856150356266 0.004098974587777665 0.9998967680916522 2.7584042974299483
0.9998822100548947 0.007232606115566173 0.014053582511129198 0.06050681459030088 -0.007175039248089179 0.9999659476766456 -0.0042451667057581905 0.07467895883318676 -0.014083310225086819 0.004137592364173117 0.999894743286907 2.7855633367782375
0.9998795815165799 0.007299028746857932 0.014189350972671464 0.06113478983032493 -0.0072400515319511185 0.9999649207749026 -0.004277820163573883 0.07536125406004361 -0.014219879746815158 0.004168755110822757 0.9998923986358044 2.8127273613540034
0.9998769212114861 0.007364187605434941 0.01432655737319026 0.06177059321304705 -0.007304130725093028 0.9999644401406546 -0.004309689419342782 0.0760468273740818 -0.01435754967636909 0.004198498435770311 0.9998903154261799 2.8389869108013164
0.9998746412812272 0.0074040430101158005 0.014465210091104663 0.062440045433179034 -0.0073425411542018875 0.9999639260518752 -0.004363363945548197 0.07662789814977572 -0.01449678564783618 0.004250949562523634 0.9998880978033775 2.8651695730425577
0.9998721533533433 0.0074567742108131545 0.01461006177960132 0.06311367257750167 -0.007393850270995105 0.9999631878389486 -0.004404572121158322 0.07728101983147594 -0.014642395725046551 0.004290629962064836 0.9998858226979026 2.892178941128834
0.9998699298743989 0.007547065164890681 0.014740710301749 0.06396037553268084 -0.007483187214664595 0.9999625252776727 -0.004432391649301723 0.07720695368785359 -0.01477354440696561 0.004315864760336528 0.999884029744571 2.934021538702609
0.999867585014403 0.007628224785491063 0.014866350475115461 0.06444213529208466 -0.007563302130594047 0.9999616357127129 -0.004471151053704594 0.07814224926143531 -0.014899734961992595 0.0043523688381449975 0.9998818270806957 2.937558448434235
0.9998656440169891 0.0076751225734606725 0.015004995155220417 0.06554250519497415 -0.007609443904788451 0.9999615506205838 -0.004520481539272111 0.07886063597792471 -0.015038569603033331 0.0043992117280173115 0.9998797838618895 2.958979255707583
0.9998630659035146 0.007726611888365428 0.015134477458211839 0.06668216581893387 -0.007659725450675696 0.9999608314252045 -0.004555054322515311 0.07954522516558567 -0.015168682522951537 0.004432146472604454 0.9998775655152101 2.984746650274072
0.999860682910583 0.007775350045385355 0.015259001658376181 0.06771774940475532 -0.007707373601702954 0.9999602021798735 -0.00458685350185058 0.08023232437562337 -0.015293840271724273 0.004462195633648341 0.999875357228367 3.0122637475689165
0.9998584692325254 0.007830801592688718 0.015399261518866123 0.06863606507900454 -0.007761834533976017 0.9999601138592731 -0.004619079807235157 0.08085444719594377 -0.01543450266794871 0.004492168585632833 0.999873307590082 3.0389060986241625
0.9998562174983853 0.007896720330797418 0.015519740901259963 0.06940303814526885 -0.007826571947663272 0.99995934058109 -0.004664957922255404 0.08149733060175562 -0.015555541543580305 0.004536038024118735 0.9998712404682619 3.065995007909195
0.9998536538811673 0.007962670967664356 0.01565906861901817 0.07011985645150377 -0.007891365058160684 0.999958784584533 -0.004701246366376072 0.08219126793706023 -0.015695386568546903 0.004570004403486256 0.9998690280842741 3.0923687409901803
0.9998513255395344 0.008028335668011404 0.015781942692012756 0.07089818223823965 -0.007955991866212311 0.9999582406532906 -0.0047339866610046 0.08283941737991832 -0.015818813505865503 0.004600627880510623 0.9998670693121547 3.1197083245785437
0.9998488764513942 0.008080748088798459 0.015910444552760247 0.07160435029089818 -0.008006997004565301 0.9999577609706294 -0.0047744092639837804 0.08348145611711753 -0.015947958687918755 0.004639262100407643 0.9998649692231839 3.146217404209915
0.9998461240531805 0.008139933794357417 0.016049486244561918 0.07231117093018512 -0.008064889564825256 0.9999569228799928 -0.004815458748138094 0.08409970968400529 -0.016087715253461084 0.00467819745638167 0.9998625610401457 3.173728393412271
0.9998435286296034 0.008192658091845708 0.016176992562905397 0.07302348569216773 -0.008116275462876528 0.9999561495206263 -0.004852637705509864 0.08472043686338175 -0.016215850613215788 0.004713473030502619 0.9998602163628619 3.200433985633448
0.9998403743861235 0.00827975142046867 0.01631298704282946 0.07366550729929762 -0.008201705579586048 0.9999547747501376 -0.004893527522948915 0.08537315381972142 -0.016352877119544487 0.0047525049150359934 0.9998575794866131 3.226864849450514
0.9998378536066198 0.008337839743648549 0.01643801974172047 0.07434055526514055 -0.008258399019501837 0.9999541293068457 -0.00493028696350786 0.08601191273937951 -0.016478569594953123 0.004787053833173777 0.9998553598556995 3.2530877681146344
0.9998351753031134 0.008396570558335599 0.01657107307767871 0.0750243080294928 -0.008316032158479201 0.9999532574642651 -0.004962410308783793 0.08665150993489507 -0.016612194751017512 0.004817023419370647 0.9998528949692473 3.279790196185505
0.9998324314553894 0.008446273741197306 0.016711469478359216 0.07573941802460787 -0.008364087396478221 0.9999524986789801 -0.0050106665115388195 0.0872478606856627 -0.016753284467119208 0.004863082077491034 0.9998502692885923 3.3069381479129465
0.9998293028517197 0.008518395594675453 0.016855056490776732 0.07679135295352658 -0.00843491726432979 0.9999517527941856 -0.0050410752200287815 0.08713055836115031 -0.01689752431589164 0.004891143290644112 0.9998478363902056 3.347274271982052
0.9998266475681361 0.008586858888264765 0.016970875526196885 0.0772604224894383 -0.008502127501882159 0.9999508856216069 -0.005076890880475477 0.08808592181212387 -0.01701403549614271 0.004924769557961127 0.9998454651332147 3.3492319991657027
0.9998238138290076 0.008671548486134299 0.017094912971918813 0.07830772278439573 -0.008585295069328615 0.9999497765705676 -0.005120414676096556 0.08883794395902435 -0.017139002668772958 0.004965920725980597 0.9998430794249498 3.370529792035241
0.9998211121135041 0.008755675465080697 0.01722431332329921 0.07941110778395989 -0.008668404188938592 0.9999491169654443 -0.0051573204545765925 0.08956159752072673 -0.0172688935426606 0.0049998003980311866 0.9998409166285486 3.396730421790819
0.9998188814539989 0.008805884551384655 0.017362930577033676 0.08052109355010993 -0.008717610231594442 0.9999488839228772 -0.0051896682573049765 0.09022918235954089 -0.017407861161318053 0.005029963541495498 0.9998387196903552 3.4238497376681836
0.9998161946431283 0.008880996760012987 0.017479509776709475 0.081432898733372 -0.00879123634641793 0.9999479296101049 -0.005226359028854745 0.09089184580086704 -0.01752530901347795 0.0050644229741829885 0.9998365050229845 3.4499050769671937
0.9998131904788919 0.008968343616589084 0.017607027108762184 0.08220789996872743 -0.008876959957005938 0.9999468812995924 -0.0052826458039982645 0.09146798043539943 -0.017653696813777205 0.005118153313277464 0.9998339818697257 3.476971967636434
0.999810404883234 0.009037317889194362 0.01771647129647254 0.0829368263118452 -0.008944322118366 0.9999458646104344 -0.005339317700922064 0.09206795508664557 -0.017764082084343692 0.005172553995769322 0.9998313978302293 3.5022230937910033
0.9998080100311219 0.00909000183039132 0.01781804691732607 0.08369431974064886 -0.008995480282351162 0.9999449428894962 -0.005392648848490396 0.09254891490323992 -0.01786640316855763 0.005224046930678156 0.9998290750624114 3.530173163534332
0.9998037275089628 0.00916437836069986 0.018020386647701062 0.08461792946722624 -0.009066918593328973 0.9999437212279763 -0.005500120773925294 0.0929608367210239 -0.01807008860448991 0.00532832303506988 0.9998247709802713 3.556966528043321
0.9998002702570797 0.009229183095764136 0.018179156062012525 0.08545116082007434 -0.009128709446991106 0.9999421580020662 -0.005616987779255887 0.09331961901916613 -0.018230373386958133 0.005442949256692988 0.9998212076894389 3.58452177006704
0.9998004169335808 0.009178778048442941 0.018203291767256834 0.08570274621959595 -0.009065511019795712 0.9999386984376238 -0.006314511514024127 0.09256087382450891 -0.018260514805512974 0.006141199463478118 0.9998168549694509 3.6074370916317497
0.9998036925738217 0.00919474212771672 0.01804839403225714 0.085487906301858 -0.0090554444824433 0.9999284784595921 -0.007816244763253287 0.0907348245110456 -0.01811880404493055 0.007643819714190167 0.999809366573567 3.6361972940813065
0.9998005000509035 0.009267155163289485 0.018188322524282506 0.08618133610184744 -0.009121618684801117 0.9999256210339784 -0.0081054655511577 0.09073152728207168 -0.018261895352927333 0.007930228490044555 0.9998045817194102 3.6638974661647428
0.9997966319039043 0.009351032995105474 0.018364854906787766 0.08710521640269496 -0.009201533145277899 0.9999240308029571 -0.008256418036183535 0.09024973990504241 -0.01844027884937023 0.00807767169692805 0.9998002669113458 3.7185391274132185
0.9997952876434854 0.009394688656218387 0.018409305128664576 0.0878231536146512 -0.009246078781376172 0.9999241504515876 -0.008177551187879148 0.09019606075105593 -0.01848446989640564 0.00799763994427269 0.9997999818675273 3.7811143062495955
0.9997933698863952 0.009427973027140164 0.01850948799721939 0.08931552648148319 -0.009278309413958033 0.9999239287024669 -0.008212751679633968 0.08941263545471403 -0.018584973591341074 0.00803094729908168 0.9997979688338103 3.84902999100144
0.9997908626649695 0.009481832677510097 0.018617525146857945 0.09051493739522244 -0.009330433034044926 0.9999231653784788 -0.008261557760041319 0.08896709091859235 -0.01869382811952475 0.008077548159348705 0.9997955682707994 3.907578293516216
0.9997863306711265 0.009605668164669328 0.018804201583312558 0.09198301469278151 -0.009450166670881834 0.9999209890515015 -0.0084042963266739 0.08761466530567744 -0.018882824328195776 0.008216189131121227 0.9997909139546192 3.9962719882689726
0.9997826558115567 0.009707393672455402 0.01893801456723553 0.09297183667970664 -0.009547993050113175 0.999918692209025 -0.00853877812209099 0.08713589410265532 -0.0190189679827312 0.00834762091975967 0.9997871487216217 4.048700521356165
0.9997814551934571 0.009786095270784072 0.018961120325065247 0.0936038197168591 -0.009622965963363192 0.999916410471803 -0.008721958322571825 0.08482569182320732 -0.0190444454972847 0.008529226424524004 0.9997852673685266 4.163329022368546
0.9997790183802002 0.009906599081597252 0.019052728083403088 0.09429126634585452 -0.009740408405474596 0.9999142388462376 -0.00885546281230083 0.08225062210006202 -0.019138068935540545 0.008659392950392246 0.9997824857241352 4.2913801413736845
0.9997755019086961 0.010004441306482691 0.01918635230540762 0.0946611610106626 -0.00983475198503668 0.9999122199507947 -0.008965901416003926 0.08111010928002511 -0.019273752279671846 0.008766700946369554 0.9997789024874524 4.358145464479097
0.9997720062126644 0.010173759365398997 0.01928638854570523 0.09557348931851374 -0.010000602749353969 0.9999095992076465 -0.009103115425336926 0.07826797798598362 -0.019376641308983155 0.008899447184531268 0.9997759919050944 4.506828498775507
0.9997710936818814 0.010314293672276799 0.019256596583545373 0.09612496816061451 -0.010140002214303827 0.9999074091830198 -0.009184356969563599 0.07520056732308501 -0.019348708547956145 0.00897806565817879 0.9997757679601881 4.670981962689558
0.9997686139651538 0.010450463899511887 0.01931859786619724 0.0957751177084802 -0.010274150529399442 0.999905455609767 -0.009248733204696567 0.07376153233219077 -0.01941269993880332 0.009039127353847404 0.9997739233761983 4.752761340349357
0.9997644519881794 0.010685278518839186 0.019406889425014638 0.09732109092066805 -0.010506116532382589 0.9999021867140664 -0.009357467802232525 0.07054456615951014 -0.019504280531041834 0.009142320466765911 0.9997713317072471 4.942213789269029
0.9997612335575596 0.010923290554309803 0.019441651378222628 0.09865959804131252 -0.010739994906479377 0.9998978130681541 -0.00956225018934526 0.06656401313406285 -0.019543279128192596 0.009342270932244427 0.9997687421094277 5.142218905558282
0.9997586366704535 0.011056514198313837 0.019494105026482154 0.09795257376932519 -0.010869697522978247 0.9998946561523882 -0.009708607731719663 0.06440074288372057 -0.019598750978535306 0.00948595482740191 0.9997662043530827 5.243852149052673
0.9997606141994014 0.011112530775874364 0.019367027597107043 0.0996597107561661 -0.010925846667785477 0.9998937489334686 -0.00976382099053836 0.060298507377078064 -0.019472822851916333 0.009541372606878512 0.9997680867791815 5.4771998266700415
0.9997611525917834 0.011262978946393581 0.019271497929266482 0.10114426601707018 -0.011074244071777144 0.9998907049418008 -0.009921955897550289 0.055478243928353196 -0.019380292158781395 0.009697491717901418 0.9997686327174086 5.721686923931159
0.9997586813908752 0.011415792524035481 0.01929796519821771 0.09997880827335352 -0.011223131090738235 0.9998870343354848 -0.01010112422024965 0.05271029948389934 -0.019410397511954315 0.009873724116511872 0.999766226746742 5.842570625680245
0.9997597661941663 0.011484027745225682 0.019198254691117158 0.10432269056694483 -0.011291237714915959 0.9998855967878747 -0.010155913124403693 0.04816216164153526 -0.01931207885767528 0.009928285348371249 0.9997674193721431 6.1153640264420694
0.9997556967972338 0.011993141193958634 0.01911808169817521 0.10728253932362047 -0.01179922058492363 0.9998789280234084 -0.010271658098365376 0.044303625022471725 -0.019238102064299233 0.010034907139741252 0.9997680225291615 6.394495287429879
0.999752037969359 0.012308983407863792 0.019136216891457874 0.1070250725806952 -0.012107198599969145 0.9998713096429005 -0.010695433803797347 0.04108099869068949 -0.019264146916780325 0.010451785550985178 0.9997635639694816 6.538066027685217
0.9997492386694833 0.01259895193799693 0.019080038825933395 0.1098839721350507 -0.012387439963264338 0.9998617816085754 -0.011218238192028641 0.034421216186834545 -0.01921784331258939 0.010969977933233392 0.9997586933486716 6.833713523916871
0.9997382702154853 0.013475935990285081 0.019044185314209736 0.11131196932437366 -0.013262840960182395 0.9998493017136068 -0.011310298083584473 0.030117647155773822 -0.01919319757596913 0.011045780325917465 0.9997579876789643 7.1599477368378786
0.9997337024148784 0.013700949879251804 0.019137302012461582 0.11107291596240544 -0.013485983246472507 0.9998458798812931 -0.011361902056032314 0.027883673052220285 -0.019289354802234066 0.011091744539007539 0.9997557498666011 7.316832584593746
0.9997304628133284 0.013753428977809713 0.019237868952416557 0.1148788156137159 -0.013532800306283406 0.9998421971783038 -0.01156621341279856 0.021602211434552307 -0.01939362217694009 0.011294239551306892 0.9997510278184342 7.6459939251227445
0.9997239230432009 0.014005568663039997 0.019397481935086554 0.1176140361110104 -0.013781839363436469 0.9998379316463553 -0.011643835626832966 0.01617536262952346 -0.019556961442640665 0.011364757572991295 0.9997470591198931 7.98102152545605
0.9997230799794847 0.01383189151113823 0.019566425226268457 0.11769260284409158 -0.013603148377066594 0.9998383850668179 -0.011800859726153648 0.01336105385907873 -0.019725975035448328 0.011523055292322545 0.9997420730299629 8.143046244444054
0.9997158367767072 0.013781292135690714 0.019950964823062457 0.12274728246513453 -0.01354407140547772 0.9998365182185847 -0.011980792484086412 0.006603618803555563 -0.02011263916898325 0.011699098831746756 0.9997319478403291 8.497435630902155
0.9997084523596478 0.013899368074110763 0.020221538318843952 0.12666376476994232 -0.013656417896102615 0.9998334500888276 -0.012099643353839744 7.917653973374232e-05 -0.02038624540052852 0.011811953050174436 0.9997248267752111 8.865577625639933
0.9997029985661273 0.014124786867681002 0.020336268635288438 0.12688413595455766 -0.013882189285969949 0.999831200780843 -0.012015824971043027 -0.0022148043761005725 -0.02050244447992629 0.011722018349872868 0.9997235199214479 9.061218505077727
0.9996907349167247 0.014611991697331694 0.020600871035416 0.13096513449522937 -0.014380587591080232 0.9998323643737944 -0.01134395091168562 -0.005793654029223262 -0.020762943809733415 0.011036163828011068 0.999726147953289 9.456780642038115
0.9996792402654627 0.015048219868447217 0.020831749078029628 0.13560989789580774 -0.014808095649187461 0.9998224944143838 -0.011629418743208867 -0.013508571893394095 -0.021003058633035754 0.01130936969820065 0.9997177957279404 9.867095765747974
0.9996764186876931 0.015049131582606956 0.02096366762742932 0.13699991575759998 -0.014807544435809322 0.9998226330710008 -0.011617932724418835 -0.01639209997190188 -0.021134906564455925 0.011295907606271374 0.9997152996306945 10.083552070288354
0.9996661620919722 0.015543830577063572 0.021097915890564575 0.1415412666127595 -0.01531945570500858 0.9998245359724677 -0.010740231799324406 -0.02015897557825621 -0.02126137097797476 0.010405715333436922 0.9997223199681226 10.525013365129801
0.9996607822491324 0.015708385212009107 0.02124301167483417 0.15166067552638646 -0.015491120595518054 0.9998264117521525 -0.010343317588908134 -0.025010511797022843 -0.021401839616511154 0.010002888064753359 0.9997235189998405 10.998541758551774
0.9996565831739247 0.015895971329245407 0.02129627091348189 0.15441196489749082 -0.015677389548573284 0.9998231750659993 -0.010377137582754397 -0.02799168573180546 -0.02145757391185429 0.01003180945280071 0.9997221568959157 11.244535335397215
0.9996329199687569 0.017298141146003285 0.02129768271469885 0.16063543905658798 -0.017065101421189964 0.9997929514896323 -0.011048349477246935 -0.037179101281856065 -0.021484938013456505 0.010673263197752634 0.999714449375918 11.725756140201096
0.9996332236048968 0.017470494366046987 0.021148896703986102 0.16847749522969027 -0.01722026712060777 0.999780152348644 -0.011929253000872197 -0.04807497147169007 -0.021353104993547894 0.01155316640520653 0.9997074134166029 12.20992775026048
0.9996400554341144 0.017204490913725945 0.02104572265176817 0.1704719472914981 -0.016951690760582314 0.9997826636072987 -0.012106764696866642 -0.052126375233225906 -0.02124988109520527 0.011737959149307873 0.9997073599758056 12.438004294632618
0.9996677790860198 0.01632668338088847 0.02041381112356364 0.17959695850759577 -0.016016837960562344 0.9997554528528912 -0.015212172525942345 -0.06756755408969367 -0.020657832565123064 0.014873016784105695 0.9996779515639894 12.948345064213738
0.9996854680727189 0.01593771687434752 0.019870807270633055 0.18889211999194405 -0.015556476688818622 0.9996952924842688 -0.01915589962506551 -0.08721679427489556 -0.020170323362046154 0.01883310694162814 0.999621423706247 13.44342806810819
0.9996944672575687 0.01530629886657791 0.019901155394905654 0.19159485838848286 -0.014909366380673214 0.9996902265036723 -0.01988903900682091 -0.09460289015788265 -0.02019978598076319 0.019579069229016307 0.9996061803094282 13.70087932822271
0.99970973578331 0.014160437828524466 0.019968700688302015 0.19851399634100866 -0.013744281185657563 0.9996886530473158 -0.020757047698645042 -0.10828423467255122 -0.020256952634228154 0.02046957815170771 0.9995869745790895 14.18150403890513
0.9997162043625795 0.013382849950420921 0.020190981043199302 0.20676618279883177 -0.0129451800044058 0.9996815071236596 -0.021595763930259488 -0.12380382812047991 -0.020474091891244044 0.0213212079540955 0.9995649442472828 14.714801579112002
0.9997276166080825 0.012403922043968443 0.02025429174669163 0.20925556873734724 -0.011961734473348277 0.9996903794414933 -0.02175805906671606 -0.13096602095752707 -0.020518347486722103 0.021502773687546495 0.9995601600374701 15.015491600078239
0.9997687045438731 0.008120514500424426 0.020401629180373415 0.21889947861914796 -0.007691801178868695 0.9997494807757578 -0.02095668176025059 -0.14261664081979966 -0.020567290240034737 0.020787998515256634 0.9995742553270884 15.608434478940469
0.9997910703716597 0.0044082185340244984 0.020447346259677517 0.22769338479419607 -0.003994510915777 0.99978695522107 -0.02018501293706426 -0.15461408132646026 -0.020532652376193016 0.020091865844647238 0.9995893763477105 16.224170793852338
0.999793033420123 0.003246362101327381 0.020549259187219598 0.23010479744073462 -0.0028327367431396455 0.9997928256716828 -0.020079753084984567 -0.16095568440435326 -0.02061089376024525 0.020010136795862228 0.999589356769144 16.53646277184645
0.9997937415213737 -0.00134675861346583 0.02073853995614767 0.2422005970853234 0.001775775289773939 0.9997838281895011 -0.02064291554788042 -0.17549298063338525 -0.020706987263903392 0.02066823815119991 0.9995739180814773 17.165707685478644
0.9997926217010786 -0.0032283486419162825 0.02059047954607953 0.2518350454170671 0.0036607997680547823 0.999772245148591 -0.020967056789774837 -0.19049569415775464 -0.02051888296761807 0.02103076354193005 0.9995702982104153 17.789866685299256
0.9997911665633652 -0.0039893845400729554 0.020539017906531586 0.2595727536715693 0.0044192411931447025 0.999770780840292 -0.020904604383995187 -0.19850768075140404 -0.020451592421025577 0.02098354463815399 0.9995729064047927 18.1294514385624
0.999766890284455 -0.007517532275662678 0.02070965022746465 0.2731652519656627 0.007945362906581302 0.999754713278419 -0.020608236371378867 -0.2118875012973213 -0.020550094642991353 0.020760192748587872 0.9995752383996774 18.764100286756946
0.9997473020389543 -0.009051909444676183 0.021011856289164747 0.2857224169994696 0.009488123248374367 0.9997392541065067 -0.02068214303293699 -0.22704450932608003 -0.020819648278559446 0.02086855384231984 0.9995672153909005 19.386226484370592
0.9997425717990166 -0.009601531602864023 0.020994198793323836 0.2897053497303588 0.010033514293478138 0.9997377966828717 -0.020490983356959116 -0.23350764118615672 -0.020792555475043054 0.020688573511447025 0.9995715404555068 19.6912577204181
0.9997127897574637 -0.01242178380895726 0.020921136241345912 0.30082668122892214 0.012830243559288383 0.9997266371057427 -0.01942521012308413 -0.24598139666058658 -0.020674511124842615 0.01968000191792151 0.9995942592192124 20.30018619971348
0.9996706638330738 -0.014473053080654316 0.021573469380753555 0.31224266981505305 0.014894363356608663 0.9996978191480703 -0.019396844626277606 -0.2597018001138788 -0.02128656451992884 0.01970365115887206 0.9995808589108499 20.876355146743016
0.9996459169291974 -0.015578440012484866 0.021950685140286818 0.3167695409734436 0.01600227878032563 0.9996851601378601 -0.019161323092864394 -0.2649469668775764 -0.021645638057062707 0.01949765055830632 0.9995772860670689 21.163532775547576
0.9996350735462866 -0.015925981225978086 0.022169826283484073 0.32960157300543563 0.016335595615286993 0.9996959553274954 -0.018291938768556865 -0.2783153308485361 -0.02187249457925231 0.018639273287806752 0.999588536194995 21.857569462401134
0.9996326269005748 -0.015651381583142415 0.02248315034396627 0.34316793355678404 0.016053194790836604 0.9997116792429036 -0.017681393772883088 -0.2920872176503816 -0.02220064799657903 0.01802766585475335 0.9995926354474752 22.57601956525387
0.9996283679316212 -0.015637751132966313 0.022692905377066516 0.34898505750857156 0.016039314697759318 0.9997151331864391 -0.017512047399503485 -0.2989773735175217 -0.022413196607692396 0.017861263737924075 0.9995909116473543 22.930695044569493
0.9996193980150563 -0.016041472964302403 0.02283089923673687 0.36449265186865587 0.016425312529534393 0.9997244185310148 -0.016628201919795013 -0.3126988931382064 -0.022558347877817263 0.01698842929926504 0.9996030175513309 23.68162298106662
0.9996124292436805 -0.01633416893586459 0.022946557011793208 0.3807386452357555 0.016718959262539787 0.9997204724271178 -0.016596993275850222 -0.3284950884110858 -0.02266922424494352 0.0169652942623058 0.9996010140631555 24.4304373663811
0.9996060674199281 -0.016214435405725616 0.023295461861494563 0.3873651395620113 0.01660960619395877 0.9997189218387625 -0.01677905609260802 -0.3370075036582165 -0.02301724608658472 0.017150782618808025 0.9995897449106127 24.79603556715729
0.9995968677537858 -0.016057016598566485 0.02378957347004826 0.4052429823926008 0.016468444583794227 0.9997156284046095 -0.017115231343022657 -0.3547162198483666 -0.023508271110718605 0.017491432994277526 0.9995722315955473 25.543371526888567
0.9996068869626938 -0.015159075511360795 0.023944104007755315 0.42084707753220435 0.015580521492588944 0.9997245346424428 -0.0174215166073672 -0.3715447529678165 -0.02367376539750751 0.017779398065892002 0.9995630734811374 26.311898693573326
0.9996004738714376 -0.015246456806944723 0.024166920057680542 0.4284169116250914 0.015671050115905683 0.9997238402491846 -0.01740096971158842 -0.37908592737719476 -0.023895054158711584 0.017764052029264784 0.999558213219819 26.685747572366992
0.9995895663924973 -0.015663076392029997 0.024360274347684552 0.45010543109928475 0.01607859247966069 0.9997263458958238 -0.01688618984124087 -0.3920566191705725 -0.02408908853312272 0.017262309211248328 0.9995623764467628 27.442670700375764
0.9995912674719939 -0.01547567805747976 0.024425603588221743 0.46985794083989174 0.01590314202936649 0.9997214535533522 -0.017335859545929606 -0.4088096734272314 -0.024150441383170008 0.017708573864712366 0.9995531915670521 28.201894197509922
0.9995963077979754 -0.014959683115949975 0.024531067245288227 0.47862877149600824 0.015403940929735327 0.9997183120590798 -0.01795094635170624 -0.4195468659957441 -0.024255702087861836 0.0183130518109866 0.9995397132434886 28.595615686328884
0.9996101938188248 -0.014334527654361138 0.024325706735780928 0.49703189882320375 0.014817492380239593 0.9996939650235346 -0.019710150919871924 -0.44124565542797484 -0.0240361808033309 0.020054472036477144 0.9995114444687585 29.34458397687854
0.9996239715542365 -0.013832942639634473 0.02407523038112482 0.5137562447676305 0.014329179185498428 0.9996855521818185 -0.02049756175301356 -0.4621273331788365 -0.023784020458121762 0.020826151287363245 0.9995020193438829 30.126774684809046
0.9996284635805006 -0.013488766844959863 0.024091648560887306 0.5204757262212018 0.0139852854524858 0.9996901883252778 -0.020506176667072707 -0.4709796198891515 -0.023807398877597884 0.020826513787158715 0.9995014472815658 30.52415758834048
0.9996517376584039 -0.012270273965526693 0.02377635020119957 0.5348246729827658 0.012750484688897338 0.9997151678966076 -0.020092122026470673 -0.4878422551382535 -0.02352291452868527 0.02037970739524846 0.9995174190265579 31.34090775892829
0.9996737035521296 -0.0109488451928289 0.023496880756824885 0.5498188409096887 0.011428988455762021 0.9997263098229473 -0.020334313010626867 -0.5066584886001073 -0.023267655052655562 0.02058780777900865 0.9995192004010719 32.14618011744516
0.9996792758750548 -0.010445936565779924 0.023509921475118295 0.5570313770483701 0.010927943865589955 0.9997304846308859 -0.02042266858387435 -0.5163999768062215 -0.0232896932776954 0.02066411937779108 0.9995173355792863 32.54806859973474
0.999712054151082 -0.008175201690246736 0.02301353211207064 0.570471904262783 0.00861949337575768 0.999777046056993 -0.019220590587335724 -0.5325196580478008 -0.02285062819483708 0.019404228414400287 0.9995529656909041 33.37213836680376
0.9997466064521146 -0.0058381320894903485 0.022199727634199824 0.5853708496311208 0.006193803095488301 0.9998525438144968 -0.015934255662475638 -0.5459278157141457 -0.022102560635421927 0.016058283098997424 0.999628604865761 34.226180233344635
0.999758598599939 -0.004870752882225169 0.021871220206929404 0.591951878971033 0.005203425428377136 0.9998705492184118 -0.015099134007693369 -0.5510122159451362 -0.021794472140288443 0.015200371290890137 0.9996483695173344 34.65777818954786
0.999773231897303 -0.0032172630990887113 0.021513861688545362 0.6066334190511703 0.003500684683454655 0.9999064819050738 -0.013073139282656064 -0.5632250568318362 -0.02146943469793599 0.013136596636662647 0.9996846253202806 35.54873916251455
0.9997806322444444 -0.001648528883549228 0.021342621522516366 0.6221423304967412 0.001904162349895708 0.9999256598267234 -0.011878514676048528 -0.5745948966951591 -0.02132115695255404 0.011907783362009056 0.9997030877397252 36.42929576603977
0.9997832938367781 0.0003029493708585936 0.021278913945232115 0.6284994975436192 -4.589480875522455e-05 0.999926154696052 -0.011988386598305274 -0.5805639248637878 -0.021280869748414713 0.011976459661652014 0.9997028451238915 36.88676597665638
0.9997827693846959 0.003994502206891148 0.02092622411753829 0.642832087351987 -0.003742001192992325 0.9999192729113338 -0.012000364957285918 -0.5933418922636208 -0.020972268785338907 0.011910845159649554 0.9997102085568348 37.772536803538486
0.9997770626157428 0.004551205447334505 0.021098542061522077 0.6631861597747298 -0.004301287674575175 0.9999195834973735 -0.01179065057651036 -0.6060557864058673 -0.021150152390631793 0.011688312785253313 0.9997092364673641 38.683116880004484
0.9997698668280768 0.005371867937605676 0.021242483738297905 0.6722848082421333 -0.005112358105032477 0.9999111529693202 -0.012164132427142496 -0.613884194062211 -0.02130554404679408 0.012043949739216905 0.9997016778547969 39.13977045275754
0.9997455396443428 0.008364990881802783 0.02143090422477416 0.6889759467218733 -0.00807889248242411 0.9998768927168831 -0.01331263338331711 -0.6312292828114969 -0.021539134149445898 0.013127400889457248 0.9996832920652164 40.04410005138956
0.9997406261866456 0.008738260361452876 0.02151954908625436 0.7129302494954614 -0.008406948250273674 0.9998451593869115 -0.01534473032895906 -0.6544703094599611 -0.021649644156511175 0.015150952835045412 0.9996523206947154 40.93261354299357
0.999739888870432 0.008663760599654574 0.021612062097657515 0.7235335219688663 -0.008312064601618065 0.9998322206491381 -0.01622844945141027 -0.6676421979017509 -0.021748075266425325 0.016035457358772848 0.999636771720902 41.38747749623371
0.9997084773691932 0.011541047715129732 0.02172978257165866 0.7417726585536216 -0.011141186452212884 0.9997681873953626 -0.01835382237329568 -0.6929937871170502 -0.021935062141574767 0.018097230098131092 0.9995981912559151 42.30439141076576
0.9996809805133036 0.013216288203441194 0.02203511291471533 0.7618045579571697 -0.012791604668285049 0.9997322116844017 -0.01921756111176354 -0.7172945476985887 -0.022281860126030912 0.01892060066815401 0.9995749871270849 43.23089554759852
0.9996714885870165 0.013601142189058018 0.022234862007766906 0.7713593129564069 -0.013168126563618307 0.9997230513593054 -0.019428174063538924 -0.7302053111219721 -0.02249151022059507 0.01911999129981535 0.9995664174175131 43.69805064781098
0.9996419836171663 0.015406227540610972 0.022386444259214197 0.7901002427790687 -0.01495792541608148 0.9996868959565259 -0.019977491939595367 -0.7542504172795395 -0.02268594332392899 0.01962657873762905 0.9995521351583737 44.65611488283282
0.9996232538530274 0.016219362043702043 0.022646863031582618 0.8138479850252148 -0.015750127264196376 0.9996606958779094 -0.02066874757967617 -0.7816347688900775 -0.02297306184691968 0.020295263481969188 0.9995322547113239 45.61504323234164
