1.0 0.0 0.0 0.0 0.0 1.0 0.0 0.0 0.0 0.0 1.0 0.0
1.0 4.094839096069336e-05 9.688735008239746e-05 0.0009225700050592422 -4.094839096069336e-05 1.0 7.450580596923828e-06 -5.139713175594807e-05 -9.688735008239746e-05 -7.4803829193115234e-06 1.0 0.041949689388275146
1.0000003478620005 6.958518348287868e-05 0.0001855208151209098 0.0017955781243763208 -6.95890982242986e-05 0.99999993897368 4.061693607226857e-05 0.0009003236209665644 -0.00018557888191939043 -4.089156072684119e-05 0.9999999911645459 0.047947613149490954
1.0000004465382883 0.00010928048635867 0.0002813358306148781 0.0028123267527028397 -0.00010937909374864112 0.9999999359037611 4.8180055433509775e-05 0.0017165437418572424 -0.00028133213811200433 -4.846871741441413e-05 0.9999999134692196 0.07314918926582008
1.0000004185750901 0.00014862042095018828 0.0003654079437527679 0.0038137117123617495 -0.00014875201114582137 1.0000000509537594 4.533964497404795e-05 0.0024689251933951743 -0.0003654323764541236 -4.549955855487079e-05 1.00000000916347 0.10124322224490485
1.0000002564286423 0.0001929377193978151 0.00046497700932243317 0.004641930923814516 -0.00019307255945655177 1.0000001637209393 4.20167704433843e-05 0.0032718637042099836 -0.00046491046957203384 -4.220770068419893e-05 0.9999998537187539 0.12982498332892878
1.0000000236892763 0.000236972126223883 0.0005627044442326856 0.005379259883072026 -0.00023706486593359284 1.0000000347950753 7.099556747317803e-05 0.004160502266943515 -0.0005626303306119932 -7.10768178024079e-05 0.9999998070629343 0.15898319741716138
0.9999995462209276 0.00028002536904323894 0.0006514304270371354 0.006003926974625588 -0.0002798076209217751 0.9999995463608685 9.067384511312887e-05 0.005009275198680156 -0.0006516763804012637 -9.065133293745577e-05 0.999999398117554 0.1870507953862237
0.999999126538147 0.00033513743178473183 0.0007230122209739335 0.006489494597086639 -0.000334888678546574 0.9999994723968916 7.882229300941842e-05 0.005783047824709299 -0.0007232562900387903 -7.90047344869922e-05 0.9999992929351184 0.2143011710834288
0.9999985634195103 0.00036261868909291217 0.0008294940654042423 0.007105193852737662 -0.0003620468346610411 0.9999992251711004 7.404804727228608e-05 0.00653402944635307 -0.0008300056435036272 -7.401780247897729e-05 0.999998977876073 0.24210986433274784
0.9999982396794403 0.00041409680046399633 0.0009096709972297805 0.007564816847990246 -0.0004130742497277013 0.9999988471045399 9.869531318839962e-05 0.007406904335505683 -0.000910557264185987 -9.828978331750234e-05 0.9999987306957365 0.2705921442948359
0.9999978606146881 0.0004377990300861369 0.0009879110810752916 0.008090466360238937 -0.00043647666435653115 0.999998596686891 0.0001212233064439581 0.008218300286068228 -0.0009889943063072374 -0.00012060346956391047 0.9999984188261144 0.29933859594618767
0.9999981030134363 0.000495169490050362 0.0010791648857419451 0.008540893729826459 -0.000494036071971998 0.9999986909856365 0.00011969335463827063 0.0090253002519515 -0.0010801230772368778 -0.00011958734011119851 0.9999982691508873 0.3265762871952241
0.9999979251708638 0.0005361752583301217 0.0011698243967138992 0.00905606368994236 -0.0005350548463916921 0.99999855128521 0.00012170492354061624 0.00983251519663593 -0.0011708660234187205 -0.00012156876713996554 0.9999981709824568 0.35415975495205365
0.9999978126603739 0.0005739464305631895 0.0012487192097205778 0.009574176219425745 -0.0005728537337117735 0.9999985291833785 0.00013701088859862956 0.010648499349819103 -0.0012497182302217695 -0.00013708039042888278 0.9999980767507833 0.3818232218641198
0.9999981734352615 0.0006098537903556459 0.0013251938320974583 0.01006857269808345 -0.0006088954269924085 0.999998627334379 0.00014024534786687235 0.011453193015125915 -0.0013260970923646873 -0.00014067175594275358 0.9999980999410577 0.40995009524704734
0.9999982566213096 0.0006422277928202566 0.0014275448416765026 0.01059899979770241 -0.0006414539913354152 0.9999988437829227 0.0001560974845402945 0.012270484584860051 -0.0014282549975206203 -0.0001567185652757739 0.9999982004061369 0.438017637708116
0.9999988189791029 0.0006835218782482888 0.001516212255366079 0.011521161794273867 -0.0006831914419689429 0.9999992927931276 0.00016405748328273182 0.012217239464522947 -0.0015165834048717667 -0.0001653010843969369 0.9999984301451619 0.4800993053010872
0.9999991582953092 0.0007049768138266837 0.0015972461968510455 0.01235484205893537 -0.000704781918101198 0.9999992778400719 0.00016570089285135038 0.013069094956202724 -0.0015975533441648466 -0.00016712176328252247 0.9999985453899976 0.48516596850187377
0.9999989934589028 0.0007422029556572706 0.001683922957621062 0.013396509159608518 -0.0007419895698279324 0.9999990104109372 0.00018247809305423955 0.013892377121019423 -0.0016843313649108124 -0.00018381090863994407 0.9999982849146272 0.5103345221424158
0.9999985607653956 0.0007767458243348837 0.0017840704684676104 0.014410912136323185 -0.0007763697255377414 0.9999988625487457 0.0001988546155049093 0.014738330666901986 -0.0017845496855052217 -0.000200319968975477 0.9999978748107313 0.5377715696724399
0.999998294404267 0.000819982671535757 0.0018477735189110043 0.015185262851842742 -0.0008196850108749667 0.9999989441321703 0.0002188621105622487 0.015590628469429171 -0.0018481686214361665 -0.00022066275177968383 0.9999977571393007 0.566023008417375
0.9999980881551371 0.0008529509329533597 0.0019447901276571332 0.015904567166989736 -0.000852905967930198 0.9999989143829234 0.0002312399533442946 0.016410653692125746 -0.0019450484282573454 -0.00023309166107776818 0.9999975751059439 0.5941714363596384
0.9999981212774576 0.0008893936696183182 0.0020343187288390965 0.01657253621929308 -0.0008892856878233737 0.9999987634528248 0.00023393523647320474 0.01720958169187719 -0.0020346557831636804 -0.00023590433389460684 0.999997519536155 0.6216207311853316
0.9999977823331926 0.0009281278893262721 0.002125440766496282 0.017173498155797624 -0.0009280498588702443 0.9999989629360052 0.00025268923404984565 0.018079086037755723 -0.0021257220722740223 -0.00025502691625249536 0.9999972105151486 0.6489184576689306
0.9999975535260693 0.0009461416745454866 0.0022252256981746214 0.01780356694124064 -0.0009461054580868211 0.9999988250357357 0.0002605239992778214 0.01892297670622695 -0.0022254953710597204 -0.00026281379568708087 0.9999968175793384 0.6766650622812538
0.9999967717596969 0.0009855879487199574 0.002318511678763292 0.018386231152620613 -0.0009850511485712304 0.9999981903306174 0.0002662173269962321 0.01971653253226796 -0.0023191821514151616 -0.0002679976341559137 0.999996370044988 0.7036710091683057
0.9999962337385834 0.0010282851974597865 0.0024037020781308965 0.018930345480486995 -0.0010273034476157442 0.9999975477604669 0.00028312059130506035 0.020520621209957252 -0.002404732299721354 -0.0002847262237424562 0.9999956911205717 0.7312366721990389
0.9999959708682616 0.0010733042305200926 0.002493739519513491 0.01948400127007207 -0.0010725091477066055 0.9999975000736848 0.0002878560646703061 0.02134345498243533 -0.0024947518636919213 -0.0002898710827674654 0.9999954732410998 0.7588471817518343
0.9999961984751474 0.0011154311052450588 0.0025756549585170384 0.02003634661675148 -0.0011153589522894733 0.9999978074368984 0.0003049045907861106 0.022122098759294502 -0.0025762496220386663 -0.0003074702748841027 0.9999955023791223 0.7860926400956687
0.9999956535000752 0.0011617914447170177 0.002674573016300733 0.020585662231326626 -0.0011616121736080043 0.9999977543065477 0.0003092645503087555 0.02296066076166939 -0.0026752376651833134 -0.00031220908099116644 0.9999950673645749 0.8136214028879573
0.9999954965157034 0.0012138922051367104 0.0027552274030599906 0.021109728376404478 -0.0012138507858824663 0.9999976910670644 0.00031775388470250417 0.023773382170244092 -0.0027558067647524723 -0.0003210507609917953 0.999994729731394 0.841370186720653
0.9999951009725181 0.0012474874738505198 0.002840560234334822 0.021670497440100578 -0.0012473159574990528 0.9999971710006916 0.00032560745892458063 0.024565358293906023 -0.0028413577175112 -0.0003287726042353257 0.999994313227139 0.868920286129463
0.999995038994221 0.001291186123383275 0.002927233960345048 0.022687496905440616 -0.0012912133099288743 0.9999969948525201 0.0003327115017102776 0.02459126114167117 -0.0029278298197531172 -0.00033628772314306046 0.999994064609275 0.9096330642746239
0.9999947948907278 0.0013433247365691315 0.003028316276648549 0.023460885531928957 -0.001343311618065856 0.9999966908266803 0.000327693367785403 0.02550674239108759 -0.003028961141897114 -0.0003313440870536395 0.9999936510715396 0.9160622712481198
0.9999942453245999 0.0013999765302652322 0.0031059051691715083 0.024452257054001947 -0.0013998119718561818 0.9999964920358461 0.00033816891016168806 0.026334022620234144 -0.0031066358681332605 -0.000342006092117314 0.9999932933844357 0.9410274561345634
0.9999938846707348 0.0014417464582586075 0.003203241777124072 0.025493305411124833 -0.0014417169731527086 0.9999964255931798 0.0003613082341768252 0.027255233519067737 -0.0032038658733306064 -0.00036541153909052174 0.9999929831341275 0.9685821425924106
0.9999937589380439 0.0014822678607285735 0.003298881647469953 0.02640252329552868 -0.0014826403817824328 0.9999967236546895 0.00036397184906694716 0.02806196671210322 -0.003299129052077759 -0.000368670748060451 0.9999929141235596 0.9969753423700848
0.9999933878864558 0.001529143029203092 0.0033903329142252036 0.027187729536139932 -0.001529641945515326 0.9999968954647117 0.0003558194867767017 0.028907265279712775 -0.0033904850091568085 -0.00036098744243397976 0.9999927345382527 1.0240406288747388
0.9999932242633529 0.0015803926772193179 0.003485807077034868 0.027869497306892917 -0.0015810851009229144 0.9999968128316138 0.0003674155505593224 0.02978443877361361 -0.0034858638003638486 -0.0003729033694301164 0.9999924066545163 1.0515042428951626
0.9999924043843884 0.0016249552097694134 0.0035808682480314197 0.028543746535705572 -0.0016252864255303172 0.999996260135703 0.00038210666270262124 0.030642812607081626 -0.0035813317917765585 -0.00038754252890953563 0.9999917121997743 1.07941796045893
0.9999919822733321 0.0016743708675560462 0.003676335799435556 0.02916354528143557 -0.001674734965948037 0.9999960578135468 0.0003892530141260524 0.03149319672953661 -0.003676768689908613 -0.00039493165335142115 0.9999912482991934 1.1061526349206072
0.9999919559070106 0.0017107456952399516 0.0037643343050686186 0.02981857237552456 -0.0017113966385997764 0.9999962370218699 0.00038463534263590704 0.03227634715856152 -0.0037645226109543762 -0.000390744131603222 0.9999910456942678 1.133334064896544
0.9999915164999269 0.001758248583291097 0.003859492018325076 0.03041944454294675 -0.0017586995798765576 0.9999958575854078 0.0003848002207675783 0.03307181911960138 -0.0038597515113227734 -0.0003912208689849631 0.9999904489222154 1.1613935141519585
0.9999916260234551 0.0017888155135668022 0.003971771979080861 0.031125814043342186 -0.0017897379886181997 0.9999959129296487 0.0004101433625180857 0.03393988531991994 -0.003971678140016066 -0.0004171478457239902 0.9999901249370358 1.1892588775711617
0.9999907204340237 0.001861716952381673 0.004046688850852296 0.03160546118854679 -0.0018623065672905095 0.9999954788104681 0.00042383749542608757 0.034817687882836866 -0.004046925909696215 -0.0004309079961887587 0.9999897025086583 1.2166621002310438
0.9999902984451019 0.0019005609190416355 0.004133229574864755 0.03220600454360167 -0.0019014734074035355 0.9999956461100646 0.0004207856091949017 0.03558125031457461 -0.004133185882940988 -0.0004282340594040735 0.9999895919254379 1.243685274561823
0.9999897965087606 0.001937134222330142 0.004237772216094773 0.032843632304105065 -0.0019379953330286874 0.9999952792458268 0.00041945425815373346 0.03638615384145179 -0.004237834928657316 -0.0004267459611755556 0.9999889814880227 1.2712722873487845
0.9999892059634 0.001999758939723726 0.004334410711331556 0.03340713007682391 -0.0020009481128832065 0.9999953852971833 0.0004448969947524068 0.03728562898557246 -0.004334336486920791 -0.0004527310396151691 0.9999886804288779 1.2996641852297297
0.9999889970287049 0.0020185461384048535 0.004428965106120553 0.03454814388331901 -0.002019795826025088 0.9999953427166325 0.00045567509625516145 0.03726055221023213 -0.004428860903120902 -0.0004638096096156385 0.9999883849339151 1.3402109847692751
0.9999885292628062 0.0020462302684177524 0.004521980319955339 0.03536812967470624 -0.002047554226913137 0.9999952928507694 0.00044243378512139145 0.038089723295834994 -0.0045218302139427 -0.00045090850104795576 0.9999879193104201 1.3463272899962955
0.9999880023353889 0.0021144358351218636 0.004607738582159829 0.03639274177184902 -0.0021160178927496637 0.9999951491022759 0.00045116905127591853 0.0389144585963867 -0.004607360793939458 -0.00046027690038966704 0.99998746798098 1.3709712287892633
0.9999875259397033 0.002154357243223419 0.0046928729516482305 0.03746538100484023 -0.0021561401695826257 0.999995298690879 0.00046016807004929585 0.039740783702589495 -0.004692337502418705 -0.000469908360710314 0.9999871908063331 1.398493550436315
0.9999872401473917 0.0022086042879319173 0.004779603762233755 0.03835715675072442 -0.002210331211666092 0.9999949351495222 0.0004773855631664458 0.04062741990124414 -0.004779156030272738 -0.0004875079111079876 0.9999866566180315 1.4256173134677326
0.9999867498910008 0.0022081709441564706 0.004882384385940054 0.03931112544529076 -0.0022101716091646718 0.9999948779133125 0.00047444634112213375 0.04141784545906549 -0.004881823762648732 -0.00048461495890279974 0.9999861070954159 1.453158156041621
0.99998523866937 0.002264524546424494 0.004982994653484315 0.04002316292954938 -0.0022657987260482834 0.9999939188957052 0.00047493896748169307 0.042257565648782885 -0.00498305934697628 -0.0004848896755040618 0.9999850791412633 1.480410630143274
0.999984495085361 0.002301626715114975 0.005067420606610711 0.040680815508813195 -0.0023026738304766023 0.9999933521664225 0.00048720491543737584 0.04309382368129661 -0.005067677630386576 -0.0004970549870368471 0.9999844141147003 1.5078334771507507
0.9999837461941365 0.002382416735157256 0.00515512552872018 0.04124089901971668 -0.0023840460962258505 0.9999933983489436 0.0004991026830577696 0.04395690722989483 -0.005154956044146818 -0.0005098922207750599 0.9999839637744319 1.5354257264648605
0.9999829849860613 0.0024264245012479424 0.005259406561931258 0.041935086686246674 -0.0024283837122025236 0.9999934116644704 0.000500701810511542 0.04477527155270442 -0.005259000889305755 -0.0005120265106157478 0.9999834252820945 1.562953422420451
0.9999822110309474 0.0024702680357817624 0.005352266632076628 0.04257417661279368 -0.0024720303750938896 0.9999930673262182 0.0004994928308383903 0.04553755335468433 -0.005352018932494217 -0.0005111840731930529 0.9999829374136098 1.590395188403104
0.9999816972249534 0.0024902934311471876 0.005439096809237858 0.04328268092141185 -0.002492100730177647 0.9999930205418572 0.0004940628391960406 0.04633402682590173 -0.005438761775142063 -0.0005059863765622197 0.9999825944963401 1.6173814340901331
0.9999807564194143 0.0025278595103662787 0.005540009537981944 0.04394666236367743 -0.0025296707498643736 0.9999928008745504 0.0005076097539907202 0.04711025154222192 -0.005539739481702027 -0.0005196614483050178 0.9999819196403127 1.6459010008939512
0.9999800427639317 0.002598878175961696 0.005636448055103476 0.044549889698913395 -0.0026006785226690577 0.9999928596822762 0.0005071274353952351 0.047945293829254304 -0.005636141178445029 -0.0005199655932453214 0.9999815047171218 1.6726777689472476
0.9999793496782341 0.0026354647172967378 0.005721403124116694 0.045157155316427215 -0.00263719909869856 0.9999927663654974 0.0005034493598819611 0.04874569566073373 -0.005721116190658092 -0.000516655083553765 0.9999809084248492 1.699671932279013
0.9999784682595292 0.0027059925961892026 0.0058221684021353805 0.04574369474732069 -0.0027079102629404073 0.9999924600282262 0.0005054783635604833 0.04964209941262675 -0.005821749324158646 -0.0005192341294967262 0.9999802711666147 1.726447017586569
0.9999775342747698 0.002739821960234511 0.005925797761053142 0.04692044070478393 -0.0027416086700750714 0.9999920032729777 0.000519890187126734 0.04962224884824341 -0.005925559708295612 -0.0005338554281426391 0.9999794816356012 1.7672075389628497
0.9999767014452023 0.0027750704636682775 0.006019807826832537 0.04772186242761966 -0.002776615000775847 0.9999915457779283 0.0005258609970578077 0.05052539357041161 -0.006019743194270719 -0.0005400842718232557 0.9999786829146765 1.7733252399589279
0.9999760934779126 0.002810401393441785 0.006104508795451429 0.0488374293405968 -0.002811945207319522 0.999991560238572 0.0005378150150084009 0.05134938616954515 -0.006104450333278424 -0.0005525459595648278 0.9999782858562447 1.7979812591854478
0.9999751017780958 0.002889322085874667 0.006191421157141558 0.049879895217582376 -0.0028905497100503727 0.9999906264975126 0.0005316099566126084 0.05213633011379512 -0.006191634973922889 -0.0005468283761311715 0.9999774008491058 1.8263970401434557
0.9999742127932426 0.002929659750307721 0.006287417427388196 0.050847794632803894 -0.0029310117153035936 0.9999906225714955 0.0005432534499959108 0.05302923649686934 -0.006287453871171481 -0.0005589695152592885 0.999976919366172 1.8532452804050776
0.9999730286138446 0.00297545186863338 0.006378480244460378 0.05170227820854458 -0.0029765974298947137 0.9999902461827738 0.0005497515918067952 0.05386448818970922 -0.0063787078253238665 -0.0005659331396840966 0.9999762239300122 1.881630457370796
0.9999719076671564 0.00300678151513679 0.006483406234934029 0.052511233905006484 -0.003007737703136918 0.9999897961275016 0.0005482172312294239 0.05468514527810355 -0.0064838578478749985 -0.0005646724536368455 0.9999753168654317 1.9093943543555068
0.9999711231910123 0.0030561139586619294 0.006572358560452163 0.05321106120705592 -0.0030571086171590537 0.9999897678839967 0.0005462509480444446 0.055526691934291925 -0.0065727575450863825 -0.0005633532359847765 0.9999747410211037 1.93662945858234
0.9999703824892295 0.003097450195838797 0.006656709238839316 0.053906720082726206 -0.00309863891434484 0.9999895794927827 0.0005502249636722778 0.056344609579124676 -0.0066570722247051625 -0.0005678867130745429 0.9999741246837599 1.9639844254456849
0.9999692054044935 0.0031485678735738063 0.006755923006950276 0.054607962676031095 -0.0031496539336877257 0.9999891706634991 0.0005709578811764104 0.05717620061891339 -0.0067564290767202495 -0.0005892677143431538 0.9999733334647695 1.991476035100531
0.9999686771099433 0.003185037171951908 0.006852495885201368 0.0552743202908917 -0.0031861576275834286 0.9999889333375029 0.0005758393000289273 0.058021171443186664 -0.006852906556380072 -0.0005949977878519422 0.9999726780114812 2.0189129045252634
0.9999681317599961 0.0032368021992324205 0.006942870550976312 0.05594175471194586 -0.003238006249204581 0.999988771001359 0.0005712300815489007 0.058810559247420936 -0.006943175941106119 -0.0005910013153380341 0.9999721803514345 2.0466524860072157
0.9999671749620138 0.0032867357331912944 0.007040131128542712 0.05660733549828886 -0.0032878606361140318 0.9999882480739356 0.0005772032849233306 0.0596356689043941 -0.007040566763327968 -0.0005974276180937815 0.9999712630341091 2.074564821528967
0.9999666152769056 0.0033164067122674157 0.00713967039239019 0.05730756258145263 -0.0033177207952226947 0.9999883828339206 0.0005865320178467521 0.060473664291280614 -0.007139998129105843 -0.0006077994660137636 0.9999706758647623 2.101079984195264
0.9999657552636311 0.0033622625178628585 0.007222129385301584 0.057924175896217255 -0.0033638723541382564 0.9999882146884188 0.0006125739400551933 0.061357840453363635 -0.007222310657943998 -0.0006343534989316941 0.9999701909285531 2.128834988370808
0.9999651300815801 0.0034003226012173583 0.007324082945633186 0.05861149317853408 -0.0034021714298141425 0.9999884550252518 0.0005949755849174491 0.062097536097299844 -0.007324060021633633 -0.0006177601167413471 0.9999697035140388 2.1562365892554265
0.9999642161202988 0.0034375717778037207 0.007415166782652117 0.059862223045321225 -0.0034392692130847057 0.9999880821703855 0.0006072123215143573 0.06216785654564905 -0.007415347813347759 -0.0006304606586993075 0.9999687905247203 2.195657626349356
0.9999636242106101 0.003461726167314097 0.007515866618385439 0.06068241333961466 -0.003463649585836631 0.999987749342708 0.0006248665008683407 0.06312715854426916 -0.007516033153813902 -0.0006485512557294693 0.999967913671762 2.201370344745384
0.9999631393813702 0.0034904182956765973 0.007614820671329919 0.061897653593041176 -0.003492769410521938 0.9999876416571312 0.0006371599276426611 0.06395464824275879 -0.0076147191212892085 -0.000661522619842505 0.9999671620363366 2.2262597800577724
0.9999628227331114 0.0035321838015541433 0.007699941959733817 0.06306201429961988 -0.003534786364548086 0.9999879710883741 0.0006389191258051367 0.06478614844983929 -0.007699658624679485 -0.0006641358034614905 0.9999667509566446 2.2536956261341503
0.9999615708400766 0.003588876745175624 0.007789967428336363 0.06406024176671198 -0.003591496233633582 0.9999877120515778 0.0006374684044068826 0.06561707203039821 -0.00778976727272866 -0.0006631119462147238 0.9999660584868229 2.281515944108926
0.9999610196101894 0.003614063976683179 0.007879791718125891 0.064993433027828 -0.003617124276418922 0.9999876042155365 0.0006630440221557794 0.0664769370814423 -0.00787933491434154 -0.0006894156890094408 0.9999653423002536 2.309426448521491
0.999960741073386 0.0036294833295608515 0.007983817319210466 0.06590795717395237 -0.003633317975581737 0.9999880104999613 0.0006835297035161159 0.06733113749550652 -0.007982917777632034 -0.0007109063544822019 0.9999649856777457 2.3370782671765036
0.9999597400944996 0.003683276744290587 0.00806975724221691 0.06664869793821708 -0.0036872582446161517 0.9999879237841343 0.0006978205996558376 0.06817774401265797 -0.008068825408800835 -0.000726028847982443 0.9999642896411343 2.364170864075895
0.9999596052829749 0.003721619517332389 0.008128202187683122 0.06731336027162929 -0.003726162273844677 0.9999882526881992 0.0007065161706497619 0.06898434964356892 -0.008126853892066764 -0.0007353391396269309 0.9999640502609503 2.3908816708767677
0.9999585064679783 0.0037687779734556217 0.008212487403880104 0.0680228409362395 -0.0037733378495162437 0.9999880754459055 0.0007082584621755149 0.06983621481693864 -0.008211095244986316 -0.0007377788271525354 0.9999633638097176 2.418164455789769
0.9999571381856388 0.0038017594844744853 0.008320309215102559 0.06878547176725297 -0.003805778078465916 0.9999876222447206 0.0006692275223916322 0.0705076570071121 -0.008319276698126212 -0.0006989773518984777 0.9999622673124317 2.444174767114784
0.999955650092388 0.0038283180926320486 0.008443960035573794 0.06964697909608221 -0.003831429902392926 0.9999874501857025 0.0006001219390758443 0.07111553779051132 -0.008443437441303225 -0.0006303825009454637 0.9999611651731751 2.471157335507621
0.9999544860870704 0.0038527930557635016 0.00855666406397879 0.07045926684177665 -0.0038549514527006566 0.9999873711064029 0.0004821792584885083 0.07160490366354201 -0.008556517070755876 -0.0005131045584914263 0.9999602241929763 2.4980980886689674
0.9999544611021142 0.0038773588407630126 0.008590322211318491 0.07107191751961801 -0.0038748479734063445 0.9999875694477903 -8.699730723321978e-05 0.07112404100601225 -0.008592271295607481 5.554118527761041e-05 0.9999602094029302 2.522423558011782
0.9999534022661727 0.0039356783872669 0.008652494959594066 0.07178827414071717 -0.003928246308410053 0.9999870154343538 -0.0006457351858016223 0.07057293565021862 -0.008656731559456668 0.0006136141686012724 0.9999593871199837 2.553274834388262
0.9999526524288235 0.003950741250158997 0.008759865257794472 0.0727580502190283 -0.003942095084059294 0.9999870008129383 -0.0007681978677666919 0.07102668644935035 -0.008764622189017721 0.0007355285398795602 0.999958497770285 2.5854959058405975
0.999951866415311 0.0039928313072535885 0.00888526194923671 0.07386948523272932 -0.003982918453295026 0.9999871886429876 -0.0009368376152422737 0.0703454158477957 -0.008890357443848895 0.0009029231771174053 0.9999576268062971 2.648540020585627
0.9999510067001568 0.004061538611360442 0.008978034659826606 0.07455152043620483 -0.004049081224844496 0.9999867786152046 -0.0012207177237271378 0.07000034241468399 -0.008984233118164243 0.0011858323031493471 0.9999567743596374 2.682391534405689
0.9999498230286047 0.0041080335743832784 0.009068910873893181 0.07564044608103579 -0.004093671451405313 0.9999861387675419 -0.0014010922440613088 0.07004432121229345 -0.009075982304613312 0.0013653972327128535 0.999955678233997 2.7203766588353044
0.999948627010563 0.004134930571841372 0.009188619399579925 0.07650166860442617 -0.00411746261616012 0.9999855734633287 -0.0017354884419666739 0.06902202345829851 -0.009197036888063968 0.0016988921887007332 0.999954063736751 2.791162078482875
0.9999472620183699 0.004104938074787626 0.009350673957774442 0.07761328190669764 -0.004085828728893017 0.9999854515817921 -0.0018808165787847849 0.06829529797910114 -0.00935963722787281 0.0018437148843998467 0.9999523219742912 2.8735102940549524
0.999946612687452 0.004061629410606383 0.009477418272093944 0.07853500208088854 -0.004041693223369906 0.9999856143937256 -0.001953784288204897 0.06817612504717144 -0.009486511478500341 0.0019164983072669792 0.9999511184851336 2.9263308573795994
0.9999459448602421 0.003935828120447113 0.009627037812976403 0.07945557610652688 -0.0039145941296276025 0.9999861170490933 -0.002082122506656193 0.06686531940881874 -0.009636228666978204 0.0020452067206398077 0.9999496877487223 3.03320644955222
0.9999445640281508 0.003836811031708531 0.009798564410381254 0.0802956368203527 -0.0038141011473399756 0.9999862998997391 -0.002182825647612628 0.06542345598863356 -0.009808003269167918 0.0021463307822153746 0.9999478264107167 3.152554764373023
0.9999434285808457 0.003753369237083737 0.009947090730072662 0.08093316402029088 -0.0037294665262159513 0.9999863487697331 -0.002253353190622246 0.0648289466293111 -0.009956706944764783 0.0022171576956956716 0.9999462167911042 3.218108600745632
0.9999418872879031 0.0036483506329259203 0.01015372234281295 0.08245021553219628 -0.0036231145737477335 0.9999865083242616 -0.0023589386641769995 0.06321074666791289 -0.010163349957005277 0.002322948397172268 0.9999439229961515 3.368659474626821
0.9999393111108276 0.0036410735822617873 0.010433611474114451 0.08418503550820644 -0.0036142590720865567 0.9999865088144124 -0.002474095933962322 0.06149504840300168 -0.010443459463020884 0.0024368433560721034 0.9999409280538928 3.5377243965304785
0.9999375316611414 0.0036880985190498703 0.010599263744113437 0.08434390182842981 -0.0036603105892957662 0.9999859750279994 -0.0025260439197971447 0.06096326424883641 -0.010609324653481142 0.002487822812116536 0.999939011275362 3.6229793100935797
0.9999356918373333 0.0037675299348309335 0.010745176211715855 0.0854973556153395 -0.003738170878594014 0.9999854294221152 -0.0026290681710437204 0.05882658068262685 -0.010755869557571759 0.0025894457037289077 0.999937204157978 3.830224307682489
0.9999337082013666 0.0036952128305842427 0.01094953619919383 0.0869197913218085 -0.0036622614412836272 0.9999845980201153 -0.0028936569291352692 0.05588223602282026 -0.010961147858892592 0.0028546426507692845 0.9999342524871042 4.048834308323046
0.999931296395028 0.0035859104724943855 0.011184733934892523 0.0868178711596981 -0.0035511326360539498 0.9999845408527418 -0.0029711843327786406 0.05482585311351693 -0.01119658062904286 0.002932615068831734 0.9999313331023979 4.153205613051121
0.9999272505486607 0.003527314473812506 0.01154387765816407 0.08927576144012142 -0.0034897737579991173 0.9999840780118091 -0.003099491665787151 0.05234031053760614 -0.01155612028296845 0.0030604887125454403 0.9999268743986163 4.402971445872486
0.9999240705712564 0.003309822881158301 0.011906677282118317 0.09432514217461954 -0.0032653102013656347 0.9999834427821727 -0.0035954595279865556 0.048251690685593825 -0.011919776062120009 0.003557765902674259 0.9999210877277063 4.681281029170599
0.9999221658192674 0.003281443367107109 0.012084657841504361 0.09568051370607948 -0.0032343010016525156 0.9999828226806007 -0.003762694362581708 0.046850354892435324 -0.012098081862911846 0.0037250073005324867 0.999918366584779 4.808961631853005
0.9999175136266685 0.0037423559565687072 0.012289916356672684 0.09786423035758156 -0.0036915166674866716 0.9999799513424111 -0.003989822867968553 0.04360234410847753 -0.01230611442697452 0.003946119791349501 0.9999145537035399 5.115296007845271
0.9999152638042812 0.004072997830780208 0.012332812845868962 0.0995812735911545 -0.004010652755794815 0.9999744312596344 -0.00488296892990177 0.038154641736598646 -0.01235439272718469 0.004835654378549298 0.999909566640739 5.426756574093785
0.9999131836507708 0.004111672309513901 0.012498422176332959 0.09909617230634202 -0.00404655716997774 0.9999738306846985 -0.005049721149445785 0.03600774638198071 -0.012520764269308267 0.005001336524896253 0.9999069473939959 5.584947985204405
0.9999094687097603 0.004290999990221563 0.012746230391992153 0.10145709531106187 -0.004217458072025103 0.9999704740565862 -0.005624830473953259 0.03054939335852927 -0.012771734448557292 0.005573091560277849 0.9999009434907602 5.914466516289432
0.9999104593732747 0.004614676958963968 0.012553985182212402 0.10349205299408117 -0.004509289376471934 0.9999512527023451 -0.008240793503560412 0.02112803233548479 -0.012593068296866898 0.008185824046467558 0.9998852741198171 6.25781609616711
0.9999104673675435 0.004209061315197269 0.012674343488924272 0.10323909210287459 -0.004090812560955468 0.9999449097483725 -0.009137341533761983 0.01653503118056096 -0.012713967474166796 0.00908753753146865 0.9998755965355787 6.44453463760973
0.9999113140961565 0.00018710497910445024 0.013318135359672252 0.10869739779372228 -4.749976128824333e-05 0.9999421719174149 -0.010304852324023825 0.009835044075273495 -0.013321036312964227 0.010306397165378674 0.9998559870918841 6.83628378524533
0.9999059331720002 -0.0005938990249636397 0.013710802131263158 0.11025316634097644 0.0007388419314982918 0.9999411553419272 -0.010395269866696177 0.00448049784809696 -0.013705558279766827 0.010407492139220311 0.9998497047076147 7.222505495237931
0.9999041544470317 -0.0008657618111593599 0.013872683847308814 0.10937198959785688 0.0010147739700808198 0.9999393352351634 -0.01060840569435023 0.0005309606603525656 -0.0138640077034552 0.010624125622043665 0.9998455064250613 7.432767861409159
0.9999040370753889 -0.0018313561303246167 0.013780227696435401 0.11369952723763078 0.0020109617402868842 0.9999109131707606 -0.0129000891730522 -0.010966228341278066 -0.013756680870752436 0.012929202451315333 0.9998199048931595 7.84074260992893
0.9999054020986107 -0.0016133560089981796 0.013727275122799908 0.11618206498830037 0.0018077064876512218 0.9998960565040651 -0.014027915830233188 -0.021812209448990066 -0.013704476774956838 0.014053999067161035 0.9998054839118067 8.251057870117656
0.999897779845423 -0.003697544501794583 0.013873191419603385 0.11625657144698365 0.0038984800154880177 0.9998856156765299 -0.014341046223753762 -0.026697409221948167 -0.01381982568815303 0.014396215045418615 0.9997989668279477 8.489268214940788
0.999881473185497 -0.007539617453168226 0.013481915483803647 0.11795071110648327 0.007715361054569935 0.999883171699632 -0.012869245278181155 -0.031620750582435145 -0.01338430885796936 0.01297390175504689 0.9998243195620535 8.955107154843514
0.99989627011412 -0.00829385231513207 0.011829516258259357 0.11522744432870516 0.008412423225182077 0.999912125990072 -0.00982631564323015 -0.03386185468068495 -0.011747929017445794 0.009926753377438226 0.9998797553082173 9.445436486894602
0.9998929227116657 -0.009494333428124831 0.011188706478856603 0.11732325909497719 0.009597883079760162 0.9999087752434366 -0.009026246482464313 -0.036871899348606976 -0.011102938456967713 0.009134759732476787 0.9998944265886729 9.728518555176048
0.9998604193867924 -0.012855605637343732 0.01072799668393829 0.12100603848488771 0.012919219278664639 0.9998960512852674 -0.005646322531145343 -0.036351049267220006 -0.010654982693825827 0.005786075881805396 0.999924139695287 10.260137835139787
0.9998187220571951 -0.015846574706438847 0.010564167832925608 0.12461600993158291 0.01587505381927716 0.9998660429475373 -0.002352481094422247 -0.03525403821962748 -0.010525833499682115 0.0025213582656422417 0.9999386618381617 10.818775625377217
0.9997451539523101 -0.019867218851029433 0.010682731471264492 0.12402067894950981 0.019896244022783525 0.9997936556181392 -0.0023123123611304697 -0.03663516372260365 -0.010634700974920737 0.002525621658181405 0.9999372653342459 11.137111220083112
0.9995675249272364 -0.028058058459109154 0.008780589343829439 0.13498171779131093 0.02812140747639774 0.9995756783791601 -0.006854938992802892 -0.04966976707416369 -0.008584505633482668 0.00710012470356108 0.9999350350234533 11.68948137059808
0.9994119040254495 -0.033221848931674285 0.008415778764863038 0.13848687690057643 0.0333024677581687 0.9993965938173612 -0.009278021012800243 -0.05984728764971848 -0.008102395366747093 0.009554036902895111 0.9999185842206368 12.250113549732552
0.9993951408283684 -0.033727430556545465 0.008382309528326654 0.13676330071652948 0.03380865644659721 0.9993784173683192 -0.009393321746938405 -0.06466703539774593 -0.008060301119553569 0.009672260010470885 0.9999177959167932 12.540165871947094
0.9992278610946518 -0.038483700470641355 0.00785265752008546 0.14177571233925534 0.03858034205644504 0.9991755155599569 -0.01222175789413887 -0.07823523004208678 -0.007375771848887878 0.012516313454438224 0.9998914891719752 13.116747751349461
0.9990697372695958 -0.04264930969897826 0.006361561709491755 0.14148365881077155 0.04273107690021447 0.9989974406840764 -0.012953036620856477 -0.08815353845180442 -0.005802688164333786 0.013213835803979257 0.9998928890983334 13.711989219219852
0.9989583587218185 -0.045295709962287954 0.00556007203833194 0.13848058888523457 0.0453621808865525 0.9988929281654186 -0.012034670735582181 -0.09115501387771216 -0.005008765286692696 0.012275473425643724 0.999909290107297 14.028700867679508
0.998693905726589 -0.05092758993991816 0.004210824051165513 0.13965665151301748 0.05096695507835365 0.9986523362720918 -0.00926459768545789 -0.09488329430767041 -0.003733419285747612 0.009468408821997691 0.9999454863213029 14.667670366888268
0.9983956570222936 -0.05652209266477475 0.003497274839039945 0.14009130516956683 0.056555285537930884 0.9983483930361089 -0.009581875799951548 -0.10209006153850163 -0.0029500078754263817 0.009765611837372184 0.9999453127547614 15.313900761845902
0.9983181496140678 -0.05791203474256622 0.002829962605140161 0.13570193350391088 0.057938068125381346 0.9982720030444964 -0.00926426921264209 -0.10595071630895493 -0.002288706535533774 0.009413982665371433 0.9999502137670779 15.63784092993165
0.9981155386583673 -0.061361269632814346 0.0014005125585761359 0.13259874248277614 0.06137237240152802 0.9980794208220549 -0.007834318011435778 -0.11089088311106624 -0.0009175610154922398 0.00790701203500612 0.9999656617996205 16.278795319432525
0.9979948088937236 -0.0633070330426385 -7.418271827621921e-05 0.12888931590153413 0.06330762180013046 0.9979723591448275 -0.0058002474825124195 -0.11485280732634341 0.0004407343380633318 0.00578525834217118 0.9999804484356877 16.946594578139624
0.9979823912697632 -0.06350634236998928 -0.0005093156576253678 0.12471955085413303 0.06350434034847437 0.9979631129958437 -0.005282262752016434 -0.1178215768042148 0.0008434666810626532 0.005240261781690308 0.9999831831738792 17.28950475072697
0.9979535381490816 -0.06396398408407078 -0.0009431920607732233 0.12434810131770739 0.0639602036689444 0.9979386935098904 -0.004458412297161073 -0.12034823473614155 0.0012262765413802775 0.004389845996194862 0.9999868381852829 17.947047937971046
0.9979093720897094 -0.06463845662178917 -0.0010865224469744769 0.12408905909153428 0.06463470350593568 0.9978959453158555 -0.0042221835949187 -0.12423666217590251 0.001356827440742685 0.004144146704108391 0.9999876968494578 18.61646176963147
0.9978271081813734 -0.06589838476411368 -0.0009722049313170204 0.12299450378882391 0.06589530017365532 0.9978141573795449 -0.004085573951217568 -0.12651527438708593 0.0012389700239257516 0.004013693402187558 0.9999882191331455 18.964616301930835
0.9977575377487676 -0.06694695176892174 -0.000834174352323701 0.12265053688629753 0.06694585181317096 0.9977490013976265 -0.0026697996242226792 -0.1285548433586488 0.0010107063899306643 0.0026090979669876964 0.9999931853861169 19.658711722571823
0.997752249934637 -0.06702820000015158 -0.0009355826766228766 0.1208769795272248 0.0670289959145066 0.9977473442047463 -0.00039674852994395476 -0.12897330474495367 0.0009595745996400912 0.00033464436327340814 0.9999968474084631 20.36998017811097
0.9977459061935157 -0.06711975027333575 -0.00099181103473517 0.1182185367540863 0.06712109216525743 0.9977412804748399 -0.0001404382480564371 -0.1305121220512404 0.0009983482791221347 7.514258523538158e-05 0.9999968372970618 20.731271894705987
0.9977636029548678 -0.06685320338013837 -0.0009073994458244684 0.11576556858839317 0.06685603741824013 0.9977582840928583 0.001059754577740017 -0.13084901619080805 0.0008337601156258205 -0.0011162639278494437 0.9999961376874236 21.465814490736946
0.9977345553792168 -0.06729175197916333 -0.0008155952028967628 0.11526282157665423 0.0672949166040026 0.9977278067058001 0.001828939733667794 -0.1313250151646279 0.0006899503418025394 -0.0018779430023040697 0.9999952878787289 22.204521259876294
0.9977447335823604 -0.06714097177072198 -0.0007291462464078227 0.11243556820733341 0.06714412726987586 0.9977375941313239 0.002006462299610683 -0.13207466830751796 0.0005920653864897347 -0.0020490820601737902 0.999994914723518 22.57611872488528
0.9977986834966758 -0.06633218315958407 -0.0006963054135161333 0.10944565907089646 0.06633654267143384 0.997786704396161 0.003611320067346226 -0.13046134840211843 0.0004542488636202494 -0.003647574613838394 0.999990171634879 23.323622991058603
0.9978358412943912 -0.06576461276913773 -0.0008106272099665336 0.10702215082454938 0.06577010699055923 0.9978197504425067 0.004659304151271521 -0.12835029888822624 0.0005014102967453644 -0.004700278847627056 0.9999855346489656 24.084094810821444
0.997850186058431 -0.06555048101988081 -0.0008144418801665535 0.10394897603319911 0.06555622547900548 0.9978320848235526 0.004999501300546742 -0.12710437509122474 0.0004840298189985916 -0.0050397631018742435 0.9999839471954819 24.463511165723883
0.9978965915357467 -0.06484872943870128 -0.0009168200593037227 0.10007644560792947 0.0648553640583645 0.9978681767537473 0.006752985705287355 -0.12279363668727704 0.00047633438124798394 -0.006796057615288885 0.9999740283778651 25.246678038946904
0.99796477853048 -0.06378988471390724 -0.0011341969225939434 0.09565055914618999 0.06379857275838748 0.9979291953485916 0.007762903996152518 -0.11818641295115095 0.0006360030900446889 -0.007817412282157548 0.9999664151793706 26.027877332105966
0.9979905547138631 -0.06338713447004926 -0.0013276599217037547 0.09207727348857435 0.06339726915926612 0.9979535785911444 0.007970472702395264 -0.11586099677208317 0.0008193367734732116 -0.0080369730967018 0.9999648233433716 26.413054102695295
0.9981345981583766 -0.0610681438859072 -0.001734230001351408 0.0846855920492694 0.06108254645359915 0.9980914781201274 0.00876702662431494 -0.11008438446488686 0.0011952404236304968 -0.008855298028417342 0.9999579358733917 27.185112948411717
0.9982496315727729 -0.05915929786797013 -0.0019293766929885819 0.08024108929676387 0.05917485079068216 0.998209164396493 0.008460941242984462 -0.10493787297744313 0.0014255557051095385 -0.008559664525104947 0.9999609959722627 27.957242688662575
0.9982773349967557 -0.05868086428053527 -0.0021348088412890933 0.07723487580210203 0.058698685351736224 0.9982356677031861 0.008637794625855925 -0.10115132865605958 0.0016242540669590534 -0.008747740342229395 0.9999589840616301 28.336703102706508
0.9984668220854443 -0.05533771205967938 -0.0027061293116592985 0.07012159767901663 0.05536536074152089 0.9984044279429767 0.010850208817589238 -0.09290397499024748 0.002101560782491966 -0.010983012485202113 0.9999357930186158 29.14131234741358
0.9987207943395952 -0.050502967078154694 -0.0033826818198697656 0.06280475970925792 0.05054395959137262 0.9986354961563519 0.012930481238157484 -0.08386774863000712 0.0027251259562185086 -0.013084445157861762 0.9999090651239568 29.942516061860008
0.9987828252264312 -0.049244795208651757 -0.003533360588413212 0.059066708061571764 0.04928838999366707 0.9986962908172848 0.013070041684903047 -0.07886441682054818 0.002885052840810137 -0.0132279131874141 0.9999064526318173 30.36253092176338
0.9989501598154039 -0.04567949112466696 -0.004072564745263261 0.04948255909492627 0.045728939729729697 0.9988714414255441 0.012631475277657086 -0.0719807150719617 0.0034909685074546934 -0.012804268502881662 0.9999103989965323 31.15507713818956
0.9991247326618914 -0.041628711823142026 -0.0046594293333106305 0.03882809460267402 0.04167802177112593 0.9990710775843326 0.010728921173504085 -0.0705657392167787 0.004208664355807456 -0.010914013743104689 0.9999304928622584 31.946234497936132
0.999152979328661 -0.04094321647741407 -0.0047289883381989185 0.03411619963059812 0.04099136459249847 0.9991040475465317 0.010319428797847611 -0.06915918120209656 0.004302715581906039 -0.010505178569901609 0.999934801006053 32.35666010259857
0.9992943661646132 -0.03723946825701236 -0.005429554242525773 0.022541115901991614 0.03729836008031711 0.9992419636720675 0.010953377842868955 -0.06129387267451647 0.005018032412412652 -0.011148830253906812 0.9999243485518596 33.20203848602809
0.9994965417752331 -0.031152180350270408 -0.006473468108924533 0.01068101665565517 0.0312410386073551 0.9994129202965079 0.013900456830458754 -0.05105484705609959 0.0060372206302958115 -0.014096310255963966 0.9998815663062858 34.050812026784335
0.9995353190883511 -0.02980807071627134 -0.006824557440305769 0.005401400184346652 0.02990361154253944 0.9994504847558847 0.014146330866636813 -0.045624724960130446 0.006399815951323511 -0.014344370116035577 0.9998759939606174 34.48810886221703
0.9995957841762149 -0.02762196895062177 -0.0071723999287478715 -0.003940151794780776 0.0277146338497177 0.9995295040027142 0.012979474776783944 -0.04147115028163737 0.0068115241253004855 -0.013173825338775268 0.9998896521275971 35.32785339229423
0.9996783456099603 -0.024149609202252998 -0.008110096971194462 -0.016495724390391747 0.024216816274219122 0.9996715376109628 0.008144457737967722 -0.05019159745770414 0.007911986415590301 -0.008338719942506068 0.9999338293354003 36.14896064654596
0.999711699457861 -0.022600496240723845 -0.008455268358416408 -0.022296700833234238 0.022654196640249306 0.9997225367872097 0.006170693578695164 -0.05447007894846533 0.008314676357923297 -0.006360961477080004 0.9999451395633148 36.56590876152658
0.9997440643749511 -0.021049810172091076 -0.008650447652924765 -0.030478243966667526 0.02108965964204553 0.9997663258873802 0.004413101150612598 -0.06062815369407059 0.008556838078121758 -0.0045949746371715975 0.9999529054142102 37.39203726283682
0.9997537768379792 -0.020414830877249275 -0.009017373648282808 -0.04100148065239517 0.020458660993297705 0.9997780533873639 0.004652025554339429 -0.06004273333418133 0.008921524545436748 -0.004835621869396609 0.9999483780982574 38.258849848987474
0.9997609612310204 -0.019981947017171802 -0.009133908554783472 -0.046226394344538124 0.020028828878763883 0.9997853414118864 0.004876389748527553 -0.058101717432467594 0.009035264185818768 -0.005057843654625352 0.9999459255697125 38.72602630973405
0.9997850278479716 -0.018565209484463406 -0.009455965190215927 -0.056916722072818615 0.01861170349574785 0.9998135624027685 0.004643426087589826 -0.0567866317969875 0.00936830015505616 -0.004817695012700289 0.9999437619113345 39.602636328585945
0.9997869880753645 -0.018272018296952526 -0.009824719666128615 -0.06499735428813849 0.018315106379791654 0.9998214994194753 0.004097350491194311 -0.05896466989285294 0.009748295417313075 -0.004275805703514297 0.9999425716876738 40.478975018930065
0.9997945271713381 -0.01753696778983514 -0.010378478843068169 -0.07788115943590275 0.01756839693302944 0.9998395089906733 0.002732519132211577 -0.06593996125365888 0.010328940642314828 -0.0029135146738770174 0.9999416495477643 41.80718925431821
0.9997948332790108 -0.017478513787457153 -0.010470763717900053 -0.0847470125377545 0.01750968627689826 0.9998408672025666 0.0026988854284009218 -0.0698797745323052 0.010422241763665996 -0.0028811406050747858 0.9999409028178634 42.68738071725155
0.9997913672868514 -0.01757595925513832 -0.010615979089105573 -0.08917278461810528 0.01760763173116346 0.9998386709496453 0.002680454743190049 -0.07243455430339127 0.010567325295155082 -0.002865896985285315 0.9999392530863465 43.14568740605133
0.9997868969095415 -0.017640555780894938 -0.010930051906941244 -0.09817992795155368 0.017672095793034085 0.9998377824236994 0.002588036694747918 -0.0762756628865879 0.010882879368500332 -0.0027797015000334425 0.9999361067091906 44.043954358469556
0.9997864433246487 -0.017510989945411466 -0.011142554107384066 -0.1070021155691127 0.01753951806295972 0.9998406685481124 0.0022413825015846697 -0.08114716077012307 0.011101473426519922 -0.0024353956191768716 0.9999343827165097 44.9322067169494
0.999783753701228 -0.017573973093520955 -0.011295802136670694 -0.11279475872459277 0.017601667607087507 0.9998397311000784 0.002145518195350171 -0.08365431511767508 0.01125625632527746 -0.0023428975634120766 0.9999328898462931 45.38102918580025
0.9997671613338746 -0.018216600527375046 -0.011749117402372385 -0.12234408860351677 0.01824718091655088 0.9998280009248477 0.0023147833035861657 -0.08645632892059767 0.01170483312273484 -0.0025277652175294606 0.999927405967284 46.301547604566274
0.999754123099867 -0.018509715066119873 -0.012393845475604744 -0.13368263437297306 0.018540747717039795 0.9998228922198046 0.0022074689663918773 -0.09011786148132007 0.012350697158838428 -0.0024358828551732576 0.999919900056372 47.22322352840939
0.9997480192613993 -0.01859613237367419 -0.012757083155836731 -0.14101865295109076 0.018627189202924745 0.999821568906836 0.0021350969937492517 -0.09240666860670899 0.012715031128492982 -0.002371261580604954 0.9999155575625518 47.701907526903334
0.9997325998007811 -0.018828368952234067 -0.013584629268926073 -0.15481494083121813 0.018861779143299562 0.999817415974902 0.0021467430238857367 -0.09547765924417023 0.013541595509232762 -0.0024013528549332564 0.9999048556498563 48.61398913669159
0.9997292029800221 -0.018474071885800712 -0.014303359849665374 -0.17072456226956959 0.018515568451290165 0.9998228515311032 0.002603573648547045 -0.09634071019906176 0.014252518619990303 -0.0028666971759710286 0.9998937531921459 49.556122926318565
0.9997170735102618 -0.018821823462341285 -0.014689649947453594 -0.179003767938586 0.018865163629538422 0.9998162243499648 0.0026613989422953517 -0.09763588147180961 0.014636670667464541 -0.0029367196781736643 0.999888017348055 50.03459913463896
0.999695279115819 -0.01925588562535841 -0.015600526619716795 -0.19508302257079965 0.019305554561956876 0.9998074951168902 0.0029080652666435146 -0.09939879065272453 0.01554141884593327 -0.003207419380131319 0.9998738601123438 50.967351585986236
0.9996919375595343 -0.018773672632807735 -0.016387544172935795 -0.21058995267931452 0.018818422352558064 0.9998176519479505 0.002444438744051376 -0.10214958053407347 0.016338396470876843 -0.0027509415551560633 0.9998624519413962 51.876925724469956
0.9996912591306731 -0.018573307534558173 -0.016673103737249364 -0.21912425609216427 0.018619424177182098 0.9998215101798023 0.0024939990392333386 -0.10235888246816129 0.016623671848084075 -0.002802868576425724 0.9998578891232276 52.34700980307965
0.9997094608909806 -0.016938955874414723 -0.01731314594234621 -0.23910282997086374 0.016986210798563186 0.9998506820383164 0.002467561645929535 -0.10295340696965284 0.017268531272897597 -0.0027602483003056452 0.9998471629577566 53.285562371937985
0.9996991408243395 -0.01677198012490581 -0.018048188257671648 -0.25625005082645175 0.016821447225326917 0.9998532509015079 0.0024661594452793185 -0.10592387989989234 0.018003856453232197 -0.0027681534662443393 0.9998340811299322 54.24174228795522
0.9996962419424247 -0.016627163655403402 -0.01837006817434161 -0.26596130623730013 0.01666857096724886 0.9998573260640077 0.0019981194835220232 -0.11018586309527202 0.018334117732615774 -0.00230308970426752 0.9998296634874223 54.72236539513405
0.9997061910343102 -0.015447650667041516 -0.018865199261850235 -0.2861043461659805 0.015472575808065589 0.9998782476491044 0.0010833330861126547 -0.1162240661003703 0.018846337315677662 -0.0013746141580443195 0.999821976776731 55.65522605836395
0.9996998747292322 -0.01513580246732515 -0.019436290407351942 -0.3058402460667443 0.015161881690355547 0.9998830416590047 0.0010983089237116934 -0.11991218595616487 0.019417460819102367 -0.0013923726738183457 0.9998110656088043 56.605929608454574
0.9996900931193455 -0.015168227132154436 -0.019926383562475395 -0.31725700995756606 0.015203121906437337 0.9998819569221928 0.0015165606525609113 -0.12036823227999476 0.019901143156602234 -0.0018187344073752314 0.9998010788739153 57.092992466249406
0.9996726003239584 -0.015158496523695738 -0.020795934948596207 -0.3397786811726979 0.015211123035248917 0.9998804069051573 0.002305450890442796 -0.12197065895349886 0.02075876953892616 -0.002620828471374856 0.9997818365531027 58.08122075446989
0.9996760811498818 -0.014448745204338288 -0.021123537710911487 -0.36197389157400117 0.01449456692142165 0.999891617245879 0.001939608169032781 -0.12552107877786817 0.021093190980493687 -0.0022447478995368695 0.9997754484366579 59.055924762352035
0.999674750507808 -0.014427774348462269 -0.021189783770006843 -0.3723596728745332 0.014463386472656669 0.9998927548832155 0.00143502622159146 -0.1299485933411774 0.021166374738602844 -0.0017403255379892838 0.9997747294185393 59.537525888840726
0.9996557570104493 -0.014939339156354623 -0.021731730737763067 -0.3907953277965896 0.014942501345387035 0.9998865956969594 -0.00010785230593558012 -0.13827337492990002 0.02173043466559958 -0.0002161117561566429 0.999763966494694 60.48889249968739
0.9996382189339431 -0.015201441213695759 -0.022341751468012445 -0.4123557359180648 0.01520868403187327 0.9998822237009647 5.3144665362980496e-05 -0.14367223149463026 0.022337746293858915 -0.0003919463150992696 0.9997502474433753 61.44660766193336
0.9996267078847056 -0.015520798109423974 -0.022626086718280657 -0.4241107885369575 0.015538418106988435 0.9998765964068641 0.0004876331099139633 -0.14553808526800935 0.02261506030235571 -0.0008378673095931508 0.9997435727097236 61.9411778825954
0.9996207013629246 -0.015558219693471763 -0.02288167808750799 -0.4485290686787341 0.015621105240551303 0.9998725609955958 0.00246817582642377 -0.14676960707570103 0.022839561702287674 -0.0028233691233306743 0.999735035925768 62.94400879623173
0.9995984224146145 -0.016129216828999947 -0.023443440304273342 -0.4709870350677574 0.016212046191424776 0.9998609390031827 0.0032455267176281794 -0.14848549381193246 0.023387021936056 -0.003622995960285185 0.9997197838331677 63.938678052724356
0.9995972431863499 -0.016013004966518713 -0.023568641377805576 -0.4830961704878481 0.016095524094234603 0.9998626873488832 0.0032154780887136657 -0.14866625593461613 0.023513084013831148 -0.003592135305365998 0.9997168262589952 64.43633680221623
0.9995921692006601 -0.01594008607629388 -0.02384870216077336 -0.5058742412299818 0.01602413831326626 0.9998641702834317 0.00325725798960336 -0.14976691923318686 0.023792848553561535 -0.0036371941258821045 0.9997103281747113 65.41303760340452
0.9995739120914928 -0.01634927794741679 -0.024335262425939898 -0.5276279735640859 0.016443356904615337 0.9998558057803131 0.0035815095296068598 -0.1513204213084674 0.024272539203108255 -0.003979141401840864 0.9996973670663472 66.39730704834446
0.9995705362688038 -0.016320161791055544 -0.02450335181716963 -0.5402250191712038 0.016415058205398722 0.9998566853449444 0.003597612570512108 -0.15264033518151734 0.024440545283821894 -0.003997604503542979 0.9996934562816746 66.90053261440133
0.9995587993656708 -0.016365255540051128 -0.024947267780338206 -0.5639156416704935 0.016458230643904895 0.999856522261543 0.003445911560846775 -0.15547774176220222 0.024886678109275053 -0.003854302404387866 0.9996829428098383 67.881815247832
0.999533562905837 -0.017232338226639825 -0.02536568316542269 -0.5857558813474637 0.01732871963111566 0.9998414448917942 0.0034917933439174054 -0.15839558926658506 0.025300711330447735 -0.0039288784182222826 0.999672224126201 68.84650310951977
0.9995320002521836 -0.017150423363247264 -0.025478262007968766 -0.5981608475583126 0.017241073282937103 0.9998435649917681 0.003251568888975456 -0.16159743775743884 0.025417751748082664 -0.0036880422963468506 0.9996703258153219 69.32981413939876
0.9995296653921144 -0.01685916028556401 -0.025770648833180334 -0.6237276213444078 0.016953043415030514 0.9998483465711481 0.0033444401818975155 -0.16299636052228667 0.025709595480831723 -0.0037786571843593806 0.9996626914027665 70.3016351799388
0.99951854481813 -0.017121898150324725 -0.02604396668267438 -0.6478530251353508 0.017221180996275887 0.9998433455304073 0.0035151703943111026 -0.1653403640034903 0.025979048989389724 -0.003961053189503565 0.9996551939321683 71.30118633695751
0.9995087688110275 -0.01733779984010712 -0.02627714489800768 -0.6615536397886941 0.017438480070883722 0.9998393603895654 0.0035179934350254966 -0.16709195543858785 0.026211135376962427 -0.0039734313475354496 0.9996491092176066 71.80932941662223
0.9995125726371694 -0.01686101071241649 -0.02644231981902154 -0.6888555861560527 0.01696461786519584 0.9998471847696502 0.0036097474159496176 -0.16841304330100954 0.02637675378569108 -0.004055254040264438 0.9996444447137417 72.81007240348815
0.9995208474845552 -0.016065442675436747 -0.026628437465218664 -0.7166959532732439 0.01616037758119341 0.9998615478831945 0.0032626228267708603 -0.1713837820152621 0.026571334644258766 -0.0036900419871070357 0.9996405362897047 73.82869376219352
0.9995252484688745 -0.01555673829078035 -0.02676806713851017 -0.7306851660163552 0.01564423580461536 0.999870930802451 0.002979116892817041 -0.1748843273827412 0.02671740124047971 -0.0033951168064357924 0.9996378612067229 74.31554846287246
0.9995402215245653 -0.014533493553472566 -0.0267665747142751 -0.7575151610657195 0.014604126083735437 0.9998882840486666 0.002357688504082909 -0.17932241714781483 0.026728264446633954 -0.002745807317500455 0.9996390964792237 75.3188555337558
0.9995392790970049 -0.01414620753438634 -0.027012047542184756 -0.7845340617478336 0.014216663420402436 0.9998937744687869 0.0023286776720826356 -0.18303601503880976 0.026975170063365448 -0.0027098710445398314 0.9996324730695584 76.32584157053998
0.999553645880756 -0.013822931382606268 -0.026667289715453603 -0.7966046217489395 0.013884063834239171 0.99989931622436 0.002029300430431814 -0.1871659641087603 0.026635775383012292 -0.002397112932188405 0.9996424855857037 76.80885797419353
0.9995675031014898 -0.012956207489645927 -0.02660634339150714 -0.8192454099857654 0.012992477216062573 0.999913407716375 0.001124402368639487 -0.19256607695861572 0.026589388327681415 -0.0014687196431449816 0.9996463047934165 77.78584253681684
0.9995862249007601 -0.011511907861185947 -0.02657149653421147 -0.8435372417419539 0.011527286636343592 0.999931810859554 0.00036270234932935105 -0.1985007027651379 0.026565566407895473 -0.0006680874619615538 0.999647730641308 78.7606016218098
0.9995873142589361 -0.011402195834071973 -0.02658249940202181 -0.8549984859655584 0.011416882042899859 0.9999329176596858 0.00033214540757314266 -0.20176496129748858 0.026576964236473107 -0.0006346432499994869 0.9996475684936496 79.26706697785359
0.9995773992169517 -0.011333817306027318 -0.027002338681147865 -0.8814981946874312 0.011366215018084172 0.9999335128496466 0.000994502348002138 -0.20473947027225173 0.026989581164408392 -0.0013003506331642819 0.9996361250724624 80.30181357672564
0.999582572877673 -0.010840579333603675 -0.027009049731007817 -0.9068631054062507 0.010875465836354943 0.9999387549148248 0.0010929881552585862 -0.2083805704051068 0.026995783928113828 -0.0013855055031884206 0.999635607364703 81.31768212502706
0.999584160530295 -0.01078318537436969 -0.02697118958099633 -0.9193600726339377 0.010818296038637083 0.9999391324565235 0.0010995990605215044 -0.2114223116978723 0.02695781777663426 -0.0013900669070154867 0.9996364442030125 81.83404928080708
0.9995762285908228 -0.010962586062838578 -0.027193415791472133 -0.946697123642831 0.01100070983542351 0.9999372803524371 0.001204026506761212 -0.21684815024533097 0.02717873653582412 -0.0015019645090563589 0.9996304528003038 82.90265946764123
0.9995842647478066 -0.009944734133559655 -0.02729077474938474 -0.9771887429125964 0.009982540476743962 0.9999480686102542 0.0012005112822646425 -0.22068729742260235 0.02727770046638923 -0.0014718436549151872 0.9996279277804545 83.97667870765433
0.9995852649570319 -0.009788774028941623 -0.027315417732981667 -0.9912711515765765 0.009823078940045667 0.9999495850825358 0.0010662973058599345 -0.2244720726359405 0.027303767479874324 -0.0013335461907486332 0.9996273564856273 84.5064199917416
