1.0 0.0 0.0 0.0 0.0 1.0 0.0 0.0 0.0 0.0 1.0 0.0
0.9999998807907104 0.00015285611152648926 -0.00036469101905822754 -0.001559094525873661 -0.00015276670455932617 0.9999998807907104 0.00010858476161956787 0.0009636690374463797 0.00036463141441345215 -0.000108376145362854 0.9999998807907104 0.050634682178497314
0.999999813332928 0.0002642130625050143 -0.0005030864765300791 -0.0023005996033434242 -0.00026400373889590156 0.9999998591700288 0.0001507761665697771 0.003292105575115334 0.00050298583551589 -0.00015080385110266548 0.9999996469408328 0.06051601364758416
0.9999996949220723 0.00039234219249097954 -0.0006712406556327695 -0.0029691431679470786 -0.00039197934331094536 0.9999998137335501 0.0002278595757646572 0.0059778300243006665 0.000671149782102161 -0.00022780820193977534 0.9999996699429078 0.0861261342150153
0.9999996680587877 0.0004893637771548335 -0.0008320877099479993 -0.003970490104287631 -0.000488919459004074 1.0000002373940013 0.00029417323928611035 0.008803933638044107 0.0008321044419867312 -0.0002942917885647191 0.9999997852991505 0.11569373339186226
1.0000001345447933 0.0006193466887874584 -0.0009106209288434456 -0.004974622013336795 -0.0006193115027128747 1.0000007541656983 0.0003472897022490812 0.011728254434722328 0.0009111492576994111 -0.0003477088014012345 1.0000000619373137 0.1413036896740118
0.9999997482891577 0.0007671906906587 -0.0009723640520429413 -0.0062181293827730496 -0.0007671095195986136 1.0000004034672383 0.00040714124888757816 0.014793499931228573 0.0009730104590727163 -0.0004073277200986206 0.9999999252440714 0.16287827342396521
0.9999999246704867 0.0009015141589489165 -0.0010521484081456986 -0.007441592986371745 -0.0009017539154794447 1.0000006438599174 0.00044186273289961183 0.017694646514930024 0.0010532041035091336 -0.0004421255201385709 1.0000001910973262 0.18824205328270793
0.9999993250651606 0.0010262695957768367 -0.001176012622309196 -0.008703172860853592 -0.0010259747869483383 1.000000266648619 0.0005015493046289621 0.020822472304445935 0.0011767595198808683 -0.0005016285461296682 0.99999991503745 0.21428499859493016
0.999999133010697 0.0011657192975779414 -0.0011672497828236104 -0.01011247825007595 -0.0011652156674235481 0.9999998107311195 0.0005313127840546774 0.02398807222205746 0.001167948203401642 -0.0005310878443299109 0.9999997315643437 0.23925070998398096
0.9999985613525427 0.0012845441950451034 -0.0011305591544802502 -0.01126176901469079 -0.0012836393825101826 0.9999994187724106 0.0005599695435949759 0.027172907885107695 0.0011309960552690597 -0.0005594101849793499 0.9999994611124816 0.26513656849738987
0.9999985839026193 0.0014451252980844393 -0.0011389229527317384 -0.012597957603394407 -0.0014442097520560263 0.9999994333189975 0.0005915708417508439 0.03036027203645532 0.0011395798094646953 -0.0005909980010114511 0.9999995531445017 0.291534043276092
0.9999982208592293 0.0015941583185742204 -0.0010597474794693095 -0.013964916993502099 -0.0015930891058358885 0.9999991030234352 0.0005849594739529981 0.03345201963772195 0.0010602443439812826 -0.0005837947410319278 0.9999994684076717 0.31493140640946976
0.9999981638149864 0.0017272569601193375 -0.001025324321847579 -0.015320484260172337 -0.0017264149774720511 0.9999991286739538 0.0005859477872263825 0.036554972095962195 0.0010261092456765937 -0.0005849054615707476 0.9999996235033466 0.3408116140749195
0.9999974304301492 0.0018530251477106307 -0.0010647454671017854 -0.016737468944566604 -0.001851709899762421 0.9999983730829944 0.0005900389925225505 0.03966858883302197 0.001065282688271431 -0.0005882331664477464 0.9999992826690567 0.3657440229793323
0.9999973895724791 0.0020014209034678464 -0.0010680967744401092 -0.01803825797619604 -0.002000332135879754 0.9999983312298404 0.0005988667015313407 0.04273281223522017 0.0010690062486508232 -0.0005974033541247675 0.9999992738924527 0.39308638919755723
0.9999972329510893 0.0021269013405553856 -0.000979887716017312 -0.019308375229773838 -0.002125733341462848 0.9999980729707851 0.0006107900247957383 0.0458749133554746 0.0009808365197909185 -0.0006094285669920662 0.9999993609344187 0.42020954197569654
0.9999967077088074 0.0022620023149796495 -0.000979895363985287 -0.02044631801267903 -0.002260588083582341 0.9999975239241257 0.0006491754593048458 0.04712352501388138 0.000980918470740751 -0.0006478005217845373 0.9999992182443577 0.4692282862055277
0.9999970623410821 0.002352251859220858 -0.001017002552371687 -0.021210936748841114 -0.0023510745602284768 0.9999975334532312 0.000687376768760209 0.04990201927807372 0.0010184093752707095 -0.0006861571518037389 0.9999993954868343 0.4784890734439437
0.9999964125859364 0.002480314371588374 -0.0009498926084702364 -0.021957977099781888 -0.002479001182883391 0.9999970712683103 0.0007485224711302979 0.053061861598482994 0.000951352105595434 -0.0007471810411857313 0.9999993024124834 0.5045887641957026
0.9999954543411207 0.0025942118597091454 -0.0009107840434657015 -0.022712140339578177 -0.002592188188015424 0.9999960540215105 0.0007755454099775414 0.056161038547324314 0.0009117691122803284 -0.0007733876041604751 0.9999989020584044 0.5310389424170177
0.99999498479928 0.0026975360052830907 -0.0008706437917611592 -0.02364096994907715 -0.002695393913138078 0.9999956414437386 0.0008085516462544638 0.05947213176446679 0.0008717348077676515 -0.0008063142678628178 0.9999986745532224 0.5567798563362115
0.999994695065432 0.002799110809711261 -0.0008883767139064953 -0.024859696031376752 -0.002797004907411018 0.9999954512361802 0.000852557997251062 0.06252085630256106 0.0008897279222110698 -0.0008504226365912598 0.9999986235470634 0.5824240928190592
0.9999944022465468 0.0029240110383171336 -0.0008244473812778341 -0.025968513511286397 -0.0029219304945856035 0.999994954455845 0.0008856386865343109 0.06560324118739248 0.0008259976292712133 -0.0008835111747893382 0.9999986520597065 0.6068650037866352
0.9999944884418226 0.0029852834902768257 -0.000791742923426734 -0.027025977294349517 -0.0029832035034666688 0.999994863912584 0.0009200842436162484 0.06857865942833165 0.0007934780412997634 -0.0009182399562471862 0.9999987676821842 0.630021957350934
0.9999945413479688 0.003066305516570943 -0.0007204105181497156 -0.028071488353721613 -0.003064301848446807 0.9999945394902234 0.0009451439080153085 0.0716401378502001 0.0007223251750406936 -0.0009433585590265532 0.9999988010172296 0.6536264659967996
0.9999942062870967 0.003155754346197033 -0.0006401864110902461 -0.029185675276182085 -0.003153634834511182 0.9999940694338426 0.000963286293482265 0.07473837630949644 0.000642121930939979 -0.0009614731827704109 0.9999989607874112 0.6786639627212352
0.9999937486617752 0.003273984570710135 -0.0004940627890863924 -0.030145635012273367 -0.0032717916383274747 0.999993209825444 0.0009733752483409815 0.07763335944224108 0.0004959954425073439 -0.0009717084017471911 0.9999987464291588 0.7034148531097923
0.999993571277477 0.0033410645333224816 -0.0004075033531946407 -0.03115949902476888 -0.003339079428592426 0.9999930608503246 0.0010228919181406314 0.08068908623922155 0.0004097533279868864 -0.0010218027019154017 0.9999987408908754 0.7301038276110756
0.9999933996463937 0.0034363829788319916 -0.0003394355763703676 -0.03220416947062891 -0.0034344862991826136 0.9999928346261596 0.0010493378239835442 0.08372120663278725 0.00034190158359215315 -0.001048347409122562 0.9999987414909131 0.7535072224720734
0.9999929658362603 0.003497757285124277 -0.00029547281291866003 -0.03316014296840056 -0.003495745264230015 0.999992467140159 0.0010852179458417024 0.08644870297809398 0.00029788809624421085 -0.0010840890459066044 0.9999986591020271 0.7794077968009923
0.9999924685270911 0.0035825813889650187 -0.00016940503057261258 -0.034147701806452394 -0.0035805490299534795 0.9999919627520425 0.0011117186031804082 0.08940101859499971 0.0001718863563612045 -0.0011108558378605416 0.9999986078169738 0.8044520202938233
0.9999923667494206 0.003648952290283903 -7.22405955596069e-05 -0.03541901777259105 -0.0036469373649859497 0.9999916534145485 0.0011223678081786297 0.09243976238917483 7.474496449469513e-05 -0.0011217221961176535 0.9999986122954234 0.8272512561897554
0.9999919855824122 0.0037876855373727546 8.839343282185814e-06 -0.036738300428423985 -0.0037857572335691994 0.999991077633757 0.0011842399316131826 0.0937155148743073 -5.982801004866695e-06 -0.0011839389895553466 0.9999984293948796 0.8755738933661443
0.9999912990432805 0.003890352429343429 7.033649844548873e-05 -0.03764667854634621 -0.003888258583114732 0.9999903992565188 0.0012274291236187606 0.09642394991203579 -6.734362218361663e-05 -0.001227242027948257 0.9999981988053024 0.8840989274667499
0.9999908262155696 0.004010866962030383 0.00014160757569877378 -0.03825669715159162 -0.004008597116466098 0.9999897320906113 0.0012921215690129232 0.09927821770246685 -0.00013833405882595007 -0.0012918911187702591 0.9999982334989406 0.9082480988693674
0.9999906208440003 0.004121036136864214 0.00015750228036980494 -0.03902759431051894 -0.004118707091548664 0.9999891508795397 0.0013540470436942506 0.1024370793538091 -0.00015395726849317594 -0.001353775795285631 0.9999981512517159 0.934670741652742
0.9999899327232268 0.004227839304702861 0.0002211307181779353 -0.03981731676862526 -0.004225483421451381 0.999988532748987 0.001397445321044446 0.10523460190851874 -0.00021744063498011702 -0.00139736299309238 0.9999978439587247 0.9608988481907369
0.9999896727271943 0.004341882048621777 0.0002897579393243133 -0.040619187923315224 -0.0043399001152099595 0.9999882222235007 0.0014448694917339707 0.10817198347487837 -0.0002854685045045107 -0.0014453399594479303 0.9999980008250636 0.9851580651952605
0.9999892672361866 0.004463183668061797 0.00028375949116134555 -0.04149010208560068 -0.004461155768363771 0.999987350822771 0.0015185076086968359 0.11114535724920664 -0.0002790049909932385 -0.001519045443051459 0.9999977770256449 1.0106542081745882
0.9999889516671017 0.00458630834158972 0.0002999437435579388 -0.04262482264723002 -0.004584292789430032 0.999986709413013 0.0015789343800681852 0.11409115691724514 -0.00029470264519490557 -0.0015796975896022617 0.9999975614761156 1.033341493708885
0.9999886847004695 0.004695774871098659 0.0003093194432705605 -0.04352202149953334 -0.004693919389993815 0.999986186960389 0.001667256156369375 0.11702495229049184 -0.00030341063057241064 -0.0016682129254104014 0.9999975384532672 1.05647428963183
0.9999882891372704 0.004853795960073459 0.00034156850981932976 -0.04462231196643094 -0.004852281636908336 0.9999855759658531 0.0017312699071598597 0.12002380018098283 -0.0003348264351148213 -0.0017327831438253235 0.9999975409289917 1.0809318668529944
0.9999877785954868 0.004956416488301322 0.000377190790868839 -0.0455407047477422 -0.00495504009962403 0.9999849893930535 0.0017820593889802878 0.1229864647614414 -0.00036996414554565905 -0.0017839581696006573 0.9999973811738442 1.1058336452794082
0.9999871860765646 0.005074585440693164 0.00039748686639170204 -0.04640260664672249 -0.00507309132057823 0.9999841662978156 0.0018482992103333845 0.12586951287357195 -0.0003898403204890928 -0.001850341481124498 0.9999971362298562 1.1304711397970355
0.9999865436241402 0.005173420754097983 0.00045420332887396227 -0.04739838300523263 -0.005171869301702941 0.9999833495995524 0.0018897945283530393 0.12889289533025677 -0.00044628194104256964 -0.0018919238957967426 0.9999969176803498 1.1539594941546156
0.9999857740413266 0.0052710655811432396 0.0005123681825365884 -0.04830672602822471 -0.00526954901570228 0.9999825443617435 0.0019224253767747405 0.13169065019466727 -0.0005041817816200718 -0.001924630274265831 0.9999967102851469 1.1804852636832417
0.9999847978789534 0.00540459052624902 0.0005782295190823585 -0.04931644661265692 -0.0054032457671595235 0.9999817755021546 0.0019558445773107678 0.13447871859482066 -0.0005696384855164523 -0.00195858273390388 0.9999965525767355 1.2037067607367304
0.9999840250611738 0.0055172774481617734 0.0006581632585643599 -0.050213687636154504 -0.005515783962936222 0.9999809106210958 0.0019949607850792144 0.1373196750594264 -0.0006493478562477856 -0.0019980451233659415 0.999996429707058 1.2293145156521823
0.9999834230248676 0.005638643834090418 0.000737763615907761 -0.05127709651701839 -0.005637176837590689 0.999980425398902 0.00202143399857101 0.13860638262833652 -0.0007286478134253563 -0.002025244437281102 0.9999965627617706 1.2778035148240936
0.9999826622317874 0.0057660990013088925 0.0007939995988026766 -0.051987449055090805 -0.005764900840497531 0.9999799572590861 0.0020739278242556374 0.1414516497273599 -0.0007842685272105839 -0.002078296604884677 0.999996653467148 1.2856392307019084
0.9999823850809775 0.005862381598510607 0.0008916174013925098 -0.052548309652549786 -0.005861810993672613 0.9999797754005032 0.0021227784558030018 0.14437081741572869 -0.0008812230645141024 -0.00212823225600451 0.9999967128553219 1.3095900201039026
0.9999815521602761 0.005991730315316752 0.0009754673818830782 -0.053155741550653626 -0.0059913282280188536 0.9999789673216959 0.0021455929337353295 0.1472096714632039 -0.000964692045158221 -0.00215177080988697 0.999996708693536 1.3343842905244678
0.9999810386966036 0.006092612782635896 0.001005107097298953 -0.05379204689299238 -0.006092210934947586 0.9999782390790404 0.0022029051402029324 0.15010558170313762 -0.0009937708024074594 -0.002209416281473083 0.9999966759386576 1.3610513006041793
0.9999804271626473 0.006181864512223234 0.0010733499892313777 -0.05467802705647503 -0.006181497755577742 0.9999775022512949 0.002236196589822895 0.15325468551146945 -0.0010616719381030943 -0.0022429428442252725 0.9999966530611476 1.3848768017494189
0.9999797205591712 0.006293449091828051 0.001200145867912617 -0.05560426399163557 -0.006293388715282829 0.9999769999001576 0.002257794949274066 0.15616295749452933 -0.0011879917700491937 -0.0022658009677434003 0.9999965875982841 1.4071344662421201
0.9999793887472228 0.006388123182795689 0.0012773764061759021 -0.05654781310271693 -0.006388452912510809 0.9999765721415929 0.002287946733945252 0.15923399752880957 -0.0012646371188673744 -0.002296967938727453 0.9999966650774851 1.430677520875234
0.9999785146519031 0.006498177382569997 0.0013174510557792808 -0.057676583864790826 -0.006498749653841567 0.9999759270181381 0.002314304923893439 0.1624192846805979 -0.001304199591525461 -0.002323780425752511 0.999996672690345 1.4543041650051167
0.9999774519707311 0.00661742821061637 0.0014456115383957913 -0.05878246855380889 -0.006618251877102169 0.9999750657621536 0.0023247074257523267 0.16550806308416288 -0.0014320719797115316 -0.0023354096936295597 0.9999963603172506 1.4776193546365688
0.9999764778707544 0.006739107573762121 0.0015217290922147435 -0.059879875754640995 -0.0067400185944091855 0.9999739860372064 0.0023653614327934923 0.16883749931723058 -0.0015077835692599711 -0.002376531861951612 0.9999961555805418 1.5020655626915544
0.9999755314131237 0.00685230842229136 0.001564801026034178 -0.06096278728270607 -0.006853186300483083 0.9999732237376161 0.0024149909791958257 0.17197167602247898 -0.001550400052079942 -0.002426591840791845 0.999995972509271 1.527094266285652
0.9999744219791076 0.006971051324327761 0.0016021746568700092 -0.06210158436130188 -0.0069718846270921675 0.9999722330870935 0.002462985200010884 0.1750950387076128 -0.0015873348072543796 -0.00247511508979913 0.9999955595752289 1.5526650265907675
0.9999731895292724 0.007115734712438123 0.0016678318355940293 -0.06321003236158633 -0.007116701370954208 0.9999711273831087 0.002501599387687974 0.17798167011408356 -0.001652392373875758 -0.002514534736241074 0.9999954782892094 1.5762897551253976
0.9999718059037543 0.007245963995952717 0.0017284272642393926 -0.0641548474264909 -0.0072469032273004795 0.9999697799572148 0.002573678166138587 0.18088601672385562 -0.0017123545748238063 -0.00258722845524561 0.9999949582669999 1.603012755831561
0.9999706760719311 0.0073765625945889845 0.001834585536276536 -0.06504973145552552 -0.007377825334437118 0.9999687570368302 0.002602443585590913 0.1839043904403911 -0.0018179632666082892 -0.002617015934916161 0.9999947004362635 1.6272699667385955
0.9999694411793715 0.007499060222825824 0.0018857293076850275 -0.06604744088098495 -0.00750035067016523 0.9999676273018403 0.0026431341732792257 0.18532645764263453 -0.00186866382083004 -0.0026580376264694274 0.99999426211411 1.6743897313185065
0.9999684804744914 0.007630778820288952 0.0019968235838236353 -0.06681649346000473 -0.0076327244752428525 0.9999670220239695 0.0026772902971374216 0.18821973104215947 -0.0019789387683397347 -0.002693719915404356 0.9999942004190461 1.6839489930374463
0.9999673639185133 0.007737444362129436 0.0020589443371377275 -0.06738321026023546 -0.007739577628782931 0.999965918936798 0.0027178248423975573 0.1912774912687824 -0.0020405500798749915 -0.0027348192384184854 0.9999938484281552 1.707449835767919
0.9999661237310968 0.007866742742534185 0.00211793967901396 -0.06799150076925604 -0.007868955061023128 0.9999647082166452 0.0027505688723423725 0.19423366118028926 -0.002099025857929559 -0.0027682824851147417 0.9999936377700568 1.7331487690340919
0.999964781669597 0.00800115599541802 0.0021968977820513136 -0.06881094656248628 -0.008003366309935143 0.9999632709578011 0.0028010300735435275 0.19739614736980612 -0.0021775701521879512 -0.0028195556513744887 0.999993331465711 1.7581284525576675
0.9999634774824281 0.00814015626242609 0.002338140591619793 -0.06969257949987707 -0.008142934011845465 0.9999622091161147 0.0028240699593029364 0.2004990979038205 -0.0023182016440243926 -0.0028441773281481777 0.9999929561621099 1.783479573298855
0.9999628058514587 0.008260811391402762 0.002408705081429159 -0.07065147712567339 -0.00826403972158367 0.9999614141800821 0.0028411394917952884 0.20353614442615117 -0.0023881024446542496 -0.0028623390792925332 0.9999929811448063 1.8092968178470856
0.9999614417046175 0.008391835699793468 0.002525807704973074 -0.07166770046773506 -0.008395437194393576 0.999959975257242 0.002881508763247674 0.206718434005877 -0.002504551559895328 -0.0029037784654822227 0.9999925839796961 1.8333111788988241
0.999960083978238 0.008495027218803434 0.0026736953228180065 -0.07245998430612549 -0.008498944329833702 0.9999590632098836 0.0028961818855988445 0.20978679642261852 -0.0026521001466574263 -0.00291977253300048 0.9999921080911607 1.8591575633709998
0.9999587498996654 0.008610250350313788 0.0027621875893542695 -0.0734228109431868 -0.00861443966589055 0.9999579668070188 0.0029355151415660337 0.2127582347966519 -0.0027399775177052847 -0.0029601920222965066 0.999991757258034 1.8836165649423473
0.9999575640059966 0.008710669295553294 0.0028782249387956683 -0.07440984853915004 -0.00871547631046806 0.9999570486879733 0.0029924527277194104 0.21594384081892692 -0.0028551028635021387 -0.0030186714257569875 0.9999911499620097 1.9088674318072876
0.999955992055062 0.008838496158392588 0.0029964123779934993 -0.07555770694288295 -0.008843556145758874 0.9999556152055598 0.003018424058751435 0.21908524319901676 -0.002972882102425245 -0.003045857759505225 0.9999906124658589 1.9349515202221679
0.9999543962900002 0.008961606356939121 0.003125849687920214 -0.07649163675014152 -0.008967261047670084 0.999954200053027 0.0030658285825090905 0.22214785097908193 -0.0031015191692195052 -0.003094681780758172 0.9999899618432716 1.9579566612050432
0.999953092523558 0.009087438090579806 0.0032578218607054307 -0.07737051298717357 -0.009093873450968926 0.9999532019068353 0.003099366374091064 0.22520358930297396 -0.0032326456486194903 -0.0031300309114692957 0.9999895652382533 1.981600485341648
0.9999516753854989 0.009193023243858374 0.0033438609945705797 -0.07834030251508209 -0.009199514941991315 0.9999518608427216 0.003125287373432602 0.22827689814236937 -0.003318472839731739 -0.0031568357876505544 0.9999890850855039 2.0062859425684105
0.9999498469642749 0.009335391637579479 0.003446237323539383 -0.07938833476348005 -0.00934204297881495 0.999950357540091 0.003148158438560219 0.23132317380039571 -0.0034203633496640157 -0.003180851722417333 0.9999886708917339 2.0298635765883333
0.9999479662509153 0.009497604743156255 0.0035529703053806838 -0.08042739228216998 -0.00950455411210902 0.999948565510453 0.0031967840156536353 0.23288333449332901 -0.003526240551221476 -0.0032308780804902607 0.9999881495557201 2.072238316638471
0.9999464461861512 0.009637399033480626 0.0036742375561811657 -0.08121972770348258 -0.009644887116776463 0.999947191337376 0.003246625503803638 0.23581547159178087 -0.003646606408249165 -0.003282333441472729 0.9999876780849841 2.0780696820048097
0.9999453499583062 0.009762122160310917 0.0037419404222615894 -0.08179593187988793 -0.009770390616237022 0.9999463343147662 0.0032855825326931934 0.2387830966713143 -0.003713250871346623 -0.0033226653806771637 0.9999876602020146 2.100052007307149
0.999943511053069 0.009867343023997084 0.003879469111308389 -0.08237736214565744 -0.009876094574667657 0.9999449654117659 0.003332996789712942 0.24199573996592944 -0.0038500784121399405 -0.0033718122011159707 0.9999868104469872 2.125433377050147
0.9999417535074671 0.009987010066764255 0.003997167846915357 -0.08309242245395047 -0.009996372707607925 0.9999434069229619 0.0033728134480673724 0.2452536596241693 -0.003967033688234064 -0.0034132504246913906 0.9999859822391102 2.1487916304028536
0.9999397255590708 0.010116628183068993 0.004150893374879525 -0.08387994229181066 -0.010126551949292463 0.9999417351976239 0.0034115999298010413 0.2484441428905304 -0.004120130032101942 -0.0034540566637508434 0.9999849383121567 2.1732130100527476
0.9999381597900675 0.010218975499651527 0.004278695645175675 -0.08482040410495986 -0.010229441323492244 0.9999405010781586 0.003450391138600459 0.2516082318105976 -0.004247268543023225 -0.0034944431659414844 0.9999841557269574 2.1967218494355034
0.9999362470800036 0.010350516595197314 0.004439371747825118 -0.08564725233241291 -0.010361654901329821 0.9999389169547537 0.0034829028265193525 0.25471889479083 -0.004407232307256971 -0.003529125218083697 0.999983474594879 2.222131157621576
0.9999341895150855 0.010444520341964513 0.0045503355181981155 -0.08651267055284406 -0.01045569772996428 0.9999372672286172 0.0035382593247653103 0.2580116581356005 -0.004517732117142347 -0.0035858644403947374 0.999982371450635 2.2474617967826394
0.9999321326002486 0.010538454744387115 0.00470887464988994 -0.08737453968280162 -0.010549976556397531 0.9999356036127601 0.003593913039431634 0.2612074213122387 -0.004675701550232298 -0.0036433289636013215 0.9999811543410366 2.2715632604029397
0.9999302962591105 0.010672840554298527 0.004798382492187631 -0.08834133307192686 -0.010684696838955362 0.999933895617654 0.00363987972008093 0.26428415997751475 -0.004764378724090063 -0.0036908659300300584 0.9999805672078579 2.29609096770977
0.9999288033352093 0.010801261224642198 0.004922552363934526 -0.08934540185158334 -0.010814186879044676 0.9999329858051199 0.003674020254009615 0.26735893955348905 -0.004887373333878859 -0.00372768993291202 0.9999800849015223 2.3209082661960196
0.9999269950512704 0.01092605495062607 0.005040233025685643 -0.09027195506210035 -0.010939601701829754 0.9999313527735181 0.00371691633974538 0.27055466104212683 -0.005004207593868332 -0.0037723474668515107 0.9999792281921571 2.344996159487204
0.9999247140015387 0.011058505135972885 0.005158620562531047 -0.09119522538616118 -0.011072470736483627 0.9999296430806422 0.003753143266628648 0.2738073631238755 -0.005121870539078624 -0.0038105013687764837 0.999978257802399 2.369224302861551
0.9999226361841865 0.011178740545522186 0.00530382131527003 -0.09207141994165645 -0.01119334753815001 0.9999280926386873 0.003793349796910608 0.2769385302791116 -0.005266218312574977 -0.0038529596781190704 0.9999772378783646 2.393185689197546
0.9999205720874583 0.011292330553095259 0.005453429483233463 -0.09293330270621519 -0.01130777984198713 0.9999269004933702 0.0038327448373996756 0.2800375577543987 -0.005414936786386458 -0.0038948352487106004 0.9999762941341495 2.417231424733523
0.9999182367872634 0.011416862545508007 0.00561266891475466 -0.09389136559970267 -0.01143325013147114 0.9999252022572189 0.0038748448035153026 0.28161285080853704 -0.005573173515084258 -0.003939348649791416 0.9999751442900466 2.4639305724337754
0.9999160209061068 0.011541184933540888 0.005722905862940292 -0.09463265434713479 -0.011558000425898144 0.9999234168081385 0.003905652481190657 0.2845265599397945 -0.005682710157847599 -0.003971899540040515 0.9999741671663376 2.471230834814979
0.9999139752734877 0.011666596887328564 0.005807033064598645 -0.09516242370443077 -0.01168354717367428 0.9999215958145103 0.003938536709014343 0.2874733855158229 -0.005766282261612263 -0.004006079580335842 0.9999733779907549 2.493502533467708
0.9999115210760349 0.011805544673316654 0.0059301234265962365 -0.09576343971378662 -0.011822987179467922 0.9999198636181015 0.003964130725120717 0.2906184698521428 -0.0058886263619868946 -0.004034001160995255 0.9999725616873498 2.5191037130999923
0.9999100446801974 0.011896972187594222 0.006037514373707799 -0.09640603400132874 -0.011914456583110529 0.9999186893811856 0.003927005884255217 0.29366446700586574 -0.005996171734274345 -0.003998537170985424 0.9999718925661395 2.5427783047706884
0.999908021009275 0.012031362824395757 0.006186388224523047 -0.09717472059971956 -0.012049712241796486 0.9999176362992617 0.003907023560805275 0.29673830520546585 -0.006144405095428014 -0.003981493209781797 0.9999715481648188 2.5656731384426266
0.9999062627366165 0.012133321975995716 0.006310567363595352 -0.09791068917200481 -0.01215238336129583 0.999916634531284 0.0039082993644627695 0.299909986257564 -0.006268003618178697 -0.003985011530293204 0.9999708934678684 2.5897058308833794
0.9999049848663122 0.012224276476673537 0.0064135019815504835 -0.09909008927294326 -0.012242676745279681 0.9999166353422692 0.003689030384560341 0.3026205994180486 -0.006372877356411476 -0.003767814773107709 0.9999711003801035 2.6122512918735303
0.9999036108889416 0.01231663801240248 0.006488754831525197 -0.10031779958028658 -0.012333443207599824 0.9999165490673719 0.003379306214780585 0.30516055979088896 -0.006451482034990883 -0.003459498226736819 0.9999716409219227 2.637793078368302
0.9999016071379228 0.01242142543052111 0.0066169442409449815 -0.10116595952881496 -0.012438299078195287 0.9999157066450205 0.003316537100799763 0.30821810630741026 -0.006580072529814661 -0.0033989901376337665 0.9999711398457507 2.6652991712525917
0.9998997160012337 0.012515157515631748 0.006726753209211707 -0.10195938855972629 -0.012531880373665476 0.9999146145635933 0.00324077849891202 0.31091788477963617 -0.006690557507083713 -0.0033252484828529562 0.9999704255603992 2.7034939194441847
0.9998976147911839 0.01261290900442975 0.006839635169160011 -0.10283628626603307 -0.012629513720688275 0.9999135709733203 0.0031847619771605998 0.31346750749009233 -0.0068038959426682975 -0.0032713038630276677 0.9999698472207199 2.7475761902020683
0.99989588234421 0.012686146078532159 0.006992758056763277 -0.10355958934432868 -0.012703074229238467 0.9999128453805209 0.003158030182199936 0.3160385530783701 -0.006957046441467992 -0.0032472748779387296 0.9999687650562301 2.78315269278012
0.999893916849956 0.012772224738829463 0.007117815677787693 -0.10415698259663705 -0.01278905630568464 0.9999117802471593 0.003111108326067936 0.3181122923303642 -0.007082560173420091 -0.0032023942807968444 0.9999679189182961 2.8415131106384597
0.9998922849059225 0.012838341508557647 0.0072784269698004875 -0.104699316725515 -0.012855805348852549 0.9999114723446126 0.0030897712532517016 0.32003412498619827 -0.007242979910258595 -0.003183849860025918 0.9999670796858702 2.907600765523279
0.9998899042567629 0.0129293760369984 0.007428791937401818 -0.1054599770072298 -0.012947068561641037 0.9999100640287606 0.003087867027887732 0.32241599157526823 -0.007393216503655562 -0.003184329737925471 0.9999657519626914 2.950867357705561
0.9998878031547714 0.013013395116682298 0.007557156451605979 -0.10532792348994753 -0.013031381132681678 0.9999091779779574 0.003060096043559732 0.3231156366570895 -0.007521690446814659 -0.003158992986148067 0.9999648834685018 3.0608374252120583
0.9998854253104897 0.013125986151332229 0.00770946137150935 -0.10543001482743655 -0.01314404791181618 0.9999083885399533 0.0029940317895283987 0.32451607453683184 -0.007674307731821139 -0.0030961822716725537 0.9999641723131701 3.148606175090329
0.9998833139380557 0.013202694026704495 0.007852860107591043 -0.10600347191022601 -0.013220380501856322 0.9999075270008236 0.0029064279482850014 0.3266617277837932 -0.00781869820017983 -0.0030108187577156296 0.9999632092323772 3.200295542665744
0.9998802417120412 0.0133452572119558 0.007973993126461996 -0.10661266104680225 -0.01336165965864705 0.9999060351804032 0.0026950302095184115 0.3281204555591625 -0.007942185503213222 -0.0028021193389396733 0.9999627527547734 3.321876693001445
0.9998763377327569 0.013546002529467525 0.008157196968027402 -0.10665636714429914 -0.0135614630722471 0.9999039462098097 0.0024805205947659547 0.32926547742180456 -0.008127528846680622 -0.002591813845676519 0.999961869235571 3.4754426804425087
0.9998740270794976 0.013649434687617876 0.008283147182357812 -0.10807864172736842 -0.013664677219050987 0.9999027330034446 0.0024056112389580467 0.3312557580461108 -0.008254245952239704 -0.0025194580314343747 0.9999609674857866 3.547040582461314
0.9998709338368895 0.013734490560437043 0.008516376461701872 -0.10711140052473592 -0.01374998913812088 0.9999016051193254 0.0023650778907850093 0.332746093203307 -0.008487792700708494 -0.002482786839484081 0.9999590127732704 3.7223660051845746
0.9998660382759107 0.013794372459211517 0.008980477728264904 -0.10518463236376623 -0.013813030548917086 0.9999003146788188 0.0025945870575990793 0.3353252641133849 -0.00894854168392899 -0.0027194564482499847 0.9999543361340585 3.915195283385357
0.9998615697904709 0.013899105995526751 0.009310571322256406 -0.10523445735627947 -0.013919521163794623 0.9998986775130722 0.0027036732745523095 0.33770205651884144 -0.009276898845471586 -0.0028342429186719595 0.9999510272755395 4.017701255263768
0.9998561966163777 0.01389449763401528 0.009824512516501169 -0.10295467457812264 -0.013915331997239724 0.9998985931160207 0.0026439563845728244 0.33911857008063595 -0.009791897269942004 -0.002781432369355461 0.9999461029805985 4.23562669761126
0.9998482730521467 0.014020740577360457 0.010404288542154366 -0.10145381541169661 -0.014040563744076149 0.999896973949581 0.0024364009999470037 0.3399551869933888 -0.01037453992103763 -0.0025830431987593295 0.9999405354683777 4.4581967495257935
0.9998414234459394 0.014189913540052394 0.010823294559990983 -0.10192242152375185 -0.014210812416324778 0.9998946754261786 0.00244676081673494 0.3423049215211435 -0.01079288864303214 -0.0026011015081786413 0.9999361482225261 4.57083684961793
0.9998297723965327 0.014371283896977595 0.011672564569736494 -0.09887932828768717 -0.014395023238526527 0.9998924779495075 0.0024710968203401633 0.3440013860703666 -0.011641042679198493 -0.002640181255109174 0.9999267723633193 4.815641363755341
0.9998182289112599 0.014564695432911811 0.012367400322376345 -0.09638614695265292 -0.014588254980178739 0.9998895071283761 0.002351139988055364 0.3450496896858312 -0.01233743542250653 -0.0025322756839357614 0.9999184773741743 5.065520672824444
0.9998124984932983 0.014692837964291631 0.012679858870841552 -0.09672370150601595 -0.014716025863606076 0.9998875737056581 0.002277730093627768 0.3468738991543125 -0.01265081717547667 -0.002464829275435116 0.9999146048671183 5.188009850747936
0.9998025059620133 0.014721596453989684 0.013415630259246547 -0.09325608656263931 -0.014745146939425295 0.9998873945425287 0.002167767028125628 0.34767695912643853 -0.013388141996923113 -0.002366122808214174 0.9999052824678232 5.453226628457946
0.9997928185576552 0.014659059374329873 0.014180129555863823 -0.0861714339892396 -0.014674974847260314 0.9998896631589604 0.001511918920058128 0.34671202764576736 -0.014162528021642088 -0.001720516605027843 0.9998960854869877 5.755305840574605
0.9997849084847943 0.014816607690713385 0.014566565195470924 -0.08458003200566411 -0.014831349607963847 0.9998874991223623 0.0013852063806069255 0.348173929920616 -0.01455057197300618 -0.0016017689048590039 0.9998904964929461 5.899187247072237
0.9997863344033263 0.0143986364559057 0.014918021290566007 -0.07993746516891523 -0.01441605419332518 0.9998937384268894 0.0015045797648950705 0.3500408450978201 -0.014900830902974067 -0.0017203173900930712 0.9998852088298956 6.227106525211079
0.9997861454995586 0.01407068514604465 0.015243400470571862 -0.07653941282817188 -0.014087144914739986 0.9998982421223046 0.0014229750834833113 0.3511652808866663 -0.015227992706086812 -0.0016383221604800362 0.9998802963376547 6.570629220868559
0.9997834002254892 0.014024504770864882 0.015466180915928137 -0.07690181070727274 -0.014037880306513753 0.9998992613187602 0.0011950750712365604 0.35210799150961636 -0.015453918715921165 -0.0014125859344814877 0.9998772231435897 6.738843611168982
0.9997942913400566 0.012732820404703507 0.015858348370647563 -0.07333309467485742 -0.012727448764319518 0.9999170437660707 5.72005424899426e-06 0.3514937880640168 -0.01586327876155707 -0.00020800145850468016 0.9998715634245878 7.071097097514109
0.9997985965206307 0.012104914001651137 0.016099040997015302 -0.07123306018045757 -0.012089556110347321 0.9999249872195167 -0.0006187715727076973 0.35112027996403683 -0.016111634807508393 0.00042338640383375397 0.9998677481778885 7.4066025453939535
0.9997839375212993 0.012863859029442513 0.016409129613546104 -0.07304634736212087 -0.012846995175643897 0.9999154231747848 -0.0006914289973178563 0.3530940751410427 -0.01642313241485862 0.0004800974130144322 0.9998625892990383 7.596407231314839
0.999759815425289 0.013177335443726058 0.017574964959823518 -0.06898532692776482 -0.013161936539848457 0.9999112256628079 -0.000563123084006822 0.3536331761081768 -0.01758748509816032 0.00033129659905627845 0.9998427029789507 7.958496950912965
0.9997457512211866 0.013524214902786704 0.018121684164460763 -0.06511583607702341 -0.013509482164466615 0.9999071460017391 -0.0005403370203171693 0.3534220468152964 -0.018133703695829815 0.000294553224167342 0.9998331021356887 8.343210836271895
0.9997395630922623 0.013759758695488926 0.018307131408359628 -0.06367809661590938 -0.013746413074486196 0.9999041059010846 -0.00046317418455142217 0.3545847229541018 -0.01831804680687984 0.0002105170025946199 0.9998297814411914 8.550998336116683
0.9997457972893191 0.012303873468837689 0.01900184873395615 -0.05727434617480887 -0.012293830474195269 0.9999232100188208 -0.0002850763714767383 0.3561399591740347 -0.019010103326918902 5.050969882259719e-05 0.999816960223417 8.959831438403965
0.9997626434401669 0.010068515378418925 0.01941064488033119 -0.052054510716084544 -0.010073638197014057 0.9999478190349345 0.0005230987633128728 0.35939373414007986 -0.019410391795382932 -0.0007194079487431375 0.9998088221497236 9.41857679260244
0.9997630904508582 0.009995328355197512 0.01943783768521428 -0.05188070884230118 -0.01000806128543182 0.9999481611395745 0.0009067571144274055 0.36179707148112156 -0.019433714776684728 -0.0011022549368492319 0.9998079738270561 9.656208703285303
0.9997712441939994 0.007445658202585956 0.020141085254565406 -0.04429543088329745 -0.007490903871931004 0.9999671425584489 0.0025115029043615736 0.36624591761832614 -0.02012761234090777 -0.0026631036536606915 0.9997912904951637 10.111485996979882
0.999735443663345 0.007339326251856679 0.021868613470745174 -0.03538280045046213 -0.007395687651202907 0.9999665935358736 0.002825180793810745 0.3672579074578731 -0.02185300596514919 -0.002987376306250712 0.9997540214028516 10.572953723709764
0.9997255384748728 0.007556214439764982 0.02225412990811126 -0.027828435900769687 -0.007615398806605717 0.9999647794361165 0.0028923656225874283 0.3682224923088184 -0.02223727693781667 -0.0030623179743777193 0.9997453368754114 10.836298317364095
0.9997160273117182 0.006979458245783312 0.02287678901869566 -0.015771942540234264 -0.007054569298541324 0.9999672911312738 0.00350247215757676 0.37119328590208933 -0.022857270415475296 -0.003664205265079839 0.999729409249521 11.314861956667949
0.9997005676791055 0.006887576349444835 0.023570006402259543 -0.003651579627654184 -0.006966517811041223 0.999967551308426 0.0035547707107916305 0.37198918996725594 -0.023550372593241 -0.0037192642526657806 0.9997130015413216 11.841286164981486
0.9996874374822549 0.007040079039277 0.024074561414425707 0.0010568169378657125 -0.007119733259806718 0.9999665230951391 0.0035099762565251953 0.37297181803454704 -0.024054898958974946 -0.0036815094900405155 0.9997008449992403 12.09011969140887
0.9996569035974721 0.00639699918212224 0.025486588547225977 0.014801613831812785 -0.0064687373172130315 0.9999727884695659 0.003010702853157613 0.3715846582642442 -0.025472445176584643 -0.0031757090950702564 0.9996675727878409 12.581940461096126
0.9996409115228634 0.005819839974275158 0.026245527795487816 0.02724263805343006 -0.005863805184230323 0.999979234698634 0.001870959833907672 0.3684298871944756 -0.02623997001099939 -0.0020252607067189456 0.9996506989951657 13.07141806091218
0.9996340275392246 0.005739188053356762 0.02652111100832698 0.032117329566109604 -0.005772088722555053 0.9999802828707841 0.0014382161604071767 0.36827106457722786 -0.02651826119164364 -0.0015918166432613051 0.9996437953733176 13.333982084028156
0.9995474014557785 0.006418307861530028 0.029468402039643064 0.047811222642742235 -0.00640318415147422 0.9999774105252706 -0.0003635178063916471 0.36154878886191216 -0.02947599591431763 0.00017366877159836797 0.9995622163621659 13.84315055689553
0.999441865343557 0.005667486066583337 0.033001827743346375 0.06975035823937631 -0.005558257645184271 0.9999777974238494 -0.003181690910400975 0.3530480453448501 -0.03302487660325918 0.0029951552484870606 0.9994469854665866 14.369105725022562
0.9993975770884918 0.006248942425074258 0.034217957651476255 0.07779519824354612 -0.006131189921633098 0.9999739943689587 -0.0033394913237449757 0.35235720778674573 -0.0342435666250567 0.003126166419992022 0.9994054849162115 14.649702806933607
0.9992625902686144 0.007150689190287911 0.03781101502936591 0.09862536304562894 -0.007011515203757463 0.9999676939243077 -0.00364841759201381 0.3464923497354738 -0.03784140988373283 0.0033790319812003864 0.9992750915813408 15.204376574197306
0.999116334903501 0.009414117643121911 0.041037225678360455 0.1223094345397871 -0.009265548595737942 0.9999489694327018 -0.0036553282372752227 0.34341550100861584 -0.041074879779000255 0.003270245853219222 0.9991468904807497 15.805974490014629
0.9990767818695881 0.009928869718404917 0.04186772919305395 0.13456837108124925 -0.009792912442234104 0.9999450342428639 -0.0032980858773803685 0.3446225292447548 -0.04190352413315415 0.002883520584890123 0.9991136048889865 16.128131466524238
0.9988752479919059 0.011378778257533745 0.04610207190858547 0.16515035405057166 -0.011216859019061871 0.999929028374649 -0.003636467891519342 0.3388008048719572 -0.0461456283145366 0.0031139181187257382 0.9989259595330263 16.744893561110743
0.9987059089074749 0.014275968163518565 0.048887475000980014 0.19421352362020483 -0.013968121763512966 0.9998799741335974 -0.006507277960808629 0.3279256869399684 -0.04897959070897797 0.00581455501078758 0.9987793089456058 17.34127394063316
0.9986721577763206 0.014670040360994821 0.04945286268834672 0.21022301430066107 -0.01430683658012372 0.9998673598553783 -0.007560608862579525 0.3236882747309643 -0.04956268254106647 0.006842096806609236 0.9987436963497521 17.651598454557078
0.9984759171355081 0.015958013956511835 0.05289579899056536 0.2479355739269321 -0.015444164097098124 0.9998290149912241 -0.009987151049319593 0.3106640079404766 -0.053051669595500436 0.009153583966593014 0.9985458222437356 18.264751448401054
0.9981596062420209 0.019467918136841778 0.05748840082308418 0.28675710900712625 -0.018773744839860967 0.999743730498586 -0.012479184552921869 0.29736048875092946 -0.05772217212696163 0.011375425374123239 0.9982637451461877 18.89931549673817
0.9981108702752296 0.01973650257567287 0.05823008738066492 0.30732434331889613 -0.019042029571604717 0.9997400253960743 -0.012343503567949415 0.2945729163882438 -0.0584642896731718 0.011210133322260106 0.9982221277376 19.23805902333551
0.99793844694042 0.020824846988168746 0.060753134755211824 0.35104898568599424 -0.020353272333390914 0.9997563825799914 -0.008261679734415377 0.2921300494149166 -0.06091668342603198 0.007006891798443817 0.998114061361557 19.938512473378566
0.9976919858469331 0.02039441692039527 0.06481039597791119 0.4024475286668627 -0.020014201991917464 0.9997768445049172 -0.006407571717652893 0.28672126690028504 -0.06493288940918077 0.005094320079706427 0.9978723343392712 20.645440480406588
0.9976200380680951 0.020347366407953028 0.06593012093203801 0.428359318768541 -0.019965245052147657 0.9997786489421567 -0.006355035548269278 0.28263713941572777 -0.06605080346382984 0.005022111557758887 0.9977995823027119 21.02065037789112
0.9973764460882639 0.022910703109952423 0.06871497388536534 0.472958349524691 -0.0223743491300498 0.9997116901940182 -0.008473991800663574 0.2699926434864662 -0.06889528375697235 0.006912824137623997 0.9975956712010947 21.68931003366072
0.9971354327541915 0.023220693958260145 0.07202767855375353 0.5239334573451887 -0.022309029795423412 0.9996600072637423 -0.013349841140239939 0.25091477876899887 -0.07231932887322201 0.01170345214475721 0.9973084934517038 22.346718409591716
0.9968031135457207 0.01865200077281441 0.0777294007522664 0.606876292785485 -0.01738616314143247 0.9997045731293256 -0.016847644568645733 0.22904054261717532 -0.07802683521003502 0.015440980623458785 0.9968272617544749 23.299037611817607
0.9965733858668677 0.01980268103285339 0.08035025323027929 0.6624013703034181 -0.018452725959747212 0.9996756260372843 -0.017430922963644565 0.21280517397402937 -0.08067518350557236 0.015886989515154937 0.9966094961174078 23.990340593948257
0.9964685923384304 0.020909708555588928 0.08136059661486797 0.6902613450368735 -0.019527173884492006 0.9996508953558724 -0.017671356960390894 0.20579736991547487 -0.08170765493591366 0.016018673911021776 0.9965230508836184 24.353136838051626
0.9962124739234669 0.021925911682140434 0.08418609249547551 0.7511157250718697 -0.020574145814608914 0.9996448576270496 -0.016821897308871524 0.19419499191648845 -0.08453142675735706 0.01502483623789826 0.9963033454098307 25.069278365589877
0.9961805139165278 0.020960055454885225 0.0848010672633434 0.8121034422715019 -0.019724421978873127 0.9996857335239717 -0.015312241615175907 0.1846699312171281 -0.08510159446638402 0.013579596740983243 0.9962752507420131 25.768204207575465
0.9961885652776609 0.020208616915193583 0.08488625999958782 0.8419160841748864 -0.01901069635477067 0.9997067858878361 -0.014826048462416891 0.1804173955928606 -0.08516722373040508 0.01315423200770177 0.9962751718148545 26.139348473673003
0.9959226411278562 0.020235486636445192 0.08794163205043971 0.9131329847816424 -0.019265132002062552 0.9997421443230604 -0.011798188302941496 0.1722962810774655 -0.08816368645179708 0.010054571753398932 0.9960507888484055 26.93258252948736
0.9957497273625142 0.02079225178048495 0.08975170658366992 0.9818593505822267 -0.019923988029929812 0.9997438244854259 -0.010488927736950022 0.16428251160883325 -0.08995277369587995 0.008654878751457892 0.9959039613981948 27.705983721420665
0.9957671543048339 0.021028972014778352 0.08950201321128487 1.016959653534824 -0.02012978953318477 0.9997354099645032 -0.010865579477345977 0.15743219634790942 -0.08971292536603685 0.009016969323832384 0.9959222591597335 28.104613354580284
0.9958509161599444 0.020909689134170635 0.08859660505134402 1.0841244977369016 -0.019700580921296593 0.9996990079029446 -0.014429689413056408 0.14069392910814488 -0.08887750821034943 0.012623386011187199 0.9959582842208723 28.85613963661712
0.9958271402533937 0.0215579157881437 0.08870981484357883 1.1510976153283932 -0.02031805151163041 0.9996814627821788 -0.014785571883988264 0.12801136406903896 -0.08900633496636809 0.012920531024037259 0.9959429372615934 29.628820234030012
0.9958491415145423 0.021926587026346814 0.0883720533839493 1.1827444404778529 -0.020720391441089687 0.9996777697290623 -0.014474242623683839 0.1245702686067686 -0.08866694623053754 0.012582117859143377 0.9959776456960011 30.022211697743057
0.9958812357293405 0.022441115878922037 0.0878824592403933 1.2465993892103753 -0.021358194223688256 0.9996824934232246 -0.013176710441285952 0.11669262130881829 -0.08815601911333165 0.011244181157708203 0.9960391078948918 30.789527000715335
0.996027624273097 0.021913985542335514 0.08634186846101727 1.3121604610111628 -0.02082981412611321 0.9996905630910352 -0.013367476255502253 0.10459841531807168 -0.08661403528428183 0.01151486048338446 0.9961710851269701 31.57396065900119
0.9961415389913693 0.022095295795224103 0.08497429077236522 1.340690054516275 -0.021026962946361416 0.9996865413824848 -0.01337934418647454 0.09860760783932582 -0.08524898510930058 0.011539762369304063 0.9962886282759505 31.956790946723718
0.9963491114796902 0.021216380281160463 0.08273589464051007 1.3989234182169255 -0.02014779733704269 0.9997007984767003 -0.013658436637853235 0.08727656485805399 -0.08300670721566553 0.01194057025505015 0.9964732933928907 32.696683303446946
0.9965609866880608 0.021455949366062155 0.08007873471362421 1.4535615526652912 -0.0204566486222153 0.9997007305538126 -0.013205360896723724 0.07768100049653161 -0.08034385338393193 0.01152073849696599 0.9966963688799333 33.45354720509005
0.9967316308403202 0.02064650839681356 0.07813931127861982 1.478921938955404 -0.01968773377101868 0.9997192530731079 -0.012940115952277998 0.07373594474190566 -0.07839030785493953 0.011358461475819277 0.9968538003972961 33.84647481005419
0.9969765506798054 0.020511287941851083 0.07498183894867372 1.5284041630449636 -0.019574511553232896 0.9997189255609118 -0.013120130395011373 0.062283914544296916 -0.07523597008266558 0.011611993123197361 0.9970935996863256 34.60020252012136
0.9971655582146164 0.019741016396501897 0.07263661802437911 1.5767081390229851 -0.018778331934242356 0.9997244213011143 -0.013820268837062619 0.051464526289846754 -0.07289564076512751 0.012416828438776258 0.9972575332606936 35.33228454271125
0.9972760390744642 0.01955378166062444 0.07114954248261039 1.5995340737385226 -0.018655201285387387 0.9997351790725023 -0.013173193079571596 0.0491551036978303 -0.07139469368009108 0.011809865974985975 0.9973733877624946 35.72840584355244
0.9975572821942368 0.016496253666357853 0.06790776178188196 1.6484344526432297 -0.015775308085202704 0.9998106531225668 -0.01103438908308413 0.04408347266595679 -0.06808343969389719 0.009936298811782639 0.9976252656321261 36.521608466451056
0.9977275346873594 0.016245407074885976 0.06542585768387518 1.6959803897366539 -0.015734355157603477 0.999838777710907 -0.008210501014612528 0.04071985034937907 -0.06555528557648667 0.007162663295065627 0.9978185273997225 37.33232333104982
0.9978102134101574 0.016560542010227795 0.06407212418072064 1.7173782323342364 -0.016197977413559345 0.9998467003459173 -0.006060251100887209 0.042716138754024545 -0.0641691276760272 0.0050093674605616164 0.9979217078477897 37.75756115304471
0.9979409133664642 0.0158442282927516 0.0621765803889446 1.7684733965184456 -0.015619439249937882 0.9998658888468682 -0.003978306475517682 0.041781309563815865 -0.062237200365901246 0.0029990231123303603 0.9980515887220601 38.59462363976933
0.9981372556486813 0.014977493119202597 0.05916552804274345 1.8155228154223682 -0.0148276485097158 0.9998817147707301 -0.0028444917355308188 0.041455058623495314 -0.05920706296775939 0.001961682227747914 0.9982386906471855 39.42065990277085
0.998174003737137 0.015164490353655564 0.058498405480453014 1.8370134704296748 -0.015027332287385146 0.9998793987729788 -0.0026604577538741256 0.04133798802201009 -0.05853745503438356 0.0017759419671998509 0.9982785798198315 39.84973259071942
0.998249296608279 0.01570208815489148 0.05704888018112232 1.879029806707348 -0.015346388735819724 0.9998566707934763 -0.00654055153361994 0.028802090304664518 -0.057149101310220954 0.005653081666265173 0.9983444708830628 40.636174416301685
0.9983763193751567 0.016550725257506674 0.05453289935222495 1.917417563817191 -0.015805391201365402 0.999773547390451 -0.013938465693159128 0.005730504850315132 -0.054756745850042754 0.013053312323672885 0.9984091616365063 41.40910826051371
0.9984505530879509 0.018026926218858458 0.052676330382264214 1.9335260385724378 -0.01708932132406517 0.9996864252620408 -0.018057630543179236 -0.00704210600184401 -0.05299094987158416 0.01712901490347379 0.9984428022758792 41.81975003723523
0.9985443938046159 0.020150040537661455 0.05005943434082885 1.9620177871370663 -0.01888078079718393 0.9994905389111955 -0.02555322825010659 -0.0380684852938787 -0.05055460855986973 0.024570427322586547 0.9984134964568449 42.57566443226011
0.9988031056289982 0.019579718037308826 0.04484907395111676 1.9919114387405044 -0.018389497283207247 0.9994712632085161 -0.026632551027069438 -0.059950387347681176 -0.04535289425444723 0.025775969569937565 0.9986324567475542 43.35025469271504
0.998913540062549 0.01929406816493186 0.04244960480683667 2.0031460210678995 -0.01818715407260407 0.9994882947342946 -0.02613290548431176 -0.0686120472758471 -0.04293819301265515 0.025332465750105553 0.9987506325341502 43.755024539358075
0.9990633205217329 0.01977006004221838 0.038519884429308815 2.0249895637403625 -0.018939966125493122 0.9995824909616879 -0.021605989582368916 -0.08100037799067601 -0.038937064112553654 0.020855945328160173 0.9990181074728717 44.597972352403566
0.999169450182811 0.021354142114361402 0.03473731426649784 2.0461592595761084 -0.020809758673193835 0.9996546965064594 -0.01575013432639529 -0.08805213820152823 -0.03506776460067722 0.015014077579073522 0.999266281355028 45.501748885107645
0.9992320703117766 0.022061517677804694 0.032410701167512976 2.053432602185916 -0.021584728464982512 0.9996533772450624 -0.014763508083101617 -0.09098949732977125 -0.03273135164426187 0.014052516268199481 0.9993595047277103 45.94655301849126
0.999386315814043 0.02210227025537414 0.02719622430660187 2.0681475137244956 -0.021722911333580088 0.9996627253876659 -0.013897142330903275 -0.10116160852450796 -0.02750065418068468 0.013298115708593308 0.9995272529337854 46.78222364492197
0.9994627102131145 0.02363123021652972 0.022737078987176945 2.0777793107247065 -0.023225440935349565 0.9995702335323918 -0.01762963189691951 -0.1204817918848776 -0.0231504153722498 0.017092201354682746 0.9995797767044774 47.586555573312694
0.9994797671082937 0.024338797502476413 0.021178040324947325 2.079678706393538 -0.0239073657368202 0.9995084372192058 -0.020049465262629417 -0.13024848119275123 -0.021662327571127956 0.019532888340414264 0.9995680976215817 47.99629162849827
0.999498376440669 0.026188898342686333 0.01782590538549078 2.0831403090540377 -0.025725655944286115 0.9993433298153424 -0.025339307419766408 -0.15612855530149536 -0.01848447174583418 0.0248683170321704 0.9995136557663777 48.769534976965346
0.9995991978092299 0.02558207595814455 0.012165262474687506 2.089121263859268 -0.02523346082293994 0.9993011968356191 -0.02741011708888526 -0.1807759307677231 -0.012864781039885755 0.02709248354966587 0.9995439609064066 49.561408532514605
0.9996208753954334 0.02601235040352562 0.009077617742846496 2.0877782482541125 -0.025761864215257592 0.9993271712716103 -0.025932064676079284 -0.18690608803844141 -0.00975287963067769 0.02568863789987653 0.9996163695647036 49.99614791255176
0.9996532570307413 0.025926795975481712 0.004715182495756682 2.0824198229038773 -0.025820281460976837 0.9994625726646773 -0.019984231050615014 -0.192925457514787 -0.005237512525762573 0.019855882282056703 0.999783365688885 50.82202145691524
0.9996971963968585 0.02465751590491728 0.00010046914277732615 2.075350459725139 -0.02464548965500767 0.9995663693091948 -0.015859395960686883 -0.2006890774118161 -0.0004987811134803529 0.01585275007365604 0.9998688930555716 51.698539377937486
0.9996845158012985 0.025018058237737048 -0.0027463272832075015 2.066589321989246 -0.02504779547589025 0.9995782944037968 -0.014407623803541233 -0.20213035797157447 0.002377413287626417 0.014472478612172497 0.9998871615913583 52.15118015500567
0.9996373989906203 0.02590953837408607 -0.0075078497525159485 2.0479417223119265 -0.02598132684326681 0.9996014741290067 -0.010648413190669639 -0.2075172914342282 0.00722183925846092 0.010840646059672426 0.9999098097395783 53.04847931133394
0.9996089724160869 0.025257916524980734 -0.01207980175234174 2.0317665115742733 -0.02537408357014082 0.9996214765839208 -0.010199987179015753 -0.21634873061628324 0.011810408540202865 0.01050368230732972 0.9998698586084998 53.91105529208518
0.999596925932679 0.02517824220028318 -0.01321243070387343 2.019295017207518 -0.025308869243862872 0.9996214787177112 -0.010375073305230222 -0.22065893605307205 0.012939170875233493 0.010706384000496956 0.9998539200097067 54.35821066267445
0.9995223948370561 0.02655982798338447 -0.015869359609698184 1.9986110906373649 -0.02678924186597111 0.9995253083720155 -0.01491034723145908 -0.2389943701914126 0.015458243495949466 0.015329984963343316 0.9997572775938048 55.161251929533876
0.9994597728442977 0.027852803988631023 -0.01750884197219398 1.9793775932727562 -0.02818156579890866 0.9994124149868209 -0.01926717582462093 -0.2598037126553845 0.016954189143511423 0.019751830234925292 0.9996552520635108 55.948526516933036
0.9994441321503899 0.02804922468178669 -0.018065605814738733 1.967180572674092 -0.02839789436632481 0.999395803186838 -0.019787714903889163 -0.2680084524644525 0.01749167257970693 0.020291360582751675 0.9996348749584631 56.35719150448089
0.9994222133469948 0.027788895827951757 -0.019614710718348853 1.9461784986000021 -0.02815949488412409 0.9994119563797069 -0.01929497165365935 -0.2830261935531529 0.019058934331015305 0.01983787717388367 0.999615334984891 57.19603374924129
0.9994117896062761 0.027268251663034287 -0.02084261847775809 1.9245256785830196 -0.027618557043446654 0.9994670515744459 -0.017094364607227474 -0.2942949444882474 0.020357529574556457 0.017661963730902577 0.9996306312915696 58.03951672002761
0.999394387196637 0.027473417878938016 -0.021394926655346685 1.9106471573602177 -0.027823429359930235 0.9994691783911122 -0.016620828278346392 -0.2989738057541908 0.020918976597261614 0.017208020990969613 0.999626861023562 58.47791329141268
0.9993650125774632 0.027706767424367274 -0.022457720585891648 1.8864689226052755 -0.028042473158188724 0.9994869169190107 -0.01513111812668666 -0.30996778745619347 0.022019079043411233 0.015753171773077116 0.9996272259151601 59.34338108568409
0.9993491599184338 0.027432501249991536 -0.023480559267848884 1.8630236124655122 -0.02777846035083195 0.9994979180163648 -0.014877713187774231 -0.32281318128352143 0.02305286576689554 0.015522269079181202 0.9996074951019135 60.204229205848016
0.9993413911514484 0.02746105083240313 -0.023758698307975532 1.8515799958005246 -0.02780981978177528 0.9994968866470825 -0.014838704623404838 -0.32998042096886404 0.023331063672373347 0.015492156424021042 0.9996011272131299 60.66044766102473
0.9993442651331522 0.02682192728406385 -0.024361963599838478 1.830111178911654 -0.027172849696993604 0.9995187600146772 -0.014543338682887102 -0.3413091330325851 0.023951891807033415 0.01519807448525628 0.9995910003288911 61.497805500032726
0.9993458853894456 0.026156291077848625 -0.02502893254727698 1.806750343074007 -0.026497704980729283 0.9995490835071659 -0.013729340064465585 -0.3525604423213718 0.02465022102889235 0.014385893164748394 0.9995860591140397 62.37123803882249
0.9993394855637178 0.026086988245174234 -0.025350000092557962 1.7920796428524974 -0.026424978953000614 0.9995554753832975 -0.013412565497428666 -0.3570354842415269 0.02498050767099257 0.014075981556463156 0.9995823146237891 62.81654713920755
0.9993417953991988 0.02574295422883255 -0.025621543082108792 1.767935403736051 -0.026085340256722118 0.9995646338462767 -0.01341828126055889 -0.3698542437910471 0.025256942194394522 0.014079964228725133 0.9995755923014932 63.6821082932074
0.9993435501838206 0.02523909682026361 -0.026045040696970317 1.744027244425445 -0.02560579533691873 0.9995666859405338 -0.01414446392942224 -0.38554564035573796 0.025668635964365263 0.01480454527860506 0.9995543944390773 64.53930818260739
0.9993357923328773 0.025486361933646572 -0.02612526297656146 1.7285130602287415 -0.025858145833039255 0.9995584911240777 -0.014276223127638715 -0.3924712690308736 0.02574205393088135 0.014944501939478981 0.9995506784992757 64.98759444524204
0.9993428660291392 0.0247985776423887 -0.026516438497709998 1.7035376634335337 -0.025179391470810674 0.9995742159030471 -0.014405070040873024 -0.406624916534115 0.02614007094843432 0.015065382078853183 0.9995386169936308 65.85814084208731
0.9993355016763855 0.0249150731210134 -0.026702201293574663 1.676671172612883 -0.025303419711941035 0.9995694890143697 -0.014567173940885672 -0.42126990114303103 0.026320291769862975 0.015234804977699782 0.9995318309944667 66.73606468375222
0.9993276409410887 0.025321669383662895 -0.02662974800871482 1.661085976956803 -0.02571620850496948 0.9995554380782262 -0.014823723974859636 -0.4286849437372045 0.0262354106804788 0.015499789141561306 0.9995302651309211 67.18953682186687
