1.0 0.0 0.0 0.0 0.0 1.0 0.0 0.0 0.0 0.0 1.0 0.0
1.000000238418579 0.00024247169494628906 0.0004989504814147949 0.0005023679696023464 -0.00024306774139404297 0.9999997615814209 0.000904470682144165 0.0028150894213467836 -0.0004986226558685303 -0.0009047389030456543 0.9999995231628418 0.857290506362915
1.0000000873163675 0.0009475735543720276 0.00034006671311459513 -0.0023943029508176616 -0.0009484336986291808 0.9999990542803223 0.0013650147045360939 0.007482945106896788 -0.00033851217240865594 -0.001365744766979482 0.9999991858043176 1.2940289213581868
0.9999998890321081 0.0011633177139593414 0.0003229451902473445 -0.004126969004790551 -0.001165157267261572 0.9999891579882851 0.004621970593479275 0.014628091991578962 -0.00031732473311780253 -0.004622486941625626 0.9999896184909575 2.1797400257138433
0.9999995032492666 0.0013915440362572385 0.0006912137064038356 -0.006211225938328114 -0.0013976374167599278 0.9999652087421619 0.008287905473064443 0.024759555316000013 -0.0006794251745978249 -0.008289040464482776 0.9999656408878864 3.071498794862479
0.9999996032293907 0.0013090211849823771 0.00045408301793306127 -0.008831619414222936 -0.0013135617220536291 0.9999590110122468 0.009021063868691757 0.03140067539618404 -0.00044206775705419335 -0.009021826493603155 0.9999593704211217 3.529692843279569
0.999997773865918 0.0021981757462714445 0.0008691348827006213 -0.01220743546349011 -0.0022068883329448234 0.9999531699388043 0.009472124255163372 0.04082487630077293 -0.0008480087069345293 -0.009474118329225407 0.9999549935199582 4.449079416749104
0.9999926312489602 0.003873452183547867 0.0009714939606788425 -0.016036872232445994 -0.0038828964961555097 0.9999508281141583 0.009208819019582759 0.04798342085183275 -0.0009351295064525936 -0.009212951616255174 0.9999578756362293 5.336457822797845
0.9999885269976962 0.004828141486448994 0.0007763645672364248 -0.02094208385025479 -0.004835736400548578 0.9999460072633892 0.009259639590440264 0.0539171063122595 -0.0007310470665022031 -0.009263576368847322 0.9999572394038997 5.798803990314731
0.9999768503100962 0.0068623068278119564 0.0007092534659320191 -0.026844855930300164 -0.006869605929858673 0.9999302951609493 0.009637100405778563 0.06413254321916037 -0.000642463229067704 -0.009641905646040743 0.9999537364519927 6.696256945771124
0.9999409604577958 0.010910768141833465 0.00021264272674208066 -0.03353680007206939 -0.010913179988161716 0.9998872461466497 0.010351100248028884 0.07499389208164578 -9.903890992845916e-05 -0.010353062659224662 0.999946968637293 7.592044514761709
0.9999301855204553 0.011857658623169164 5.828465799379939e-05 -0.03855341967194898 -0.011858352405800356 0.9998742025063835 0.010580296018619196 0.08199158734605046 6.772505521053428e-05 -0.010580294001379506 0.9999445095336362 8.044953993190246
0.999919912232236 0.012683085359128012 0.00020360508611835896 -0.042986877720332564 -0.012685233456262405 0.9998629813168086 0.010680319274418083 0.0912945932082309 -6.774675316291513e-05 -0.010681794989644137 0.9999434428010701 8.9372593761344
0.9998583690779251 0.016855612372068177 5.27333917339174e-05 -0.052201048186854934 -0.016856130265511252 0.9998255447253684 0.00810512543063116 0.09311331222544393 8.407850392257612e-05 -0.008104372768080036 0.999967282588001 9.796105553864075
0.9998200922332469 0.018998988981874312 -4.297631136611929e-06 -0.057234220407570695 -0.018999131800252155 0.9997962199052308 0.006905737325623709 0.09426799914335555 0.00013560391825516728 -0.006903830194110712 0.9999765296537486 10.234219381058335
0.9997639372044658 0.02174596227644752 -0.00043721059244186986 -0.06492206814786347 -0.021744485659425185 0.9997546734571761 0.004258681087751029 0.0925543790954883 0.0005296325304303775 -0.004247200772065737 0.9999905148798216 11.044233154202225
0.9997488330309863 0.022431974606890434 -0.0005924087186317984 -0.07123344751626463 -0.022428672404158547 0.9997305096698289 0.006002768699619651 0.10047643792551582 0.0007269114893609485 -0.0059871795987908975 0.9999817098288374 11.901050689927372
0.9997536898145787 0.022212642855192255 -0.0007198233270571978 -0.07313347631722324 -0.022205725494046823 0.9997104427224017 0.009282442150753623 0.10987422854517279 0.0009259706608207753 -0.00926329845077584 0.9999568233664464 12.364886976095509
0.9997021667347824 0.02437891694049954 -0.0015345884741310013 -0.0768607112991114 -0.024347135818809127 0.999532811913873 0.018481561927504192 0.13658839495667152 0.001984600322418888 -0.018437801370337716 0.9998281718792118 13.252802651128388
0.9995850880538567 0.028760849210652948 -0.0019883938265470628 -0.08233495175938586 -0.02868063251062207 0.9990466747055242 0.032913486720973856 0.18135655556060992 0.002933295808262679 -0.03284192135538476 0.9994565107561094 14.195076404894309
0.9995798755081893 0.028956078799134408 -0.0021605638120875416 -0.08775810629786432 -0.028854858708881582 0.9988721203371947 0.0377284766001973 0.21016237673149052 0.00324997058240578 -0.037648617113284405 0.9992868733097359 14.680727253653808
0.9995920300739807 0.028530909292096254 -0.0025684519192459695 -0.09392253765380844 -0.028408122866731316 0.998807531800576 0.039741311007117794 0.24820142243312707 0.0036978729619162763 -0.03964959232305717 0.9992084487077515 15.607055158053736
0.9995427483861117 0.030223262809084227 -0.0026972542420491932 -0.10422679412912567 -0.030140803660328192 0.9991780748379775 0.02717800553452626 0.25262841686371185 0.0035159379875591007 -0.02708230598188388 0.9996296798816772 16.449465712602624
0.9995330143294273 0.03055158288514982 -0.0025562044050457203 -0.10899180510247841 -0.03049352591523649 0.9993187482370267 0.020885564187023344 0.2504475351243836 0.0031918875803865713 -0.02079560498056568 0.9997810931938388 16.873422280207016
0.9995218993869367 0.030901243463069997 -0.002893305970164034 -0.1134278806648107 -0.030855351188337474 0.9994084976380452 0.01534059942109818 0.2520171692796598 0.003365393431780248 -0.015241590303447568 0.9998810306132164 17.667181010030383
0.9994958262073749 0.03175730867014834 -0.0025965052332225726 -0.1189398610409387 -0.031700138545185816 0.9992927604960525 0.020336600444394375 0.2748537644631106 0.0032402751286724216 -0.020241593111114238 0.9997926722117063 18.5247891066572
0.9994860581136273 0.03207516269607759 -0.0023919025934976447 -0.12349604905916908 -0.032010468088908825 0.9991995628804173 0.02408123677269011 0.291610943077653 0.0031623518870798244 -0.023990084802429312 0.9997098893686156 18.995131593633385
0.9994745500611747 0.03246589880565056 -0.0016287463006286365 -0.12777172906479786 -0.03241036855980349 0.9990935485075165 0.027658660767255698 0.3170468759496682 0.0025257106571346783 -0.027589689243947273 0.9996182751450297 19.870493114367218
0.9994750865271375 0.03245937918134164 -0.0013568693954795195 -0.1307167462496505 -0.032409438264257934 0.999072444316239 0.02840911682808999 0.34130560869560567 0.0022781117358196155 -0.028348593508801 0.999597656744061 20.7571930897102
0.9994706376933044 0.03260671708874892 -0.001368213783891155 -0.1349718981808072 -0.03255606123112069 0.9990615684013238 0.028632645943902166 0.3545482788558226 0.0023011153082098017 -0.028571573473539297 0.9995914081188213 21.197313708992834
0.9994615791991759 0.03288876078717376 -0.0006601779135890692 -0.13821520234441442 -0.03285761316501683 0.9990467072640331 0.02879165244457719 0.3782589168649453 0.0016066811916664735 -0.028752630914547935 0.9995872865530393 22.069155886043784
0.9994339136522847 0.033726230852723034 0.0004300810058789135 -0.1411234887108209 -0.03372596623107329 0.9990194961179614 0.028729265231824643 0.40134353856444727 0.0005393799075254526 -0.028725623387029033 0.9995892074331542 22.933138219337287
0.9994257213054542 0.033947856065022174 0.0010232263266963123 -0.14380973422855695 -0.03396404941975269 0.9990141984183668 0.02861289779755926 0.41292277989617593 -5.1081762653890366e-05 -0.02862890723014466 0.999591759960729 23.370311230250195
0.9994134562531023 0.03427930823539392 0.0016619419365251399 -0.1406267061437076 -0.034313491308801805 0.999005496945053 0.02849734484371904 0.4352852772786959 -0.0006836613021034997 -0.02853534987387482 0.9995939364085 24.232396778307738
0.9993920264878637 0.034838731541789084 0.0025770449230737443 -0.13833235950784628 -0.03489895421856208 0.9989842695752054 0.02853179097287653 0.4595060347361742 -0.0015806912621307316 -0.02860228058436214 0.999591075054684 25.1078880922976
0.9993855992342054 0.035010927512869106 0.0027875308719176608 -0.13812938634748453 -0.035077332460743835 0.9989744367459158 0.02865786275135319 0.4728714243447411 -0.0017815726075998508 -0.028735953709229115 0.9995869340826298 25.551438558644474
0.9993731871973414 0.035298984129706126 0.0036555355953075816 -0.13650832753030187 -0.035391052913865004 0.9989591074520473 0.028816568774682947 0.49714832772653983 -0.0026345179454599623 -0.028926177794705 0.9995797250711027 26.445450870901567
0.999355221609396 0.03574086073241072 0.004202826410945456 -0.13497998073375156 -0.03584957378169832 0.9989309032810607 0.02921458455788963 0.5224776776655046 -0.0031544152134744888 -0.02934444966993069 0.9995658325635737 27.331867842719795
0.999346609530668 0.03596924168154896 0.004417483152409781 -0.13531763775557282 -0.036085457916468715 0.9989160218030737 0.029450517509652666 0.5363756370646428 -0.003353270773035016 -0.029589103188553786 0.9995582732509413 27.775645156619902
0.9993389312615404 0.036134509579155004 0.004854111180928168 -0.1327089066627033 -0.03627172269573925 0.9988450972079522 0.0315628702984515 0.5665582239452255 -0.003708279308345764 -0.03171599629413828 0.9994920818879912 28.717947126182285
0.9993204090200308 0.03659475389039955 0.005282925906385365 -0.129937566068146 -0.036756009937727346 0.9987427263415783 0.034143629412575476 0.5986878796045638 -0.004027390759132028 -0.03431209630132561 0.9994052267277508 29.643973585376344
0.9993257961254589 0.03646782269184024 0.0052312083549994545 -0.13012642241291936 -0.03662895020416478 0.9987370325523485 0.034450719589555916 0.6148156447888399 -0.003968630457108324 -0.034616664056274636 0.9993950094522955 30.096570503883658
0.9993144609795819 0.036636782690444215 0.00606306448146832 -0.12639304403381463 -0.036825333085219986 0.9987352470839536 0.03427925660182937 0.6415008353527758 -0.004800264893869007 -0.034476406195170284 0.9993957897827065 30.975557529054463
0.9992995228660864 0.03698640799971775 0.006354565121620217 -0.12292662388457765 -0.037185758246194904 0.9987131677464072 0.0345180029330534 0.6709786605178971 -0.005070719189858458 -0.03472715868548788 0.9993855941556717 31.864027584219933
0.9992970940921023 0.037064971217155594 0.006315399281111181 -0.12308625883275066 -0.037264759719417645 0.9986995879164419 0.03482940245310528 0.6873358494995433 -0.005017041487593133 -0.03503742941700027 0.9993750886134963 32.30810138433184
0.9993007170157934 0.03698991731414762 0.006257216880371828 -0.12039004233428727 -0.03720285140035594 0.9985928054346948 0.03783848317479816 0.7219501488148955 -0.004850255666279631 -0.03804122461468846 0.9992667176680345 33.20638249241022
0.999271955084688 0.0377529263710459 0.006248600056025517 -0.11786902074914635 -0.03797838199504204 0.9984523499567249 0.0406642008526523 0.7586142376656164 -0.0047049336779182195 -0.04086849460286181 0.9991554276214872 34.101711035324044
0.9992602181464615 0.03806580023198195 0.0061960270294557146 -0.11826148903530734 -0.03829028784977066 0.9984297283056609 0.04092857879195983 0.7778999260315502 -0.004629439634248505 -0.04113210371518188 0.9991449975196122 34.558186180547
0.9992415672097528 0.03849636663123519 0.006480002085188735 -0.11474514715080865 -0.03874418308764083 0.9983066839789506 0.043424176827034956 0.8178977381615171 -0.00479829039929655 -0.04363901051200087 0.9990376749582961 35.47877150085257
0.9992219422123425 0.03900188951189938 0.0064503853070835455 -0.10808502092513217 -0.03925834114686721 0.9981875185899591 0.0456457234158801 0.8609725295701586 -0.004659236195527663 -0.04586023180884187 0.998938687143411 36.39944610103253
0.9992172809796009 0.03911940802525551 0.006427708293924409 -0.10597647968381313 -0.03937634716115134 0.9981612663613478 0.04610271936925893 0.8840137178022345 -0.004613448736167528 -0.04631605890899697 0.9989177142389593 36.8549965714386
0.9991972096978805 0.03954042358088475 0.007019027112031698 -0.1010708679360247 -0.03982676947873539 0.9981255185515056 0.04649712708428972 0.9253035524689012 -0.005168193646299739 -0.04673596816173861 0.998895826461415 37.76218637299285
0.9992100772526974 0.0392217761083019 0.007015783864266598 -0.09396462393159266 -0.0395052406483631 0.9981677295543059 0.045873899616308986 0.9613844994129656 -0.005204194183651546 -0.04611177600566164 0.9989250962728433 38.642369992801626
0.9992065250616095 0.039283793717082835 0.007158851289858308 -0.09325154882755916 -0.03957332982362307 0.9981674636171998 0.04581842228141115 0.980198441269405 -0.005346485914594919 -0.04606219671246117 0.9989265195949076 39.07980107956968
0.999185525321041 0.03982098950225118 0.0070671810957119 -0.09132801767601259 -0.040104775812925715 0.9981537232351132 0.04564598592397083 1.0175599436522171 -0.005237350193318067 -0.04588885620312381 0.9989347870081093 39.95038657272877
0.9991882547274235 0.039769248462256414 0.006990254483429855 -0.08725289270571021 -0.04005102171574701 0.9981420570429537 0.045945634686440466 1.056387031185769 -0.0051509792910302875 -0.046184897087287624 0.9989215802491269 40.82150990026714
0.9991849614084835 0.039878470195866426 0.006807377228816432 -0.08792948976172782 -0.04015277183222041 0.9981246954577402 0.04622375036436536 1.0785266011644694 -0.004952381371833261 -0.04645571657434234 0.9989097110340479 41.27892482757674
0.9991922269173646 0.03975171013630985 0.006417998914960888 -0.08540403577132942 -0.040012956969933754 0.9980760868516622 0.04737491801606576 1.1206699765343509 -0.004523667922022175 -0.047589583682876246 0.9988583836188824 42.16297254645187
0.9991759385063255 0.040234260901671724 0.006005080267162878 -0.0836563587196128 -0.04048175450177185 0.997984801338772 0.04887923047730772 1.1641672740273363 -0.004027526925582018 -0.049078330069520316 0.9987885012129785 43.04684866821322
0.9991621547062113 0.04058444169682846 0.005971795049141987 -0.08534919685466957 -0.04083041460699839 0.997964884635557 0.04899467504279441 1.1862262828085108 -0.0039723381699264875 -0.049193802671562634 0.9987829924156034 43.4902227038097
0.9991683519825882 0.04050303299589776 0.0055271926508215176 -0.0830199554346371 -0.04072905497428025 0.9979489873806011 0.04941483560868424 1.2299694613769334 -0.003515234463466465 -0.049595552991091564 0.9987651612801561 44.40361530506907
0.9991928917714462 0.039911293465676206 0.005415509564716544 -0.07964747151515486 -0.0401336426730539 0.9979585126153003 0.049708515927014904 1.2708722835603434 -0.0034214714003729632 -0.04988233937475626 0.998751190546327 45.2611014632425
0.9991868533995721 0.04012448712590492 0.005023112307520031 -0.08085652754030105 -0.040328457538536394 0.9979324813810952 0.05007382411864051 1.2938769725904704 -0.003004252163458945 -0.050232518220428235 0.9987351381222689 45.706716577335136
0.9991773818156464 0.04037318650002833 0.004783873190875316 -0.07926105625212031 -0.040566517450342815 0.9978816355123481 0.05087870538296224 1.3389976905099452 -0.0027207834414174096 -0.05102731176543582 0.9986952731844334 46.60756392153104
0.9991570322059753 0.04090231939127521 0.004403760878387807 -0.07816775017675423 -0.04107841451562185 0.997784931060782 0.05233403667227959 1.3843755868263026 -0.0022550755278834857 -0.05246697479165548 0.9986215845207042 47.481333003205975
0.999156655775129 0.040966609066176066 0.00375019964685118 -0.07646574541371125 -0.04110862585277093 0.997758260916986 0.05280959913070306 1.4089916217701604 -0.0015803097014723344 -0.052914931670186564 0.9985990694351317 47.92938216044668
0.9991457303884512 0.041289960845245305 0.003065667139367678 -0.07560887063157014 -0.04139564162150501 0.9977341415711711 0.05304663245496947 1.4539032494143702 -0.0008701986673640773 -0.05312387021737485 0.998589047514097 48.785690583905
0.9991388568979827 0.041459800721434854 0.0028728887705957765 -0.07452530053642763 -0.04155569189931863 0.9976381872095036 0.0546945020893009 1.5030850027561942 -0.0006002380405144381 -0.05476246385494789 0.9985004378207253 49.6876591896213
0.9991302940250127 0.041678819482185415 0.0027276571153767326 -0.07621227780891088 -0.041766934257914196 0.9976088930859002 0.055072787560896716 1.527298681236552 -0.0004273490772912934 -0.05513463903981476 0.9984803750646253 50.120627872901345
0.99909490078565 0.042502097730452035 0.0030239427208988974 -0.0768224475593646 -0.042605196431994896 0.99759410957524 0.05469795605592521 1.570124955801922 -0.0006933471526633199 -0.054773304047701483 0.9985004769451596 50.9680694984434
0.99905737729441 0.043377966810274914 0.0031078592124738837 -0.0768327634038624 -0.043483971057852296 0.9976033691954967 0.05384112034356807 1.6108685231160458 -0.0007658890387144291 -0.05392179047501354 0.9985473957717313 51.822281318899535
0.9990466176181141 0.04361698516022066 0.003230575295428413 -0.07845984484168975 -0.0437291768666059 0.9975984802222392 0.05373256660024672 1.6325664606254122 -0.0008801065862831937 -0.053818855207401005 0.9985528664984008 52.252306578055965
0.9990321360643266 0.04394460656785801 0.003394453622762374 -0.07926023250732235 -0.04406544883571608 0.9975740961702475 0.05391580899269686 1.6770515307085634 -0.0010177006681792982 -0.05400973507098816 0.9985427152237057 53.10187483851387
0.9990150613382461 0.04433931467147957 0.003379148771885806 -0.07937382082563497 -0.04446057764272263 0.9974633282487323 0.055615905461379754 1.726143704636807 -0.0009053086723174139 -0.05570789989736531 0.9984494248611829 53.9840896317633
0.9990047965613775 0.044591337324720724 0.003241343854914837 -0.08190039859711307 -0.044705436174949716 0.9974289914946032 0.05604044905827132 1.7521823659363154 -0.0007343921903649113 -0.056126364984690945 0.9984264834329593 54.427277055430615
0.9989880281363781 0.044954323522876795 0.0033249321462319853 -0.08233605004310404 -0.045073093926208285 0.9973646348981795 0.05688588331875563 1.802441784919834 -0.0007592827847034853 -0.056975238593971134 0.9983782240030039 55.318748615613934
0.9989601261024758 0.045555968421099866 0.0034651922819021923 -0.08323586534799203 -0.045682669023030115 0.997273587557427 0.057982328043572805 1.8513176719093898 -0.0008147579172930839 -0.058077523861643957 0.9983144503481326 56.16678952139618
0.9989570689027485 0.045637320446006685 0.0032775240200600573 -0.0846251393768071 -0.04575318890851905 0.9972531646543157 0.05827784107683621 1.8769141476873332 -0.0006092347855060133 -0.0583643862875831 0.9982979391178949 56.600407008754566
0.9989473413687456 0.04585197933573207 0.003219493274267191 -0.08452136148813925 -0.04596476370173328 0.9971615486768305 0.05966112258201763 1.9282198072212418 -0.00047527461047117673 -0.05974350339977402 0.9982166045803869 57.47276007965237
0.9989576739099968 0.045650497632900695 0.003025729853689489 -0.08248628318249179 -0.04575255162149922 0.9971583197127267 0.05988643064500704 1.9776575922282655 -0.00028356854248347057 -0.059960010329474164 0.9982041222950121 58.34555433225991
0.9989413389176106 0.04600718891501459 0.0031541954996069147 -0.08374055890475422 -0.04611623256717591 0.9971739011646777 0.05934689027402782 1.999001417434322 -0.000414982491122649 -0.05942733269856638 0.9982361010078155 58.765304829368965
0.9989522688544068 0.04579737006177603 0.0026595754001610193 -0.0786404069857658 -0.045877423173230146 0.9973524331272595 0.056462305705039094 2.0370966541083355 -6.68019805430277e-05 -0.05652293831540291 0.998404972697842 59.56001588928073
0.9989492562333651 0.04586805744793311 0.0024881784273817036 -0.07569892175474988 -0.0459380333942343 0.9973899408509446 0.05574110224022355 2.0774368881880974 7.45114645592741e-05 -0.05579436663650155 0.9984456765242659 60.36401938671615
0.9989309267999176 0.04627347558197833 0.002374623022141418 -0.07726033541147284 -0.04633638388248133 0.9973471641289711 0.05617624243599868 2.101709836344082 0.0002306379371175438 -0.05622358972013281 0.9984216078536102 60.77188442525334
0.9988749869462262 0.047420128906622505 0.0031883857181788777 -0.07751179230013258 -0.047527722680916096 0.9971934303142528 0.0578859734625018 2.1494116224473685 -0.0004348605115637819 -0.05796971533323282 0.9983218062038777 61.595741384872916
0.9988930753936827 0.046999862630183936 0.003677480656164414 -0.07412862550663009 -0.047137072099631035 0.9971462622727083 0.05900082989775812 2.1957329116458593 -0.0008944519034797626 -0.05910634745867682 0.9982548870304415 62.397797702732134
0.9989454570986047 0.04588381961663702 0.0035398408244450012 -0.07514223188115575 -0.04601508103753538 0.9971542676513424 0.05974319555038009 2.2218171852445145 -0.0007891655741561769 -0.05984059964102228 0.9982110413017621 62.81035113175825
0.9989603452827377 0.045543992019225404 0.003808591275523687 -0.07442851425472272 -0.0456921709380193 0.9971639966842951 0.05982955317759875 2.2665001380847105 -0.0010734706442889139 -0.05993905353484822 0.9982049197452243 63.59703961273162
0.9989251546812224 0.046258308931772976 0.00442977180888105 -0.0737247426699119 -0.04644306099212729 0.9971155172705156 0.06005983842254839 2.3130444814736557 -0.0016392476371190675 -0.06019880118302907 0.9981887471147749 64.40676025530765
0.9989102591453854 0.04657453162236137 0.004449140399874359 -0.07562740573418297 -0.04675973872891925 0.99709513718902 0.060151287104711536 2.3367027005102354 -0.0016354742673049191 -0.060291384732498295 0.9981831589533952 64.81181218780996
0.9988956850144436 0.0468995632178052 0.004369091088704613 -0.07570765196871275 -0.04707935175685695 0.997092142236032 0.059954505258901926 2.381213761931163 -0.0015450309242904302 -0.06009180662904782 0.9981956125065188 65.61436065026352
0.9989854349498365 0.04496308686537621 0.004305675816228274 -0.07300226889189071 -0.0451501332924049 0.9968756218145204 0.0648444371629626 2.4425184232134467 -0.001377599056966653 -0.06497060198074739 0.9978903122991362 66.48488077334211
0.9989612654655778 0.0454929957050409 0.004307579297357297 -0.07604411230191425 -0.04568497733106568 0.996513982147372 0.06983051488750126 2.4858617252863917 -0.0011162402773216206 -0.06995253089820985 0.9975529311171697 66.96514624457734
0.9986689838376389 0.05138950972350928 0.005577418650820832 -0.07896641128938586 -0.051670861566051704 0.9955958879755337 0.07824497071701014 2.563053020759982 -0.0015322740258388106 -0.07842677419564877 0.996921806966391 67.89169462400966
0.9985218569368843 0.054189696723932756 0.005398218958755843 -0.08181816959190004 -0.0544402361525685 0.9959143311337656 0.07207098128180012 2.611250645402688 -0.0014714615654303682 -0.07225612789125055 0.9973878833206941 68.75660724842012
0.9984306452266589 0.055947570067253656 0.004260991617331293 -0.06911818370641866 -0.056064479918610875 0.9978216437465433 0.03481435212068426 2.6025602043838605 -0.0023046412717555695 -0.034996796227238794 0.9993878208533467 69.80297164513325
0.9983216600181731 0.05783442906076743 0.004665174120467482 -0.07016309850658486 -0.05793819500877425 0.9979886161144302 0.025797211371291373 2.613363426117007 -0.0031643946837326097 -0.026022666212562467 0.9996597046968008 70.52696266026724
0.9982783700854976 0.05854744072901071 0.004950216310151812 -0.06883544071648212 -0.05866347812015952 0.9979025432003613 0.027414876390495266 2.6288261746154533 -0.003335532731301359 -0.027656389245266602 0.9996152000496495 70.94978874169789
0.9981148760009401 0.061309229116952156 0.00446902871647863 -0.06837761630574653 -0.06143990455219211 0.9973353994561454 0.039371605420970644 2.6752509893465595 -0.002043960434198815 -0.03957018307097188 0.9992181291757577 71.75529006262757
0.9978729965117826 0.06511486281631816 0.004626358247490981 -0.0695712086779408 -0.06526955950898572 0.9965138606818599 0.05198922486078924 2.7309960753104283 -0.0012256919840257208 -0.05217871673360448 0.9986401673259225 72.57462144280379
0.9978641269716712 0.06522204916921107 0.0050169002162464066 -0.07060402171211629 -0.06540298180203068 0.9962838940346883 0.056071663104561006 2.7618253024865296 -0.001342016790236748 -0.05627797869812235 0.9984175954990238 72.98405096129359
0.9978428283653629 0.06558402109435935 0.004542953308828384 -0.0686312710629791 -0.06574278971300733 0.9956762834194155 0.06565496599277261 2.829955756784201 -0.00021820631029309556 -0.06580974707585906 0.9978357017944716 73.84337110374548
0.9979083664139736 0.06456209611608484 0.004737760263620155 -0.06785235249340314 -0.06473717436703706 0.9954602830121161 0.06979822088276808 2.8922135627339975 -0.0002104797241353372 -0.06995660641143567 0.9975534258924318 74.68662789966814
0.9978678738787378 0.06516821080483158 0.004956206570371507 -0.07181585269373059 -0.06535705254856897 0.9954427216081715 0.06947101831796867 2.9193535076065498 -0.000406817263227673 -0.06964456264183058 0.9975751623578285 75.10633042621083
0.9976730670477102 0.06808250665244696 0.005039814681582871 -0.07727449697018118 -0.06826882436320299 0.995461210841455 0.06633298770035305 2.9636865412841833 -0.0005010519483342023 -0.06652066554852568 0.997788792231321 75.88943540970864
0.9975692574553403 0.06962830941338535 0.004418438722669506 -0.080519480444519 -0.06977016201734332 0.9954813915278565 0.06443863655744428 3.0066670595605673 8.813849362286711e-05 -0.06458819191992485 0.9979157140141797 76.65176686706567
0.9975656974636975 0.06970494546844361 0.004114577826608139 -0.08377431016860251 -0.0698275338164229 0.9954959561842054 0.06415546359221028 3.0320017576371345 0.00037620154963134884 -0.06428479108824028 0.997935702777025 77.07399028973944
0.9976777297141016 0.06810776133344547 0.003716515059444704 -0.08371565178224777 -0.06820867564827474 0.9956687160224714 0.06321249808354355 3.077532046925159 0.0006052366224807976 -0.06331729165016696 0.9979975462111785 77.85446372020806
0.9979344272050731 0.06422857571793092 0.0038590593522071946 -0.08131987659980842 -0.06434656007345399 0.9960441936549973 0.06131722339596775 3.123985335728819 9.498430437544558e-05 -0.061436982573112 0.9981153263588578 78.64772106617107
0.9979958619460216 0.06325725478986399 0.004076263302806802 -0.08336270106905863 -0.0633905172674921 0.9961459406530239 0.060660039379130885 3.14716198248537 -0.00022281604688247116 -0.060795153689132526 0.9981546197211756 79.04212353856424
0.9980141392548312 0.06297967354589501 0.003907924091206924 -0.08259204157994611 -0.06310292671737076 0.9962618360668272 0.05903757840417271 3.1882477979353583 -0.0001745316702226931 -0.059165429519949596 0.9982526517690727 79.84312490114
0.9980544881949674 0.06233860948655297 0.00390931956317414 -0.08137777766904052 -0.06246267196544471 0.9963324197785443 0.05852066713021932 3.2301267871483224 -0.00024643941306802715 -0.05864924888382495 0.9982829775957694 80.6261941044286
0.9980535173150952 0.06235239612376519 0.0038931298163749142 -0.08318925928118599 -0.062475311457834595 0.9963496372346452 0.058206075375957095 3.2509240313932857 -0.0002492771438152706 -0.05833398082699374 0.9983012435732923 81.02442846176795
0.9979906571260057 0.06338115554789107 0.003426229245026423 -0.08095094855666164 -0.06347546615681635 0.9963881640991529 0.05644065823046989 3.288862332059179 0.00016375858322086463 -0.05654260809836077 0.9984044421419079 81.81352609484753
0.9979864314558462 0.0634450663908958 0.0034448255212021065 -0.07811315943191942 -0.06354019754949385 0.9964287888098838 0.055641037315080126 3.3263000092945227 9.779176974102503e-05 -0.055745615934689546 0.9984491027379704 82.57312251595647
0.9979708033124686 0.06367941070957112 0.0036563775647744956 -0.0779844436908723 -0.06378601027857397 0.9964370936688238 0.0552114786621334 3.3455345213059324 -0.00012721726794486015 -0.05533046573218735 0.9984722506638933 82.96516432964192
0.9979046282985935 0.06472739596713635 0.003390541238958849 -0.07714391645226185 -0.06481795692486887 0.9965095804850989 0.05263961586450469 3.378245426240307 2.882357079806763e-05 -0.0527468181230797 0.9986122098201059 83.73153276818046
0.9979471421875036 0.06404985896264981 0.0037769575777006265 -0.07412267611891371 -0.0641617809384977 0.9965804340264571 0.05210194383718507 3.41441783527361 -0.0004265447240881871 -0.05223517469083757 0.9986390601676055 84.49966845553537
0.9979376427869839 0.0641880251974006 0.0038988918520964006 -0.07604486447679394 -0.06430607389760737 0.9965602409222731 0.05230592548937335 3.4359692114771847 -0.0005278189848983859 -0.05244644087385946 0.9986277183011336 84.89662530764859
0.9978556494101763 0.06541920836108922 0.004330446274644529 -0.07733019332063501 -0.06556083372587984 0.9962776083086428 0.056000221187443265 3.4837145702511267 -0.0006502115814078005 -0.05616215457233183 0.9984252592245747 85.70741096055032
0.9977993951370612 0.0662270834794321 0.0049891992003575384 -0.07637314769600045 -0.06640903129671633 0.9959937154770049 0.059913061871649756 3.5341670222703256 -0.0010008264606344245 -0.060110607333475674 0.9981950020596541 86.51820615221253
0.997791923663675 0.06634840897690979 0.004963885505785333 -0.0777240003813723 -0.06652917132021538 0.9959742889590306 0.060114516728723526 3.558409262189501 -0.0009545559378695276 -0.060310712841499914 0.9981832760844378 86.92000070763912
0.9977172781144621 0.06748043181446271 0.004770377866053803 -0.07937375221448145 -0.06764675753904327 0.995975301987413 0.05883953661043712 3.599179976657543 -0.0007793955930478797 -0.059026871937555306 0.9982605439824704 87.7052611448888
0.9976261547370523 0.06883547728926223 0.004473323783909654 -0.07947565558278351 -0.0689800999214198 0.996076349316686 0.0554860167914589 3.6330519457237656 -0.0006350490872150578 -0.05566166577083898 0.9984538335644988 88.46810647748181
0.9975879647474818 0.06937463976963484 0.004693739696554747 -0.08123136973703424 -0.06953043452072953 0.9960607206346284 0.0550841093303356 3.6520849716172807 -0.0008523381501456209 -0.05527670092038754 0.9984754196690678 88.85028024317808
0.997498246804729 0.07062513831816014 0.005048516512460079 -0.08297971949801373 -0.07079889093410702 0.995964144410263 0.0552095611395239 3.695001394165735 -0.0011274600357455277 -0.05542807225387484 0.9984666523719654 89.63262740450888
0.9974316211200421 0.07155785061614019 0.005160596393332577 -0.08389224040591137 -0.07173799267679014 0.9958330641940608 0.056359105585731414 3.7397451020627464 -0.0011041194089099968 -0.05658416301349151 0.9984021644661341 90.41999028634723
0.9973945410150703 0.07207291972968895 0.005185109412008616 -0.08648448349235839 -0.07225387422955973 0.9957840315160267 0.05656759509366813 3.7637173643629787 -0.0010840600820304722 -0.056794650439754575 0.9983902686487646 90.82573874793908
0.9973536389235564 0.07261826348660536 0.005445529485663324 -0.08623612403474953 -0.07281442994037679 0.9956906767807295 0.057482608715917795 3.8084329204142398 -0.0012454895019515222 -0.05772678676337621 0.9983367143963274 91.60267438513549
0.9973367244126096 0.07283273149698632 0.0056217686742165195 -0.08081492627167118 -0.07303857325387401 0.9956662049191641 0.05761449885689775 3.851340338572508 -0.0013992163026959581 -0.05787082313963053 0.9983278608322805 92.3750250951129
0.9973302766141775 0.07292533718266536 0.005627909984903073 -0.0796439279271718 -0.07313142845556808 0.995662743367398 0.05756078276582575 3.8732440862745525 -0.0014038218413870418 -0.05781794748031977 0.9983311650866074 92.77105831887775
0.9973117911550514 0.07316354888333083 0.005797494303979949 -0.0768277934361578 -0.07337886272526398 0.9956465654446127 0.057520828304009175 3.9146815626975044 -0.0015619088820449795 -0.05779092273714308 0.9983322742466363 93.54121353480257
0.9973115878465346 0.0731549570844737 0.005980283850657728 -0.07344606629676198 -0.07338127091461198 0.9956358555749165 0.05770133166564213 3.9567484085325337 -0.0017310320204776478 -0.057984251567187686 0.9983206936088725 94.3132479175833
0.9972712015795963 0.07370877501708836 0.005941448831553691 -0.07503889349146747 -0.07393209898862413 0.9955867320205292 0.05784628908199967 3.979436087541907 -0.0016493677918497259 -0.05812694724348203 0.9983126672736803 94.70959340499599
0.9971172651170954 0.07576144870344123 0.006017561187018155 -0.07645099014065805 -0.0759883925623247 0.9953282588601838 0.059603757049703915 4.027566419550446 -0.0014717303076444879 -0.05988846410175546 0.9982091256500286 95.50536391642113
0.9970192273247372 0.07702519703514706 0.006218065730691146 -0.07644918795321605 -0.07726442720790246 0.9951436587058603 0.061031851970538904 4.076964372594336 -0.001484723664765076 -0.06132985361862653 0.9981218085955066 96.31439756830682
0.997003114680213 0.07724060773764113 0.0061705935265315036 -0.07797235738789514 -0.07747659478118987 0.9951274051621202 0.06102639385762713 4.10076100121527 -0.0014245626805737524 -0.06132109438247216 0.998122318555056 96.71879164801179
0.9968931747767135 0.07865288782379094 0.006080711123334451 -0.07859536384369913 -0.07887873338328885 0.9951026648833433 0.059615014249339245 4.140793089850054 -0.0013601301647126454 -0.05990860327339493 0.9982078543435415 97.48890171394396
0.996736639695106 0.08059195783081556 0.006276554767460012 -0.07786769284593532 -0.08082110494445366 0.995131865666973 0.05644208596614348 4.173454721615823 -0.0016958230517043723 -0.056764303680013006 0.9983906620912377 98.22570815877273
0.9967006969295931 0.0810499721140405 0.0061006373653021 -0.07803809371787815 -0.0812660606192283 0.9951791150567744 0.05495219990040361 4.19039446636832 -0.0016161143277257286 -0.05526574005760662 0.9984749805514461 98.61080583972812
0.9966639350346217 0.08154990392449536 0.005435600186683382 -0.07625345912045767 -0.08172425292493528 0.9953514012739215 0.05101248156896538 4.219131934745205 -0.0012489714732968613 -0.05128565761170988 0.9986878699606335 99.34917614884355
0.9965462164719194 0.0829815051471126 0.005408889994770794 -0.0755957286973473 -0.08314988232541297 0.9953446706442861 0.04879193656650053 4.248616364365272 -0.0013333437239972758 -0.04907241483537728 0.9987991713216589 100.09024349871926
0.9965417292398252 0.08303433442646277 0.005509506951913187 -0.07623523959589433 -0.08320766074303107 0.995346486353201 0.048661522624732986 4.265736227863565 -0.001441555602219181 -0.0489511083835276 0.9988049973809168 100.46642138797687
0.9964881551121183 0.0836405273425297 0.006011130639652822 -0.07609983964891111 -0.08383758500459942 0.9952936871661752 0.04865804028651367 4.30196207781769 -0.0019112862898593426 -0.04899031055060301 0.9988021621312236 101.24528331843992
0.9964312364475292 0.08426610080368412 0.006625175080777356 -0.07384951759789965 -0.08449503013680404 0.9951877194875207 0.04967282892127402 4.34143513841452 -0.0024058607040315016 -0.05005440958357404 0.998748374385496 102.04706617327152
0.9964090247200615 0.08452291075340773 0.0067026792204667954 -0.06997062607369976 -0.08475588317341351 0.9951501319240199 0.049979546828873934 4.3623729025071 -0.0024442138221159215 -0.05036699588477901 0.9987324864414175 102.45518876262625
0.9963631091305023 0.08504026909928666 0.007018974575275565 -0.06509880709059622 -0.08528982053543574 0.9950833108414191 0.05040352506196862 4.400776931605363 -0.0026964030146982847 -0.05081783311379956 0.9987090278683873 103.22792059730486
0.9962060245588397 0.0868118691049154 0.00760255233154618 -0.06304987764462726 -0.08708958537310671 0.9949198244039709 0.05055346332125559 4.438838075744385 -0.003173538274885995 -0.05102271177361554 0.9986970618547233 104.00183234654739
0.9961714782664863 0.0871900797775848 0.007823424394596105 -0.062492675412054194 -0.08747836932909163 0.9948937057693285 0.05040504391010924 4.457021001313808 -0.0033865678644153722 -0.05089550217741139 0.9987032518015497 104.3894959880725
0.996139231164814 0.0875449456291132 0.007990511693704152 -0.05874685135360805 -0.08783942331640705 0.9948883852804878 0.049876302427168735 4.491159232788482 -0.0035811896392426205 -0.050384533261168506 0.9987283902903731 105.16711213650287
0.99606148197698 0.0883895080494582 0.008415286947086346 -0.055570601672350804 -0.08870331525696351 0.9948257388337244 0.04959789911360245 4.52693111543477 -0.003985451560141061 -0.050148122674664806 0.9987390153268799 105.94949755288812
0.9960606926089252 0.08838668078377623 0.008537929354298316 -0.054463087573688375 -0.08870781227427796 0.9948114408293763 0.04987909568963063 4.547397062059932 -0.004082590353501087 -0.050439122109999124 0.9987240178598658 106.35151638212682
0.9960822512830471 0.08812177492123732 0.008764062154433013 -0.049538545166888465 -0.08846355865380282 0.9947226334373293 0.05203677620211332 4.590867181720814 -0.004129767596762759 -0.05260761660953016 0.9986119372274536 107.18185647013468
0.9960883172589714 0.08803910029332558 0.008904613655832264 -0.044814703068779944 -0.08839332583621295 0.9946673812012962 0.053198834098470614 4.6331532657462695 -0.004171061743193188 -0.053777241702568646 0.9985494932795231 107.99516721552308
0.9960746484911773 0.08819470646636299 0.008884061488987552 -0.04466832419803638 -0.08854734889180008 0.9946535455783462 0.053194815951695375 4.6529587543367645 -0.004142767155347421 -0.05377174359168064 0.9985495921199349 108.39063555151304
0.9959374740106718 0.08972375982065857 0.008963239555611058 -0.043375600071056085 -0.09007417187766639 0.994570999209126 0.052162115203706956 4.688987621942469 -0.004232241770622699 -0.052756321909087855 0.9986031259791381 109.17345863809766
0.9959500378362648 0.08960436155241584 0.008733785943383856 -0.03862123100330707 -0.08994463240132651 0.9945541158688261 0.05269913233129959 4.731919414550063 -0.003962315177381568 -0.053269764552041986 0.9985768953169917 110.00934396967439
0.9959776255788788 0.08933367540140973 0.008367637041111955 -0.038381232544605695 -0.08965880843239492 0.9945223123120354 0.05377295226535493 4.756032805439471 -0.0035162430532887016 -0.054305428159292256 0.9985227711207383 110.42362145799916
0.9961002814908311 0.08789366167636332 0.008941044161221283 -0.03305900269109476 -0.08826416114061596 0.9944758424312632 0.056844853214251805 4.804026179294824 -0.003893408867871005 -0.05741118285161702 0.9983475248664548 111.25978776523407
0.9960847304783697 0.08801956884786262 0.00948062648895315 -0.027363945814089394 -0.08842413080219737 0.994426813836742 0.05746146474450771 4.84926428685773 -0.004367807055607249 -0.05807391787740311 0.9983075843859832 112.08079804254064
0.9960623771551003 0.088268432178001 0.009495516529309335 -0.026677200113689997 -0.08867189688381748 0.9944220079655776 0.05715917499595364 4.868968799559928 -0.0043951578968685 -0.05777490538025868 0.9983247230929884 112.48008964398171
0.9959658888100043 0.08941401797831652 0.008936493638738352 -0.019959902300871624 -0.08977619543496383 0.9944304857826005 0.05526078882739262 4.90524758319129 -0.003943049223465391 -0.05583952083303583 0.9984374771918088 113.25595599282934
0.9961063440977863 0.0879342087285558 0.007926277225202833 -0.012525242280643225 -0.08823740572022283 0.9946589964363773 0.05359729602211576 4.943612392633545 -0.0031682030579769068 -0.05408737057600896 0.9985365574091463 114.0512271192252
0.9961174423632736 0.08782704863887227 0.007733925561435762 -0.011078426334455068 -0.08811932232988287 0.9946831343273356 0.05334174635187807 4.962880603127796 -0.003005221682578762 -0.05381549801911564 0.9985516813548313 114.44029489808685
0.996109634901684 0.08793466212218991 0.00749793985456699 -0.0072150314131367264 -0.08821274805650373 0.9947048092941932 0.05277839247577219 4.999362571938692 -0.002814260581817449 -0.053233703968715525 0.9985833041238272 115.22961042580549
0.9961482098470366 0.08747996517444571 0.007705298261603795 -0.0011601938857674614 -0.08776928949899672 0.994753394724072 0.05260399888184792 5.038045390172994 -0.003060049554346294 -0.05307697902749366 0.9985909650502492 116.04112460126116
0.9961622894311354 0.0873344962195074 0.007507904590359318 -0.0008490726261546899 -0.08761409039654228 0.9947540043831399 0.05284675809151873 5.059469331504683 -0.0028502736245313957 -0.053300828496555125 0.9985796993957158 116.44836228366243
0.9961289862090013 0.08770748704591758 0.007559093369406276 0.001184139710960967 -0.08799189337213957 0.9946669136445613 0.05384589792815647 5.1028650092579415 -0.002793245214849626 -0.054301606762731984 0.9985257815346278 117.27102912231857
0.9961256690054178 0.08773385555020476 0.007688134415395771 0.0045393847377398835 -0.08802574197365443 0.9946581707107396 0.05396095511925788 5.1425452065533035 -0.0029098560767900662 -0.05442794423681978 0.9985188392713568 118.06320134042637
0.9961183998483276 0.08782321833432666 0.007588000530581041 0.004609209878041366 -0.08810903188184563 0.9946578170639403 0.05382735065742281 5.161868796933647 -0.0028174298984439483 -0.05428597482292956 0.998526591364803 118.4640061761319
0.9961475259299502 0.08752547217295825 0.007173864971752343 0.007960789260992638 -0.08778631610410514 0.9947507019518925 0.05262646334205045 5.197555169751915 -0.002527299382301388 -0.053052622927054566 0.9985935182819771 119.24645740720251
0.9960909947151387 0.08818398459764584 0.006920995887536859 0.010636270662913096 -0.0884264937572007 0.9947784701088368 0.051002513295987977 5.23116896851093 -0.002384879396078991 -0.051414064704812204 0.998679126875751 120.03656420473686
0.9960193598558726 0.08896987931944383 0.007207602949720438 0.010348541647769847 -0.08922489779934584 0.9947346879028657 0.05046731715549435 5.248029969804487 -0.00267700374252025 -0.050908556564873926 0.9987044736545434 120.42042265903177
0.9959107931150764 0.09016931885621647 0.007298808700441128 0.01184156768636218 -0.09042399257856217 0.9946871099039839 0.04925168132380078 5.280324064396626 -0.0028166376928567493 -0.049709173774505976 0.9987643498388515 121.19369779035561
0.9958310376263646 0.09103179863215131 0.007444583660132103 0.013920520836204063 -0.09129076737626986 0.9946406096480991 0.048586971483675766 5.31366266578131 -0.0029792941105451012 -0.049063128807964644 0.9987959439738036 121.97489505458937
0.9957834782426663 0.09154133674158241 0.007621862436398772 0.013161705869230558 -0.0918080879264356 0.9946009856432783 0.04842859840674655 5.3311725169156015 -0.0031448603485677465 -0.0489234141420855 0.9988025658778302 122.361231381632
0.9957175285113516 0.09221966946921034 0.008093859497296876 0.015829763086680458 -0.09251501489775617 0.9944539111291814 0.05007870412100069 5.370118926456419 -0.0034280809153229563 -0.050612441638104216 0.9987177035682265 123.13278731493817
0.9956657401047907 0.09273617641455928 0.008570194687114514 0.023586219331227294 -0.09306602537044704 0.9942494817931544 0.053029105255139326 5.413278511975469 -0.0036005924774987342 -0.053596150016178006 0.9985613654479346 123.91758600886506
0.9956903537566998 0.09248554590564662 0.008396708557170222 0.026299879764601065 -0.09280956450908807 0.9942243661335385 0.05394072484747558 5.437316723896194 -0.0033567813786031676 -0.05448684643923615 0.9985140835037345 124.32431702189437
0.9957121252267287 0.09223001898011007 0.008704315989053052 0.032324890344292666 -0.09257696412607723 0.9941670984159368 0.05538825070432777 5.481617867363535 -0.0035426273814472106 -0.05595571735313198 0.9984324645137735 125.13298646645546
0.9957482351081279 0.09183290540004826 0.008794638077280693 0.0383323066471704 -0.09218086236450004 0.9942774321691407 0.054057028622621385 5.514711511542064 -0.003777444043607691 -0.054637210945387656 0.998504870741025 125.87751738801664
0.995739530537629 0.09192161407928082 0.008855399575895569 0.03961283389990352 -0.09227036071238257 0.9943009383144141 0.05346408785455999 5.531857100134809 -0.0038880012654417687 -0.05405270569788757 0.998536197794826 126.26708937719727
0.9957269215183614 0.09205778919525871 0.008852944379328202 0.04462344735049571 -0.09240074728816954 0.9943629474900411 0.05206587568606814 5.563571769501754 -0.004007635805274322 -0.05266060308551935 0.9986100093656827 127.01535483963733
0.9957216865757436 0.09210438943652198 0.008931929862498994 0.049091355080721384 -0.09245164777423304 0.9943530284191174 0.052158030493943325 5.5992913031271945 -0.004075248317953949 -0.05275964117231516 0.9986042060422216 127.76157905245813
0.9956904148332669 0.09243228034126777 0.009062745540866318 0.04878458109455979 -0.09278684667166617 0.994311873225985 0.05234631931870453 5.6191475075068835 -0.004170421569259457 -0.05296058939221567 0.9985932017375047 128.13843654333036
0.99563924252417 0.09290500094507403 0.00984801089918595 0.05428606377468334 -0.09330926460418508 0.9941708878815791 0.05407117698306772 5.662405152189885 -0.004764862338979433 -0.054753179499841986 0.9984938688338381 128.9432865696547
0.9955863287532623 0.0934273413872817 0.010224464063545205 0.06005673104207642 -0.09385903694724355 0.9940277654292179 0.055716053668751285 5.707070168889025 -0.004955709724378547 -0.056428529412507554 0.9983993509874929 129.75539596199576
0.9955587190432867 0.09371039597042279 0.010282619320963967 0.06064998756308806 -0.0941446256146205 0.9940001940972338 0.055719191476157864 5.7270900751242255 -0.004997459174268584 -0.05643815746743697 0.9983982819416688 130.13801248526084
0.9954897688692822 0.09439830180887426 0.010608843711069519 0.0642731782569536 -0.0948485498605507 0.9939463462337831 0.0554794672779078 5.765938162099179 -0.005305729347619354 -0.056233730687281706 0.9984079430699884 130.9104439350933
0.9955074279501576 0.09419097780787092 0.010789501720105702 0.07274371666028438 -0.09464538639980004 0.9940265976085855 0.05437777327414614 5.800573411156387 -0.005601618037627054 -0.05515272690002929 0.9984664657049673 131.6814463190187
0.9955128203499977 0.09412951937199932 0.010828236652851625 0.07457962980086258 -0.09458468659259166 0.9940472643950722 0.05410985261494594 5.818659659337846 -0.0056688276562136064 -0.05488953790080373 0.9984806382422929 132.06588018459846
0.99544627764948 0.09486972911943767 0.01050587985560559 0.0796281165420541 -0.09529450594442247 0.9940935496499578 0.051972821559506006 5.84960532428604 -0.005511591409515431 -0.05273523185711551 0.9985976740079202 132.8251180884664
0.9953116994942347 0.09629361589672582 0.01028611908596431 0.0841974621244032 -0.09669170582644175 0.9940836551390252 0.049517487332017156 5.878523796752685 -0.005455693888223453 -0.05027766530948076 0.9987242511519704 133.58003546871726
0.9952615319591022 0.09681976846803118 0.010225316499931652 0.08787357547556844 -0.097210596695701 0.9940663444136885 0.048847148038120396 5.894520393599695 -0.0054338375564316295 -0.04960746910211067 0.9987579332484033 133.99009810064658
0.9952831619371738 0.0966528585803972 0.00967722518581355 0.09515735893241153 -0.09701114643309361 0.9941409372529285 0.04771266488851624 5.923249876072938 -0.005007319416030028 -0.04842411914864612 0.9988182516672477 134.7195494381292
0.9951125168801813 0.0983727275821512 0.009919248757015942 0.10000378837316712 -0.09874098106791883 0.9939707646073849 0.04771813895992141 5.959033161968968 -0.005163200743576138 -0.04846266762980473 0.9988161231031655 135.49496865207416
0.9951025419779852 0.09847259738617715 0.009938778720927232 0.10281418547590622 -0.09884344704635818 0.9939467462581911 0.04800444216015544 5.977053140269301 -0.005149284960031264 -0.04875008960944586 0.9988021319991363 135.87259858137105
0.9949888122287315 0.09960213239084176 0.010111628858517423 0.10718530980682275 -0.09999527122740082 0.9936856940790927 0.05094034305732544 6.017374952699335 -0.004972308109246565 -0.051694248558235095 0.9986553703494218 136.6489594037433
0.9948849520214303 0.1006457368927555 0.010008306783984174 0.11273596677203622 -0.10104204871615775 0.9934734289721717 0.05297860894166638 6.059504965509194 -0.004609229057838262 -0.05371747317896498 0.9985506579167605 137.45164360804728
0.9948609211525588 0.10089626823397242 0.009872220856005852 0.11358193509617608 -0.10128554586543764 0.993440649131989 0.053125563902592224 6.077945613799412 -0.004445676043935073 -0.0538509693404188 0.9985441055733532 137.8165249364701
0.9948463893678609 0.10105417136287081 0.00969346602976228 0.11877322952778667 -0.10143314132614814 0.9934300549296321 0.05304201578562485 6.114839638842944 -0.004268124382552951 -0.05375054962974947 0.9985500787937168 138.58807119649688
0.9948077866592223 0.1015131081936565 0.008880962410456798 0.12277115526098262 -0.10184261922879174 0.9934684205990624 0.051519247629918476 6.145347565138715 -0.0035910606893178837 -0.05215533285550031 0.9986377780673593 139.33065621781373
0.9948578611976185 0.10106315663112438 0.008365810293699698 0.12336484632390972 -0.10136504588026879 0.993539696979403 0.05108652771830336 6.160542311111204 -0.0031467685422692676 -0.05167116010723389 0.9986643241955016 139.69515922708666
0.9947534013074775 0.10211556747059349 0.0079776835497819 0.1249242841448256 -0.10239652506891567 0.9934212144325132 0.05132790585703298 6.199975653541147 -0.0026819881748861314 -0.051874723344440495 0.9986549286534447 140.49423089732875
0.9947189831024172 0.10253433756832904 0.006858121151407587 0.1291709414096943 -0.10276073907301986 0.9932323353685559 0.05417849180309181 6.24232373093212 -0.0012548930300724118 -0.05459621191299495 0.9985129412790469 141.28406579608728
0.9946980488344378 0.10276549947081766 0.006430558833580519 0.12875074516992635 -0.10296944175934587 0.9931289407813995 0.05565719128171586 6.264571367761956 -0.0006650795482370831 -0.05602339842088261 0.9984345098721685 141.66332320467276
0.9947583003708721 0.102246898344995 0.005273826860682554 0.13432888710350124 -0.10238203783438556 0.9928155582015366 0.061975405195801955 6.319005245024482 0.001102241865609992 -0.06218961688820735 0.9980693344573314 142.5007405191383
0.9945546263311449 0.10421737031166332 0.00514706262704896 0.1337785773540045 -0.10433691831964775 0.9924525525438028 0.06448013093784853 6.367766109932446 0.0016129808443888782 -0.06466540156410838 0.9979119037672717 143.27551062202295
0.9945018327861288 0.10475365442039342 0.00430912641283581 0.13266238769113195 -0.10482533955525945 0.9926112006217984 0.06115508792557671 6.3833387935578 0.0021293732253585547 -0.06126941213128297 0.998124325220497 143.66279936432196
0.994378263350337 0.10599283638570173 0.0019589860262440553 0.13115487954263694 -0.10597103823265802 0.9932417175159155 0.04739647093197855 6.3937965490544 0.0030786643084693317 -0.0473365240523849 0.9988798818327834 144.34949819001687
0.9941714542897787 0.10793530598717314 -0.00018075852763264249 0.12211916295272836 -0.10788620068722428 0.9937146499094937 0.029959814435703707 6.38815665966631 0.003414151370128254 -0.02976466328468078 0.9995568251939101 145.04618854934915
0.994046079086233 0.10908162276812389 -0.00100205748295806 0.11917890261955154 -0.10902694752701009 0.9937244537845186 0.02511772852170579 6.3869591425525325 0.0037366393462900877 -0.024857890404272043 0.9996899991267928 145.38350552691347
0.993833708673462 0.11100334690505972 -0.0003262677644106692 0.11644222180961845 -0.11095770141720439 0.9934526091490143 0.027313095044940342 6.407409246244903 0.0033570161574433014 -0.027107325638707255 0.9996326566114673 146.1268762460939
0.994068794624148 0.10888081671613564 -0.00031379844487934626 0.1212877913212856 -0.10879083783513124 0.9933080418020366 0.03886562915575526 6.448124010650806 0.0045444782327790775 -0.038599307375029146 0.9992502930313572 146.93384038890503
0.9941138880347683 0.10847167625720243 -0.00019514578365079522 0.1193620904162757 -0.10837243470150214 0.9932267574941785 0.04198554777789007 6.467457487355037 0.004749073481630729 -0.04171540654259788 0.9991239740468706 147.31459717793783
0.9938096293031743 0.1112217837418803 -0.0005419497680709053 0.1119013269035529 -0.11111820462370042 0.993025934646368 0.03947965600173559 6.4879259637117626 0.0049297495242364995 -0.0391728296631919 0.9992253887656419 148.0221980178517
0.9935863698176849 0.11319969675037626 -0.0005084002274460512 0.10524857423702533 -0.11312888898580768 0.9930597218639988 0.03226417586497848 6.494727068686398 0.00415781174064422 -0.031997675807667 0.9994842349843481 148.69323109521352
0.9939161121621642 0.11025863371591157 -0.0014241148560076532 0.10508872336992643 -0.11018554058821049 0.9935533543900955 0.026773346030450035 6.492189415750303 0.0043672331309027755 -0.026451412602571184 0.9996452055094428 149.00606060189054
0.9940478366500164 0.10900154710650875 -0.003956984117020418 0.09874838580747056 -0.10890741082640101 0.9938576680907197 0.01978508400746793 6.490710649259133 0.006089336270106769 -0.019233983578723593 0.9998009641846379 149.64921770852612
0.993288773621578 0.11573647570521288 -0.003317485032321035 0.08858137913552588 -0.11562746093799943 0.9930000281726004 0.024221638885274146 6.510694959224745 0.006097622795923942 -0.02367318649134989 0.999705693761791 150.31905557012976
0.9932086846143464 0.11644761132703925 -0.002204914393518871 0.08868468627053236 -0.1163485279939298 0.9928347522305103 0.027341860838661337 6.522710797589305 0.005373119367314919 -0.026897212034787565 0.99962842672532 150.67157608579424
0.9932140360264908 0.11640706936847703 -0.0018584411234598573 0.08658506645636183 -0.1163053010414174 0.9927731433649972 0.029660267928110735 6.542525097540423 0.005297742663462564 -0.02924031331212248 0.9995629203435529 151.35781239184618
0.992657549304557 0.12101717066517063 -0.0036820864946297297 0.0744958978523162 -0.12083020072500525 0.9921050022381973 0.03365264462533722 6.568429560169827 0.007725577749978577 -0.032957907207183716 0.9994311720017266 152.05471913495174
0.9923226415201223 0.12372702372451747 -0.0038927965026392293 0.06891140558944975 -0.12351480802097592 0.9917032523561664 0.03569379756978592 6.583778748774497 0.008276783564303242 -0.03493633145120705 0.9993598220722628 152.4017901331585
0.9922074806683244 0.12467102411574342 -0.003020831773064865 0.06666300985500487 -0.12449334467448385 0.991603740005738 0.035056035461816876 6.601376374111471 0.007365965360979617 -0.03440423844569373 0.9993853997227315 153.0650021295405
0.9927908903714043 0.11985784770349768 -0.005326642143130618 0.06668977301354131 -0.11969320776207594 0.9924979586396628 0.025038361112609243 6.598558110792175 0.008287884561029149 -0.024217878690357676 0.9996769629162985 153.70052935189554
0.9926615924181305 0.12087432127101516 -0.0063515052637698015 0.06075802447456119 -0.12070793654846726 0.9924360832079474 0.0224851982741084 6.6002177717867765 0.009021185959813922 -0.021550827033187434 0.9997315687327967 154.02804618983592
0.9930147458794703 0.11795438989526283 -0.0060797616745860775 0.061483906028716714 -0.11782145079447563 0.9928496055805667 0.019313576453314246 6.604930499433963 0.008314189608690872 -0.018459729237157583 0.9997995535780917 154.6765782349319
0.9925668759322612 0.12171517271726179 -0.005018151333932858 0.05309660218607053 -0.12161917382033227 0.9924371289876557 0.016825295074195223 6.6091753844376635 0.007028321085470624 -0.016087459933061658 0.9998509108848718 155.31242302328005
0.9919849917971304 0.12634782010119278 -0.005623345477073233 0.04271497652622215 -0.1262469317184867 0.9918705298600052 0.016135835441164578 6.61439485209965 0.007616557992780492 -0.015294116732147728 0.999859175754037 155.64231993290306
0.9921539150154993 0.1250030729515327 -0.005924687838445995 0.037542676374980294 -0.1248906963025916 0.9920269893242317 0.017054727469864757 6.625857749526381 0.008009514129495748 -0.016178573303063364 0.9998421767503545 156.29289658624774
0.9925922922966093 0.12151160476941171 -0.005057268951603068 0.03552756502799146 -0.12140788034848157 0.9924442566564463 0.017898870752568796 6.637012286911607 0.007194099846864816 -0.017149901576727133 0.9998322641451816 156.94830378963223
0.9931347152799547 0.1169952816292002 -0.005059102494952636 0.031129574866651008 -0.11689826070092572 0.9930006356380817 0.017024165453002733 6.642277816801071 0.007015596093643534 -0.01631352283297317 0.9998473753841765 157.2926951625976
0.9932262591379221 0.11621609601529395 -0.005023062845507415 0.02434504585853874 -0.11612146499897971 0.9930959209259245 0.016793799149030418 6.650094217513932 0.006940269347540493 -0.016094431180703563 0.9998515988975385 157.9010374099424
0.9922532263546316 0.12429703819682189 -0.0036314355603747793 0.012210154499261248 -0.12421076410253744 0.9920757849578266 0.01904098717201945 6.663930196348422 0.005969819061133939 -0.018440042092934785 0.9998168565938307 158.49379673415658
0.9922120754400925 0.12462365213444725 -0.003639301364717849 0.009857762783242952 -0.12453817506905179 0.992038411894642 0.018832213150356117 6.666598827227194 0.00595751271145719 -0.018229725954117298 0.9998208035929582 158.79335079541985
