1.0 0.0 0.0 0.0 0.0 1.0 0.0 0.0 0.0 0.0 1.0 0.0
0.9999994039535522 0.0007889270782470703 -0.0004074573516845703 -0.0018830262124538422 -0.0007877349853515625 0.9999963641166687 0.002662569284439087 0.004922905005514622 0.00040981173515319824 -0.00266227126121521 0.9999963045120239 0.4199894368648529
0.9999993688772904 0.0009295379597489273 -0.00051415682135314 -0.0036502332658032155 -0.0009264409914928606 0.9999825694890943 0.005899669416438158 0.010829107736237006 0.0005197049645033758 -0.0058991083674371225 0.9999827542996007 1.178820663624655
0.9999939936041216 -0.0033872326764717194 -0.0009073550676377182 -0.002130701180545478 0.003390104629512271 0.9999889610613265 0.003492162821046765 0.009267862720506607 0.0008957101637138384 -0.0034952548958348878 0.9999938349625248 1.906156602263277
0.9999945451512786 -0.0032831025514153305 -0.0010840003190939343 -0.004257733525405849 0.00328426514730917 0.9999946557153163 0.0013828036407021807 0.004366097985744464 0.0010798724607981303 -0.00138709855660168 0.9999991336305488 2.2564954838245868
0.9999923691872331 -0.003666584667515108 -0.0016048680119403664 -0.003673008127240203 0.003661868443170293 0.9999901523674588 -0.0028141111083958476 -0.00822076436243925 0.0016153734314064841 0.0028076995571940768 0.9999952558823614 2.9281128633177644
0.9999967103280042 -0.002405846094552474 -0.001597274740822987 -0.004556744712245863 0.0023973870306965178 0.9999850393202994 -0.005111695711863672 -0.02055916089304714 0.001610094094031992 0.0051070637930890755 0.999986717383014 3.6100290141243527
0.9999916081488699 -0.0034776408579587277 -0.00265368108527248 -0.008431996485463727 0.0034712219113044295 0.9999925758717199 -0.0022965717468536517 -0.026830782735721585 0.0026619499430226208 0.0022866427025017688 0.9999951258622582 4.662861872598631
0.9999531645100468 -0.009313675440907191 -0.0029611578601456572 -0.00510322906811511 0.009321789143972066 0.9999536748906506 0.0027881211292675994 -0.019789874118715266 0.002935530885756619 -0.0028163489593699916 0.99999293019629 5.4307617012113845
0.9999393776156998 -0.010813897796892225 -0.002748268848236172 -0.00795321825767518 0.010831915259261622 0.9999191893874029 0.006854033902095894 -0.012000861726077925 0.0026739031766894092 -0.006883565843066493 0.9999745918354979 5.818649155945375
0.9999357213959336 -0.011173862929846954 -0.0024961356517020595 -0.009354763057298498 0.011203364319964493 0.999862596790596 0.012311756591212945 0.001303122243002405 0.002358048479746601 -0.012339611429955287 0.9999226757371207 6.624915431416534
0.9999941031796882 -0.002538869668904373 -0.002825944112609956 -0.028449540989535282 0.002563437465325264 0.9999582077374775 0.00887214837524066 0.0013585616378583975 0.0028031441955088257 -0.008880127174333747 0.999958125630652 7.363953366285541
0.9999834223198305 -0.005143368548755001 -0.0030657437134046753 -0.028052075056683595 0.005145767495094032 0.9999871379466033 0.0009407635275666265 -0.013740628658154525 0.0030607718052738236 -0.000957273525939788 0.9999963530585193 7.729593505288704
0.9998074008654433 -0.019548072437679413 -0.002409057941810688 -0.005040902937477457 0.01948200082926454 0.9995050856417588 -0.024737362239978612 -0.07049299744009793 0.002891403628209464 0.02468487368070468 0.999692628752068 8.423174384584593
0.9996833372933368 -0.025130380412938587 -0.002086049261607814 0.003421059197603441 0.02500503972046626 0.998594857848253 -0.04673893134373054 -0.12755704133628049 0.0032575258130154543 0.04667125470967884 0.9989063887047713 9.069848956611214
0.9996992327155215 -0.024540640250335297 -0.0014564685577398194 0.005080150961422385 0.024444031551584772 0.9985875677039137 -0.047198096450706384 -0.1416087264104362 0.0026127399571016043 0.04714732770533379 0.9988860999683077 9.39066028604456
0.9998527825581999 -0.01724228199338401 0.0004747842375228959 -8.195253552942781e-05 0.01724798853136592 0.9992991440330022 -0.03326340228741145 -0.1540516309051611 9.916179858575477e-05 0.033265712390186275 0.9994483336447374 10.130776881004921
0.9998174542758274 -0.018730515952396182 -0.0041879628029239755 -0.004219598319424879 0.018655438849645913 0.9996792322194987 -0.0172139397797001 -0.14267320338930958 0.004509138792957223 0.017131485404941627 0.9998449566070569 10.945293116848562
0.9997746734583607 -0.0204228890268108 -0.006030803542691261 -0.011209890117865924 0.02034705008537028 0.9997176429167802 -0.012380546663891363 -0.13436202394149813 0.006282450019731519 0.012253809761405922 0.9999067949013295 11.341559864683552
0.9997578755813734 -0.021153200356465757 -0.006303212472014011 -0.01741924254534563 0.021073893027287818 0.9997029188874557 -0.012375001959044967 -0.14465130526980147 0.006563662552116455 0.012237881426430869 0.9999051607929861 12.081338124618307
0.9995695881407042 -0.028785122042382538 -0.005934747407633822 -0.011619504510232834 0.028630573826778038 0.9992883640163969 -0.024626328179374955 -0.1812811564042943 0.006640013192125736 0.02444459165622762 0.999680884616912 12.792228854355663
0.9994847685861529 -0.031436817216119926 -0.00673385982925445 -0.01536365337667081 0.03122444041612406 0.999075878094833 -0.029598499819199087 -0.1986762255123528 0.007658698212043808 0.029371784582334685 0.9995410201336837 13.142065574017114
0.9995169040284071 -0.030004918147786986 -0.008320986680538869 -0.02706039736168502 0.02970217642755682 0.9989698466833464 -0.034366317328100214 -0.23027269372658904 0.009344455843059886 0.03410088192012312 0.9993769821190184 13.810803656350444
0.9996295864678992 -0.026216733535013255 -0.0075570681972754305 -0.03826754372326078 0.02594127175093266 0.9990705877866897 -0.03448178714356581 -0.25512063581418465 0.008454952465373543 0.03427136772040911 0.9993788360290203 14.499036024395553
0.9998287755011729 -0.017021585675256596 -0.0075010636374953305 -0.05322207133652518 0.016774546156388875 0.9993545903239154 -0.03183219090290317 -0.2589717444044367 0.008038844661616269 0.03169933188756544 0.9994675737818384 14.833362718691676
0.9999918237597527 -0.0003043800724008772 -0.004431891499203416 -0.07729447870431817 0.0002185406227933062 0.9998152221565881 -0.019323987582959945 -0.26076943307552913 0.004437707176294182 0.019321514398057536 0.9998059532750876 15.53394941805533
0.9999783300893808 -0.003152477052731921 -0.006028601428181889 -0.07777808231415528 0.0030630446446702256 0.9998867211428522 -0.014832894921306013 -0.2693358051129366 0.006075916747222963 0.014812114017624042 0.9998739265877734 16.26994140577078
0.9999375628870687 -0.009598505311149802 -0.006030682830653598 -0.0781387628574833 0.009500505819019489 0.999826956620178 -0.016102122916139532 -0.2761552573682322 0.00618538151791741 0.016041725812022945 0.9998544320869663 16.67584283058817
0.9997806578814129 -0.019929004098751455 -0.006672739891165368 -0.06807797285045117 0.019791795141296767 0.9996035949221359 -0.020085211481307486 -0.3017096395110556 0.007071518750439505 0.019946758286048454 0.9997780754405813 17.373701977637857
0.9998137351914634 -0.018363897047915488 -0.006188079088714399 -0.07961879953618788 0.01818721566158442 0.9994562067020641 -0.027548877534520143 -0.337350807532138 0.00669190370315043 0.027428725586680663 0.9996037196438765 18.07760614113764
0.9998826826700687 -0.014346062570679203 -0.005648440048091609 -0.0885070213742378 0.014171171898877621 0.9994530506403094 -0.029919751659122435 -0.3536562269530306 0.006075978827182201 0.02983372458984284 0.9995389829328913 18.441010453265427
0.999948757574879 -0.006492764340243051 -0.007964287343031038 -0.11221307769992589 0.006254043018038575 0.9995411272307199 -0.029682445198767428 -0.3753556584446165 0.008154776999816019 0.029628670191697324 0.9995303716840039 19.14121466913845
0.9998781423835175 -0.011790145475532981 -0.010364986590712597 -0.12190946005964781 0.011506986107342087 0.9995698525954705 -0.027008682934644965 -0.3912536745795107 0.010680725197223158 0.026883308368227166 0.9995839552758456 19.882185866724548
0.9998529151338406 -0.013754508910338546 -0.010421819693542392 -0.12394309949644934 0.013474814344406673 0.9995602042415007 -0.026465615417895497 -0.3999829321612729 0.010782897863501591 0.02631848655462991 0.999598157280686 20.279006404364132
0.9998654153286409 -0.013211992396998612 -0.00991006749634086 -0.13180918174484393 0.01294413576304302 0.9995627369261416 -0.026640731564939908 -0.42220684023130195 0.010259241336760207 0.02650581071854253 0.9995987384765619 21.01519054274144
0.9999172399007088 -0.008321060173477252 -0.010010391649081806 -0.14797993727034545 0.008041307164633613 0.9995860468603424 -0.027678251636586926 -0.4460635318984663 0.010238103966800307 0.027592367100725216 0.9995696183468968 21.741323698524205
0.9999273619836638 -0.0071854313172453575 -0.009920276562214666 -0.15413615057353286 0.006900448123871337 0.9995723339775211 -0.02846852885769133 -0.4593901396116511 0.010122270641336015 0.028394809960737236 0.999548461530677 22.11408000507385
0.9999378921470741 -0.005048654609661448 -0.01020594189413572 -0.16785759067107725 0.004739497657310229 0.999537837020157 -0.030089913177830285 -0.4859910382962315 0.010355029037680399 0.030036385505276604 0.999498437843453 22.830437960100447
0.9999665968396892 0.00017157426646844496 -0.008530744746213506 -0.17903555529719975 -0.0004225825648064074 0.999568876669604 -0.02942934570709045 -0.507292667063448 0.008523759543855449 0.02942852209271422 0.9995342978696977 23.549490438884177
0.999974020076146 0.0017642660520227342 -0.0074047793534998425 -0.18352823191193296 -0.0019798520199297434 0.9995724454915708 -0.02923860285510778 -0.5169418496848515 0.007351691304827394 0.029249430084758943 0.9995485113198909 23.930762558774166
0.9999705280139329 0.005221028605083499 -0.006122201751685929 -0.19200605504470997 -0.005390397205831682 0.9995948202898209 -0.028012761408524055 -0.5371365372873121 0.0059754138327847515 0.02804209168599809 0.999591722670424 24.6728926188327
0.9999910984751471 0.0028057456014381464 -0.004123552775947148 -0.19336597087105312 -0.0029067354943269333 0.9996938787477269 -0.024662597228664193 -0.5886310998649334 0.004054738382193369 0.024671954577949733 0.9996905097526745 26.455634679403243
0.999994681551827 0.002713145741393204 -0.003172928027244006 -0.19335357155104507 -0.0027882060014203427 0.9997112436075758 -0.02395796603739346 -0.6080918064239792 0.0031086502102562943 0.023964441603774894 0.9997111584183848 27.1948490973555
0.9999960469290138 0.0022632272462934522 -0.003202395368137479 -0.1947811018390815 -0.0023375137617256242 0.9997286254353431 -0.023280229842831582 -0.6174217050340824 0.003150413221664133 0.02328535303942665 0.999727066776355 27.605469021335306
0.999987431087004 0.005112545691820659 -0.002443774990592547 -0.20110164536255842 -0.005166900976235247 0.9997328208155996 -0.02263388534481124 -0.6348653588168269 0.0023289801570893047 0.022644009675064705 0.9997438919650821 28.349798467652608
0.9999630967027907 0.008958232891613647 -0.0009850537720912718 -0.20520849832620425 -0.00897792884185108 0.9997221110699889 -0.021897972746180855 -0.652386662757216 0.000790208942239893 0.021903761732867923 0.9997627479574336 29.093480429173763
0.9999550389208409 0.009812734139109996 -0.0007279310099762835 -0.20786454311247168 -0.009826324075931193 0.999721492278707 -0.02155130277217493 -0.6601871336104548 0.0005178513807485878 0.021555342499855683 0.9997704748877311 29.474313443145725
0.9999528789543775 0.010062381409160508 -0.00015685111383600449 -0.20862874668636053 -0.01006360747227242 0.9997457698876188 -0.020267644295227503 -0.6753876035924311 -4.568304246907191e-05 0.02026606359266883 0.999797367433835 30.206670371403906
0.9999512782381683 0.010217046407404569 0.00033392363658358236 -0.20879082250992106 -0.010208538874501153 0.9997594608806489 -0.01950876654017573 -0.6908909935188855 -0.0005318321362844803 0.019502194177376666 0.9998122907414474 30.92467466121539
0.9999418764742412 0.011031314828603006 0.001249015622572507 -0.20758337729248807 -0.011004955284646697 0.9997516696932257 -0.019489259379081955 -0.6979653998930138 -0.0014623857968539154 0.019471963205908525 0.9998121284372412 31.31096776159036
0.9999148103175911 0.01291171060115125 0.003164292044324621 -0.20499148223805932 -0.012846831213377185 0.9997251246595684 -0.01971593935951705 -0.714270879910419 -0.003417012917046745 0.019671600421504693 0.9998025777720305 32.0569755520301
0.9998929896732851 0.014302996705703471 0.003951505238798277 -0.2008501856866385 -0.014217710812073644 0.9996850465787356 -0.020776343034867743 -0.7357901545101723 -0.004246832077190359 0.020716331834681828 0.9997779858153413 32.77895911711555
0.9998874639540579 0.014689649972120593 0.003980284379527468 -0.19966986152114316 -0.014599094736750085 0.9996570824120109 -0.021843696700712227 -0.7475209183919709 -0.004299061208124191 0.021781475741373083 0.9997552757908965 33.129110981832945
0.9999287027906014 0.011399300710738051 0.0044847236170962295 -0.19384292612736667 -0.011289967713591082 0.9996573113608646 -0.02371539424732272 -0.7692270520488133 -0.004752772932480426 0.023661456828064593 0.999710527838279 33.86684380084424
0.9998981272965446 0.013431781332147497 0.0055518727719825875 -0.1927012837302421 -0.013288447504716876 0.9995987329081306 -0.02510637352399015 -0.7950263442667614 -0.0058862667588646484 0.025028549945774407 0.9996710173042855 34.62800189800421
0.9999043572193524 0.01297472768076306 0.00553571412219429 -0.1914872823922258 -0.012828928513684302 0.999591406972627 -0.025639023291849 -0.8076529520453104 -0.005865370503438123 0.025564006286513296 0.9996576708623995 35.012145546640156
0.9998920121333518 0.013501848705899601 0.006422990580666403 -0.1877977687831594 -0.013330078256839226 0.9995724367460792 -0.02611418257484699 -0.8333647442414263 -0.006772056699000022 0.02602421737143149 0.9996399757726167 35.757560043478485
0.9999031085074338 0.012270820411967219 0.007153944041450815 -0.17985960141232762 -0.01207859256317658 0.9995817465715654 -0.026370684369509522 -0.8576973723689127 -0.007473749369752901 0.026280116652312942 0.9996284004805581 36.51975568464356
0.9999015501841328 0.012461006754283615 0.00701265797425773 -0.17933643398893367 -0.012277895327821845 0.9995989484922467 -0.025604488728368707 -0.8668586524132619 -0.007328258536889586 0.025514388732602578 0.9996491459247226 36.902010031235044
0.9999021247206189 0.011821123770789714 0.007995738323245875 -0.17180440133299882 -0.011627500062051922 0.9996497078775011 -0.023860696166771108 -0.886788763495293 -0.008274381616279757 0.023763602583034164 0.9996850042302754 37.68459760828667
0.9999056175648539 0.011037818897567934 0.008650159686188912 -0.1631827101411789 -0.010827169588937887 0.999654187845818 -0.024047451690071157 -0.9111107152766896 -0.008912062681466375 0.0239497393347384 0.9996751939442209 38.466249894161464
0.9999026592584619 0.011094353132870409 0.008892434519932041 -0.16112893216324217 -0.010875859971598702 0.9996484276008859 -0.024257328848080024 -0.9237505804228233 -0.00915805513318851 0.024156633728524116 0.9996678705081871 38.853028876887514
0.9999118681596534 0.009988323365427546 0.009211099926897025 -0.1526733381997289 -0.009753711692428429 0.9996365083701708 -0.025217261775392113 -0.9483337612307555 -0.009459187798669087 0.025123232771156728 0.9996412673049861 39.61310098914619
0.9999080379064246 0.010209062071301959 0.009387537167597994 -0.14724211495195963 -0.009968458357206174 0.99963066330249 -0.025365809614677607 -0.9714132504669539 -0.009642643121637321 0.025268030123328858 0.99963589458277 40.365289591719694
0.9999141800747329 0.00975485381544807 0.009277706693736502 -0.14590847395883041 -0.009519181935893833 0.9996399412996693 -0.02519597739334138 -0.9819627845560791 -0.009519620642700151 0.025103385171119298 0.9996413544059823 40.754591620397946
0.9999193386697225 0.009052728045046603 0.00941442813726318 -0.13490707860467047 -0.008818355530230053 0.9996579080358795 -0.024733698101302902 -1.0026619081570332 -0.009634681455207123 0.024646581098465903 0.9996516171296437 41.540881158047284
0.9999042346691063 0.010236192323793601 0.009798119419990146 -0.12834394680065594 -0.009989454655258688 0.9996403270188898 -0.02499831719539933 -1.0242935011966778 -0.01005000593668495 0.024895893109036164 0.9996413377982042 42.308712917631055
0.9998975404816428 0.010593949661543393 0.01013195692998545 -0.12507931514708717 -0.010337691619545428 0.999633901611788 -0.025130642318708787 -1.0354925099850467 -0.010393628332440697 0.025021137955211364 0.9996351147442128 42.688664785636774
0.9998960524337837 0.0105491115477185 0.010325805962278466 -0.1165971870267455 -0.01028239098400018 0.9996207367135606 -0.025674878292442926 -1.0602032089395135 -0.01059176377225725 0.025563655451514657 0.9996194096509945 43.44891434980032
0.9998848729497514 0.011403382721631182 0.010500722496393602 -0.11155426477415292 -0.011129859226205342 0.9996066121690408 -0.025869177704740214 -1.0837547291217895 -0.01079074582307403 0.02574706634815921 0.9996126129133489 44.221692863124915
0.9998661534434791 0.01262608657806115 0.010864250356985726 -0.1107668369829548 -0.012338820755115559 0.9995829834269072 -0.026230038626303125 -1.0957809366264868 -0.011190096233732502 0.02609039600359384 0.9995993371720844 44.6203463828979
0.9998472269864318 0.01384003735562831 0.011118145962438594 -0.10504801476219826 -0.013540870151564209 0.999556067567082 -0.026656514629583294 -1.1208314572058171 -0.011481322810575177 0.026499771999656172 0.9995850896274554 45.41158626278005
0.9998660017280507 0.01244330268482973 0.011121391067035791 -0.09556511996181477 -0.012174587031382664 0.9996402071290804 -0.024038954358325766 -1.140454867382269 -0.011416029492530396 0.0238983622841281 0.9996517514461809 46.2036635679495
0.9998589370756421 0.01303055644145685 0.01107853428810111 -0.09524597786612496 -0.012771264232665116 0.9996505950459034 -0.023279787938057097 -1.149585782012699 -0.0113776487608083 0.02313316289712477 0.9996702442080272 46.607790995633465
0.9998134832305298 0.015520309993252185 0.011938243608918462 -0.09098218397099316 -0.015266450514246938 0.9996623630011221 -0.021173191082164377 -1.1673998179066756 -0.01226244935441537 0.020985169657688024 0.9997070279133666 47.4244736542088
0.9997654056711046 0.017969641848526223 0.012474843072131146 -0.08601695727737449 -0.017698174765249586 0.9996121596073784 -0.02162149054812043 -1.1884179462815534 -0.01285870979407247 0.021394603148178832 0.9996896953125426 48.22982300565029
0.99977140781108 0.017786273872127195 0.012276768409540974 -0.08284153171087551 -0.017502904711396296 0.999587049226598 -0.022915534913758816 -1.2022169765559023 -0.012679328664998228 0.022693930180911846 0.999663643854069 48.632615783526674
0.9997420096928674 0.019740169082022384 0.011633940320440267 -0.07851013367291344 -0.019421014170477133 0.9994484694260632 -0.02702761920084169 -1.2334312756144594 -0.012161714914233492 0.026793396739447084 0.9995678611645094 49.398885969898856
0.9996792559907486 0.02237061394166955 0.012238817441417874 -0.07460858198921723 -0.02201923817550912 0.9993619683194428 -0.02821511940294534 -1.2610555935770136 -0.012862722632750123 0.02793508719217005 0.9995278780810776 50.18747944090733
0.9996593986135225 0.023039025957006257 0.012638936157537946 -0.07303716456300907 -0.02267519060392665 0.9993448387602178 -0.028310469240357454 -1.2737175668642235 -0.013283189210040904 0.02801258844686811 0.9995204064056928 50.597398840387946
0.9996537302560232 0.02317671553749321 0.01283172250549265 -0.06519842205311599 -0.022831319639159898 0.999390127446174 -0.026523812344963774 -1.2961015602614272 -0.013438784646628515 0.026219938306622805 0.999567020653452 51.416320793448676
0.999624177668235 0.024246639174784996 0.013170699326531607 -0.05514912995367939 -0.023926316006303707 0.9994275886500245 -0.024033509428124634 -1.3149550335902063 -0.013745815176258981 0.023707780458279544 0.9996256450961638 52.24308476769336
0.9996134541748225 0.024486929245344943 0.013542008082361882 -0.050139966285417004 -0.02415965352333772 0.999425011737779 -0.023908791946819625 -1.325059912258659 -0.014119510797316997 0.023570659868056648 0.9996237512310938 52.66673555776268
0.9996089569630433 0.024249570118322177 0.014280651030074002 -0.03805452915356892 -0.023958881796011737 0.9995103767991809 -0.020261480265650497 -1.3416097393689628 -0.014764525430243267 0.01990964694342686 0.9996941173422463 53.51152041055612
0.9996887521707337 0.020737330908138833 0.01422498544206865 -0.025619797618578945 -0.02046800546375066 0.9996145396055113 -0.018895295300049932 -1.358179802181356 -0.014610820988353257 0.01859632244447815 0.9997217052105366 54.35209558032335
0.9996863339077612 0.020773263367774103 0.014334036760361702 -0.02250487932059251 -0.02049819347539805 0.9996088416214656 -0.01915124071883287 -1.3692805509679074 -0.014725830192231278 0.0188496906855809 0.9997150780685023 54.7659604855688
0.99963681327509 0.02296373529588544 0.014458524387919768 -0.0151755398140641 -0.022648773049251454 0.999511223821533 -0.02165497614459683 -1.3954236511636016 -0.014948459113911143 0.02131799524434337 0.9996619356511982 55.55905284539929
0.9996105725679584 0.024614119777117617 0.0135298711125291 -0.008115421560864566 -0.024251126532390886 0.9993581887341921 -0.026445504848753774 -1.4278091037237275 -0.014171918645004621 0.02610541839377632 0.9995595563927355 56.323196979891414
0.9996107506340517 0.02465561468202057 0.013476150056197943 -0.005447376764822786 -0.024289326005125147 0.9993479829967071 -0.02679427223502575 -1.4412162946462954 -0.014127641892359332 0.026454680391497478 0.9995509970708505 56.71514362625032
0.9996110196428561 0.024719986703889498 0.013329560827552761 0.0018883147951844108 -0.024362236981612766 0.9993549722854254 -0.0264676074584605 -1.4657238678049485 -0.013974826255982642 0.026130677783374592 0.9995616102037729 57.54255870904305
0.9995292813570879 0.027728195777238514 0.013530588306596205 0.0066392213313895 -0.02738337890272376 0.9993103810819355 -0.02514837102328853 -1.4869849677384364 -0.014218108225993785 0.024764354795271414 0.9995921301602083 58.35934906071354
0.999518670534542 0.027964221052580018 0.013839526231228446 0.010167367089614777 -0.027617049650364187 0.9993131328000185 -0.024775183401050352 -1.4969083169162753 -0.014522405262194229 0.024379425050194047 0.9995970982745284 58.758427889157616
0.999507808533637 0.028379198923929996 0.013753437551329632 0.018278425350844174 -0.028059858187008367 0.9993439871234503 -0.022949747137808976 -1.5175530171495426 -0.014395121868460257 0.02255078428888384 0.9996418017946744 59.60225139184893
0.9995073051969917 0.02851588845399266 0.01350137499224421 0.027152578796304484 -0.028237893364810335 0.9993939945139421 -0.02041837247264073 -1.5356636261883765 -0.014074777039639719 0.02002541342644039 0.9997001011176961 60.42784830668579
0.9994951653383575 0.028865332061994233 0.013644406618532749 0.029312089482696518 -0.028586787298848993 0.9993871460436872 -0.02025339808722508 -1.544694887529352 -0.014219973265217886 0.01985173333121855 0.9997014195226168 60.824644539852265
0.9995564003851223 0.026435310620391984 0.014082657626649602 0.040914226667197164 -0.026142938205019048 0.9994466600985652 -0.020611672777542694 -1.5646210525986737 -0.014619067365934043 0.02023295103464132 0.9996881207974876 61.62371297673254
0.9995903889921529 0.025185489315323766 0.013949560308929769 0.05088923321645141 -0.02488410097659118 0.9994616102709459 -0.02142609925673005 -1.586259798475686 -0.014481009503856267 0.021068477710053126 0.9996726682264104 62.4080063745104
0.9995893215830128 0.025185446644057533 0.014043094626093655 0.05750995603743015 -0.02487767704878234 0.9994553848471318 -0.02174105449168242 -1.5977006011463248 -0.014582188103901264 0.021380805012950702 0.9996647324065349 62.813086843556576
0.9995693866908442 0.025791467945453617 0.014383608579094298 0.06823088482432646 -0.02547051618817996 0.9994317190235642 -0.02214298451436049 -1.6192779747531751 -0.014945482294794036 0.02176479315897823 0.9996513279290962 63.580555519852595
0.9996035595763566 0.024507866698411093 0.014229117287881898 0.0797745955779917 -0.024172711319311913 0.999436802627445 -0.02332267454863547 -1.641728758857282 -0.014791882026547406 0.02296747502338948 0.9996265876111531 64.32096692522812
0.9996117492403883 0.024223487955775745 0.014143740580873544 0.08313154770692621 -0.023884982916540135 0.9994353063247307 -0.023685131517370384 -1.6534967984645454 -0.014708635681802975 0.023336016841651208 0.9996192872798315 64.70795154722751
0.9996030757137009 0.02439866635320599 0.014419182386679623 0.09294789405925791 -0.024049778227682263 0.9994251752005134 -0.023920318703122223 -1.6767487073443768 -0.014994007368675014 0.023562505792950255 0.9996093411616693 65.47917336234562
0.9995610265033562 0.02579861367355241 0.014902950730518899 0.10049721650352306 -0.025437368526720062 0.9993895697335763 -0.02396849312686175 -1.6979784890050948 -0.015512033878770868 0.02357756528419075 0.9996010911762323 66.26017950165193
0.9995183014599233 0.027395642337372968 0.014923954206649234 0.10172463403405634 -0.02703331069619524 0.9993472598953924 -0.023983959286594053 -1.7073034941351128 -0.015571218184496218 0.023567857044167473 0.9996004072129177 66.65437180074144
0.999323905111268 0.03381923992117683 0.014756618047649946 0.10441061327715742 -0.03350174520510497 0.9992128093064233 -0.021280169434504465 -1.7235381639222163 -0.015464648171208127 0.0207702744078069 0.9996642581927976 67.43758490782135
0.9990337547813759 0.04143703678276045 0.014968731299931913 0.10717269744741119 -0.041175615301455 0.9990011496684629 -0.017389875418540007 -1.7351221457464527 -0.01567440889077371 0.01675562042631729 0.9997361856672466 68.22600088724275
0.9988769946480314 0.045048704546802994 0.015004753045155854 0.1088023369429942 -0.04479251953877103 0.9988518771546909 -0.017006868128225917 -1.740601103649484 -0.015753741314318153 0.01631469479791988 0.9997418311681349 68.62719573395236
0.9985133288448255 0.05256025652511156 0.014781165822098562 0.11000131612193072 -0.05233269383232018 0.9985114833911622 -0.015395463619739343 -1.752455314208865 -0.015568532720544117 0.01459815855393263 0.9997716435413017 69.4290716548097
0.9985123165372839 0.052722114167744964 0.014235791230470914 0.12371925151522258 -0.05245098237013179 0.998446973352486 -0.018794696079625143 -1.7773613845072773 -0.015205207579715711 0.018019375140806773 0.9997211644961583 70.21246160037111
0.9986999119200464 0.04915640172084514 0.013840151145721648 0.1305206088547281 -0.048839783559869766 0.9985567469201013 -0.022353950955130316 -1.7920526603338667 -0.014919630967365392 0.021648367988205526 0.9996535670185841 70.6015544802347
0.9988851465102914 0.04549250394974056 0.013011357768226801 0.14303459305860244 -0.045110497701281095 0.9985813382165125 -0.02830198661472813 -1.8255149211414434 -0.01428077183741881 0.02768252958913162 0.9995142683430855 71.35714267822291
0.9989308324167442 0.04451635389403788 0.012928532212161383 0.15489172591990596 -0.04409126184195424 0.9985303639166798 -0.031536823332447825 -1.8572868078560136 -0.014313154318985334 0.030931597584041317 0.9994189817389721 72.11604619460786
0.9989164244638801 0.04483708641784029 0.012937328891067358 0.1569218985238746 -0.044414010255646785 0.9985214364455658 -0.03137229332428101 -1.8695333945488957 -0.014324493771644594 0.0307620555892882 0.9994240594980496 72.48917289705183
0.9991069216556502 0.04043386321437172 0.012747251791555822 0.17083711110725777 -0.04003813877473372 0.9987501775077413 -0.02994906127227178 -1.892482025791053 -0.013941955129115736 0.02941037314711156 0.999470000780802 73.28364327820626
0.9992715468764809 0.03610682491861817 0.012832679831409918 0.1824372427783424 -0.03570252821342379 0.9988978097515115 -0.03050945667028431 -1.9168657318774194 -0.013919879667858367 0.030027640721201676 0.9994518216706156 74.06952065957034
0.9993082532316026 0.03512495377657728 0.012705027897896154 0.1857000733035964 -0.03472647725713211 0.998936159566077 -0.03037638258263851 -1.9289253474657497 -0.01375824431483416 0.02991272815666172 0.9994576419916305 74.46727694269538
0.9991978342898011 0.038105359741111074 0.012805120534855233 0.1889819731545682 -0.03771362086573734 0.9988513508500488 -0.02960196147964838 -1.9526947281333096 -0.013918150958435937 0.02909373399615926 0.9994800247856536 75.258389462076
0.9991232945308871 0.04002493307996655 0.012772013264790504 0.19520264863470696 -0.039673496372639006 0.9988565764237219 -0.026712846990344707 -1.9738909485152751 -0.01382612051585197 0.026181075619375393 0.9995614804667764 76.07046863742693
0.99911405004465 0.040349901721018884 0.012467238241849823 0.19804366841608712 -0.040013461585071235 0.9988563302103545 -0.026212934798581933 -1.9846130115058969 -0.013510039904683739 0.025689137073575043 0.9995788530482186 76.47497334994468
0.999010537354295 0.04289885231704579 0.012246099477859923 0.2005416908167571 -0.042568721193671236 0.9987532426478153 -0.02610555278443981 -2.0069594530524277 -0.0133501594922511 0.02555685092542138 0.9995839498279501 77.27697002297715
0.9990674636012147 0.04158964727342892 0.012094555057583861 0.2122441233863782 -0.041222298092794755 0.9987231110484575 -0.02922591165904564 -2.036936764379243 -0.013294198698389865 0.0286985925189491 0.9994991902022229 78.02511231954841
0.9991025899811172 0.04072439496057762 0.012135095046649934 0.21626562128249227 -0.040340784799466914 0.9987245566150724 -0.030378680579591314 -2.052191900700577 -0.013356392392104226 0.029860615937896785 0.9994643973104906 78.41586863411244
0.9992154748981826 0.037679783731938324 0.012654505681231023 0.22570539364950118 -0.037285504314625836 0.9988512582352272 -0.030112397969720272 -2.076209853660309 -0.01377416749590833 0.029615571765763186 0.9994660651274901 79.1812140917322
0.9992040736409467 0.03781033626107026 0.013181659118693956 0.23396464632758465 -0.03742777045221141 0.9989018813305167 -0.02821067231910374 -2.099569370233008 -0.014233439655809421 0.027693868355561833 0.9995148955922714 79.97344343073007
0.9992604911605838 0.036316117689569355 0.01311260962456492 0.23783346867044639 -0.03595101072857541 0.998985772693395 -0.027148809589481234 -2.1094457366680857 -0.014084850891683296 0.0266564170353269 0.9995451196903944 80.37999879669518
0.9992934975293627 0.03515784986716071 0.013737321124248313 0.24830442300680797 -0.03479914288499674 0.9990675506843177 -0.02559509134190401 -2.131066413366903 -0.014623958850666337 0.025098198004859375 0.999577633414253 81.17673459649309
0.9993707420209521 0.03261260874333038 0.014368082175163168 0.26024368163066924 -0.03223732327696861 0.9991511892339943 -0.025681423989787868 -2.1544081026436634 -0.015192964781471913 0.025201335517147268 0.999566516013019 81.9479729072527
0.9993661399054234 0.032663264940883056 0.014548708633261782 0.2635492661615983 -0.03228682859560646 0.999155407569855 -0.025440817192830395 -2.1658760571761335 -0.015367098806367795 0.024954352592991554 0.9995698032254103 82.34250046132303
0.9992138109049307 0.03683179152820012 0.015045575987188562 0.2691733553611021 -0.0364744839915475 0.9990605624163859 -0.02341436353419481 -2.185636412721239 -0.015893376390605 0.022846532397460817 0.9996115235742081 83.13873526573732
0.9990251777524637 0.04166059104271119 0.014981513835735193 0.2762942750160418 -0.04132169719094828 0.9988972346111833 -0.022302631394515306 -2.2036004652030967 -0.015893694743490765 0.02166129722797131 0.9996378718375929 83.92742433609658
0.9990086470450571 0.04196146131554999 0.015231748929096909 0.2824734493834371 -0.04161307326155117 0.9988796512877621 -0.022539108961337793 -2.215689845216985 -0.01616021560731618 0.021882468335677432 0.9996286669624822 84.33504180245882
0.9989459091238804 0.043279783728885975 0.015628286970169214 0.29484903401685686 -0.04288267336127714 0.9987686959387324 -0.024930658550153396 -2.2441816640624044 -0.016688212563709108 0.024234032999408708 0.9995651247834586 85.09334674251036
0.9985806274663943 0.05090695687962842 0.015983955227322807 0.2958802929364852 -0.050504132871748035 0.9984181305518881 -0.02469056222478336 -2.2642904828606185 -0.017215704465404307 0.023848016961463495 0.9995652540547479 85.87839574423597
0.9984189303537776 0.0539150575581385 0.016225082302258876 0.2977085645162495 -0.05349941614533848 0.9982527450114298 -0.02506384004026021 -2.2750489026155454 -0.017548152319220488 0.024155847586565745 0.9995520585700679 86.28755962148604
0.9982386840162825 0.05712505223005326 0.016353320802625186 0.3035227614557424 -0.05668763780929567 0.9980507515772177 -0.026090347625919108 -2.2997842311231502 -0.017811711605926726 0.02511663951419993 0.9995245952475403 87.06280571365521
0.9983409416460413 0.05545252922223237 0.015873922051899133 0.3169175920545111 -0.054979897414732616 0.9980708910264995 -0.02884044046690032 -2.3279627933281883 -0.017442229670611976 0.027918559728411407 0.9994568388291646 87.82599911153743
0.9983167670815548 0.05583156834611835 0.01605585575209169 0.3219620884036695 -0.05532913458387791 0.9980105033058967 -0.030228580493313742 -2.3441269407665803 -0.01771140308890965 0.029288171117348372 0.9994129404610733 88.20169086234894
0.9982463989439511 0.05653425384605892 0.01789825724205845 0.33731090078351644 -0.05595289091361533 0.9979365640181341 -0.031499929213562004 -2.375756738032569 -0.01964165851310956 0.030441672335560662 0.9993426833247498 88.94836497638433
0.9979760720968109 0.06092813115174062 0.01853264230919092 0.34494319119012146 -0.0603392204792883 0.9977011906488705 -0.030852797085054874 -2.400338010598528 -0.020369334975058027 0.029670657425508864 0.9993512417648241 89.69892730335368
0.9979699526551212 0.06107935313504156 0.018378180301489768 0.3500865567403552 -0.06050579957494157 0.9977074976598432 -0.03031910249334156 -2.412673511634729 -0.020187412328756437 0.029144052241930448 0.9993704627815576 90.09062199927963
0.9979748318887453 0.06097748756075407 0.01844546965771087 0.36298441208112203 -0.06042983844302309 0.9977530936641195 -0.028934686337266518 -2.4368694206203823 -0.02016797225551724 0.02775987342970437 0.9994102698664088 90.8691926940448
0.997853420982779 0.06282515983379383 0.018828114914369087 0.3738802586390411 -0.062254818558826454 0.9976242762022195 -0.02950859361028241 -2.464196668802812 -0.020636580016195862 0.028271116723239266 0.9993865930126278 91.6238081528354
0.9978660160335138 0.062347129685685294 0.01973508137483774 0.3979400234451034 -0.06175430191475148 0.9976593115510488 -0.02938480942085788 -2.502751059706069 -0.021520116133937013 0.028101323734013365 0.9993728035694555 92.71351897383623
0.997729936584284 0.06432008631369229 0.020289785397272588 0.41000605389803724 -0.06376633267738374 0.9976033314322653 -0.02689464790444462 -2.524865397444339 -0.021970401344249584 0.025537646519120064 0.9994323204730391 93.50295087002657
0.9977169152751612 0.06444269555235015 0.020551147653508777 0.4169568593054343 -0.06392733224655528 0.9976456323379304 -0.024874582738956354 -2.5330284174300717 -0.022105301105553143 0.023501862663406932 0.9994794022382696 93.8838129056225
0.9976334366027689 0.06511910324483873 0.022413385789412012 0.43570890451461686 -0.06464102251679453 0.9976786321499919 -0.02148909646706109 -2.5477338215567285 -0.023760581430847232 0.01998789219896235 0.9995184437692527 94.65075279391365
0.9977005240722723 0.06393206951091122 0.022854341411116346 0.45590774207538676 -0.06349505076947674 0.9977947198547303 -0.01943279144879657 -2.5631756465965903 -0.02404632104279324 0.017935694664695124 0.9995507943811038 95.42152273711105
0.9977273926327286 0.06351891117372106 0.0228224439812203 0.46286590495857893 -0.06308416973730677 0.9978222104105589 -0.019343963588884672 -2.5722096807612913 -0.024001573647681226 0.01785915040651039 0.9995531909134305 95.79163109313853
0.9979668120180528 0.059441662349117574 0.023323846149499675 0.4826097445317044 -0.05896925711018627 0.9980509751131293 -0.02049682304918786 -2.5913277298609523 -0.02449676309542967 0.019078561870579526 0.9995185980402785 96.5420630285818
0.9981209681439809 0.056619428246297336 0.02372052851853531 0.5022060225921983 -0.0561183802577802 0.9981976709051272 -0.021313756944936216 -2.611808607898421 -0.024884584899994577 0.019941439119765574 0.9994921126674087 97.31837389314892
0.9981086942773918 0.05684777415813988 0.023677282114053715 0.5078199644657532 -0.05635048603827854 0.9981870266522722 -0.02118908179742671 -2.621251621941482 -0.024839089890844008 0.01981395858107296 0.9994955589962834 97.6882308199277
0.9982226144629801 0.05454457881739408 0.024280379866541787 0.5279058718412305 -0.054062191969396725 0.9983355760587116 -0.02011927662628722 -2.638985631931898 -0.025337505896035804 0.018769990727449577 0.9995031160184426 98.47272371298652
0.9981914067822112 0.05496867172608835 0.024610794385988642 0.5450159243079131 -0.054479098870349414 0.9983123052162767 -0.020159884664106738 -2.659731343226669 -0.02567745176625683 0.01878167236923338 0.9994945105843305 99.24924660788437
0.9981677652118608 0.0553236659559691 0.02475791582010841 0.5525035745879742 -0.05482507760937425 0.9982882490934049 -0.020388017918808034 -2.6714533382335035 -0.025843877932235377 0.018992796936919652 0.9994859289081043 99.62996235497621
0.9980498093963528 0.05726988461502934 0.025093447895665408 0.5674110128971592 -0.05673182816998683 0.9981549304428259 -0.021659466124572785 -2.6949992843737958 -0.02628781560958969 0.020193032300180987 0.999451085942615 100.3828025431672
0.9982128077023099 0.05438375177676078 0.025033304509688947 0.58693821743658 -0.05380778977197809 0.9982839052575283 -0.023135302197129698 -2.716517178001886 -0.026248795858549775 0.021746278087198423 0.9994193608839009 101.10925570533124
0.9981963144120766 0.054680431977728206 0.025041802035813552 0.5928613219828741 -0.054100141260419926 0.9982644544178498 -0.023289309399083413 -2.7279651503397613 -0.026272177176292225 0.02189175912652825 0.999415583047176 101.488683273523
0.9981755366290147 0.054742128036386645 0.025721069751134102 0.6116205696214364 -0.05414356873429221 0.9982591065995731 -0.02341772453690663 -2.7506138819537194 -0.026958583068011705 0.021981516051628385 0.9993953319028684 102.22470151371857
0.9981589377072619 0.054888049852726675 0.02605450201750349 0.6311483967271625 -0.05427407749124868 0.998244819284908 -0.0237199941227896 -2.7749735316697013 -0.027311066574861625 0.022261524498914203 0.9993795485727207 102.97830833315425
0.9981502871293235 0.05499188010577391 0.02616718051187666 0.6386902902639234 -0.054369791322589005 0.9982347328044784 -0.023925355651494406 -2.787380836812612 -0.02743701837877111 0.022457811274600115 0.999371736857097 103.34222710268313
0.9981678160750185 0.054605137162074796 0.02628916761388791 0.6571226072355346 -0.053972666527939646 0.9982494440881206 -0.024188052870728536 -2.810493544466958 -0.027564550780713862 0.022724363559443607 0.9993617766653314 104.07793831006296
0.9981256660462956 0.05519927609349093 0.026644170807634357 0.6777642612380733 -0.05455502966998732 0.9982144399410271 -0.024320750102798563 -2.8314812216325103 -0.027939777068542903 0.022821267477041763 0.9993491068129058 104.82385244712981
0.9981017700284922 0.05552399768819911 0.026861931794297123 0.6868134971782276 -0.05487479617847317 0.9981969362144479 -0.02432749021760091 -2.84148469669759 -0.02816479952772172 0.022806696547754413 0.9993431368226858 105.18025474673149
0.9980403487287296 0.05649197607897966 0.027130378834082428 0.70385943651683 -0.055837445102328735 0.9981441992435651 -0.024297403070468224 -2.861728762702778 -0.02845316044775149 0.022734779922366853 0.9993367726668236 105.90259366006732
0.9979595891012485 0.05781157263225501 0.027324948362341367 0.7205360471958241 -0.05715398121317253 0.9980706013995749 -0.02425636496712946 -2.8824042479009395 -0.028675061875127975 0.022645125504256965 0.9993324881301132 106.6454562457326
0.9979334514903215 0.0581760236730716 0.027506073669648353 0.7285721718971778 -0.05751365643248025 0.9980490601354869 -0.024285808158335538 -2.893512015712873 -0.028865738716892745 0.022653604192535187 0.9993268208507712 107.01594968911317
0.9979087229907766 0.05856684747151002 0.027571982727166534 0.7467365572198499 -0.05789214709519867 0.998017830518637 -0.024665759039663147 -2.916450501002648 -0.028962381493188617 0.02301793972175568 0.9993156537378999 107.71898087589602
0.9978627893245381 0.059243220093703884 0.027776223806232635 0.7639722555846343 -0.05855340404746237 0.9979701568668112 -0.025017794315080527 -2.9395569151090553 -0.02920268697931976 0.023338140030037292 0.9993008521160258 108.41288084279934
0.9978459185525062 0.059428194190478185 0.027983574942489403 0.7721365310093515 -0.05872639530456102 0.9979539945378468 -0.025262455945636416 -2.952436349579093 -0.02942822455592457 0.02356482678659007 0.9992889036291543 108.77486527884099
0.9976303309327869 0.06284588911970723 0.028216769583556383 0.7846116642565838 -0.06208836614312542 0.997706077085726 -0.026959498297810695 -2.9774800148648652 -0.0298469001757411 0.025143957434870492 0.9992380988466011 109.46952506943047
0.9972639879305729 0.06861104390840016 0.027736103018536934 0.7922098323968043 -0.0678124112719041 0.9972827981090778 -0.02876850385181193 -3.002502569767714 -0.029635269670807034 0.026809405146824446 0.9992008361830371 110.1664702833373
0.9972920602442389 0.06822182463580881 0.02768979439886978 0.7996771726870961 -0.06741662587931271 0.9973021741465592 -0.02902967585664721 -3.0142340422193423 -0.029596258910668836 0.02708472857259925 0.9991944826322816 110.50242518610973
0.9974950417085463 0.0652035644803485 0.0276568203786908 0.8182099625812993 -0.06444162245813573 0.9975393759411809 -0.02758848007873808 -3.0336280583221207 -0.02938823989561767 0.02573729232752628 0.9992361947712742 111.2123306064341
0.9977242667339753 0.06144129673441445 0.028010639384586332 0.8396314431593158 -0.06077348542618665 0.997860115527122 -0.024098354180259723 -3.050269886870715 -0.029432322028365147 0.022341570127039016 0.9993169181579238 111.95491715620858
0.9976872887905706 0.061911595262898404 0.028308765204347882 0.8465502172346224 -0.061266113869451064 0.9978531613215591 -0.023130527498706664 -3.058215728859751 -0.02968077768465241 0.02134278876611779 0.999331543193628 112.31184027727944
0.9976135370659341 0.06248218199652764 0.029617227416394696 0.867220964500949 -0.0618290145214047 0.9978331534722482 -0.02246832364332908 -3.0774341748405365 -0.030957791574856605 0.020583960558455502 0.9993086711445802 113.01992980500502
0.9976084138552752 0.06274762088546004 0.029228313299727474 0.8873350659483215 -0.06205729178132217 0.9977845340325918 -0.023947959622304393 -3.1032907228028237 -0.030666958743860065 0.022077256034249846 0.999285795689279 113.7341015613656
0.9976504778177595 0.06233627096462283 0.028670419254809728 0.8973833700784228 -0.06162169362311583 0.9977817675711034 -0.025164748287742737 -3.1169265613845707 -0.03017618768766812 0.023339040042943716 0.9992721176522512 114.09009870942006
0.9976167881443259 0.06297439005849279 0.028453964220547294 0.9161587308809562 -0.062222518045339764 0.9977082486632101 -0.026578596020528682 -3.142818668169529 -0.030063062928444753 0.024744572946927994 0.9992420068008501 114.76420725495406
0.9975431512241638 0.06377840841075323 0.029243201818134792 0.9363851156123594 -0.06301178580382799 0.9976629743908786 -0.026436924029673348 -3.1646969572533643 -0.030861166225933774 0.024528669327437896 0.9992233008651609 115.47336558506017
0.9975101966331384 0.06423291605828295 0.029384061628778785 0.9446670522227126 -0.06346579335191588 0.9976367824825024 -0.026348298686111066 -3.1753409574789146 -0.031007114325172138 0.024417055817476704 0.9992217618353022 115.82623077039848
0.997477054157512 0.06477618638166092 0.029325556919557762 0.9613463607448833 -0.0640212308107686 0.9976102867177989 -0.026012218177839226 -3.195723464552278 -0.030940286369390533 0.024068034791758446 0.9992324634341677 116.5303602266411
0.9974871031102285 0.06451576750393384 0.029551199612248388 0.9816044575121734 -0.06375165659987626 0.9976243845800303 -0.02612521641172086 -3.2185108338044994 -0.03116640986113613 0.02417466177064578 0.9992226612324904 117.22916281974034
0.9974845253293818 0.06447827354157402 0.02971626932784667 0.9902516252970935 -0.06370279966277907 0.9976211962897331 -0.026356478590908432 -3.230619795048414 -0.031345023687753965 0.02439642621014164 0.9992116735233953 117.57290908770766
0.9974673364786761 0.06450105622636834 0.030230318451329417 1.0103888707098339 -0.06370326886462824 0.9976127972134902 -0.026658823504453373 -3.2549460598016817 -0.03187775204153258 0.024665003991204148 0.9991881127998521 118.26731402104285
0.9973925343641519 0.0655042867199986 0.030541770043705646 1.0290632763731604 -0.06468082817016332 0.9975346653251351 -0.02722193084845064 -3.279808298137906 -0.03224985534599654 0.02517505277445773 0.9991634274992689 118.96963151742665
0.9973677689248932 0.06582554298006327 0.03066541687080121 1.0369347295876445 -0.06498889034005417 0.9975060091434228 -0.027533217971422257 -3.2924050224734973 -0.03240161692804069 0.025467527455743842 0.9991510477667928 119.30377827125385
0.9972932357888608 0.06683351384015283 0.030908146982333972 1.05444255088751 -0.06596513900494665 0.9974200390896674 -0.0283123475718318 -3.317130834407199 -0.03272119737728408 0.02619673711515236 0.9991217103033441 119.96451011218815
0.997262707963283 0.0672878491757272 0.030898990017771556 1.0724426519922179 -0.06640381793488628 0.9973770461363949 -0.028795927937421844 -3.34190881370267 -0.03275633803569848 0.026665461756816968 0.9991079918915511 120.63587826557276
0.99728874193155 0.06696570409158611 0.030756444794405834 1.080319359466603 -0.06607532064280158 0.9973898096481862 -0.029102960858402638 -3.354282644249899 -0.03262603274670871 0.026992024283018837 0.9991036703905168 120.97135790968326
0.997429400101828 0.06468405018037088 0.031081345378480858 1.101304230367518 -0.06378340136538964 0.997537590182249 -0.02915183592401138 -3.377103960769429 -0.0328914890685941 0.02709478381018789 0.9990922446965212 121.65014613457994
0.9974447684868548 0.06435152804779742 0.03128223696861977 1.1212311439647191 -0.06349744800338313 0.9976005049828625 -0.02758699384066795 -3.3969085449575034 -0.03298359671587598 0.0255304787251622 0.9991305815238948 122.33638231694796
0.9974285921240716 0.06454906311351181 0.03138790994013985 1.1293819858514658 -0.06371363513432418 0.9976043355083709 -0.026942208235360785 -3.4066753373602805 -0.03305298155425897 0.02487354603452364 0.9991449571170571 122.67858773656197
0.997364580197327 0.06521374592317011 0.03204513684433438 1.1516726387279501 -0.06445882578795964 0.997629769580317 -0.024079655677794385 -3.4209531102189596 -0.033541003628383775 0.021951142510549373 0.9991973852409208 123.36308802315786
0.9973276080714345 0.06543786669956679 0.03271855346804795 1.1743817696540395 -0.06477221026074316 0.9976783836163159 -0.02103334304432895 -3.4335952568199324 -0.03402038607684303 0.01885857847662284 0.9992440727806619 124.05789284552193
0.9973493308194535 0.06515213071740236 0.032627873209021316 1.1844845763838063 -0.06450490739899178 0.9977061890793166 -0.020537661354006292 -3.4407897652844817 -0.03389248755509355 0.018379048407486446 0.9992573569399587 124.4092492400343
0.997339024426697 0.06531626524931299 0.03260192125277249 1.2057549878087512 -0.06470346360089015 0.9977133326207874 -0.019517953381547354 -3.4560568880319997 -0.03380380587442191 0.017357490571682555 0.9992784472589809 125.12455385320668
0.9972591276178849 0.06627590202086206 0.03311966536358022 1.2260718584576789 -0.0656390418374988 0.9976433110621419 -0.0199789096611218 -3.4750615586795455 -0.03436677199318617 0.017750668186955556 0.9992527895801945 125.80474384634
0.9972350871499859 0.06656205276976448 0.033264073600939734 1.235375665787191 -0.06590931914916577 0.9976174789917195 -0.02035854880293358 -3.485600153795555 -0.034541230753302996 0.01811061242785753 0.9992400545432584 126.14442509610741
0.9971893502258858 0.06727654189566294 0.03320444287670679 1.2540695821524002 -0.06658435994012545 0.997547893193126 -0.02154591350485615 -3.5069226704439465 -0.034573623857895364 0.019275040326585623 0.9992172505778512 126.79784843478934
0.997135134825044 0.06800506915117373 0.03335263540203236 1.2741363184712833 -0.06727448872259813 0.997478624789845 -0.02257561007704983 -3.52825576957933 -0.034804789579438285 0.02026766163329045 0.9991896447832667 127.4549376389934
0.9970712472577272 0.06871536547289676 0.03379864089392759 1.2825216733148395 -0.06796410791755389 0.9974241371318511 -0.022905675641964933 -3.5381188511263817 -0.03528675420407611 0.020542477406404032 0.9991668816596414 127.78247685806035
0.9969516081727556 0.07002029590943509 0.03464136232240285 1.303836709454882 -0.06923679168127064 0.9973265251824605 -0.02333947189929243 -3.5580350388963824 -0.0361839728462511 0.020870517846359325 0.9991280712026059 128.4984854235197
0.9968974893241763 0.07064214644570244 0.03493520183445462 1.3256932447326788 -0.06984601782433511 0.9972796223485282 -0.02352364000007306 -3.5780660101769093 -0.03650275535470719 0.021011261080279606 0.9991134615116228 129.19674529380217
0.9968791944746639 0.07084447322553696 0.035044719730164695 1.3351920367259615 -0.07004327287935047 0.9972638686959403 -0.023600695796541234 -3.5881351751742643 -0.036621690520134254 0.021073077962526453 0.9991076984063434 129.5399127604106
0.996861629136633 0.07092644247116164 0.035370356355838954 1.3560125593817192 -0.07011966304432933 0.9972595233975253 -0.023562252018711056 -3.6074070769780904 -0.0369455986573232 0.021008801564291617 0.9990970650275781 130.17714156605888
0.9968218016818102 0.07135713077844226 0.03563266674337553 1.378485218659825 -0.07054025657562304 0.997226909794835 -0.023691013001621276 -3.6278669034858755 -0.03722519672510268 0.021102914493807773 0.9990848610212963 130.8759549713502
0.996777145869175 0.0718735142017088 0.03585121416232851 1.386722511713983 -0.07104481045811993 0.9971866236925523 -0.023889527979652606 -3.63794405629499 -0.037468091124596335 0.0212662188241913 0.9990725974732321 131.19876661695045
0.9966248981106135 0.07385137362379318 0.036066601698892885 1.4044798283401203 -0.07299590523855878 0.9970307871087475 -0.024496796100222207 -3.657155931815613 -0.03776952096515454 0.021782450409414317 0.9990498696385085 131.84985904489736
0.9965201638976233 0.07517002071028463 0.03623717967795912 1.4268682247036377 -0.07430452710725251 0.9969295386425292 -0.024679785294023444 -3.674339245772737 -0.037981914478582846 0.02190230821280866 0.99903916472148 132.49861882679005
0.9965381223329093 0.07492935366714525 0.0362326092588601 1.4380801830684204 -0.07406464514021906 0.9969476333010119 -0.024658883299878857 -3.6829627551180573 -0.03797061377946833 0.021891065482603122 0.9990396082324343 132.82544256816686
0.9969139735952602 0.06990879836085408 0.035936174954707245 1.4612178383268288 -0.06898661489490779 0.9972698952204951 -0.026315879607128098 -3.7018767594242177 -0.03767872378939176 0.023756821073385323 0.9990079665447259 133.44177726016764
0.9969824038696589 0.06905375002278345 0.03569486156914931 1.4834976651653715 -0.0681243875841104 0.9973200960144786 -0.02665143851114138 -3.72310002405975 -0.0374405041830174 0.02414056062063885 0.9990077476934442 134.14882352492373
0.9969694438354519 0.06922871864364465 0.03570877581597192 1.4907463387200595 -0.06829516115319084 0.9973053880604653 -0.02674612370503064 -3.7326288417581734 -0.037465330454270473 0.02422794676322337 0.9990044857259153 134.44234428000942
0.9969345550238127 0.06998036609166268 0.03521353117395145 1.5072656227044796 -0.06901712430601054 0.9972247002854613 -0.02788165934715095 -3.755348997949599 -0.0370681219126664 0.025367230697164168 0.9989910687113857 135.03810527200935
0.9968980990225641 0.07071787331369302 0.03475993054909187 1.522325981069464 -0.06976802844356456 0.997173642459429 -0.027828354432855924 -3.7739315032553753 -0.03663118038070709 0.025318687242510903 0.9990080685465925 135.65632037180964
0.9968973820143897 0.07079674698449119 0.034606988009317885 1.5294727894043496 -0.06987238160685032 0.9971828482512742 -0.027231574283662442 -3.7817145880711505 -0.036438917071026686 0.02473106124584533 0.9990296574313747 135.972162199486
0.9969626361721019 0.07000977108615755 0.034323856865190704 1.5476736963631286 -0.06913034763249506 0.997262871399366 -0.026168899760229798 -3.7979625847454086 -0.0360634666054454 0.023718622139719262 0.9990677781785463 136.59486634781396
0.9969391421869099 0.07036230498819289 0.03428634536376404 1.564338001196326 -0.06952494293671149 0.997264729231109 -0.025022958478878685 -3.8133750995259117 -0.03595488376353692 0.02256466204654029 0.9990983697027442 137.20758525879828
0.9968316390592542 0.07190915598394793 0.03420499206195356 1.5698122561402243 -0.07111363079772354 0.9971799646567364 -0.02392228598698913 -3.819255973820408 -0.035830476803067245 0.021416064052179825 0.9991281345763859 137.5389449825372
0.9963925239076438 0.07804304594402167 0.03355148602092915 1.5813311070391487 -0.0773662006653007 0.9967800309568732 -0.02100956785563729 -3.8305698618100186 -0.03508488582047453 0.01833981478862659 0.9992158995748266 138.15953194111282
0.9966005302176995 0.07552973308572225 0.0331278184945121 1.6015081309284356 -0.0747904451143016 0.9969324074598801 -0.023008333471089663 -3.850262371685167 -0.03476577134466279 0.020454263882861437 0.9991860078415761 138.76524113996567
0.9965988413587985 0.0756898197628306 0.03281630146259176 1.6078041821198874 -0.07492280221442693 0.9968992097753142 -0.024002597710671546 -3.861308477303588 -0.03453286492986709 0.0214637868780855 0.9991732008343419 139.06888119922576
0.9965584499829314 0.0763439847125587 0.03252529421449005 1.6229607001123187 -0.07554041480356313 0.9968217040025593 -0.025257736895448968 -3.8825585653061765 -0.034351635577744795 0.022715214762246937 0.9991517698778964 139.65409072949535
0.9962907912149849 0.0796388906957965 0.0328351924851566 1.6366773057777726 -0.07878048465412911 0.9965344538332552 -0.026658383569633144 -3.9042579321793807 -0.03484573165645314 0.023974118713193833 0.9991055560473853 140.28037768887532
0.9960132383752394 0.08299872108798097 0.03293320724050256 1.642715266685294 -0.08210932659391722 0.9962431289199237 -0.027496511407459828 -3.91369754828724 -0.035092851859351404 0.024684200136788723 0.999079552569447 140.61127654386948
0.995971028628333 0.0838631978044522 0.03200165098371288 1.659414526530329 -0.0830366383250245 0.996197360673157 -0.02634579129190674 -3.9291743155607595 -0.034090540001971766 0.023583553735786904 0.9991406201447786 141.24380711212876
0.9959200421635306 0.08459281982068788 0.03167655283781169 1.674523006650944 -0.08377981974877544 0.9961396931448139 -0.02618230087842719 -3.9465931144024324 -0.03376989753456567 0.023422439005772178 0.9991555828700932 141.86232026045286
0.9958898313637411 0.0849131022065821 0.03177104168158897 1.6821945517244214 -0.08409400507800562 0.9961101735888271 -0.026300249296714272 -3.956418432497386 -0.033881390530272906 0.023521157292415995 0.9991494963204868 142.1788125810623
0.995933809099774 0.08432710154953223 0.03195151863853366 1.703009282101353 -0.08349791729890176 0.9961558733518451 -0.02646582658554634 -3.9776226605638945 -0.03406120160911821 0.0236911618142354 0.9991393988379688 142.8260541280919
0.9959219810070085 0.08455800430009602 0.03171106099483032 1.720940339217721 -0.0837410681126497 0.9961406370448318 -0.02627168635811068 -3.9979867168839887 -0.03381098200520863 0.02350992414237551 0.9991521715935449 143.49332848732507
