1.0 0.0 0.0 0.0 0.0 1.0 0.0 0.0 0.0 0.0 1.0 0.0
0.999998927116394 -0.0014872848987579346 -0.0004912018775939941 0.00226596393622458 0.0014856457710266113 0.9999921321868896 -0.0036591291427612305 -0.00912220124155283 0.0004965662956237793 0.003658682107925415 0.9999931454658508 0.31567585468292236
0.9999838595554946 -0.005556713795719759 -0.000348136385994291 0.00809642177472103 0.005551253145508639 0.9998667413782503 -0.015327892850082847 -0.04197382387570908 0.0004326686753453046 0.015326416327363646 0.9998819687671872 0.912942113337601
0.9999975592438177 -0.0018012019135395904 -0.0008702746547364137 -0.004029794798691477 0.0017783387952152872 0.9996602053629119 -0.02599090962059166 -0.07648308308698978 0.0009164345855518517 0.025989730410521404 0.999661628421594 1.5393463223023267
0.9999994523150638 0.0006830209961080998 -0.00075815282477203 -0.007296250640331256 -0.000703373960986453 0.999616778620394 -0.027663984374378985 -0.09038004519166845 0.0007388031262774435 0.02766489331475457 0.9996172718278521 1.8612861016215956
0.9999808824632218 0.006148620737039155 -0.0006750123361828537 -0.014805024597126272 -0.00616470321568838 0.9995889230536547 -0.027989631070110495 -0.1109857417819288 0.0005024726537459855 0.02799359444949591 0.999608441859609 2.483381643607673
0.9999766162456502 0.006405575694280738 -0.002255187071114442 -0.019926463466298026 -0.006455047094908789 0.9997172325547701 -0.0228641014582038 -0.12117632068699373 0.0021084114879784265 0.022878501522317036 0.9997360474139586 3.1370332802364675
0.9999825235212663 0.0049089882194748285 -0.0031099643076550358 -0.021870315625200407 -0.004966124958618139 0.9998086548936894 -0.01888104519695518 -0.12268922508553262 0.003017495790303985 0.018896139384229446 0.9998163896948351 3.4918486745041357
0.9999794757048719 0.005568518542591701 -0.0029102795757663833 -0.024569023120920633 -0.00560793188273337 0.9998851298044469 -0.014018909967503834 -0.1300678037328879 0.0028327791584503046 0.01403500833970452 0.9998966683046636 4.210509825443243
0.999965600806697 0.007865454370683566 -0.002307270952558093 -0.028780894072106947 -0.007901296870789758 0.9998351905923415 -0.016303134658944667 -0.14982435788540696 0.00217970954372611 0.016320628241546294 0.9998638349241319 4.870233584435754
0.9999509326583008 0.009564536872652081 -0.0023038694793768646 -0.03371308172174558 -0.009601762052094755 0.9998097706533 -0.016961703228978976 -0.158281255145617 0.0021426199424722145 0.01698243924513774 0.9998535816143514 5.191626754608477
0.9999198161897223 0.01221479022746303 -0.00312524580474012 -0.04412788176435403 -0.012263520322341818 0.9997932702293302 -0.01621443270039356 -0.16967759706344165 0.0029280480569264457 0.01625076281452699 0.9998643046333642 5.871063700062797
0.9999103073473202 0.012888649973103959 -0.003345600907360626 -0.04938927115924718 -0.012937115359839648 0.9998005946497001 -0.015178766325008333 -0.1813821212548127 0.0031505391282954025 0.015220345934187177 0.9998795156353513 6.589422940941307
0.9999064396808481 0.013210106523578896 -0.0032980564502547256 -0.053113657999987685 -0.013259166779353784 0.9997906078669084 -0.015550527473590411 -0.19026280422460026 0.0030933279558344753 0.015592413790821916 0.9998740313571028 6.928702939179091
0.999895257700385 0.01400203276484289 -0.0034266240045234386 -0.05731082682602378 -0.014056096977494329 0.999763589573523 -0.01654691947436737 -0.20835642547232616 0.003195441978166816 0.01659275351210448 0.9998575746273006 7.575918751614285
0.9998679562691931 0.01589463815820127 -0.0032259748054600476 -0.06421389281558357 -0.01594676749233499 0.9997258849716243 -0.017089525248949102 -0.22379567328413652 0.002954847866400364 0.01713822175748483 0.9998491042965643 8.258904423173133
0.9998575456596958 0.01652934339052694 -0.0031975191267694446 -0.06851628568894688 -0.01658154818319484 0.999710305963811 -0.017373238189975757 -0.23243499875504203 0.0029104321484057297 0.017423586488846714 0.9998439893560009 8.59101123298339
0.9998479287444925 0.017070006300932816 -0.0033356014426799297 -0.06840157862998543 -0.01712839240841983 0.9996773386715304 -0.018676190299078823 -0.2508911914834172 0.003016669847350536 0.01873040794155232 0.9998197752044298 9.261615378273007
0.9998446547868092 0.017172161345369148 -0.0036165451591060717 -0.0698529975381958 -0.01723768160048609 0.9996623773504814 -0.01934413225654584 -0.26948388636272624 0.00328372119154713 0.01940400371106216 0.9998057050887513 9.926479078914122
0.9998420428659782 0.017267155135977888 -0.0038220327205069904 -0.07218564751340009 -0.017337435748270045 0.9996553456979164 -0.01960277719671366 -0.2798421306490593 0.0034827477079249556 0.019666850288519847 0.9997998380740182 10.279947758545495
0.9998350165402451 0.01768675554772116 -0.0036107582925928475 -0.07476488084963802 -0.017752824964624776 0.9996452857198985 -0.019723313118692225 -0.2976721797187023 0.0032607018865980215 0.019785582555765298 0.999797924720909 10.958367516610087
0.9998445527407672 0.017027796436807054 -0.00394088088573737 -0.07692444211052643 -0.01709132367559731 0.99970203959493 -0.017263353469606158 -0.31100316592516125 0.0036460327564464897 0.01732923748627206 0.9998419257589924 11.67419033174763
0.9998469206380026 0.016706761957143733 -0.0047293454419598925 -0.08080205609783958 -0.01677955088263649 0.9997264435916116 -0.01615165981797021 -0.3164521075233747 0.004458411686351113 0.016229857990816283 0.9998573579697368 12.011397004501292
0.9998855767828853 0.013896095508151664 -0.005597729639127114 -0.08499242881867769 -0.013965951682807282 0.9998165466423504 -0.012943447282836971 -0.32537834326614656 0.005417022477105206 0.013021538157286948 0.9998995357934304 12.707572530133206
0.9999132552935156 0.011614422009615625 -0.005832660216807812 -0.0881061927381814 -0.011677661903267434 0.9998670562221628 -0.011184189079430393 -0.3355958507432534 0.005702203140263811 0.011252770897967355 0.9999194462301494 13.423760321160573
0.9999153962173075 0.011385924176263 -0.005940841069391885 -0.09182309247141432 -0.011449042007815652 0.9998727874678528 -0.010932153352282434 -0.34179325150958084 0.005815944485012485 0.011000487221831322 0.999921634573776 13.770624813179413
0.9999170365299923 0.011205338567851941 -0.006091123291778416 -0.09721380308449358 -0.011263634628988573 0.9998870390020341 -0.009801223678982325 -0.35182768754925875 0.005980956803024396 0.00987020667431187 0.999932511401847 14.498347313172916
0.9999074833374137 0.011902005125045117 -0.006357344852336284 -0.10553928111292274 -0.011961457502470853 0.9998818562987798 -0.009528572171784292 -0.3623067243899058 0.00624387596226955 0.009604373096864223 0.999933800863262 15.2397316371949
0.999904165225821 0.012297532391231257 -0.006194448003061328 -0.1103250001019166 -0.012357190022624209 0.9998748521687644 -0.009779794646145666 -0.36927524312129206 0.006074342112118562 0.009855865691004367 0.9999325617474345 15.580410453350606
0.9998893577405673 0.013369908117222712 -0.00639836710167955 -0.11773818224442882 -0.013437951948671282 0.9998505984180739 -0.010778431212633199 -0.3833740421191419 0.006254248286854776 0.010863563293158318 0.9999210538754194 16.263878774250266
0.9998739088174103 0.01446208724129195 -0.006457216306805643 -0.12511433948058553 -0.014536513174202657 0.9998246509140005 -0.01171598837185558 -0.3981620934711864 0.00628743160036396 0.01180885164608147 0.9999099746590226 16.95396114667783
0.9998650707282862 0.015121590885742874 -0.006293666706851065 -0.13069555570728467 -0.015195478566583587 0.9998119929665368 -0.01194820682972479 -0.40500606808231543 0.006112447188606429 0.012042639908873758 0.9999080714968195 17.30447127126477
0.9998529723125698 0.016017387540865614 -0.006024614842143294 -0.13882622054606603 -0.016086601852605183 0.9998012823510432 -0.011682068235813076 -0.4155821924296253 0.0058370538120755934 0.01177737225769333 0.9999130646413538 18.012090054357095
0.999834745224804 0.01704351481870491 -0.006232861883972211 -0.1437902861566897 -0.017114036974202034 0.999786041322535 -0.01151995001605414 -0.4241522513254038 0.006035750196572913 0.011625083793508396 0.9999135846051872 18.659484288510512
0.9998314009068994 0.01728782907219619 -0.00615807190727594 -0.14627557786282328 -0.017358119753539958 0.9997809245691678 -0.011601704100577965 -0.42996798628931737 0.005956884998103992 0.01170696139986692 0.9999132281487166 19.00255426966439
0.9998197177339035 0.01804485141491822 -0.005863018093705617 -0.15154073526259387 -0.01811264885454891 0.9997650416229691 -0.011810212680975752 -0.44229903893920214 0.005649055677697362 0.011914947571341804 0.9999125069334142 19.676929510942426
0.9998231865338494 0.017883144242549318 -0.005739379568539616 -0.1540956838665931 -0.01795005207161306 0.9997662228618016 -0.011948986655869019 -0.45575987028989007 0.005524802663157527 0.012050728326291069 0.9999113543324328 20.345850908563175
0.9998216052641321 0.01805313856578291 -0.005547881251640556 -0.15755761345044597 -0.018118263678585274 0.9997617988537528 -0.012066073715720618 -0.4628989391229328 0.005329140758057263 0.012165506067675629 0.9999112927446528 20.684914182293813
0.9998106372855826 0.018710528706671607 -0.005385211463136106 -0.1636482851337229 -0.01877318627185831 0.9997507785937758 -0.011981096864579996 -0.4751947206525716 0.005160140088891791 0.012080947204454677 0.9999132208827253 21.400631773848314
0.9997856981084381 0.019983493833309152 -0.005416823344580406 -0.17093190293290839 -0.020050469309525216 0.9997160744435978 -0.012765775892533422 -0.4904296620192902 0.005160347442602396 0.012872954889936264 0.9999028727588378 22.143536885614314
0.999783426400915 0.020096453729413367 -0.005484586959609991 -0.17489347821752188 -0.02016554971815073 0.9997115805729934 -0.012974997986983238 -0.49881155704178687 0.005222618989532398 0.013083665656652818 0.99990007267495 22.49561454660616
0.9997671224543255 0.02086941301549789 -0.005602881903797243 -0.1817847443497821 -0.02094330819976773 0.9996875187485338 -0.013597190333585007 -0.515054482554306 0.0053177384307715745 0.013712252088080872 0.9998911706411123 23.220978564914724
0.9997783373120211 0.020346806982335996 -0.005568677552631935 -0.18475025705735915 -0.0204247291106292 0.9996869075954392 -0.0144147529735261 -0.5322373248340019 0.005274124716093575 0.014526135594856885 0.9998800053874771 23.925078262692093
0.9997762215002507 0.020446548096141843 -0.005626265266939933 -0.1889327364195042 -0.02052602521340442 0.9996835020326237 -0.014524455974677195 -0.5408944628902235 0.005328121226231561 0.014637221792981655 0.9998783414572409 24.280548510340388
0.9997665997508568 0.021006903479998038 -0.0052785128958564 -0.19378366958171933 -0.021081030127528766 0.9996724186764211 -0.01449046234846802 -0.5556674789910502 0.004973004040549665 0.014599231068182542 0.9998806730469441 24.992315512604247
0.9997563846242817 0.021521433193910547 -0.005186999517394512 -0.1983250677380477 -0.021594716159545346 0.9996609518013547 -0.014551323205956486 -0.5715901676544094 0.004872987845234625 0.014660409591918201 0.9998806318258568 25.75331853188721
0.9997635824747565 0.02115018861888406 -0.0053166016098327015 -0.20189041614766975 -0.021226319003901442 0.9996664491731166 -0.014720609159957822 -0.5803391556441039 0.005004391076530305 0.014830543302025974 0.9998774956474552 26.109977740716747
0.9997789169000307 0.020396125460210947 -0.005397303145396971 -0.20568426708735038 -0.020476714610339786 0.9996736872421724 -0.015290229322228652 -0.5974564246016059 0.00508470360032131 0.015397960531727919 0.999868799184587 26.81660326265575
0.9997984802887108 0.019436948069889912 -0.005330228602183159 -0.20781340928341432 -0.019523782049471874 0.999670663018043 -0.01668247164952719 -0.6159002461167887 0.005005254124950476 0.016783599562903203 0.9998469758086314 27.5060498086809
0.9998031062319619 0.019216251263536044 -0.00526788813937449 -0.2074696446960523 -0.019304661568312922 0.9996654731378727 -0.017235295099195278 -0.6265268544049452 0.004935907999719447 0.01733412160870114 0.9998379052614247 27.898085445029903
0.9997951762346465 0.019790415305485597 -0.0046135562150824575 -0.20870099545507925 -0.019872712859414672 0.9996330012523298 -0.01845131895001462 -0.6465086273696405 0.004247930782493919 0.01853936659590654 0.9998196754649029 28.602461210158403
0.9997751422461016 0.020849843078587157 -0.004309564323032945 -0.21164140447611846 -0.020930783497443536 0.9995900913429416 -0.01957863262253959 -0.6674408796336132 0.003900993142225957 0.019664250213575263 0.9997996780802155 29.320581226098717
0.9997675672136253 0.021228282694773826 -0.0042351561397261 -0.21432153096014608 -0.02130894781248726 0.9995769695655258 -0.019857004070499593 -0.6784883948750471 0.0038133409020930796 0.019942127117630704 0.9997946669751333 29.67983448690385
0.9997623996776932 0.021445114079583227 -0.004368279683457115 -0.2181790019673635 -0.021529041250112357 0.9995687808747318 -0.020026724834883946 -0.697752434289688 0.003938346482194275 0.02011577256378859 0.9997906128739971 30.38286847891546
0.9997692201310373 0.02110441313186536 -0.0045056160839451204 -0.21965569130644136 -0.021190861735191642 0.9995793869209473 -0.019873444696837474 -0.7175882526395447 0.004085891592795705 0.019963828332926998 0.9997933214024021 31.149367169165767
0.9997635850877946 0.021352802957205874 -0.004593075460054291 -0.22228142663625947 -0.021440189145605644 0.99957711776194 -0.01971536060216814 -0.7266409237045346 0.004171707112109918 0.019808885102693727 0.9997959501338031 31.509819270027684
0.9997628509987704 0.021365139960894557 -0.004698023702522284 -0.2262886478729916 -0.02144104021026791 0.9996332935238376 -0.016615251205425022 -0.740622927503735 0.004343324048915887 0.0167111922030698 0.9998517106028764 32.27952854622279
0.9997202561550456 0.023155070136121628 -0.0052582264402825435 -0.23311690450084877 -0.023220148312717948 0.9996530357299652 -0.012550142889807079 -0.7496115727485072 0.004967849476604177 0.012667731008084361 0.9999084594974925 33.05049319887464
0.9996990864708722 0.024041059211841687 -0.005335054639427835 -0.2369951132355722 -0.024100911298426418 0.9996471661994479 -0.01130744114576845 -0.7539150685750531 0.005063386596427203 0.011431501653002607 0.9999228766371189 33.45436187646224
0.9996764382242308 0.024995678693856015 -0.005231034635464432 -0.24449630123378685 -0.02505357078314363 0.9996262184732554 -0.01112963920472896 -0.765670983786729 0.00495348266991454 0.011255654287757808 0.9999259191565416 34.23761370727582
0.9997927749216595 0.0192704865731718 -0.006890320994394529 -0.24449430274364686 -0.019387639584718303 0.999665260815676 -0.017238448546212988 -0.7919158832255023 0.006558255235662543 0.017367022747237157 0.999828982455262 34.98817135778038
0.9997653704446563 0.02059277032031241 -0.007021164977036576 -0.2529873906334563 -0.020755256463632236 0.9995030897536663 -0.023804593544925465 -0.8155156695623456 0.006529600242661836 0.023943511421143822 0.999693120978595 35.36684802608522
0.9997294594993524 0.022665009598510272 -0.0056334955117105815 -0.26705792376933185 -0.022869310294480742 0.9989726018590631 -0.039174655603072525 -0.8681429504635891 0.004741892549336736 0.03929160635654919 0.9992177715927539 36.07173775747114
0.9996760348822867 0.024929324706074573 -0.005491901013228312 -0.2783527260511102 -0.02514923776554397 0.9987019624070551 -0.04433847899609271 -0.9084681357243056 0.0043813614024630935 0.04446111895427489 0.9990025864917951 36.70945330903311
0.9997367326550411 0.02236680920395412 -0.005478683215888268 -0.28128111747646195 -0.022588471115929164 0.9987641956383434 -0.04431652689398826 -0.9232649531179267 0.004482592965297251 0.0444276534568308 0.9990036334506842 37.00486433487987
0.9997086078907096 0.023491798111690047 -0.0058807561425014915 -0.2858048258973777 -0.023704372648795182 0.9989588599596003 -0.03903621541187989 -0.9478064670904771 0.004959444476209453 0.039163205925431724 0.9992216996192435 37.79924356849549
0.9996071237093531 0.027588538901284747 -0.005261374579090711 -0.2928920735902095 -0.027756122470233614 0.9990083327549211 -0.03487719154373012 -0.969753778664156 0.004295913805009886 0.03500864259380765 0.9993784554643131 38.55117862450772
0.9996100956631156 0.02755549297668656 -0.004825252327310976 -0.29353970273055957 -0.027707521073990972 0.9990113289244696 -0.03482823110974739 -0.9843778555021545 0.0038626877431106837 0.03494748500345519 0.9993823416874562 38.91393481714538
0.9995988078544853 0.028023936009335212 -0.004345250798567508 -0.2963745382307658 -0.028160667429845885 0.9989751616430841 -0.03548211261550335 -1.0166586941005227 0.003347969748432964 0.03558981298236438 0.9993610381698048 39.64345171291981
0.9995324482817165 0.030367656329496243 -0.0038304895603846153 -0.30334110458452296 -0.0304938999072258 0.9987781600136848 -0.038934939376110374 -1.0554238709741794 0.00264494413665631 0.039032790397931366 0.9992347822850733 40.37533163765986
0.9995033568397951 0.031353141513536936 -0.003519672208060384 -0.3063758441230294 -0.03146872075954356 0.9987083294979838 -0.03993669128261393 -1.0750493963336925 0.0022644269717709115 0.040026937340817095 0.9991964648334017 40.74136489755915
0.9994712384877193 0.03241644738089344 -0.0029996936388300257 -0.30996004156799095 -0.0325110969489851 0.9986615234248798 -0.04027763487481643 -1.1059201586042449 0.001691743609361119 0.04035296599045711 0.9991847896425272 41.394183145022495
0.9994652931569226 0.03256786338031312 -0.003381574437097496 -0.3131745777928391 -0.032679605929574695 0.998618422236229 -0.04119999087562044 -1.1413962223938368 0.002036709117774192 0.04128764471205991 0.999145985555756 42.091197204247145
0.9994517682058089 0.03299912076509508 -0.003362757248009608 -0.31675737825364453 -0.03311051242929678 0.9985962186728848 -0.041402884805468824 -1.1578785608037265 0.001993809962925955 0.041490273046588554 0.9991380410089598 42.41200786992307
0.9994428899130686 0.0333583423313221 -0.002399435991799374 -0.317504795514364 -0.03342891845545165 0.9986093197254412 -0.040831675039606934 -1.1935970576850123 0.0010361390089732247 0.040887827641756545 0.9991644176454499 43.223026402423535
0.999411768039631 0.03432260979393243 -0.0017458097071496885 -0.32000289308358193 -0.03436531614265171 0.9986242100236588 -0.03968347249179483 -1.2261377427705689 0.00038363938914770686 0.039718540135123284 0.9992124321200468 43.99874318752649
0.9994041941127652 0.03454260971454114 -0.0017563493140567087 -0.32198223206091203 -0.03458554187272885 0.9986188944750356 -0.03962659087150727 -1.2421653408669096 0.00038743699335405804 0.03966207450939056 0.9992147919327672 44.343736352949556
0.9993713002723712 0.03552501548601875 -0.0005583716420453693 -0.32262670560790624 -0.03551908642367839 0.998557967016762 -0.04032977911257832 -1.2787358045487545 -0.0008728293530181763 0.04032244746054526 0.9991883585518272 45.094608535749465
0.9993386108212109 0.036450995484540005 4.523104313196801e-05 -0.32234625523875204 -0.03641892271484206 0.9984887405288818 -0.04124035404628121 -1.314766190746046 -0.0015455770338216666 0.0412091116587603 0.9991518264699834 45.793085578179046
0.9993290612482996 0.03671893801201492 0.00011096876087511999 -0.3240102185210014 -0.03668393668163451 0.9984705853938292 -0.04145248991167604 -1.3335353310720026 -0.001629771566428775 0.041417771743828734 0.9991430681861663 46.15529099163505
0.9993233285382351 0.03688035862207968 0.0004399314702112582 -0.3238189767013808 -0.03683123279620631 0.9984533869004732 -0.0417365816780762 -1.3685550549971144 -0.0019752052706933382 0.041689251466929055 0.9991312470571885 46.8553348931074
0.9993021485989524 0.037439587156830656 0.0011185191625971884 -0.3193962424903427 -0.03736156564301014 0.9984288307717478 -0.04185521069050424 -1.4059112688580826 -0.002680328710266841 0.04178119506813167 0.9991259356853105 47.65943342278976
0.9993011321839272 0.037468834204915945 0.0012547382572751483 -0.3182801394117135 -0.03738541802506421 0.9984301904950879 -0.04180466971142237 -1.4224887184903259 -0.0028155850800443633 0.04172535048711747 0.999127841097949 48.01700170322698
0.9992787363177198 0.03801783297551991 0.0022356645912055247 -0.3160743943433416 -0.03789146156894163 0.998395017100981 -0.042186663885979865 -1.4589564436000289 -0.003832344590209254 0.04206824748462418 0.9991100342297264 48.75224423915127
0.9992584155094376 0.03852969479620448 0.002458392133324495 -0.314323258186829 -0.03839057097000722 0.998346599741382 -0.04287577501823461 -1.4971883059352444 -0.00410277259062888 0.042746175777774516 0.9990801434086154 49.48911843429392
0.9992534702486284 0.03865807517007832 0.002408342561527574 -0.314598876682509 -0.03852014939553255 0.9983334132487665 -0.04306675644292741 -1.5171304901147826 -0.004065753585302112 0.04293841337667503 0.9990720113730412 49.862918515494094
0.9992325052461501 0.039193474508777346 0.002486431678967941 -0.3124520563703139 -0.039049373754174076 0.998286959691824 -0.043661883753699 -1.5570696122628354 -0.004189787836652324 0.04352805638066221 0.9990459328002578 50.61834762300161
0.9991627253265178 0.04090877861794013 0.0029664535545342817 -0.31235249802049136 -0.04073951833054102 0.9981945388804925 -0.044225888693791474 -1.5948941628368216 -0.004766573033273566 0.044064736034683964 0.9990199136550936 51.350959201907095
0.9991355921292543 0.04156107598496764 0.0029510497356996625 -0.3131849058604959 -0.04139134802364284 0.9981641610839402 -0.04429968607623284 -1.614420990031618 -0.004783234766085222 0.04413645376914887 0.9990164539707778 51.72849834287849
0.9990858527050386 0.04274128114180321 0.0027875441794097604 -0.31444596462870744 -0.04257549604304153 0.998096102845007 -0.044700497735111665 -1.6498117824874183 -0.004689686322227857 0.04453856016836848 0.9989983885808646 52.41306718669688
0.9990473178797832 0.04363795767278038 0.0025711050936798987 -0.31423768142395886 -0.04347577220438506 0.9980078628002172 -0.045780691929670596 -1.6903818200355316 -0.004561008991745888 0.04562330404877351 0.9989495272331663 53.14189451544656
0.9990338678399439 0.04394868537398468 0.0025219425786130677 -0.3154784063508061 -0.043787550400622585 0.9979844860994688 -0.04599152170775475 -1.7107034659985993 -0.004535314831121355 0.04583483458171195 0.9989398129796168 53.50714363673073
0.9990271243400703 0.044103862006462415 0.0025794638697206264 -0.31409010830878625 -0.04393953353050197 0.9979715558026864 -0.0461383680953758 -1.7483549868643768 -0.004605960689823976 0.045977976104478624 0.9989330266750552 54.21020766378659
0.9990322465870496 0.043971306675439 0.002773047855679923 -0.3110402806220676 -0.04379805884208327 0.9979781021646085 -0.04612598181966455 -1.7887810691788963 -0.004792646299449687 0.04595785570174598 0.998932860793106 54.97360268708751
0.9990336741697448 0.043961038626874505 0.0025459153299677863 -0.311959805241994 -0.04380000334278525 0.9979922378602213 -0.04582402973269363 -1.8072139754828778 -0.004552067382905412 0.04566592282759421 0.998947671391601 55.33924820132458
0.9990293187607959 0.044044597232922 0.002784729177338943 -0.3108208417090143 -0.04388073098911598 0.9980665927769115 -0.04409152622761424 -1.8386683799561498 -0.004717995452501515 0.043924052530111425 0.9990251012808365 56.016164012623975
0.9990331828929087 0.04393806115599129 0.0032435405925061098 -0.3091687871635808 -0.04375683591900565 0.9980909933462879 -0.0436742397655103 -1.866383352127217 -0.005152806517835289 0.04348732072715142 0.9990422395675514 56.57452755597458
0.9990229880274106 0.044153851230399124 0.0034249098769098727 -0.3073897227175693 -0.04396464556776708 0.9980835567905589 -0.04363432032278971 -1.878415835638985 -0.005341529541755382 0.0434385960513356 0.9990433963622498 56.823411396121735
0.9990062546029225 0.04453057701433982 0.003431805002493967 -0.30467038382419004 -0.04433954110792822 0.9980570928047782 -0.043850656189031334 -1.9082742252275844 -0.005374461080565247 0.04365272281299469 0.9990336859533758 57.40889080880992
0.9991186408749106 0.041949194754255716 0.0033910355817004054 -0.3015693525047219 -0.041762814898972586 0.9981695450855682 -0.043827870364407134 -1.935997607182935 -0.005220145031865859 0.04364541901258237 0.9990349452781637 57.98805889408084
0.9992233004439747 0.03935535761387017 0.0037250702534994545 -0.3020736542410067 -0.03915827446348524 0.998285862585958 -0.04358650365635338 -1.9449688364244575 -0.005430852277266331 0.04340465601932795 0.9990443411438241 58.20597675268629
0.9992244432691878 0.03932431232173846 0.0037446665956233894 -0.3013501521866409 -0.03912899757134614 0.99830635881815 -0.04314351679870258 -1.9720572479144178 -0.005431667464253407 0.04296142371913237 0.9990635939070308 58.79831785581805
0.9991497448353092 0.04114978666078001 0.004061779637369648 -0.30257342673441473 -0.04093929241245851 0.9982350913639119 -0.043119770538649155 -1.9975430249705795 -0.005825582344520493 0.04291455021229858 0.999063670396788 59.3574998266275
0.999042372367724 0.043657315918017 0.004219259686105033 -0.3073072448946578 -0.043433693435761374 0.9981008997139724 -0.04377541463624034 -2.007564926422837 -0.006119119724843831 0.04354806939212025 0.9990340185471785 59.561239381089116
0.9989820850805889 0.04501287167769792 0.004289526570186678 -0.3105519181107237 -0.04474409471545642 0.9977425429134769 -0.05015900630993532 -2.0416668337259907 -0.006534345430618826 0.04991347557470766 0.9987336767464462 59.98747730875572
0.9989475707819215 0.04584029719766604 0.0034683148043010933 -0.3142054180342369 -0.04558542964623374 0.9974709889865399 -0.05460560216284677 -2.0696667676305074 -0.00595926424344424 0.05438746149525616 0.9985037472865534 60.33545020188864
0.998952668477399 0.04570886184970135 0.00376977608988039 -0.31595524449876816 -0.04543587112374447 0.997458705982902 -0.05495496506935185 -2.0809783020940076 -0.00626855691384332 0.05472350311801022 0.9984835963392643 60.50204022179734
0.9989252876725542 0.046251907109400865 0.004410274491965438 -0.315393187053473 -0.04594149015530734 0.9974227972610261 -0.055187781457384844 -2.1069896306133966 -0.0069479155523634525 0.05492330841551039 0.9984681881211291 60.89849035198803
0.9988113786746106 0.04859736846268662 0.004983814385330571 -0.3169793185102017 -0.04826945659998296 0.9974377067723594 -0.052885792892558056 -2.128177086121517 -0.007537830200087748 0.05257971482433829 0.9985906189917275 61.333825588282274
0.9987778364617358 0.04928506207853087 0.004929066319553285 -0.31932452311538306 -0.04896259288373794 0.9974282595616409 -0.0524245779634642 -2.1390415634932896 -0.007496624876546355 0.052116507195126165 0.9986151379039234 61.554319988223256
0.9987397651908292 0.05006539074988591 0.004771136563788221 -0.32128376096866407 -0.04975187687584611 0.9974032048229637 -0.05215335229419922 -2.166804473226218 -0.007366477351888464 0.051847762715578574 0.9986299160070234 62.0574495208316
0.9987678340951361 0.04950800337022245 0.004670341613859829 -0.3189283755078363 -0.049201551679866326 0.9974388344427142 -0.05199246253977771 -2.2002139480588765 -0.0072290483249187925 0.05169600989066665 0.9986384411649706 62.637479168023305
0.9987768297199483 0.049361169500967736 0.0044032066155599335 -0.3209658026475396 -0.04906907486621007 0.9974463994771136 -0.051973081115339 -2.21802472631054 -0.006953904389655001 0.05169067367759912 0.9986408179603528 62.94227862090842
0.9988459657432779 0.047958828829171574 0.004212153922465951 -0.315072066665604 -0.04767912198758942 0.9975189780982027 -0.051871993778402306 -2.2526765790197194 -0.006685889810567818 0.05160862118193966 0.99864674131057 63.5598899454344
0.9988510494373863 0.04783288811952613 0.004385374892422738 -0.3122998716566275 -0.04754330726480642 0.9975179608422065 -0.05201613179673328 -2.285065191860222 -0.006859137517536326 0.051745316628979465 0.9986384651457775 64.10454167353156
0.9988376068047936 0.04810406833874127 0.004437764393986383 -0.31216587651957045 -0.047809904359763455 0.9974955046602305 -0.052192235562467895 -2.3033167587294816 -0.006934112533963114 0.05191715103943856 0.9986288242479934 64.40740397841064
0.9987981323690714 0.048920563694357155 0.00444365801678533 -0.31156340241178065 -0.048623469325830976 0.9974438980368596 -0.05243385031708187 -2.3415715270667707 -0.0069938840002507635 0.05215211159247078 0.9986164096365988 65.05604376782563
0.9987808031257643 0.04930668327115276 0.004061270587203063 -0.3106665435266101 -0.04902793758924527 0.9974165172312435 -0.05258388352906506 -2.381970665081289 -0.0066399671830871575 0.05231814124902571 0.9986101728433062 65.74100620910708
0.998769584850901 0.04955982674477519 0.003799938119329528 -0.3123497211416371 -0.04929414808585906 0.997398175784268 -0.05269818375433409 -2.4010603448207117 -0.00639790788081541 0.05244289395763779 0.9986054550632408 66.0536637455053
0.9987518884362593 0.049912421339121826 0.0037919049760800536 -0.31145545131916336 -0.04964492855706499 0.9973676493055172 -0.052941489976844704 -2.4414617673457633 -0.0064206781885490305 0.052684544735667554 0.9985924079227381 66.71857614071439
0.9987176701264661 0.05059693954118099 0.003776695114416773 -0.31217647448270125 -0.050328518766492907 0.9973257337389673 -0.05308684518850403 -2.4797404133431993 -0.006448849225815904 0.05282611288647094 0.9985849985979973 67.36824244640658
0.9986943545767553 0.05106487835557527 0.0036411322114556282 -0.3145620196688278 -0.05080192271895224 0.9972926468649377 -0.05325385254007612 -2.499182783372646 -0.006346878215369412 0.052996908797509956 0.9985765133930109 67.69407746243535
0.9986237206711068 0.052425799957388636 0.003637419315231303 -0.3177620704803469 -0.052160075316191656 0.997216050632256 -0.053374079804219356 -2.534208857507145 -0.006421793260152008 0.05310891799837197 0.9985695186246405 68.31460474828117
0.998559719817163 0.053631172451557206 0.0037516021985525435 -0.3198779779123058 -0.05335900139754963 0.997162338552206 -0.05319523091388655 -2.567728667138066 -0.006590128863591436 0.05291632281270806 0.9985789010856352 68.91798693835516
0.9985378244675767 0.05403969378171195 0.0037388870109403964 -0.3220417107316991 -0.05376699851301729 0.9971350560862617 -0.05329513713725132 -2.5864639354207966 -0.00660446820490209 0.05301412228272474 0.9985736269263887 69.23667103598235
0.9984993258344553 0.05474921515618849 0.003764113929333741 -0.3235057638180356 -0.05447412433100388 0.9970953940738381 -0.053324231890173095 -2.6217069393690253 -0.0066686548023440735 0.0530368388762544 0.9985723379442761 69.84283664421427
0.998466487898737 0.055311858011950384 0.004225374321981065 -0.32350104468382573 -0.05501617195999424 0.9971008970910886 -0.05265813874182342 -2.6537584148992215 -0.007121872168939812 0.05234245956052878 0.9986056916580457 70.42176787875243
0.9984496617314399 0.05560770344686536 0.004250243322986592 -0.32547685128132575 -0.055310635297381706 0.9970901727019976 -0.052541210852001 -2.669938030606278 -0.007156010215917399 0.05222272957124644 0.9986112745305322 70.71544137727639
0.9983855467790056 0.056766623809174584 0.004065602736829624 -0.32887763928084607 -0.056481011404416324 0.9970492947576484 -0.05207240166909941 -2.700220513799503 -0.007006019233037077 0.051756592278043474 0.9986368442342213 71.2731409012983
0.9983777815074287 0.0568980122513303 0.004193273241236957 -0.32487821541235246 -0.056607942128172634 0.997057495902721 -0.05177824425550883 -2.7290345483425074 -0.007123323913527102 0.05145450306209347 0.9986516626874278 71.81366670263512
0.9983663704554028 0.057099220637390674 0.004316719898947401 -0.3248401213511233 -0.05680401293662295 0.9970544303654266 -0.05163310176606353 -2.7423926658043944 -0.0072481865357531166 0.05130067571080113 0.9986589085622283 72.07370064764743
0.9983285719721664 0.057718120974914716 0.0048678430806167565 -0.3240763076769907 -0.05739608224765057 0.9970341532109775 -0.05137418580253154 -2.7695682392227963 -0.007814424630210355 0.051005901110319975 0.9986699143739224 72.57457270111031
0.9983269024055862 0.057710872467483916 0.005293347178292026 -0.3218046246597288 -0.05736759599012206 0.997037334654278 -0.051349427980895895 -2.7986158055796295 -0.008236709663810616 0.05095659194196556 0.9986691156426679 73.07894865209855
0.9983257785282672 0.05772678148762742 0.005394949982893043 -0.3227560373938958 -0.05737969775828555 0.997042899202916 -0.05123310552364397 -2.812387973208716 -0.008332015142438805 0.05083438118094884 0.9986747969548533 73.33437974216295
0.9982824695926052 0.058411880939567264 0.005989373282662019 -0.3217936348100793 -0.05803578561978288 0.9970172870940985 -0.050992444521220266 -2.8406821807392317 -0.008945685400883478 0.05055401711637478 0.9986837547852372 73.8485087860868
0.9980191153230105 0.06270725276005137 0.006402093600213205 -0.32626293811823587 -0.062292638282014555 0.9966954242164104 -0.05224693502302383 -2.870702148974778 -0.009653007395760341 0.051741456902820095 0.9986157992790888 74.3460610308017
0.9978088566489784 0.065972535341472 0.006381368887510385 -0.33273671906752766 -0.06553922295649908 0.9964035836102323 -0.053815836843407946 -2.8860991649027623 -0.009904564097622236 0.05327655746251869 0.9985326594964389 74.59543115533481
0.9974514686135857 0.07119145977132868 0.006138118321450203 -0.3405003694868733 -0.07074593318720038 0.9959494090185605 -0.055595784388695654 -2.91685776954592 -0.010067076733776126 0.05501683711159253 0.998436259062975 75.09097181026831
0.9973672309208609 0.0723003525154744 0.006824286927602634 -0.33955286753116776 -0.07180891819254519 0.9958395502823585 -0.05619532835762229 -2.947951762184616 -0.010854541521113738 0.05555432495803038 0.9983980640669904 75.57279007086106
0.9973429180024576 0.07257188300340545 0.007450080724701841 -0.33906801210483384 -0.07204149906976536 0.9958040155130821 -0.056525685279699825 -2.9623409299229926 -0.011516737978284204 0.055835748806581646 0.9983747184282568 75.79708864495063
0.9973243456128608 0.07232272062608754 0.011364084698039064 -0.32791369179650753 -0.07155317356499304 0.9957594835663076 -0.057915432329877906 -2.9984256953283586 -0.015500132367423626 0.05694415181849374 0.9982581912951832 76.27600878573665
0.9971919001900227 0.07274347927989477 0.01824513930202968 -0.3104962064480087 -0.07155445309195539 0.9956840438635702 -0.05919639972825982 -3.035571990451164 -0.02246829819656763 0.057721553636803924 0.9980809152621615 76.75669445372428
0.9969721009769902 0.07457790295564097 0.022386025254865872 -0.3035217169342448 -0.07313085964678923 0.9955321437234195 -0.059825282854167786 -3.0510807836287843 -0.026743594756546075 0.05800403066865498 0.997959519085932 77.01009051246905
0.9963454858396223 0.08002457398025237 0.03013919292662175 -0.28085046520645945 -0.07810300833516502 0.9951200831076139 -0.06039588955678161 -3.0828801362040776 -0.03482115217751141 0.05781815427122874 0.9977213262924824 77.51867338598446
0.99567967461879 0.08559962793380604 0.036214191651324786 -0.2587902613228409 -0.08329931368538039 0.9946647327288393 -0.06095177329074463 -3.1139971780072226 -0.0412341448878264 0.05766860328518121 0.9974855504091824 78.003493867867
0.9954698268494389 0.08657070747897304 0.03953175089721363 -0.2441921747676344 -0.08406212242063028 0.994578312207578 -0.061317698647900445 -3.1302478082419496 -0.04462127502785932 0.057713581010386455 0.9973372029560563 78.27522084927139
0.9953079236115341 0.08519527922067877 0.04605156023613366 -0.2089077455759326 -0.08224966309107526 0.9946539422575927 -0.06253717114981859 -3.1676382975340496 -0.05112863077198058 0.05845278242358274 0.9969816612103682 78.76174621668586
0.9956679036623555 0.07727514893828914 0.05187779182012823 -0.15520652632782012 -0.07364464003817273 0.9949251961442416 -0.06864757887787258 -3.2242450444863366 -0.05691459388448869 0.06452626371547528 0.9962933746885432 79.23712511358484
0.9957772797773438 0.07378713604562663 0.0547743668154847 -0.13216995226395759 -0.0696924242080021 0.9948779786208757 -0.07330226660855582 -3.2547391611143737 -0.05989786317385857 0.06917184932665672 0.9958066605522415 79.51552000701697
0.9955469994435429 0.07066992666347409 0.06252735102619585 -0.08670824624103662 -0.06556674796637461 0.9946208586921922 -0.08027052722443988 -3.311942535098046 -0.06785888538358159 0.07580978779212619 0.9948123827871344 80.00767859821416
0.9949651851879884 0.07313984687191517 0.06864977002291939 -0.05025003330337805 -0.06712916464962577 0.9940231020896912 -0.08616826929142819 -3.3670354472132606 -0.07453671461380383 0.08112230183195117 0.9939153082243976 80.50630416584188
0.9946848043712868 0.075766389210182 0.06985683309177566 -0.0360316223656427 -0.06946684399783525 0.993646158208965 -0.08863000589932712 -3.39317354311106 -0.076122881963225 0.08330232231138666 0.9936151717429452 80.73907261110647
0.9945100452205808 0.07752044758337819 0.07042037483242476 -0.0021796252539121805 -0.07078574179487647 0.9930960779001518 -0.09361220350657745 -3.451148598107318 -0.07718561441268947 0.08810929503372614 0.993118687590754 81.22680356292547
0.9950077157962831 0.07189461793141522 0.06935370870538682 0.034568838418186816 -0.06513115219309865 0.9933183302942177 -0.09534305590026107 -3.5036444075548756 -0.07573957065564306 0.09034572649159067 0.9930289525863247 81.75690074885516
0.995368606857751 0.06708229111084843 0.06898919742021788 0.04670668354953647 -0.060317170120888185 0.9935673316345092 -0.09590912854905882 -3.5252819346062654 -0.0749735293629249 0.09129915352228547 0.9929995805837564 82.00325715251387
0.9957960675018378 0.061855710692349915 0.06768813093233807 0.0718842382300217 -0.054994658046387694 0.9935768956929685 -0.09895843865186128 -3.5720436622021206 -0.07336890124300814 0.09481531339778809 0.9927898187945191 82.436918353553
0.9959746182771692 0.06082797654113262 0.06596598153382775 0.09313424906932218 -0.05394304573644662 0.993368010629627 -0.10159906648615948 -3.620744841204396 -0.07170299536910187 0.09762683912486364 0.9926389835996977 82.86305178508938
0.9960013503776253 0.061353342763195075 0.06506876568338445 0.0983952125499938 -0.054549353714246594 0.9933266757245537 -0.10167905063731045 -3.642128534177499 -0.0708673224138417 0.09771824034376342 0.9926900567117694 83.05263321393063
0.996368896665377 0.0629188881672558 0.05751398222968178 0.11102364133823264 -0.05687907515831682 0.9932377883070658 -0.10127062576867397 -3.6940948032003473 -0.0634910371426757 0.09762661897188488 0.993198826033254 83.55088954737775
0.9966718386558397 0.06526745919439587 0.0490169940779869 0.11678903335623597 -0.060050268421642884 0.9930452233054299 -0.1013251142661454 -3.749623387387697 -0.05528386985424904 0.09803968349085622 0.9936482943875252 84.06923326515594
0.9966571462386189 0.06783906623642907 0.04571405721964223 0.11442617635800495 -0.0629466013740559 0.9928846802998006 -0.10114431790642524 -3.7718417084460794 -0.052244667267090095 0.09792398774821047 0.9938247277591059 84.28322110723376
0.9963537877045137 0.07739438313337275 0.036145923555690074 0.09906262165120897 -0.07363529095948079 0.9926759937773026 -0.09583985618348506 -3.812031331949496 -0.04329320304678365 0.0928243141908401 0.9947444597910957 84.80166998695091
0.9964597533905611 0.08003646432223162 0.026073905160562127 0.08820658157972729 -0.07730768318968435 0.9926830570252313 -0.09282745521892208 -3.8510563752840503 -0.033307359435873166 0.09047848288776665 0.9953453054230046 85.28471163602981
0.9964531831413451 0.08149276713938876 0.02140256508275065 0.0811600862567462 -0.07920039357954478 0.9925926425204432 -0.09219690208227914 -3.873075109093394 -0.02875205993751369 0.09017034430177245 0.9955152558301975 85.51395155701199
0.9968524413125128 0.07836486610429662 0.01274371552239182 0.07451487584116222 -0.07685976949783542 0.9927316736622198 -0.09267893256701333 -3.930025660587908 -0.01990861657487254 0.09140336224439674 0.9956188267803123 86.10804225869536
0.997015992345202 0.07722862987375809 0.0035765116422243684 0.05964465933059241 -0.0765785779818778 0.9928296708752036 -0.09185555977071419 -3.9785358263832986 -0.010639718012742074 0.09130342545330362 0.995770253120401 86.61910456683923
0.9969448981431465 0.07822248365755674 -0.000335684930402709 0.048140508202673765 -0.07793468896295683 0.992840511827603 -0.09058646976825592 -3.9976232425906884 -0.006747969946645125 0.09033184436092331 0.9958927883261409 86.83356799131202
0.9964276490231022 0.08428454943072662 -0.0068389611751631905 0.023931916554322943 -0.08456360654788195 0.9926671068152195 -0.08644623703402658 -4.03474013063072 -0.0004927233773563081 0.08671179473403118 0.9962375200765752 87.3222223724977
0.9955519795627038 0.09356710930309066 -0.01183081094361134 -0.0046245547841232 -0.09422372401123501 0.9922606448306776 -0.0809460014088706 -4.062765492880601 0.004170019333986752 0.08169662947159731 0.9966520006539769 87.79718789746009
0.9948039258729411 0.10092548617757774 -0.014061408585960819 -0.022770009590786774 -0.10171788520910778 0.9918185120476719 -0.0772080799475897 -4.072295364781697 0.006158789996686183 0.07823331634500891 0.9969193953057272 88.01409572188597
0.9941405246533459 0.10587942599344985 -0.022192535868700874 -0.05876090657995719 -0.10716488892602585 0.9919184361278764 -0.06801162750903593 -4.085636410650101 0.014816728483157272 0.06998763199582295 0.9974411765989005 88.42742714341004
0.9946573295758057 0.09871243592808343 -0.030505146849163074 -0.08237310276593295 -0.10053233911652772 0.9927976263572222 -0.06524548154701965 -4.116108778151275 0.023849625028688294 0.06795939569419382 0.9974060680747333 89.00336629214178
0.994900949464276 0.09518775460148275 -0.03361671185392629 -0.1017256922231024 -0.09724335176645263 0.993084228095818 -0.06587215223376276 -4.1334863752687685 0.027118700107312353 0.06880105229851945 0.9972648775006403 89.25913470301349
0.9952314851599157 0.08987554192356893 -0.03815685311744376 -0.12839865068439538 -0.09233684176494314 0.9933774417284187 -0.06846170006992192 -4.167639662511157 0.031755764839417014 0.07165413629634863 0.996926911245858 89.70406604962521
0.9949475970269915 0.08966918370251642 -0.04536152615472799 -0.16386701681620963 -0.09265494854686705 0.9933394651031916 -0.06858162079104317 -4.204341899089747 0.0389143544776145 0.07243360305724564 0.9966168213503246 90.18063314067135
0.9943834529220172 0.0945394626946109 -0.047786027259265666 -0.19044470542871936 -0.09770791505290045 0.9928320079207071 -0.068919598524859 -4.220674911358958 0.0409324805943277 0.07319714676901526 0.9964806301732384 90.40156942740603
0.9934317637729706 0.100544008965796 -0.05480551104385824 -0.24025009072134063 -0.10417802554576075 0.992238055318557 -0.06798907675828673 -4.2540568974921955 0.04754877551642438 0.07324787034981937 0.996182614372194 90.88029984772218
0.9931513508619689 0.0995562011389825 -0.0613095358166532 -0.28676366077650084 -0.10342364213623328 0.9926176791525723 -0.06344943973284305 -4.282212084960221 0.05454438310430062 0.06935166303796388 0.9961031020603588 91.43671663687982
0.992943989596338 0.09923100798978288 -0.06508828819991401 -0.3109410006725403 -0.10324552596400843 0.99276175766173 -0.06145658089551933 -4.296210070050194 0.05852256293279945 0.0677392241179274 0.9959885838380301 91.69618446836449
0.9927414254440408 0.09643989580992648 -0.07200462368078074 -0.35894374288575226 -0.10084920983636282 0.9930798263171678 -0.06028308170103165 -4.329133351327237 0.06569641466099305 0.06710321358743146 0.9955841434861049 92.23454256969009
0.9922996068157056 0.09597368571745796 -0.07843224780107777 -0.4106720997694343 -0.10087480139938057 0.993029735314816 -0.06106166302930912 -4.366464425320657 0.07202897351704371 0.06849940529296236 0.9950509148685134 92.76070673398324
0.9920483820166914 0.09672352291873698 -0.0806572624064975 -0.4398857853260631 -0.10179768653900702 0.9929198648844423 -0.061312598077372105 -4.385695948239604 0.07415955107400082 0.06903197028321645 0.9948573729151587 93.0159814690693
0.9913165551032233 0.09842959054394772 -0.08731630963118224 -0.5045022864741001 -0.10399258507817885 0.9926758175130838 -0.061577151668234756 -4.426509275219164 0.08061938334165845 0.07011884471247669 0.9942784025922569 93.60110707896011
0.9906129188145478 0.09974645248288144 -0.09358417511941836 -0.5703324621842683 -0.10576665373956494 0.9924815011376765 -0.0616890320869969 -4.465760573945293 0.08673054093050667 0.07100414464840425 0.9937007548522402 94.1668839716785
0.9903498418744252 0.10015328837962324 -0.09590518203614799 -0.6082453670569404 -0.10633126196264299 0.99242787806315 -0.06158168319139326 -4.4884521467033 0.08901460220439225 0.07118129099590732 0.9934860664636732 94.4945818981451
0.9898487629453943 0.10175937747769234 -0.09932586102968292 -0.687103056851814 -0.10813793915298195 0.992265429825266 -0.061048617963744015 -4.531417260041785 0.0923484595343098 0.07116623024362355 0.9931825859051269 95.17562597769799
0.9894972184838358 0.10254354213060199 -0.10198552938479273 -0.7608754336936869 -0.10899698497580118 0.9922468168927023 -0.05980758123500236 -4.570165302589324 0.09506489663490317 0.07029192814985993 0.9929881903304681 95.81947788381336
0.9894128392096608 0.10256720891223789 -0.10277954947633194 -0.7969299236862545 -0.10905633043627093 0.9922532186209635 -0.0595929763791167 -4.589042568408787 0.09587389829173791 0.0701670396961534 0.9929193228529579 96.12167666506122
0.9892050385794151 0.10242961076042961 -0.10489728203572109 -0.8615075167166998 -0.10902000964779057 0.9922868405201759 -0.059100475513335866 -4.624250256354322 0.0980373756926459 0.06989443426736001 0.9927273823349616 96.66740127962115
0.9890646733784653 0.10213433386278634 -0.10649392359015196 -0.9337543859477878 -0.1089498808282745 0.9922266336320517 -0.06023093223678428 -4.668836282747697 0.09951709953883084 0.0711707759823629 0.9924892707579502 97.28583813817146
0.9890638956041699 0.10130618384339675 -0.10728641359660986 -0.9720652022573976 -0.10828987811359654 0.9922292327848427 -0.06135934237255318 -4.69310524571026 0.10023900227874395 0.07230285850797541 0.9923344982587795 97.6035014247528
0.9892154900505057 0.09896743812508342 -0.10806787798967064 -1.0365919662297727 -0.10616366183816243 0.9923583295149029 -0.06296078262505427 -4.736780902809821 0.10101339777101927 0.07375126722028112 0.9921491289536404 98.18198750020163
0.9892057974154783 0.09828478811108342 -0.10877923251039828 -1.1052411670687283 -0.10553575145389414 0.9924232396557339 -0.06299735462568391 -4.779303168744281 0.10176588004925442 0.07379394232333263 0.9920691438295832 98.77897308379568
0.9891780167190384 0.09823500623632792 -0.1090799322649087 -1.137180999569142 -0.10548057006178368 0.9924465531947749 -0.0627267473069 -4.798643274539819 0.10209666481587393 0.07354995426080026 0.9920535952264459 99.0746944579588
0.989132548887949 0.09839800923537341 -0.1093440495353531 -1.2060534635691116 -0.10531466286224657 0.9926717979448786 -0.05935022850205478 -4.834347255245664 0.10270568160229597 0.07021686470013858 0.9922320296643045 99.71003445170626
0.9892123162855773 0.09888015444286621 -0.10817829716764076 -1.2748584052217395 -0.10531297191753172 0.9928990767995636 -0.055418526620536285 -4.869206516711361 0.10193337401949376 0.06620945573162659 0.9925868887857806 100.37081667446024
0.9892887076023806 0.09909480450212041 -0.10728025332341058 -1.3079275602832554 -0.10536475843843107 0.9929496988795221 -0.05440017434658376 -4.886889364387048 0.10113617341154804 0.06511718587841596 0.9927405381308962 100.69184419243389
0.9896784350838226 0.09871861783081075 -0.10398066918276085 -1.3712365823613122 -0.10465169170437845 0.9930905121093567 -0.053191579612202014 -4.926563988635177 0.09801428409144618 0.06352057977184146 0.9931570349429665 101.36101722007437
0.990330946120267 0.09767272129844817 -0.09862462482859463 -1.4279137111662943 -0.1033349439379769 0.993186668018602 -0.05398050976478825 -4.972125181340403 0.09268304029003817 0.06364650382967088 0.9936609155893631 102.02020619540262
0.9906182918645836 0.09735488383714046 -0.09601823660680733 -1.4559204712840932 -0.1029417882407011 0.9931708840406784 -0.05500443096014188 -4.995862296155376 0.09001045108910721 0.06436931103167308 0.9938598551367519 102.34324372665081
0.9915245413360554 0.09405149217113923 -0.08974557456193993 -1.5043987702984203 -0.09961441718524883 0.9932439459015688 -0.059611490010697876 -5.047454085970951 0.08353578950041199 0.06804282218941983 0.9941801534896982 102.98646138054634
0.9924247284682889 0.08863113873969664 -0.08520273487673137 -1.5468332573514971 -0.09428460730438445 0.9934435511928077 -0.06473649172565493 -5.102325106703823 0.07890953939045221 0.07227624661904472 0.9942592275388652 103.62532277343345
0.9929514401714397 0.0843543920207678 -0.0833825797892566 -1.5706396299859804 -0.09004286122344259 0.9936901122530414 -0.06694391498574385 -5.128523177632864 0.07721269749065342 0.0739768330474501 0.9942671135979972 103.9579853079055
0.9936464386085925 0.08087809721039145 -0.07840436028579345 -1.6145222481316426 -0.08646117297318578 0.9937564310104935 -0.07058674676380614 -5.183089717839585 0.07220916889199765 0.0769138169440205 0.9944204724383101 104.60867892860297
0.993719496677786 0.0853712409108771 -0.07249060072396835 -1.6655606716389508 -0.0908057637083601 0.9930263932089586 -0.07525107833703597 -5.241558973544484 0.06556420521907388 0.08135763363688413 0.9945268505699518 105.25873703380321
0.9937184771229663 0.08680085586858281 -0.07078393462156675 -1.6870001641629093 -0.09219096894982108 0.9927833708341891 -0.07675426777634946 -5.27094712580709 0.0636138740492137 0.0827943383180971 0.9945345224008542 105.5801701256847
0.9938570976733125 0.08802873963843665 -0.06723267845149382 -1.7281557937035903 -0.09323796292223248 0.9925358417649432 -0.0786671370420856 -5.330803945585331 0.059809222565142386 0.0844491271735153 0.9946313924919451 106.22647603376362
0.9940779258765399 0.08750188730130579 -0.06460589727573669 -1.76384814203861 -0.09251439075092227 0.9925690835663967 -0.07910109930370753 -5.3883054058895254 0.057207719820440664 0.08460622077636115 0.9947710419513485 106.86330196376798
0.9941976370243456 0.08710291204900848 -0.06328351634285635 -1.7799189927497636 -0.09200878442638578 0.9926082845993598 -0.07919361845665258 -5.414417464581194 0.05592112969850008 0.08455333863622234 0.9948483138146873 107.15946558659883
0.9944103608654775 0.08858478483009166 -0.05763955045111322 -1.8047622139824104 -0.09293543954874149 0.9926403958004659 -0.07770139221105975 -5.459828720595306 0.050335038478441285 0.08262093029189774 0.9953095964984607 107.7415107957117
0.9945123800660467 0.09005105625540212 -0.05344806455436056 -1.8312300706589346 -0.09401695194758362 0.9925978734789708 -0.07693967671873314 -5.509784420083273 0.04612719724428099 0.08153947506396389 0.9956024026985049 108.36737359595078
0.9945144812563497 0.09074799800614464 -0.052209073948022204 -1.843854786572533 -0.09461448196416511 0.9925346976500269 -0.07701912498735212 -5.533203901395297 0.04483294788160994 0.08153369436011176 0.9956617034348012 108.65846929536943
0.994702105609254 0.09098066599220202 -0.04806888777727899 -1.8671157250073276 -0.09451860602676862 0.9925261391778255 -0.07725167529452764 -5.587742411201537 0.04068422794865082 0.0813833002136537 0.9958522029493984 109.28361626041622
0.9948970116378643 0.09108888690189154 -0.043632130298060366 -1.8856702895734534 -0.09427533314290597 0.9925298141888941 -0.0775049738768413 -5.641043897548464 0.03624935122484757 0.0812204281366809 0.9960369090709219 109.877965117963
0.9949318138221387 0.0914681843736681 -0.04201665052267029 -1.8936409078164584 -0.09452479988986782 0.9925007297969549 -0.07757304203244596 -5.663373739295268 0.03460909298651871 0.08114898332168573 0.9961010081250368 110.13630649097728
0.9950823539175816 0.09212726978324218 -0.036672250541115205 -1.9113245832314731 -0.09475376639154548 0.9924676348712497 -0.07772044911652268 -5.719974949478192 0.02923885402625501 0.0808108428849924 0.9963007353941987 110.798735245019
0.9951931469525143 0.09266443984001724 -0.032002347907032935 -1.9269611087346277 -0.09489325270473617 0.9925142828505209 -0.07694401503374387 -5.776504263646058 0.024636608412459543 0.07960785297528179 0.9965214224374149 111.4761077667877
0.9952396882337418 0.0926387084312728 -0.030584593330471317 -1.9333913036732562 -0.0947492800670927 0.9925443723234182 -0.07672242184386038 -5.803301384527879 0.02325283269387777 0.07925219333451514 0.9965828104774292 111.79629676627025
0.9953518507677265 0.09272787319431751 -0.02638117548901423 -1.9432687780791884 -0.0945055961720904 0.9925683335108887 -0.07671413574849974 -5.857357292223429 0.019075339269992532 0.07884789070938616 0.9967036121615929 112.41699243977472
0.9954356341645245 0.09298665506748419 -0.021945281075947395 -1.9499755665269756 -0.09441832146943879 0.9925570660243788 -0.07696675254976823 -5.914437834778066 0.014628837214356052 0.0786846351316516 0.99679172928992 113.0586412898886
0.9954417537578629 0.09320906132782578 -0.020687685130992478 -1.9542053673023974 -0.09454282610040844 0.9925357223760596 -0.07709115917615565 -5.944020242127604 0.01335149494126385 0.07869254855803345 0.9968089183820005 113.38598815759575
0.9954641899373186 0.09377684067001188 -0.016638978606795418 -1.9605178064715412 -0.09479707076739259 0.9924591664375086 -0.0777587756176937 -6.005382569909478 0.009225506352762826 0.07898028930396563 0.996832778882527 114.07027974187037
0.995497402157888 0.09407764554619111 -0.01243573982955576 -1.9614906012822977 -0.09476747072655996 0.9924376314054518 -0.07807282402522754 -6.060452605197351 0.005000847920640152 0.07889675104428003 0.9968695488262622 114.67857087166776
0.9955003814203764 0.09418063793797794 -0.011383898552925643 -1.9624552077376711 -0.09478751644168933 0.9924313215584166 -0.07812890793875939 -6.087174900502464 0.003943632182689829 0.07885331116219177 0.9968777441535146 114.97641596581003
0.9954611879385461 0.09497138370797173 -0.007595799412415027 -1.962443904537083 -0.09527765072102248 0.9923307934150268 -0.07880211464974625 -6.146959404627746 5.78478437570128e-05 0.07916498427403816 0.9968608441123028 115.63964199498328
0.9954302702232796 0.09552015036985854 -0.003754047841288004 -1.9569273145827295 -0.09551904953478202 0.9922687962361381 -0.07928531580474343 -6.203828023276753 -0.0038439089421211455 0.07927849296240491 0.9968442242787937 116.28865739777459
0.9954093498262939 0.09577747422251569 -0.0026023479956445205 -1.9542686913175797 -0.095682874737095 0.9922303755265249 -0.07956716324661851 -6.232730643115925 -0.005034196889765618 0.0794478197033186 0.9968254925194378 116.61006242694924
0.9953210972053205 0.09672577553683806 0.0004096775415631474 -1.950310880693847 -0.09638079510368797 0.992079151425575 -0.08060398751019868 -6.294069255527757 -0.008198484746789253 0.0801842088356323 0.9967455894320252 117.27239361414789
0.9951803748989153 0.09806058262972404 0.004416201245974954 -1.9449631219004402 -0.0973721582923612 0.991859393699315 -0.08210150301890135 -6.354829580212648 -0.012426518282073435 0.08127285774195483 0.9966135363503176 117.91072387505234
0.9951042820019097 0.09877077694387679 0.00554158735535835 -1.942573756461554 -0.09798200877777984 0.9917613721065146 -0.08255602052548197 -6.387289219888143 -0.013645438641177409 0.08160633737847255 0.9965702156075421 118.25230197968135
0.9949439957963032 0.10019486311752619 0.008170406526520377 -1.9376674924553285 -0.0991677523546406 0.9915438973029586 -0.08374452350869187 -6.446619943663173 -0.016487288426623132 0.08250811778760732 0.9964530899957932 118.87432541444193
0.9947586502370019 0.10190046124151134 0.00953101331749842 -1.932315967762905 -0.10073835886447632 0.9913053234821503 -0.0846883456967906 -6.505437622377391 -0.01807313362953335 0.08328152715834439 0.9963611859999288 119.49273623567356
0.9947163127050155 0.10227190389303584 0.009955969534269625 -1.9300676775914662 -0.1010684125696586 0.9912509500493386 -0.08493377857096773 -6.534275582252437 -0.01855043543895988 0.08347567309562783 0.9963360231823772 119.79604364727714
0.9946742421266248 0.102579828270561 0.010971544661283118 -1.9214223170049103 -0.10128799477842439 0.9912168871171145 -0.08507028520349474 -6.592023502725965 -0.01959689343689064 0.0835028961363164 0.9963139444356882 120.41876175626817
0.9946600526807292 0.10261126348123055 0.011922563298476688 -1.9124444714000732 -0.10124065131748212 0.9912256501666518 -0.08501991797108521 -6.648740385721628 -0.020537228186946716 0.08335597908094276 0.996307298092812 121.02806649995662
0.9946396076060297 0.10274885685808731 0.012471007703831704 -1.9092434524278732 -0.10133179183878832 0.9912142059912106 -0.08505130206208993 -6.6770789489292115 -0.021095424386715 0.08332840940841744 0.9962981791676144 121.3277492270327
