1.0 0.0 0.0 0.0 0.0 1.0 0.0 0.0 0.0 0.0 1.0 0.0
0.9999997019767761 0.0006694495677947998 -0.0004997849464416504 -0.001616849098354578 -0.0006694495677947998 0.9999995231628418 -0.0002785623073577881 -0.0016067586839199066 0.0004994869232177734 0.0002791881561279297 0.9999997615814209 0.5633769035339355
0.9999992973073653 0.0010766148946323995 -0.0007643022899737062 -0.003645856011204339 -0.0010767419105146558 0.9999989657795201 -0.00044465232824641987 -0.0022247876528553034 0.000763600559807287 0.00044571822657246685 0.9999994042802669 1.121022816404207
0.9999990397595736 0.0012820584021466476 -0.0008118677733673582 -0.006350711277357217 -0.0012822796230640581 0.9999986001622014 -0.0005009870603628861 -0.0019342924968454899 0.0008109840284986367 0.0005024398576318426 0.9999992236640135 1.4147215094022196
0.9999992171794231 0.0010866057201250102 -0.001194723820437285 -0.009475472278690951 -0.0010874457366623006 0.9999990833037183 -0.0005127300475568562 -0.0030875217280562023 0.0011941907677604268 0.0005140384828148115 0.9999990262487958 1.9540386380671677
0.9999988987702706 0.0010909736544188404 -0.0016563710851819566 -0.01456283326873492 -0.0010920340711584903 0.9999995586439933 -0.00027413727545850137 -0.00298116195146771 0.0016563031767835173 0.0002758040092515012 0.9999987162416657 2.5634432178895494
0.9999987599401766 0.0009515063384240127 -0.0019040807308800137 -0.01884940564036243 -0.0009521207368321796 0.9999996575367417 -3.5358586384238294e-05 -0.0019290392022130837 0.0019043267879264823 3.712424668915926e-05 0.9999983117046874 2.867715663125723
0.9999986716657033 0.0005689588617029905 -0.0021416675307323434 -0.023633412181273575 -0.0005689310169248512 1.0000002728782162 0.0003062683217021294 -0.0010644064432069967 0.0021421929472844785 -0.00030502030803714584 0.9999978713168441 3.4489722061033454
0.9999966900132712 0.0007969659321407928 -0.0028671610532606407 -0.030697937375952312 -0.0007954446592727712 0.9999997703348125 0.0007476661963758315 0.00020508212171406123 0.002868155089163037 -0.0007451304169288832 0.9999958244920728 4.026117086148118
0.9999963089987381 0.0008427278535656649 -0.003070299035381171 -0.03616934722915845 -0.0008405624457271268 0.9999996631891619 0.0010024590162130333 0.001856841926845658 0.0030716491102256317 -0.0009998399436290718 0.9999951707533012 4.322169597686058
0.9999935247883979 -0.0002331419080592293 -0.00400191843685489 -0.04263216447038394 0.0002397221849073004 0.9999988251337747 0.001970267444761256 0.004881570059433554 0.004001855643939461 -0.001970799931899491 0.9999905648966899 4.880400751986593
0.999989907491372 -0.0007852838504428715 -0.004814121628682212 -0.05018286404378301 0.000793558651877999 0.9999982754283121 0.001999889343089519 0.0053643800526810915 0.004812901765847186 -0.0020033030941212842 0.9999869577945686 5.416380685632653
0.9999885399352346 -0.0012119052886598225 -0.005003802009917953 -0.056591366430302215 0.0012199020473386364 0.9999977477768276 0.0018559275124827644 0.0061715693310442285 0.005001871272615805 -0.0018617515036504593 0.9999861536102641 5.695585620117498
0.9999850976195467 -0.0016331359641663407 -0.0055894707859912695 -0.06408234239064677 0.0016403974286424055 0.9999977808485012 0.0015610640184447419 0.005688987109368713 0.005587443012985931 -0.0015701234953710173 0.999983591170039 6.219627201831845
0.9999818549090076 -0.001997599926572369 -0.0060630380375907575 -0.07162618127848065 0.002002162938004045 0.9999978452023911 0.0009865918241991458 0.004438819827506957 0.006061529958655053 -0.0009985755766804814 0.9999816022149258 6.720403753164983
0.9999813802394442 -0.002187680006035576 -0.006039397338009232 -0.07721230182498373 0.0021912347664023715 0.9999973932274022 0.0007598129658060765 0.004831450281133614 0.006038004897977287 -0.0007728084321994779 0.9999816712434524 6.951280267046743
0.999980290912729 -0.0024183030547295574 -0.006086945264050136 -0.08350460622782223 0.002421343673151655 0.9999968586018727 0.0006435539696570996 0.003892422779320434 0.0060855081372764635 -0.0006578504937673723 0.9999814723743733 7.425150737592541
0.9999735517608995 -0.003639661996110429 -0.006581870471031978 -0.08706980309357078 0.003645279437634634 0.9999928439754872 0.0009803016589388877 0.005116531773354183 0.006578403898908766 -0.001003696192418766 0.9999780642824154 7.950915366934601
0.9999692583549378 -0.004604612843348739 -0.006628227580639249 -0.091146890584343 0.004611089751486719 0.9999886271246026 0.0010828171393720523 0.007647335449114355 0.006623236583053983 -0.0011127967648956979 0.9999775991078426 8.190904418449842
0.9999648652407922 -0.0055986691402824 -0.006464656448265762 -0.0972574491217004 0.00560042815766171 0.9999838073233602 0.00033224685104680574 0.006836888590499093 0.0064626161622610735 -0.00036767443782945175 0.9999789592068066 8.621151641290362
0.9999550845700983 -0.007147098225584336 -0.006432978998511506 -0.10385369169698767 0.007145815617218056 0.9999739387340884 -0.00014108966407226458 0.006940340433812024 0.0064337427632857585 9.59545428002398e-05 0.9999793208964793 9.067122748673329
0.9999531226203979 -0.007083142658257532 -0.006781072069995061 -0.11292854730287524 0.007082913918875127 0.9999745286933072 6.547620537833551e-07 0.0061728265236990175 0.006780746647658806 -4.779076707160514e-05 0.9999771017262603 9.708914801980834
0.9999379304082099 -0.008839955488414148 -0.006904089721572384 -0.12043043084472327 0.008837199316454004 0.9999602568777093 -0.0004093529953285051 0.006968311531355844 0.006907277041204285 0.00034927543177828296 0.9999761482251989 10.12720205240578
0.9999380928325287 -0.008958843492719767 -0.006762732977657373 -0.12694088767413372 0.008954197878187247 0.9999590451023942 -0.0006993729335927307 0.007461128418591852 0.006768593032040379 0.0006397490071809787 0.9999768263431744 10.33061614329344
0.9999394311880054 -0.008836276812406417 -0.00671847008429568 -0.1339437179757197 0.008828942004650005 0.9999599999247039 -0.0011091620404455648 0.0051423037707118945 0.006727773644496482 0.0010506381682594474 0.9999768386800879 10.728750446241312
0.9999431098705224 -0.008538739468260663 -0.006562278495728729 -0.14039658755097767 0.008531819536887404 0.9999624269235855 -0.0010713032706528714 0.005080255056938786 0.006570943109468669 0.0010161311391250856 0.9999776916354767 11.122045355708309
0.9999435136976634 -0.008564049958331647 -0.006467696653378957 -0.14493251811771152 0.008558057550592945 0.9999620721512602 -0.00097214513574524 0.0065429148169832444 0.0064754255536246495 0.000917853272840195 0.999978418615227 11.328947738554481
0.9999405119490187 -0.00859059258850281 -0.006878118783784784 -0.15218663208974273 0.008584657898016398 0.9999617776979842 -0.0009188970013733871 0.006275928287179778 0.006885371662127259 0.0008610408086844539 0.9999755776274938 11.677613424151366
0.9999369671327266 -0.008637946856485968 -0.007316726135619261 -0.15990383691409468 0.008631488310416033 0.9999610913414683 -0.0009707053650085313 0.005476049974006037 0.007324448604863269 0.0009088463728811328 0.9999722748418073 12.042445552242077
0.9999375722474901 -0.008749810716986158 -0.007101795166555694 -0.16430196984402526 0.008744077567272522 0.9999599174863851 -0.0009354254694841863 0.007230421818815868 0.00710917533274799 0.0008747664961856806 0.9999737624709208 12.204655751559521
0.9999368239562456 -0.008887623651446413 -0.007020651159840175 -0.16956257225840193 0.008883146318282778 0.999958745018379 -0.0007607086973625221 0.00790987311101978 0.007026626602885495 0.0006998858182714661 0.999974502408243 12.568141017950959
0.9999354467840753 -0.008936576219417097 -0.007120771884149429 -0.17624909623281784 0.008930539670899998 0.9999579094175041 -0.0009938563115381646 0.006912054912278726 0.0071287583078819125 0.0009319456930339878 0.9999735025876885 12.883768458954803
0.9999366209972025 -0.00896822123018894 -0.00696653694142637 -0.1809330086350179 0.008961897477341673 0.9999580929182305 -0.0010045791315659587 0.008449181831080258 0.00697495442504112 0.0009432543422635286 0.9999747093272938 13.021593972349843
0.999936209139599 -0.009098348481338928 -0.006789445192948077 -0.18127934830027723 0.009093137194357783 0.9999567660336536 -0.000920168056672065 0.008024535358167962 0.0067970252600488635 0.0008597622534780918 0.9999759683083707 13.356376964122603
0.9999355438773007 -0.00919644362299549 -0.0067735729434206925 -0.1841956238195567 0.009190153943963195 0.9999555640753084 -0.0010726771931882724 0.007799492297595279 0.006782655693894578 0.001011805768676519 0.9999758759122329 13.654689569718387
0.9999374035296004 -0.009165543943765833 -0.006558488726981618 -0.18726272998827256 0.009159332794833943 0.9999555688051228 -0.0011111437211250156 0.009384593195410988 0.0065678449258658525 0.0010524279389801812 0.9999772318005429 13.780580028554859
0.9999384553280206 -0.009096930907527017 -0.0064757916859586465 -0.19127658620104002 0.009090672428302086 0.9999559175180388 -0.0011494884163879304 0.00941944689926919 0.006485310635819547 0.001092218206214533 0.9999777314713486 14.050053410559961
0.9999361153984319 -0.009325139765357732 -0.006516327694303966 -0.19580775777306111 0.009318453692725477 0.9999537580508837 -0.0012276738075541515 0.00995263692731271 0.00652683478280181 0.0011684641002028136 0.9999773789858213 14.301347578608487
0.999936902725849 -0.009360931405127254 -0.006362866592403942 -0.20006929793450692 0.009353807575255026 0.9999540820431939 -0.001276358616890056 0.01152133495566421 0.006374023998168624 0.0012177191001847185 0.9999785574833868 14.420016373446337
0.999935384897725 -0.009522960198669495 -0.0064007057733752514 -0.20434233750758132 0.009515132711091497 0.9999527190060152 -0.001347540748519132 0.012004269161803409 0.006412815212785532 0.0012871853054645956 0.9999782258089169 14.662866406205856
0.9999325884936793 -0.009707533596864444 -0.006562868952293677 -0.208765015740951 0.009700307168961367 0.9999508636060729 -0.0012405836424910664 0.013590712278747228 0.006574102100671362 0.0011776677424649973 0.9999772128873853 14.887038163725975
0.999934337849273 -0.009610169377594548 -0.006422118715370245 -0.2131891575886334 0.009603240580848738 0.9999519340816132 -0.0012335856179104163 0.015341707976247497 0.006433114426924695 0.0011725858535287573 0.9999783836724945 14.987783499660841
0.9999362910241061 -0.009482866086320789 -0.006364171805204898 -0.2176367361140289 0.009474990976990335 0.9999532262499095 -0.001377398217293825 0.015330995168193366 0.006376551674272401 0.0013175022257421924 0.9999788166964353 15.197295253369692
0.9999331560866208 -0.009752701462065543 -0.006530211468963212 -0.22166201152802023 0.009743898376158253 0.9999513567969458 -0.0014005946862783373 0.01621378793790152 0.006543381560038125 0.001336957443361852 0.9999782049209085 15.39748209584804
0.9999354458337196 -0.009702353342292221 -0.006273190478591533 -0.2253104534952516 0.009694015699650718 0.999952144377964 -0.0013546065268710086 0.018366872408623336 0.0062859777173441015 0.001293506718094072 0.9999799477277665 15.481850633251925
0.9999345512949934 -0.00988620881739768 -0.0062269157850113775 -0.22840015716262788 0.009877299396408721 0.9999508240179765 -0.0013660498948332574 0.01943635238582854 0.006240443017163432 0.0013037958915615917 0.9999804609449143 15.67072941382522
0.9999311213278304 -0.010231442103946236 -0.0062490658182020745 -0.23270863878138584 0.010221348941926065 0.9999470356898159 -0.001519162017337163 0.02036952130848294 0.006264554975760325 0.001454425655524858 0.9999801139450104 15.84139710208863
0.9999330225267673 -0.010168016513729734 -0.006086999381343927 -0.23639101712877922 0.01015779351005345 0.9999478699817385 -0.001553687252691126 0.022479085619819837 0.006102848886775942 0.0014908848828098535 0.9999810743487673 15.907854170944791
0.9999367600453767 -0.009931236337661624 -0.005908046048774779 -0.2397152983051784 0.009920679995129971 0.9999505721754023 -0.0015932074737306284 0.023560138251202466 0.005924222279329876 0.0015330710857918849 0.9999822215663583 16.053319770794776
0.9999395173641231 -0.00974651848791279 -0.0056912652444857156 -0.24119510056410304 0.00973616668290121 0.9999520999356007 -0.00163421233212014 0.023594530217295913 0.005707456530230902 0.0015774686053521931 0.9999832583913442 16.196039594790783
0.9999411940783841 -0.009663091177068418 -0.005497790844422206 -0.24167392004646912 0.009653038232810215 0.9999529248568297 -0.001624192290981058 0.025789917297381875 0.005513730890105109 0.0015699576437636525 0.9999844952029858 16.23945673675241
0.9999415393856546 -0.009591171732468885 -0.005561220043271328 -0.24360464412292648 0.009580696588765833 0.9999533663848447 -0.0017096853603810415 0.02683052489739233 0.005577780880307403 0.0016553515003135237 0.9999838884640265 16.340493324912774
0.9999402213613151 -0.00975163885565989 -0.005543037320224446 -0.24574625546997897 0.009740071341400426 0.9999514102476551 -0.0018901511000416272 0.028088635716080706 0.005561654317263227 0.001835239776786994 0.99998362161051 16.424372569280084
0.9999410002115444 -0.009777443047778311 -0.005400146062361744 -0.2472582714527214 0.009765912131760774 0.9999515692155537 -0.0019253288297780972 0.030515411284271224 0.005419220001404243 0.0018713373029396131 0.9999845856984245 16.463893499500696
0.9999405512568411 -0.009841354796782428 -0.005345362056834609 -0.2487747279483638 0.00983005874924189 0.9999509486496878 -0.0019228267365828217 0.03240995596167413 0.005364444173880997 0.0018690537528865707 0.9999848863875808 16.53882641459231
0.9999397290192983 -0.009948743157162992 -0.005346243503509092 -0.2508615859249262 0.009937342471726203 0.9999500379192633 -0.0019090364913344705 0.03419631016607194 0.005365540036736175 0.0018547090091881207 0.9999850273883383 16.609949114681978
0.9999398637140142 -0.009954858296675015 -0.005309621302679401 -0.2526471870658696 0.009943491536548324 0.9999499336734659 -0.001932306718312714 0.0363545317338599 0.005329044014454742 0.001878101142840684 0.9999850595927288 16.64692316405568
0.9999399507405456 -0.009956289523892705 -0.005222958178282825 -0.25459667448530837 0.009945055507288579 0.9999495849475014 -0.001982498248280597 0.03810116461751021 0.005242678899394108 0.0019292047204448532 0.999985124836819 16.712125846710883
0.9999413789693631 -0.009912735869789841 -0.005055762035475267 -0.2561214795678937 0.009901431230400756 0.9999504692592343 -0.0019944561571235524 0.04009344193216725 0.005075763800515856 0.0019427558215329686 0.9999862128806384 16.777574759036774
0.9999417566384855 -0.009870105880518107 -0.00499374793053557 -0.25775041065487486 0.00985905555437361 0.9999504923621453 -0.0020146445457873666 0.042476817529771525 0.005013572238262312 0.0019642506120934777 0.9999861881813209 16.81548596714855
0.9999418242444229 -0.009879150007606538 -0.004961981654359272 -0.25955468217283434 0.009868327959836507 0.9999503857354305 -0.0020232126244272147 0.04420038595148473 0.004981851291921334 0.0019730864578399376 0.9999862103582975 16.88510549115094
0.9999425974844822 -0.0098458046242924 -0.004872518779500855 -0.26121318267734034 0.009835131843825274 0.999950630675211 -0.002034609104169441 0.046036648375731626 0.0048924095006939545 0.0019856801729963955 0.9999867504545623 16.941700959524216
0.9999430900603732 -0.009833923009269172 -0.004795289988952952 -0.2626692551708019 0.00982360756400573 0.9999506728484953 -0.0020112585093127766 0.048364995754811936 0.004814901291411506 0.00196332647982973 0.9999872934667302 16.979053079197882
0.9999442371919633 -0.00979194252520496 -0.004642416150087484 -0.2639418241803891 0.0097816867098962 0.999950901023128 -0.002042749382045271 0.05037187002497985 0.004662202626643018 0.0019966391075076973 0.9999879632464272 17.03836939106209
0.9999443918205606 -0.00977182337081752 -0.00465100066763777 -0.26608788954985724 0.009761582423729124 0.9999507317815063 -0.0021064938523668434 0.05200084343647107 0.004671222317575901 0.002060629218527509 0.9999876740031582 17.101219395122065
0.9999446719273929 -0.009746005217818477 -0.004593260940039377 -0.267597449391541 0.009735803374843711 0.9999505774552732 -0.002186817300817872 0.052704322616534884 0.0046140970933347195 0.0021422296407938744 0.9999877137649041 17.168872792840446
0.9999439868403387 -0.009798482052362232 -0.004552977479468038 -0.2687449242454714 0.009788067403356327 0.9999497991820083 -0.002283525340675614 0.054105644253533036 0.004574779244939161 0.002238964984804667 0.9999876276734025 17.22145475809641
0.9999440549866052 -0.009819379942464323 -0.004493098604713021 -0.2698049139452708 0.00980912457683304 0.999949620176708 -0.0022716731496483563 0.05585819584787278 0.004514834754116392 0.002227454990202222 0.9999878081386501 17.290924567665364
0.99994442578235 -0.009810179763918188 -0.0044578860330062664 -0.2709040069497178 0.009799579494436347 0.9999501707560152 -0.0022792855770440486 0.057859336917689345 0.004479856152554326 0.0022349184514308352 0.999988068259606 17.33237957259852
0.9999455048752861 -0.009756352349926731 -0.004307386136352718 -0.2725372152898937 0.009745921022652225 0.9999505674845068 -0.0023361961127394385 0.059377686532720894 0.004329771431968356 0.0022936620331106116 0.9999886094683219 17.405260911384147
0.9999459462526311 -0.00980644833350593 -0.004174813651940332 -0.27438923447218777 0.009795191838955311 0.9999498580531191 -0.0025354532583095205 0.06061287701419844 0.0041995314167644964 0.0024937783396461154 0.9999888342759063 17.48032667110625
0.9999463870328644 -0.009769574390915744 -0.0040844918657779875 -0.27632042320933736 0.009758104743552065 0.9999497007780409 -0.0026465107081796936 0.06270032064251807 0.004110120553182593 0.0026061986601973865 0.9999887510330314 17.522973293002067
0.9999454475651102 -0.009860710173414756 -0.004067487883190732 -0.27867692695203916 0.009848530175565523 0.9999485286940757 -0.002800668148131651 0.06383799327991184 0.004094977813306118 0.0027600224467695905 0.9999884125491622 17.605241244530163
0.9999451033348247 -0.009909320982022742 -0.00397575556768605 -0.28013934232995086 0.009897390073436036 0.9999478261379857 -0.002794280628189226 0.06530499819330261 0.004003291103715094 0.0027545178677797076 0.9999887439628773 17.705552205719723
0.9999466869037041 -0.009837774154058097 -0.003876390350711101 -0.2819831070407903 0.009825852585597261 0.9999486924354426 -0.0027792897117398714 0.06736501965951698 0.0039037353488217933 0.0027406782727238555 0.9999893001209242 17.75520757621598
0.9999476141759712 -0.00976763919095971 -0.0037231306264302474 -0.2838597677836632 0.009755794281391224 0.9999490816859653 -0.0028438283394295683 0.06841474186998572 0.003750954524948562 0.002806874773741912 0.9999895956922654 17.859774449953836
0.9999477339710074 -0.009767295930447062 -0.003659708351848165 -0.28605973712403865 0.009755014930719204 0.9999483396483245 -0.003023819326054983 0.06886238868010905 0.003689261235463171 0.0029874482979116877 0.9999892008444373 17.984766828675532
0.9999485377015158 -0.009777463971471957 -0.0035117354552838312 -0.2881016459208358 0.009764759908810075 0.9999485687443543 -0.0031122347632816833 0.07059266456092046 0.003542575084413039 0.003077028411194412 0.9999898327403147 18.044619498555324
0.9999441830729098 -0.010185120342892602 -0.003599244389145048 -0.29087366591750263 0.010171529221923664 0.999943383843757 -0.003329567647818704 0.0711412074711753 0.0036335017152865387 0.00329246940870716 0.9999887299277336 18.17984516259247
0.9999383082245752 -0.01073812030687904 -0.003733649521858203 -0.29452358430700126 0.010723014642240397 0.9999376500934198 -0.0035090571713453193 0.07216631840010473 0.0037718428222297687 0.00346824763358075 0.9999877677232522 18.333056199075987
0.9999382122029786 -0.010776431699140386 -0.003649322254008298 -0.2977540776504318 0.010761303470976273 0.9999369410345108 -0.003576761234889868 0.07360421059180978 0.003688409918792059 0.003536886798389918 0.9999877854895349 18.42076651250863
0.9999280394392711 -0.01158595999208021 -0.003981330922947882 -0.30004532117345845 0.01156877068339341 0.9999270530417134 -0.0037613333829223565 0.07232655372227977 0.004025379130966621 0.003714650133635941 0.9999859134960146 18.61268201115519
0.9999193483448197 -0.012090898790571344 -0.004695360971198079 -0.30322846205048243 0.012071593232544657 0.9999220503529689 -0.003576343476658071 0.07269523294524875 0.004739060565392703 0.003518812986974763 0.9999835274538645 18.795022829012016
0.9999217292867382 -0.011927464766767827 -0.004634431818564185 -0.30571886394480585 0.01190884016872954 0.9999243222641472 -0.003490814321276403 0.07419880439191545 0.004676499793418153 0.003434680265867673 0.9999840598295224 18.881349165073715
0.9999239615249966 -0.01166209085488324 -0.004809959520067017 -0.3083079069572674 0.011643457384841483 0.9999281688880355 -0.0033625412152550865 0.07487071072142146 0.00484969214658815 0.0033056257155934196 0.9999838131205907 19.090505332761545
0.9999216875792862 -0.011447313181866784 -0.0057535159923664935 -0.313522602541079 0.011426141514015878 0.9999311851900263 -0.0032535054986639798 0.07416115052181256 0.005791406644940648 0.003186861609585241 0.9999792826931972 19.310434697464625
0.9999227061628443 -0.011270125053140446 -0.005929085135862401 -0.31748893245931736 0.011248617946668425 0.999933237107621 -0.0032096425460803354 0.07490545159605369 0.0059658978931400545 0.0031419615129057426 0.9999782362139032 19.405045755567887
0.9999173763069703 -0.011242703000630794 -0.0067994372289573715 -0.32241189148290156 0.011219121425549558 0.9999337731664928 -0.0031281120785306726 0.07386669166420265 0.00683506636966218 0.003050749767278362 0.9999727999778938 19.642002917680728
0.999911483298387 -0.011069499499132917 -0.007829112978579189 -0.32870543135624575 0.011044965848630116 0.9999362957837368 -0.0028714710050436526 0.07367237795975584 0.007861141629440533 0.0027839900320068053 0.9999660041843966 19.89094899714832
0.9999086434693285 -0.010992112750736176 -0.008316619103335131 -0.3338877022784352 0.010967103524892675 0.9999378129028602 -0.0027248250879723505 0.07439062100114191 0.008346989020759565 0.0026323944641753194 0.9999624887345494 19.998626042892948
0.9998755318236763 -0.011306343671787478 -0.011306901581850676 -0.34247682540655333 0.011279124111884102 0.9999353997200344 -0.0022530554334550747 0.07329784032419744 0.011332516912819807 0.0021242213277707592 0.9999341324800921 20.25213888625046
0.9998310134792353 -0.011187645467005222 -0.014836549052008288 -0.3529136573147874 0.011169080953662404 0.99993835598396 -0.0011670969569724163 0.07455213318266832 0.014849510064546372 0.0010000249966972078 0.999889927432414 20.537377232069577
0.9998203705344659 -0.011194098250639682 -0.015540691462241834 -0.35979774867610903 0.011179943856817738 0.9999386206463144 -0.0008387115158073037 0.07555157056790991 0.015549946458643502 0.0006636026679564874 0.999879563545124 20.67204478778585
0.9997413544932694 -0.011422213914645289 -0.01987967089410526 -0.3724919403682021 0.01143973945587029 0.9999356428976561 0.0008902378755217196 0.07790250563593576 0.01986889149429574 -0.0011184648619520289 0.9998028988866476 20.96328627189544
0.999612174628386 -0.01224904919064056 -0.025189653004822978 -0.38965940118135695 0.012315372474765088 0.9999222003740168 0.002573997157214057 0.08086607969461568 0.02515674561239943 -0.002883991823921365 0.9996804916259223 21.265448875484225
0.9995701867285341 -0.012355837903412669 -0.026751554265642588 -0.4005451167376262 0.012442373334246946 0.9999190246849599 0.0031583214711354223 0.08207390816335898 0.026710871661582904 -0.0034904105173886794 0.9996383177944713 21.398940385877534
0.9994412516239449 -0.011795984184445442 -0.031423213377387606 -0.4182826782598128 0.011939549859260162 0.9999202957373567 0.004461637819034366 0.08460115207429217 0.03136854128523279 -0.0048347571774099655 0.9994973121632722 21.67984443322873
0.9992781030506355 -0.011350821106851285 -0.03638949701582252 -0.4352599288245648 0.011533706091695697 0.9999232775136078 0.004887423474497616 0.08386364636790293 0.036331695586918164 -0.0053040101490466314 0.9993268106607093 21.949320400175388
0.9992316585511574 -0.011073499666156335 -0.03773644052281131 -0.44398254433442147 0.011266837578330068 0.999925887272747 0.0049832505298547 0.08405713402833336 0.037679106012688666 -0.005405370966381686 0.9992765780935816 22.067380959860383
0.9990400697175205 -0.010993584040750447 -0.042527129609554355 -0.46168676838860734 0.011241734029956093 0.9999228313090691 0.005660977651207309 0.08485163403812324 0.04246221839172626 -0.00613447160285257 0.999080709092464 22.33633199085158
0.9988694036070745 -0.010802646355375756 -0.04640569854157082 -0.4810555516533056 0.011102518393929338 0.9999207810330806 0.006262912555438514 0.08582741257447904 0.046334843652740904 -0.006771991613027623 0.9989043843301922 22.603931395409997
0.9988496778703417 -0.010712730185590415 -0.04684349627543398 -0.4907533856795745 0.011016126670510709 0.9999216521753203 0.006276970836142387 0.08650209246034947 0.046773074654917576 -0.006786765123921335 0.9988838380716858 22.705669635395225
0.998630023837084 -0.010342296586411955 -0.05138478289925585 -0.5124879841416013 0.010704047038625973 0.9999213211281464 0.006817258514697685 0.08699300145760355 0.05131056248702398 -0.007358728280097567 0.9986568515859262 22.957522406422086
0.9983789106962163 -0.01066256582155611 -0.056006449162876434 -0.5347417145490624 0.011083047040969614 0.9999144234281426 0.007252392314207259 0.08664663727522004 0.05592478618670274 -0.007862245537364927 0.9984054531352274 23.196524163536633
0.9983232028526726 -0.010903193529739045 -0.056946107261952324 -0.5470256823071712 0.011339043810197706 0.9999106153647315 0.00738616110907355 0.08701921926255075 0.056861091426945704 -0.008020324520953392 0.9983513521550695 23.319743077491108
0.9979638626569651 -0.013541533466780574 -0.06242195205402667 -0.5747655882900159 0.014078459239178014 0.9998694764137722 0.008217720833526078 0.0914889314595672 0.06230296391784182 -0.00908052451051464 0.9980176294009069 23.6103220142893
0.9976386447113199 -0.01637554374961739 -0.06678940622061064 -0.6071360124364868 0.017033426788436425 0.9998134848432739 0.00933982005160971 0.09910940452483852 0.0666243864131664 -0.010456114717382468 0.9977249490669068 23.934806560173293
0.997611579134039 -0.016425587686406194 -0.0671847725639414 -0.6226433091045162 0.017094238526035872 0.999811726019267 0.009441946435302538 0.10094563712646396 0.06701769812303135 -0.010568743983601551 0.9976974069313642 24.049951333698782
0.9975360615923441 -0.015363841567541607 -0.0685365588325605 -0.6504011435668889 0.01601582217644234 0.999833186531052 0.009021940582499681 0.10105327772354161 0.06838673814205336 -0.01009805594352343 0.9976086795339035 24.314317507008518
0.997452122813474 -0.00876843100198827 -0.07088036314168798 -0.686322342198427 0.009231285369822487 0.9999393608171195 0.006252079116975424 0.09912123301576188 0.07082122766728294 -0.006890733742319028 0.997464941749895 24.566768571464177
0.9974046221113662 -0.006732884945017723 -0.07176815113383332 -0.7044098154592751 0.007105569879554143 0.999963743838331 0.0049856499943354395 0.09999782820672894 0.07173205917978534 -0.005483145943843103 0.9974087178123369 24.684176865619325
0.997158077613305 -0.004220855152869813 -0.07529854132701999 -0.7369913177628034 0.004561607513518733 0.9999813238105909 0.004398019124119272 0.09922083295375736 0.0752784821802434 -0.004729545884225494 0.997150935386667 24.941230929234415
0.9968334625680927 -0.004039992375579323 -0.07949318073543428 -0.7643062882630995 0.0044469368375202635 0.9999789848011706 0.004984191803149468 0.09929395305799754 0.07947132529864985 -0.00532242886892743 0.9968224536112436 25.187889342171534
0.9967364803831141 -0.004180401995578804 -0.08069186550284832 -0.7777020874328299 0.00461623364282719 0.9999767058634641 0.0052546291695022805 0.09954037966715702 0.08066781494658662 -0.0056105382559305545 0.996724554201611 25.32346811057171
0.996402745629873 -0.005795324585422336 -0.08462005243604531 -0.8037956259332948 0.006313076876216253 0.9999638394728766 0.005890267368013814 0.10146242914067656 0.08458268603844588 -0.006403999289903847 0.9963952976154591 25.56264465088916
0.9959926529731719 -0.006021639523739131 -0.08930229088583191 -0.8361539031536954 0.006573899409126304 0.9999618472978291 0.0059278547072218685 0.10020314049286948 0.08926308016306445 -0.006491776334613255 0.9959864868214586 25.81457930886806
0.9958953459477102 -0.005882517287258072 -0.09038985235139245 -0.8526654588278781 0.006435743616090322 0.9999630169347559 0.005863913146782568 0.09970858508623427 0.0903516537865391 -0.00642221746896496 0.9958886368633705 25.925562225877698
0.9955762005298743 -0.004494279925811141 -0.0939161818465295 -0.8858323652048308 0.005072855541703657 0.9999701515586978 0.005955270496393169 0.0987924279086601 0.09388602053411987 -0.006405899039955556 0.9955614582700607 26.172836964502302
0.9951771651310163 -0.004182550311306834 -0.09807073796699053 -0.9179370076979525 0.004828640444050548 0.9999687418184704 0.006382566848604948 0.09811104280405158 0.09804042897121007 -0.006825945129990533 0.995158186634835 26.4112427298551
0.9950262676420923 -0.0050245163813603215 -0.09955144719936528 -0.9337099335250573 0.0056824348564087305 0.9999642993556971 0.0063568154268005255 0.0982995423731354 0.09951545437233329 -0.006891362951676004 0.9950112948372645 26.51058238247323
0.9943965926466967 -0.011833941492416481 -0.10511473843638239 -0.9690897412801349 0.012293256615242823 0.9999185080001112 0.00375609531557661 0.0975578360440382 0.10506108610094213 -0.005027810746531263 0.9944524371642409 26.736979873475004
0.9937961579144053 -0.01496863232610552 -0.11026602418818193 -1.0125316284955286 0.015441970604385525 0.99987566307229 0.0034715102792391567 0.09947309801748348 0.11019968272577939 -0.005153296051457628 0.9938955963408269 27.017091710010323
0.9937280168228314 -0.015289127375578368 -0.11083298555932757 -1.0317296437430956 0.015790639894715682 0.9998690968299188 0.003676837351913814 0.10117235759860715 0.11076152599593962 -0.0054041091450930745 0.9938317394684835 27.12628024012678
0.9934704843051613 -0.013341152690850438 -0.11336835096317478 -1.0729226928015612 0.013979856215469422 0.999891351890149 0.004867997092480356 0.10583794767016025 0.11329040121496195 -0.006421499901632972 0.9935412317209714 27.39781616601991
0.992878225938062 -0.004678421365293872 -0.11910111149287217 -1.1190435555934004 0.005884919520572811 0.9999353950863554 0.009806202094165856 0.11544259552978076 0.11904695620380244 -0.010437687088056776 0.9928335690027337 27.622638849091395
0.9926033596979725 -0.0036846605492763707 -0.12140448018118587 -1.1377537901459764 0.004983281187645935 0.9999341203907883 0.010419418186106063 0.11837653402697558 0.12135743436545898 -0.010947853948340006 0.992548319790712 27.726076995059383
0.9922427557619505 -0.002532626295447142 -0.12434602133431093 -1.1723905415113745 0.0038935666414882677 0.9999355002477224 0.010726360238497464 0.12071917773170325 0.12430986728060772 -0.01112758370460285 0.9921806805138735 27.92879857610158
0.9921151644951713 -0.002627204114744983 -0.12535757389465824 -1.201057028195657 0.00398871713651697 0.9999361167203255 0.010634026488077547 0.12142352001733 0.12532051007359335 -0.011050683412973746 0.9920544261837765 28.116971455793376
0.9920157377264895 -0.0033816272173025413 -0.12612262180827066 -1.2166740064105335 0.004755185807530948 0.9999326963993151 0.010611620917270394 0.1228557190198839 0.12607702621064457 -0.01112707955779581 0.9919576347243173 28.20224715469178
0.9914255132854469 -0.006403970273493493 -0.13057282652854837 -1.2484467537341986 0.007792957995644506 0.9999186187412796 0.01015232581023427 0.12338017622267006 0.13049576788685693 -0.011083305779067529 0.9913864005285327 28.401438423771936
0.9911902044704392 -0.0054973720956786815 -0.13238551571709267 -1.2735868325140207 0.006881598563605076 0.9999262314286661 0.010021826658395992 0.12352000206829945 0.1323187266310719 -0.01084478756795757 0.991146712275558 28.534346874507477
0.9911541834048964 -0.005162001854906556 -0.13266973919669042 -1.2860968562279442 0.006538469957104339 0.9999291623940599 0.00996463162483971 0.12537554418285812 0.13260730504310161 -0.010744456966229438 0.9911093282845684 28.603541983536118
0.9909393194871212 -0.004522864261351862 -0.1342874908251303 -1.3158857141813423 0.00592313213212584 0.9999319110512874 0.01005212294238672 0.12678991582276447 0.1342310111641324 -0.01075670278451645 0.9908903374370766 28.778426399657068
0.9904530017333902 -0.003707498214467061 -0.13785421608005344 -1.3444462644453437 0.005199092092987724 0.9999314839867961 0.010483046695329913 0.12783294286198266 0.13780421579877133 -0.0111002316359724 0.9903960503175347 28.932507245936634
0.990370922861788 -0.0035859698939399265 -0.13844868847091907 -1.3574930116672548 0.0050878239724290505 0.9999320400002804 0.01051892194897102 0.12920796102945267 0.138400067044086 -0.01112292230825215 0.9903130474775587 29.002054319376864
0.990167358987479 -0.003738991671223449 -0.1398919784738319 -1.3854400712244845 0.005262279827665506 0.99993078392931 0.01054264940611751 0.1304064248740062 0.13984125156106927 -0.011175839739233527 0.9901096989938785 29.16562715436615
0.9900016548259375 -0.003768150704511917 -0.14106166404617462 -1.406884795473351 0.005309242923868356 0.9999304343158152 0.010574767157223053 0.13152205962597419 0.1410106222383014 -0.011218709483191612 0.9899436748078861 29.27961759168399
0.9899547325389191 -0.0038631713198476686 -0.14138841922248013 -1.4165186713490114 0.005404698068680031 0.9999301244855722 0.010544702654446722 0.1332870646849139 0.1413364499869497 -0.011203811662973212 0.9898973155464786 29.322873716138517
0.9897410655128674 -0.003861035085208289 -0.14287832509334053 -1.4350819651262934 0.005416873002459486 0.9999304750593104 0.010527423694269523 0.13393711927663285 0.1428266285346562 -0.01119453856720786 0.9896837347745299 29.412143941462453
0.9895861649153735 -0.0036813298241086105 -0.14395306618391798 -1.4516676488485167 0.005224120330654665 0.9999335568764295 0.010367645824740566 0.13425263754271827 0.14390441499451195 -0.011013109902294078 0.9895299178113706 29.49308379296893
0.9895640490387033 -0.003581548345021221 -0.14410909437784422 -1.4597741936525033 0.005103463199969224 0.9999360612460809 0.010220920805246511 0.1357586802242938 0.14406253719284112 -0.010851495896544338 0.9895091185862405 29.531530750343062
0.989422772385399 -0.0037639233568723366 -0.14507524660533921 -1.4775758047983503 0.005272198698317541 0.9999370099929911 0.010043297812072579 0.1363508836688625 0.14502779788716463 -0.010703921959069208 0.9893699466720132 29.62164738779496
0.9892259337299089 -0.004228977350630728 -0.14639675619272666 -1.4924442582971447 0.00573437671275819 0.9999355663276136 0.009890560776705852 0.1372925858638 0.14634481673418603 -0.010625312109021949 0.989176516481914 29.69300975873395
0.9891869655869236 -0.004416146835434191 -0.14665098531952145 -1.5006408474199013 0.005912738281538688 0.9999350184474531 0.009794940794156265 0.138942201435003 0.14659715360561318 -0.010557560293499892 0.9891394258233075 29.731438701494017
0.989143753704145 -0.004412026690740316 -0.14694256425011598 -1.5121986164052217 0.005879099943086844 0.9999372541225573 0.00957496266028233 0.14013698285157566 0.14689008549701846 -0.010336212636249457 0.9890982546988475 29.789376454419546
0.9890505263956506 -0.004179164841031139 -0.14757283179656508 -1.5270148182286414 0.005641992876952711 0.9999388010584439 0.00951613892361757 0.14101744679970013 0.1475224859014925 -0.010245500086130756 0.989004709677135 29.87037433239444
0.9889977294617504 -0.004132606854133175 -0.14792712438084746 -1.532171830394095 0.0055979595700864845 0.9999393266643849 0.00951197219094699 0.14272362846450484 0.14787732797930334 -0.010236448849076287 0.9889518855791283 29.895322826443245
0.9888297810166662 -0.0038907855330426043 -0.14905261918719978 -1.5459197580347706 0.005370019437637127 0.9999402944677531 0.009544515839157613 0.14377229284078422 0.14900514243863747 -0.010239463057576035 0.9887826218629628 29.96231234647856
0.9887321449576284 -0.0036616197522285664 -0.14970501309286283 -1.559360858998603 0.005152363953842134 0.9999409977580139 0.009593212500120706 0.14492719570481372 0.1496597131269919 -0.010257791428884737 0.9886836285530203 30.032911142040835
0.988716387989944 -0.0036276117045351552 -0.14980930611930557 -1.5667799927271882 0.0051147530370506565 0.9999413022279863 0.009563493711786171 0.1466313271369658 0.14976430942750538 -0.010222803067140643 0.9886681253257328 30.07427697194363
0.9886171918211674 -0.0036234677135720257 -0.1504640545293872 -1.581455814249352 0.005116229131922421 0.999941498483859 0.009554800166481987 0.1476758122815321 0.15041912156671514 -0.01021673608590273 0.9885688187770807 30.148760538594733
0.9884191618218566 -0.0036446358704806795 -0.15175877085371725 -1.5965182547854855 0.005169352613687018 0.999940218089704 0.00967270589894924 0.14862652853797892 0.1517128811321157 -0.010346230871499041 0.9883698984144215 30.22326335246117
0.9883628770456933 -0.003599650609485601 -0.15212361379547137 -1.6055138885770746 0.005137631908994539 0.9999394170016992 0.009735999506604897 0.15006425073424784 0.15207751164664035 -0.010404928788870694 0.9883129588420971 30.26793198862213
0.988190522380812 -0.003399798337425472 -0.15324061136179437 -1.6205478338388521 0.004978578603446592 0.999938057161507 0.009935841019337425 0.15126445543215888 0.15319517151522785 -0.010581799493789177 0.9881381579820719 30.34273492244766
0.9880075643261179 -0.0032376126504431247 -0.15442204533334147 -1.6368343652044317 0.004854713560525501 0.9999371409923639 0.010114099197938308 0.15230964114198778 0.15437779276151034 -0.010742982714779638 0.987952730551203 30.421856143078482
0.9879593679528652 -0.00316415793112544 -0.15473199839558308 -1.644901818727848 0.004789105402302204 0.999937121179079 0.010147591636781268 0.15397416699352467 0.15468830451394397 -0.01076694608806296 0.9879038810751225 30.460510403947627
0.9877670146713659 -0.003052788380624266 -0.1559562769579594 -1.663356570261395 0.004722222396646296 0.9999354774242276 0.010352877355186642 0.155156975208707 0.15591270323604575 -0.010963386557890796 0.9877092374308197 30.552435761145684
0.9875697260743485 -0.0029696271424845063 -0.1572008532619823 -1.6800687558940477 0.004673122388831961 0.9999341690704021 0.010484730777851916 0.15589422763539237 0.15715718379162433 -0.011089551552813555 0.9875103790227914 30.632526242205554
0.9875042027726286 -0.002959743485900534 -0.15761262378038143 -1.6902532167244395 0.0046600032104013225 0.9999347438984311 0.01043590433943016 0.15698338223329011 0.15756931093899917 -0.011040361548793114 0.9874452288178566 30.679153676625074
0.9872680112426208 -0.0029826066820377696 -0.1590846780815795 -1.710754578916484 0.004676541729436024 0.9999360759214342 0.010289698889392894 0.1570737251326916 0.15904146199743005 -0.010902792030990779 0.9872104869566288 30.772387193624922
0.9868384812206811 -0.0029914147060209222 -0.16172729588628523 -1.734573249504506 0.00472177285874084 0.9999353275259073 0.010330410706682166 0.15658728413187106 0.1616835645821496 -0.010958089776643035 0.986780603670601 30.878943516223277
0.9867379993544154 -0.0029963875122876343 -0.16234143000044898 -1.749665597494467 0.0047351793017796585 0.9999357382539055 0.010341689869416849 0.1573443750365657 0.1622979260366184 -0.01097364740265106 0.9866800767444143 30.955987008532635
0.9860922746575799 -0.0028708864398900536 -0.16622048544486426 -1.7736495430924935 0.00472684850517391 0.9999309386873354 0.010787291951252227 0.15715643982363525 0.16617585084613554 -0.01142352113770731 0.9860292129883518 31.06230712421477
0.9851329052558033 -0.002672134225488746 -0.1718178806191103 -1.806196494585139 0.00463581853069459 0.9999286112711213 0.011044249639850791 0.15563117785077707 0.17177368506979843 -0.011677162546560938 0.9850662745414996 31.197515927086858
0.9846072337673096 -0.0025314002265099094 -0.17480754069750876 -1.8223658032556276 0.004564391757239428 0.9999268600017087 0.011244079041646309 0.1553027620156014 0.17476393462076836 -0.011869517992509493 0.9845378616311733 31.26206455810275
0.9831053817250845 -0.003004519695992922 -0.18305869611542966 -1.8613820822466862 0.005142527305973005 0.9999244389739684 0.011220305807421822 0.151742950499058 0.18300874573971934 -0.011972683626389898 0.9830374900320251 31.40181839115542
0.9811637245447035 -0.003965562389611506 -0.19317606284218664 -1.910920933827242 0.006258463878169366 0.9999172219812323 0.011273089162998559 0.14643618801930228 0.19311247104604934 -0.012269764429505534 0.9810984493497856 31.56459005149861
0.9798601753412558 -0.0044320206181902855 -0.19967299737330868 -1.936337465912335 0.006832534440629411 0.9999124697984113 0.011346311401802702 0.14245544766142465 0.1996022544848536 -0.012482085814758747 0.9797958063202966 31.641426299015873
0.9767857482550985 -0.004274290347981194 -0.2142116117540909 -2.0055386784050526 0.006888559857682927 0.9999108242709931 0.011469940509152399 0.13770863332343522 0.2141404001184263 -0.012679433395375436 0.9767191334926337 31.837106566960372
0.9729828608135491 -0.003516874270774089 -0.2308828139889319 -2.084289921137529 0.006332559300339932 0.9999143717339044 0.01146506074640385 0.13406384119336381 0.2308192101842143 -0.012617259681761844 0.9729125001281872 32.03353835580073
0.9707502799558233 -0.0037409512889192598 -0.2400949807772821 -2.1288442963614176 0.00670048203491389 0.9999113605203227 0.01152159876914008 0.1292074834340056 0.2400273452272331 -0.012793477952693214 0.9706800365475742 32.14702619806959
0.9656538225892777 -0.0026726359514177103 -0.2598476894653351 -2.2244812974199086 0.0058741994006478995 0.9999161510605034 0.011555061700911027 0.1279368328439443 0.25979159492531023 -0.012684650289258286 0.9655791183344702 32.353284275147296
0.959668442249294 -0.0013558974484857796 -0.2811578796025251 -2.3402852593969694 0.004796643398098619 0.9999217959272 0.011559325828409864 0.12995746981019526 0.28111645994038126 -0.01244165584785838 0.9595903815303505 32.59381296198724
0.9562060630497147 -0.0013481053009434837 -0.2927152418459355 -2.3998016865764726 0.005046772245093994 0.9999162350169658 0.011890196414929922 0.12748567468724975 0.2926704854718157 -0.012846310303423515 0.9561233572291256 32.7184576219943
0.9481605052415107 -0.0008384069866034638 -0.3178125198164875 -2.5405000109198865 0.00478597804961437 0.9999203952391932 0.011649818450625835 0.12966382234415733 0.3177726630580219 -0.012566602306461443 0.948079742699309 32.98891459715432
0.9380874715490675 -0.000773361647767868 -0.3464173727809459 -2.6987781202397616 0.005290735474962389 0.9999123604404108 0.01210342551731204 0.13387838101831176 0.346372633368895 -0.01318652309534623 0.9380002984179697 33.2667899786747
0.9324810806328436 -0.0004971999353622306 -0.36123693274186014 -2.775898996391573 0.005463163595674912 0.999903558781819 0.01273435367888419 0.13301819727292574 0.3611904235743545 -0.013847457049608016 0.9323846265943125 33.39156328833721
0.9195394253629553 0.0005964957323375047 -0.3930151597457365 -2.975757737529698 0.005237131397915977 0.9998914436353152 0.013777532701165074 0.14275691229809803 0.3929747312320103 -0.014726839624942086 0.9194267085381189 33.68930623931831
0.9047671450538898 0.00309817740127689 -0.42591159116940247 -3.1737610836497803 0.003621311969902991 0.9998816995192792 0.014972284871773912 0.15313215205061798 0.42590119293676515 -0.015088331382885064 0.9046393213908543 33.944058592002186
0.8971367351572023 0.004407529716412445 -0.44174647082116364 -3.2752742736417773 0.0026844193974237675 0.9998774797964539 0.015433992171716416 0.15649462970522265 0.44175378820054984 -0.015031733095273319 0.8970053693187194 34.075051450619384
0.8796309086878847 0.007321978017987793 -0.4756139605476873 -3.521480760401784 0.00012824183448877015 0.9998776831191715 0.01563592075256549 0.1625905658700205 0.4756635693778453 -0.01381425021978981 0.8795134619958395 34.38689805181155
0.8609930963194316 0.008899804916734233 -0.5085514148893687 -3.7778635240444536 -0.00047781647889711396 0.9998602017432798 0.016695055885647292 0.17100910230292155 0.5086220739900927 -0.01413075927076333 0.8608685077122793 34.688527223310345
0.8510177719890801 0.009488828359744302 -0.5250632253685723 -3.8928787658372856 -0.00043004991455653944 0.9998485550739584 0.017378241752381677 0.17440676688154408 0.5251415710965701 -0.01456264191068465 0.850884557365562 34.81240285301181
0.8309934513167669 0.009923848171486576 -0.5562047503137771 -4.1794110819440515 0.00026277402024150597 0.9998329564450535 0.018237852694622934 0.18202868388466417 0.5562858161688671 -0.015300921175617595 0.8308441251228534 35.12679702586034
0.809700379202857 0.010490531601554885 -0.5867603026856534 -4.485847670398788 0.0005950813257451059 0.9998243450822478 0.018702633242076525 0.1895896463179314 0.5868460578021946 -0.015492062990793263 0.8095443048237041 35.44793079412849
0.7981575803117791 0.011091142223430793 -0.6023564996939297 -4.621435762279427 0.00038902480858001064 0.9998200466913534 0.018930979371104432 0.19197055795569862 0.6024503042185618 -0.015343407160749443 0.7980020902994704 35.57752315556947
0.7745788329260618 0.01267442983268814 -0.6323594284054924 -4.9534930370315235 -1.0485438983340528e-05 0.9997982037647049 0.020032442678914034 0.2003406351459145 0.6324781935321483 -0.01550924492264382 0.7744157426641094 35.88238273142228
0.7485442573309088 0.014721826844577708 -0.6629301649288835 -5.298083425753185 -0.0011304250046533845 0.9997795061472681 0.02093160881692306 0.20882725182682682 0.6630838746619914 -0.014917965270968959 0.7483890779175222 36.17376276000902
0.7351648957962063 0.0155105771238898 -0.677719382768956 -5.4631625159354575 -0.0015382271519336166 0.9997727029620774 0.021217897123390773 0.21150585989355472 0.6778863401522324 -0.014555401993065195 0.7350149374465756 36.30618933674704
0.7062701232846216 0.016863517954084944 -0.7077494900545159 -5.838987567942778 -0.001972251196067911 0.9997581195585974 0.021858361308851996 0.21876723063240536 0.7079387549223362 -0.014041377725473156 0.706126202567835 36.593271602971704
0.676413556760333 0.01734087734501032 -0.7363258736788201 -6.223195605749921 -0.0004452943610588259 0.9997315817747878 0.023139793222031284 0.2303825976186925 0.7365208532143694 -0.01532344966928339 0.6762331556212418 36.86752733099996
0.6617668794996072 0.017944886483040462 -0.7495029888626819 -6.401969739527427 -6.0152186218224817e-05 0.9997142639536777 0.023887219192132058 0.2350213291194728 0.749708650593504 -0.015761842166223953 0.6615724825763477 36.98580497924203
0.6315702841410333 0.01880038948285758 -0.7750987064291884 -6.826590705448087 0.0009361855150908557 0.9996867174067595 0.02501490501748002 0.24749297913303078 0.7753167717783002 -0.01652345840991894 0.6313483738456038 37.25973084577017
0.5984438197756773 0.021438856257010766 -0.8008857051059396 -7.290386665336846 3.386007290490534e-05 0.9996409127927924 0.026788604162413354 0.26626226878873477 0.8011629548320462 -0.016057709529956717 0.5982223451319303 37.5202438570781
0.582096377006273 0.022926283191704398 -0.8128044199186227 -7.4839056449025145 -0.0007050732277787791 0.9996160198217999 0.027694357774356162 0.2751505247428304 0.8131176009935224 -0.015547010513959722 0.5818835062912748 37.61402877319352
0.5472935790751708 0.02570628833605437 -0.8365534952561164 -7.943359751180521 -0.0018844393325435913 0.9995633024628976 0.029486207401540166 0.2922437352693666 0.8369361793768236 -0.014560550901829445 0.5470979691467028 37.835117119048476
0.5141542509841441 0.027274406392719712 -0.8572716011109763 -8.440536643529178 -0.0018484735117590733 0.9995271986135328 0.03069480625632855 0.3091112837426795 0.8576930067620219 -0.014196599704737665 0.5139570860840567 38.05923309837779
0.4965308576072202 0.02851922477629873 -0.8675583180273521 -8.655181212870046 -0.003032356762070881 0.9995113650474329 0.03112515591466988 0.31691308461695333 0.8680110761482929 -0.012823133185596528 0.49637044457329726 38.143466436724275
0.46255704517319207 0.030131324303350856 -0.8860847830684679 -9.134481450680616 -0.0036741999208312727 0.9994791112390466 0.03207340037610998 0.3339063776494849 0.886578533750579 -0.01157952805382395 0.46242317211377965 38.32071155493349
0.42825117882210173 0.031074207996819272 -0.9031327223396698 -9.622046022395521 -0.003738424993130331 0.9994614050312415 0.03261961238247989 0.35118121903609767 0.903648545968591 -0.010592346372102596 0.42813352065529914 38.483971048956114
0.4118573701388732 0.03161677051508372 -0.910706704639725 -9.833156281724667 -0.004304601236000341 0.9994547801890952 0.032755305619867725 0.35680586846073203 0.9112340465933725 -0.0095694071011903 0.4117658105290481 38.54638626547568
0.37628654097049913 0.031821040758383635 -0.9259633938830591 -10.325260380648793 -0.0021626529579596293 0.9994379358821373 0.03347120186327255 0.3737868157331676 0.9264961834377817 -0.010591322139676727 0.37614124089788803 38.68317613354446
0.33922999319305613 0.03298427388829109 -0.9401312390543212 -10.866978580814894 -0.0011224658348718652 0.9993988838708283 0.03466280826847107 0.3947283204758333 0.940697780466983 -0.010702386056697245 0.3390608527763356 38.81574287895528
0.3226042405109649 0.03388104264734992 -0.9459334221201093 -11.099673837478164 -0.0010794194136339015 0.9993719582084348 0.03543110232428268 0.4046005987627421 0.9465281664308861 -0.010408106046315866 0.3224361381667654 38.862330331677384
0.2877924748118348 0.03527746892333588 -0.9570492106059287 -11.602203935756595 -0.0032885302910496497 0.999352617085895 0.03585176136106584 0.42308052698009696 0.9576819316178425 -0.007169576013770485 0.2877203628863379 38.95137420884732
0.25713628161151075 0.034479839439172925 -0.9657662870016077 -12.168247085573055 -0.004158205707137324 0.9993945616485049 0.03457735148793402 0.441557857321206 0.9663612421024337 -0.004874275376821583 0.2571226131715511 39.05156414466216
0.24298526427030956 0.03479336232108819 -0.9694124067040499 -12.398331885243358 -0.005953709784376675 0.9993923634627829 0.03438082585893436 0.4468664183692218 0.9700064804096226 -0.002581570362048584 0.24304369603775516 39.083917551137624
0.2155467174063103 0.034678337393704364 -0.9758844879016508 -12.961028942576 -0.008207694036792135 0.999399478992375 0.03370482175633697 0.4653291561622622 0.9764541005215981 0.0007456652467646555 0.21570144439961772 39.16074179021337
0.19038891864824245 0.03479013171686949 -0.981099150974885 -13.477727453468031 -0.007699860946931998 0.9993954608348696 0.0339483691932157 0.4840995612679713 0.9816736908039224 0.0010917301731463418 0.1905418435430103 39.225529749755204
0.17991793545138582 0.034789834065101215 -0.9830730132011027 -13.732717100595998 -0.007394433355446306 0.9993953481576086 0.034017772541302095 0.48863249271012593 0.9836489786227511 0.0011498094784517792 0.18006649280059672 39.2520517224298
0.15704464713575048 0.0340362486977187 -0.9870118785525005 -14.243331979767754 -0.0060757144606935366 0.999421760577656 0.033500713936585116 0.5026566903176345 0.9875683204663809 0.0007363854154638726 0.15716130247113513 39.3010527834484
0.13304537881846756 0.034296229221136815 -0.9905229352597514 -14.774302139965512 -0.004657166009966939 0.9994127834572324 0.03398198751398019 0.52057508297001 0.9910941881217307 9.262071035044899e-05 0.13312741581298895 39.34069654856211
0.12212296182267375 0.034791300004746346 -0.9919120421062286 -15.035895067315314 -0.0038725768414073552 0.9993956575150325 0.034580247728264825 0.5269022544679983 0.9925029976831411 -0.0003810334663901953 0.1221848195803583 39.3541786668099
0.09861152806839511 0.03437696742167632 -0.9945386548685327 -15.58209871547219 -0.004895384424903163 0.9994088369725678 0.03406305706131279 0.54044054599563 0.9951091763930473 0.001510379992542889 0.09872258033813608 39.373097962230005
0.07565471939125731 0.032662373563484406 -0.9966058870562936 -16.127294522220303 -0.007705047669826801 0.9994537081885684 0.03217411206502266 0.551328834840738 0.9970996706487596 0.005245501952688849 0.07586689232153962 39.37566947331449
0.06563548031345212 0.03263395370320753 -0.9973173050050639 -16.385023167066443 -0.009071333593272286 0.9994442538397265 0.032109710838284615 0.5551163551479316 0.9977980405054273 0.006940031236434848 0.06589739545900886 39.37357590594427
0.04469136096870593 0.032101571269334855 -0.9984914725200583 -16.935955261720558 -0.010102893422182619 0.9994477623613067 0.03168304225813478 0.5675851852565507 0.9989450857795014 0.008672286510051861 0.04499314307799056 39.367092635302896
0.02611477568128384 0.0319982797227991 -0.9991530659743586 -17.48723818977868 -0.009745797915629113 0.9994488482298177 0.031755966481542726 0.5807448759295695 0.9996069620171537 0.008908919132510202 0.02641449513182107 39.355155583613815
0.017549200538842055 0.0322382537267766 -0.999332989057191 -17.747122504395886 -0.008517382889451974 0.9994496043979529 0.03209493077848195 0.5843516514125916 0.9998058823373901 0.007948645719009757 0.01781735109960002 39.34667746974665
0.0013751957000048068 0.031682017464191276 -0.9995039243179868 -18.27869053539085 -0.004981738365079812 0.9994863145912019 0.03167755267299623 0.598663548113563 0.9999825937473211 0.004936442826779009 0.001535567406612745 39.323083405551955
-0.013687751021084101 0.0326752752944009 -0.9993792675455364 -18.829828157736713 -0.005365179680010796 0.9994498533026763 0.03275374142938534 0.615923569229532 0.9998878386249099 0.005810879852081526 -0.013501448766338032 39.28954302935717
-0.019410547070795092 0.033893595456051036 -0.9992442470234276 -19.11276499012817 -0.006945493275342297 0.999397343462386 0.03403642082768918 0.6249308313507699 0.9997832730138971 0.007601577151644598 -0.01915980067399157 39.27015711318417
-0.02785219669183004 0.03543688284890251 -0.9989910379076408 -19.695687499403196 -0.0115726123289152 0.999293767352669 0.035772997775495245 0.645419927660617 0.9995410011662038 0.012557877363979305 -0.027418704042071453 39.23241543043078
-0.035530436273149904 0.03436950987310451 -0.9987849275798114 -20.275457247170944 -0.014910839329911017 0.9992794658082302 0.034919611431754476 0.6615918923301055 0.9992536002735046 0.016133983342610105 -0.03498832423183151 39.19357214766452
-0.03935200788852909 0.03472537180199313 -0.9986293947226451 -20.55901758988106 -0.014848521665064028 0.9992658504805397 0.03533524808099264 0.6695809561460573 0.9991113265457618 0.01621914376725584 -0.03880338505630508 39.175692754948926
-0.0465665251393631 0.03419600609358155 -0.9983371649818589 -21.170566143577435 -0.00987851048963824 0.9993493240882102 0.03469418665246913 0.6908427903376823 0.9988624094194335 0.011478295349687511 -0.046194221711202146 39.14075242885184
-0.05404633353457824 0.03445186695256874 -0.9979513263058193 -21.773210614158632 -0.00834228108484389 0.9993541229662173 0.03495470899260272 0.7118002604929922 0.9984998134265028 0.010215018439322564 -0.05371966675616151 39.10031540803588
-0.055997237808180514 0.03431256033206949 -0.9978487323169547 -22.081431128200865 -0.007813465149301192 0.9993634800050495 0.03480579038392931 0.7203576198176486 0.9983969726251228 0.009746094584026923 -0.05568898247383363 39.07691189818896
-0.06107790197459231 0.035029842893863926 -0.9975256206772608 -22.718159610867986 -0.007809191233127889 0.9993362599185831 0.03557425429101296 0.7425525516741968 0.9980991768480126 0.009962864771109015 -0.06075916128109849 39.029700735037856
-0.06512955510678553 0.03609348676618807 -0.9972312735656903 -23.363938106017155 -0.007920679397602636 0.9992949530555463 0.03668795714992665 0.766806502393971 0.9978421471631146 0.010288382331787336 -0.06479310875508304 38.97987889568132
-0.06622748505374185 0.03683204032625347 -0.9971320520658459 -23.710553673787377 -0.005257974091986502 0.9992912346213086 0.03726376493038874 0.7813085635241498 0.9977874468388185 0.007710775535451655 -0.06598214558481104 38.951870311622
-0.06959924513262644 0.0385936252674769 -0.9968360273766265 -24.370760487137318 -0.0011685799212553841 0.9992474637273999 0.03877150714382505 0.8091419614358959 0.9975716579210963 0.003862873416285233 -0.06949736989003395 38.899390843400255
-0.07270290005996251 0.03875557589777865 -0.9966084283279075 -25.019380336159315 0.0030691195293801946 0.9992489987846308 0.03863725252223989 0.8345949501869856 0.9973467159187669 -0.00025035718849834154 -0.07276283190421012 38.84572688771363
-0.0733568868565529 0.03875385235845945 -0.9965607369238993 -25.36120415124219 0.0029299308285903325 0.9992491067495893 0.038645619843420305 0.8462690882617216 0.997299593971378 -8.580640231297643e-05 -0.0734107375314678 38.81463788562434
