1.0 0.0 0.0 0.0 0.0 1.0 0.0 0.0 0.0 0.0 1.0 0.0
0.999982476234436 0.00015243887901306152 0.0059217363595962524 0.014132903888821602 -0.0001526474952697754 1.0000003576278687 2.384185791015625e-05 -0.00456891767680645 -0.005921751260757446 -2.4557113647460938e-05 0.9999823570251465 0.5801572203636169
0.9999344387078697 -0.0005281732280315588 0.011434087143679772 0.03147887840380208 0.0005264782146099378 1.0000003395802395 0.00013730686861546104 -0.009959875555891895 -0.011434174088797988 -0.0001310057587176061 0.9999343923184232 1.158142732182721
0.9999029902476615 -0.0004827314351363211 0.013957188794237163 0.03969067349855895 0.0004779101950761185 1.0000009406937753 0.0002819469209735522 -0.012087120962259973 -0.013957260368040703 -0.00027518201496149885 0.9999024811682317 1.4610250866310523
0.9998025617082845 -0.0002666552526865218 0.01989658653711636 0.06050984449932106 0.0002087804901864225 0.9999969966920701 0.002860210230256593 -0.012249402062442417 -0.019897126330070816 -0.002855544184163699 0.9997978664631775 2.0432061105015507
0.9996476044259177 0.00018690121556138835 0.026569477164144407 0.08821945901090184 -0.0003057621299346769 0.9999914543533053 0.004435660998979156 -0.013130215570590294 -0.02656851402256724 -0.00444207140981625 0.9996371363822872 2.6234215981966003
0.9995244347824069 0.0002279425490877835 0.03084001347405464 0.10436702582242183 -0.000371527960105833 0.9999896985386239 0.004638412658103423 -0.014189677615366719 -0.030838632413202983 -0.004647739693607049 0.9995133678208779 2.9254838023178373
0.9992633744851376 -9.987814135843063e-06 0.038378967708777474 0.14003022227563455 -0.0001655499108066875 0.999990081438932 0.004561180928497101 -0.01895132629714049 -0.03837857670938036 -0.004564218146618421 0.9992524874267432 3.48272809154411
0.9989429411099525 -0.001983621816048905 0.04592651571176418 0.17944913354292116 0.001778079255511995 0.9999887463290379 0.0045079004203313474 -0.024306300597993758 -0.04593488614488134 -0.004421617277801816 0.998934394580598 4.040527372188094
0.998772468512818 -0.0023891765118210827 0.049474219359659885 0.198374420676632 0.0021711493208596555 0.9999880799190356 0.004449229315926692 -0.026649005180497627 -0.049484185547976116 -0.00433650206412146 0.998765107880573 4.322967851020296
0.9983630268346998 -0.0031986762348597793 0.05709986819021447 0.24166334032329587 0.002982210996862228 0.9999884149014245 0.003865970406540895 -0.03301963176804847 -0.05711156056905116 -0.003689640581613152 0.9983605458924942 4.857904220528779
0.9978951855830489 -0.0034668827899132257 0.06475424339905994 0.2891423663010408 0.0032596133605887105 0.9999901645316445 0.0032977471336524977 -0.0408387342407318 -0.06476502565781575 -0.0030798501366999034 0.9978954718398779 5.392301007044844
0.9971677106460582 -0.0036524712681235477 0.0751194218798141 0.36409651169842805 0.003422433629590721 0.9999903618407362 0.0031891024745060695 -0.047822446673869624 -0.07513006724803448 -0.0029230215236432117 0.9971692295934298 6.169589547643988
0.9965688863536958 -0.005992066246257031 0.0825479957544871 0.42203111634454926 0.005681147857014751 0.9999768483728756 0.004003921874176734 -0.05084440362956288 -0.08256967636421561 -0.0035216087727566433 0.9965786779135485 6.701932785799268
0.9963121253126386 -0.006251296464290703 0.0855776903917432 0.4477117151533495 0.005899486831688673 0.999974640767026 0.004363438781104538 -0.050923192305861266 -0.08560234873824521 -0.003842804551112077 0.9963218546864535 6.9538238083579085
0.9957016345811389 -0.007576932093916844 0.0923097746131887 0.5077130447379425 0.007118749088647259 0.9999619619811044 0.005292642397576934 -0.05222198683640326 -0.09234587609776412 -0.004613393673064355 0.9957160928808476 7.482067812866422
0.9949925004393693 -0.010940946345381737 0.09934838300852794 0.5716017506027533 0.010380555990521382 0.9999285323207707 0.006155822372366209 -0.053422736015269416 -0.09940810062764786 -0.0050940450405629455 0.995033358775018 8.00892251937624
0.9946960542576602 -0.01125323135556679 0.1022397402703662 0.6057889721268324 0.010673553643962533 0.9999250109705822 0.006215058298300741 -0.052427465129546574 -0.10230150171539412 -0.005091137909060521 0.9947401748161149 8.271476228170666
0.9939106430129524 -0.012118031903205363 0.10952694022812222 0.6712078158934306 0.011640695083851228 0.9999218473137415 0.004989292393039105 -0.05700209822798891 -0.10957857345543677 -0.003683818918903929 0.9939715321899762 8.742237654886749
0.993064918164338 -0.012928175749491112 0.11686423734612197 0.738357782457485 0.012560189745445621 0.9999157567558042 0.0038758907828288767 -0.06319657464459856 -0.11690436530382957 -0.0023809971806082846 0.993140491680563 9.201375347494967
0.9927372840027152 -0.012919985364138445 0.11961752641258336 0.7704250622803507 0.01256332128801979 0.9999164233329838 0.003725751999881281 -0.06470004416912797 -0.11965556415392367 -0.002195612802437451 0.9928132531633614 9.437587072730894
0.9919787142233769 -0.012627434466970133 0.12578498710569092 0.8352993878514159 0.012281128404453275 0.9999208719643649 0.003518708002883363 -0.06919737314523249 -0.12581936292471976 -0.0019453151740032033 0.9920516214935923 9.883725158780488
0.9911996472849502 -0.01279870591486416 0.13176660317689334 0.9004470045524504 0.012478515362820911 0.9999194364118067 0.0032449223052296943 -0.07432574100167298 -0.13179741494444452 -0.0015716323192271797 0.9912758413013396 10.308377085145922
0.9909678406604691 -0.012959237138097005 0.13348199768203164 0.9309806891591661 0.012700212190309784 0.9999179466489552 0.0027816969405490416 -0.07636647598937259 -0.13350709259604654 -0.0010607612064272237 0.9910477729973607 10.517009710270875
0.9900235982474807 -0.013432183797043059 0.14027020757010783 0.9949897974934762 0.013869507113275167 0.999904035194858 -0.0021502678125407543 -0.0886920059769178 -0.1402277830473898 0.004074696432441015 0.9901114787563855 10.906287539643916
0.9891698967339942 -0.013519019001131375 0.14616538132210033 1.0566443138967092 0.014855012980084955 0.9998598933046015 -0.00806068791434559 -0.10591733909199279 -0.14603554142501282 0.010145013006303586 0.9892280672272323 11.274067478372624
0.9890190231136887 -0.014090074105243022 0.1471295246352493 1.0857891283785421 0.01570942208212849 0.9998306998441594 -0.009858254582592063 -0.11092844778386823 -0.14696525559359816 0.012061620484058694 0.9890690326637843 11.46507673214408
0.9883848787395647 -0.014654466340491225 0.15127486923951297 1.1470412129881582 0.016802015765212976 0.9997777100668515 -0.012933340953015586 -0.12271559117350253 -0.15105150940271372 0.015325499555131128 0.9884078796026554 11.82885625890793
0.9877772132955549 -0.014099142016780851 0.155242017914622 1.209547117167668 0.0166431444590154 0.999749815702439 -0.015105449103736908 -0.13440981889232997 -0.15499011464138662 0.017505167849233724 0.9877615539245908 12.198258326534047
0.987622273184663 -0.014066618216815763 0.1562305586594766 1.2381003334797236 0.01672028061538313 0.999739797232235 -0.015691946231186346 -0.1388332056255794 -0.1559689061490219 0.01811036522015356 0.9875967371828313 12.380500004670775
0.9870735446292038 -0.01378059277057517 0.15968351536746728 1.2982841393776234 0.016720156545166193 0.999716594607176 -0.017084692715527414 -0.1499511710618797 -0.15940305532138752 0.019534397902044913 0.9870208309489883 12.730444372953773
0.9866656565623471 -0.014162303549390349 0.16215322155016051 1.3576710062650972 0.01711293456019384 0.9997147299619211 -0.016821546716913195 -0.15701069049134717 -0.16186893475081252 0.019372762075352108 0.9866226269961539 13.076297904129854
0.9865125433443934 -0.015068822924988385 0.16300124878364064 1.3853054168598835 0.017499572909592646 0.9997584554242197 -0.013493461427945514 -0.15452531823237078 -0.16275877630968794 0.01616438658926784 0.9865340148667828 13.24498611570333
0.9865512961734728 -0.01791363788758426 0.16247807814274734 1.4605879537912574 0.01816535352917239 0.9998376512494551 -6.910193707763967e-05 -0.13198968300062694 -0.1624504676572472 0.0030201564230051634 0.9867127214390151 13.662544401926924
0.9865312286260964 -0.021356387480351628 0.16218340102075332 1.5305917577675618 0.019102567432945083 0.9997006469108964 0.015435361595552132 -0.09359620679833044 -0.16246496271078323 -0.012128890596435349 0.9866401925834429 14.053446687598347
0.9865064619800484 -0.022428626438656 0.16218853055911744 1.5580953838786749 0.019000506973196857 0.9995647412047802 0.022647763364592267 -0.07036069862571659 -0.16262662043136014 -0.019260576081014585 0.9864996947441002 14.230229829767612
0.9864155207173574 -0.02381217175583406 0.1625450112945881 1.6304654781081978 0.018044374051990344 0.9991595932624308 0.0368609776228402 -0.02575051298195164 -0.16328633410859447 -0.03342701656018139 0.9860126683465316 14.66547126019135
0.9862748344715794 -0.02775805138956377 0.16277326311771834 1.7069909652750848 0.019580723461951513 0.9984769189533946 0.05162085519246386 0.02585092919563902 -0.16395840193857308 -0.04772483456895618 0.9853124537376916 15.105250459027669
0.9860550866713181 -0.029381490940829504 0.16381772033896488 1.7422172496288797 0.020428697987710288 0.9982205928447215 0.05606234878805558 0.0515340457374711 -0.16517390844341598 -0.05193353087841925 0.9848968136252865 15.33416739770621
0.9854989498463355 -0.031201079593809817 0.16680016850734605 1.818822042475854 0.021926506934124516 0.9981264892189414 0.05715298140291798 0.07977564788339006 -0.168271154001602 -0.05266700319948392 0.984333334946652 15.78426221330144
0.9848183903939033 -0.03241750980895793 0.1705459158784439 1.898202126702678 0.023980054817575935 0.9983972454582672 0.05129766048979937 0.08587271261983981 -0.17193584899245373 -0.046429166244884745 0.9840138697111317 16.220452779143155
0.9846482089651829 -0.03204767182189196 0.17159515606267012 1.9327951422474159 0.024381746970398605 0.9986179334755697 0.04659171408173404 0.08672863772021318 -0.17285182031687854 -0.04169272860702897 0.9840652307264548 16.433836476450445
0.9840879830855775 -0.030907217408174113 0.17498616665499628 2.0107361707919753 0.025227807859599712 0.9990850039327765 0.034582762086695404 0.07526469552781472 -0.1758951824255469 -0.029617944093936012 0.9839635236134601 16.853438329288192
0.9833773202571419 -0.030031533578085374 0.17908240540981052 2.092388339709043 0.02570382004890799 0.9993214798352884 0.026431919185923552 0.06526952618131274 -0.1797554445311959 -0.021389595393046516 0.9834788237539356 17.280444049587853
0.98320479569864 -0.030132392477775473 0.18000822803266103 2.130342467513412 0.026490999480319882 0.9993950332018154 0.022594878878741252 0.06201307421404094 -0.18058139593330372 -0.017446503742434727 0.9834051224616575 17.48145020511908
0.9823190792656835 -0.030536013773989297 0.18471127259407757 2.2160612447364887 0.028021782010824746 0.9994773300925519 0.016203447213373905 0.05100545257916614 -0.18511095682223322 -0.010740455362418482 0.9826586066866301 17.895590136227614
0.9815781918285923 -0.03299880970749871 0.18819539143394173 2.3139394143423515 0.029719016250914408 0.999355525143951 0.02021908630386419 0.06309063412724364 -0.18874318008524266 -0.014251994593037668 0.9819230382790789 18.37350028939292
0.9812490816384534 -0.0339993522420394 0.18972871776080644 2.365795110370394 0.029837282148566034 0.9992508496961122 0.02474548340318903 0.07627005455652071 -0.190430145574615 -0.018618183813831374 0.9815247907014921 18.634710547634167
0.9802984171282499 -0.03496920405917346 0.1944114407477914 2.4757339910722935 0.02962339681701791 0.9991037683536719 0.030331297735944722 0.09861541220452363 -0.19530033521785023 -0.02397210082794454 0.9804516494203288 19.151472103927922
0.9791703587767182 -0.03477527730810168 0.2000488660645671 2.5866313652026824 0.029277187964464463 0.9991122693561608 0.030372541378678758 0.10986279656965237 -0.20093000430220487 -0.023880796291976456 0.9793156246083031 19.644118915155094
0.9788582475815505 -0.03455939159678558 0.20160522435373082 2.641690938537139 0.029088745893893108 0.9991276456586754 0.030033591352708115 0.11535957869669931 -0.2024701559291781 -0.023531920450393443 0.9790066253925586 19.891495373182423
0.9777669613512436 -0.03425455546537458 0.2068818184071683 2.7534933265693295 0.028706044662830273 0.999146230001836 0.029762634413284805 0.12377229715341566 -0.20772753417204487 -0.023160181824650485 0.9779133425210808 20.38461363792932
0.9765207384794915 -0.034158821543924245 0.21270095060392463 2.873938318491761 0.028390317490933594 0.9991439957899811 0.030117075283622657 0.13475429896416702 -0.21355052648552791 -0.023369832948640448 0.9766529457565207 20.89580871237931
0.9761101254941392 -0.03462368501945479 0.2145029664999542 2.933650254533364 0.028778525199348357 0.9991266563411196 0.03031517427567838 0.14171452426154157 -0.21536821239460327 -0.023416373301411806 0.9762524867988899 21.150736994709426
0.9747542342616089 -0.03524851493098094 0.22048338380745258 3.0609556861253675 0.02909774865099431 0.9990939521422699 0.031084611786822945 0.1548074011798316 -0.22138235959273728 -0.02388278250303489 0.9748952007023638 21.670537337909664
0.9734525269552359 -0.035650841316476216 0.22609973070623812 3.1946321449195576 0.029027086667604774 0.9990497108328332 0.032554088914547745 0.16938703062551183 -0.22704887838194415 -0.02512469002460362 0.973560033914256 22.205066096949583
0.9729175227307005 -0.03616212522371377 0.22831137556661288 3.265083370942816 0.02929847491361176 0.9990146962878097 0.033382143190619475 0.1784352677793148 -0.22929697544603714 -0.025786703319758224 0.9730157674112542 22.488703193454462
0.9714834937368584 -0.03672250664019588 0.23425121928106568 3.4083812091321897 0.02934310663600337 0.998961329758307 0.034911777734774226 0.19555644481824486 -0.2352933507953298 -0.02704050000173635 0.9715491286121899 23.03923391038836
0.9700321220678997 -0.03682846952622345 0.24017650061209994 3.5537405150305914 0.029151762282689616 0.9989488039119785 0.03543834715527718 0.20958433125683515 -0.24123274255669272 -0.027372540282845546 0.9700824552687488 23.582265504062423
0.9695038579646234 -0.03699722802480831 0.2422751863623235 3.6279528714634828 0.029226928352662475 0.9989411412996961 0.035589227380934896 0.21734544736638797 -0.24333902361827567 -0.027420768294316847 0.9695548776058118 23.864170709922973
0.9680387548564877 -0.037785037752925334 0.24794540964533104 3.7789804221129497 0.029870309215810194 0.9989214389095805 0.03560675863538181 0.2309365626351979 -0.24902703916451424 -0.027060392377126444 0.9681197991723772 24.415077996479805
0.9666524894008455 -0.03834417610329301 0.2532122295492251 3.9341160217465836 0.030309785104564852 0.9989098072794973 0.03555617318539566 0.24365747182127578 -0.2543031333014877 -0.026693640604732543 0.9667574833646226 24.971602303764485
0.9663295356369075 -0.038659661492886764 0.2543963926145187 4.012149080560093 0.03058854618556062 0.9988999094020907 0.035606553455357355 0.2517201840468642 -0.25549659330630176 -0.0266242539229157 0.9664449778630685 25.258564608799002
0.9652529454368676 -0.03910941636457856 0.25838418743880087 4.166992002683363 0.030791212324884673 0.9988738848434096 0.03616206096901999 0.26813924135895617 -0.25951109692960084 -0.02694757183768965 0.9653656658941356 25.814154615787064
0.9642775319125223 -0.03862487002065339 0.26207248822099516 4.324243659588028 0.030132661760147398 0.9988871243554261 0.03634632086176159 0.2841998316605584 -0.26318840405550165 -0.027148969684831346 0.9643636573888642 26.378628338404056
0.9639282937275512 -0.03868205065184074 0.26334572314358246 4.413940699740446 0.030137346886882636 0.9988845961100188 0.03641034935215438 0.29502354359665894 -0.26446426380142113 -0.02715844416757374 0.9640144873545528 26.68815114931907
0.9626584198898418 -0.039053826585506796 0.2678964138532596 4.581094636133731 0.030220625439102432 0.9988594041448274 0.03701805293280831 0.3143470286873661 -0.2690404959187107 -0.027537893538678075 0.9627364444086337 27.257394989578998
0.961476846498742 -0.0389564620098005 0.27212010525936486 4.753381179979469 0.02980520146783204 0.9988469541654074 0.03768297331548606 0.33399351404817534 -0.2732782509290026 -0.028118866453899306 0.9615251527945061 27.844423733827572
0.9611717471956828 -0.039041374411913236 0.27318420977983915 4.844367384673732 0.029810557593433124 0.9988400509914533 0.037859984965685364 0.34460926004086756 -0.27434936943450045 -0.028244316363154547 0.9612164407984667 28.1559182735502
0.9599235863617913 -0.03878092169386295 0.27757529318236496 5.023506898648602 0.029309042020304776 0.9988422938139779 0.038192928279785036 0.3638443214742888 -0.2787390007957263 -0.028524997815590612 0.9599444211122558 28.756433920170917
0.9584536858616354 -0.03694850753522299 0.2828558235215364 5.208484560506194 0.027304316153878225 0.9989075953885512 0.03796290427202585 0.3817450411827955 -0.2839535445265558 -0.028660646107468216 0.9584110615169684 29.363934759403623
0.9578820185255741 -0.037061506949318465 0.2847699627190347 5.305457190036906 0.02736657815052188 0.9989057530041899 0.03795203445087471 0.3909542584531032 -0.2858692045799862 -0.028558393089510487 0.9578444504234537 29.675465021620955
0.9562216500771223 -0.03766065439795665 0.2902209148829906 5.499652016282469 0.027914650377271248 0.9989023726144157 0.03765115303995536 0.40694000233513733 -0.29132465073131825 -0.027899121789334826 0.9562190886938036 30.283930694690355
0.9545159006347596 -0.03674410140642068 0.29589651560542557 5.693984652331893 0.026988539015528855 0.9989525976876646 0.036989565717123515 0.4207691239725712 -0.29694988280177015 -0.027318934596335758 0.9545038192940488 30.886465667929528
0.9539314076284132 -0.036633769429556214 0.2977895666619225 5.79496332464194 0.026847477225125146 0.9989603415911993 0.03688951269573189 0.42896308774792413 -0.298835500144169 -0.027192905571221532 0.9539189065300059 31.197028726691975
0.9522128801417085 -0.03622622425696845 0.3032899456843006 5.998972038721466 0.026125826050475028 0.9989651492945492 0.037296122734963036 0.44899379137008066 -0.30433117232920404 -0.027587219296619968 0.952168897381342 31.81443165538107
0.9507944480707897 -0.03584474969579251 0.3077545543281321 6.207689232187553 0.024907727062681056 0.9989163391532085 0.03939412462638294 0.47309830944696885 -0.30883765918690453 -0.029786262402074774 0.9506513446071202 32.44069272066215
0.9503156403001518 -0.03606460402597484 0.3092042264671207 6.319619517035369 0.024949970269756268 0.9988982157011332 0.039826718140893405 0.4861791034391634 -0.3103044820368823 -0.030129435585980455 0.9501626680074421 32.77498472866644
0.9483561753101647 -0.04002809826124751 0.314684863602459 6.54214099141285 0.02842655509066073 0.9987428261679645 0.04137196443382152 0.510568069208903 -0.31595005869775605 -0.03028560344969204 0.9482955345687938 33.41117925856492
0.946313762506032 -0.04529236108611629 0.3200731210440503 6.772820135926824 0.03392538526736263 0.9985861101924364 0.041003592143292265 0.5319887572978583 -0.32148250525151967 -0.027939347801002788 0.9465063631606146 34.04828035257618
0.9456090347962816 -0.045831143877252345 0.3220729597850339 6.882067488052745 0.034845186915757505 0.9986032640898188 0.03979553116498858 0.5398786697714679 -0.3234517392975048 -0.026403991797323282 0.9458792627689163 34.359210322551455
0.9433464850405837 -0.0432983470060149 0.3289848979162844 7.094997895553669 0.03369642563642541 0.9988279305987192 0.03483467329734193 0.5517552541444517 -0.3301123804420991 -0.021771395649739084 0.9436937553515403 34.94536036942484
0.9413074232429276 -0.03992262450991471 0.33519361654837954 7.3140315995859995 0.03069541977630408 0.9989941736538991 0.032782429705822555 0.5649308087258055 -0.33616990370998057 -0.020565314679215158 0.9415798856869808 35.54045213340964
0.9407909545277908 -0.03965698375243134 0.3366720463980924 7.423928292483745 0.030392421934631653 0.9990046871747802 0.03274567003565436 0.5735311297852607 -0.33764020636277225 -0.02057027819791248 0.9410537113873376 35.83885698715198
0.9392747061593246 -0.041620642728785955 0.3406454143290423 7.651572545283407 0.03232588502257173 0.9989383353597371 0.0329178926923386 0.5899553131136133 -0.3416585611537643 -0.019902809413849906 0.9396165569297855 36.44245947256228
0.9379810814715297 -0.046995550542158475 0.3434978556040771 7.892483154164126 0.03708686926189867 0.9986885510829479 0.03536330281455383 0.6118776589829383 -0.34471390906600735 -0.020426989046202104 0.9384880132658046 37.069479105593445
0.9372147001874958 -0.050337565837299 0.3451128107763172 8.01648699922584 0.04015293584786468 0.9985255592462892 0.03660076926157548 0.6254859592285436 -0.346450901890868 -0.02044137687871387 0.9378479383731457 37.40032766969341
0.9355417966004705 -0.05304142852950136 0.3492235944239903 8.249510193301619 0.04196141336286889 0.9983519627882563 0.0392219416392249 0.6494661284010463 -0.35073314221372465 -0.02203516173297688 0.9362190783557091 38.004360670033066
0.9341533872250604 -0.05433773894285567 0.3527238228638634 8.484179327927068 0.04182165505660593 0.9982013049508401 0.04301405959473366 0.6773069106481769 -0.35443107292916937 -0.02542618933565795 0.9347389123313272 38.60982067259016
0.9339348250338617 -0.052038563334173726 0.35364882685349525 8.604591070734255 0.03939459997601905 0.9983066795539846 0.04286216888685255 0.6920161482253236 -0.3552846154425216 -0.02609487656676305 0.9343967834450825 38.936482190578076
0.9326123026507765 -0.04798513110333403 0.357690208160781 8.819086750816615 0.03666290449379549 0.998593649139193 0.038371326184198175 0.7025977454634433 -0.3590320245560323 -0.022667922824318426 0.9330531497643386 39.49795573640122
0.9311833231794585 -0.04882919784392956 0.36128029281220625 9.038587912970772 0.03964829168297921 0.9986786545875302 0.03278558378621925 0.704364304716065 -0.3624073534764012 -0.016201316304292692 0.9318824074621224 40.03359426704972
0.9308890785559856 -0.04868909469948951 0.36205733843118765 9.146844511454077 0.039862488750251 0.9987015132135199 0.031812781971645936 0.7100032800380639 -0.3631396395792531 -0.01517797703086079 0.9316146070431889 40.30679370712458
0.9295373600990878 -0.05179576056074825 0.3650871680409074 9.368462987782019 0.043414892303843385 0.9985751424806256 0.03113170543800721 0.7235648514477463 -0.3661829089521953 -0.013084111553802093 0.9304545341515663 40.85112579288619
0.9283394731188548 -0.05374130861271998 0.3678438217841595 9.592349410259233 0.044554152525067794 0.998450991631201 0.033427233176415994 0.7428866186566676 -0.36907398241231637 -0.014638453482492542 0.9292885899264398 41.40397307382733
0.9278335938595602 -0.054297616837904926 0.3690365875671091 9.711775281071555 0.043150136721162566 0.9983339458480525 0.03839786467565533 0.7632270516427114 -0.3705102909213309 -0.01969853094075015 0.9286238797675354 41.70899550521439
0.9265339059689762 -0.05555134616320807 0.37210225721459556 9.947082595672297 0.038800911155942426 0.9978776712860408 0.052357533378001635 0.8125116543514597 -0.3742249021639165 -0.03406873422695268 0.926716197112587 42.29313785774172
0.9259096096729159 -0.050199387169369294 0.37440900291615703 10.16719182583592 0.0306909907984147 0.9978544126371065 0.05788827511597218 0.8520995058978869 -0.37651547514301237 -0.04210395495945283 0.9254567994859281 42.83934824347298
0.9255735062538258 -0.05076077269884032 0.37516268513672735 10.284557304032958 0.03141114475886652 0.9978530235903709 0.05751738331134591 0.8668847359772491 -0.3772809310390511 -0.041447804389350154 0.9251745648477537 43.11484967179427
0.9244333813837694 -0.05472039684460697 0.3774109558613672 10.512522340227811 0.037349714773218516 0.9978883306220067 0.05319673088964743 0.8835956261085034 -0.379528873679577 -0.035076110572582433 0.924518451481849 43.62956061571926
0.9234027380092333 -0.057395333591647474 0.37953172528050755 10.731408715735181 0.0418546664757184 0.997920959329051 0.049077306596041065 0.8999818202504835 -0.3815632416594498 -0.029428381155060253 0.9238779747908705 44.137480099541484
0.9229565112409651 -0.0589126683512703 0.3803837676108943 10.83490667590894 0.043727977915205954 0.9978714821972755 0.04844448901674295 0.9113333721914493 -0.3824318594053997 -0.028074177168660393 0.9235611119732626 44.387292092570455
0.9216824037137168 -0.059283029386811084 0.38340351950727264 11.034524324975733 0.04466110442929961 0.9979020858391444 0.04693465591150883 0.9277469612045728 -0.38538544814654047 -0.026130968313336785 0.9223896514930695 44.854288924517675
0.9210303703074818 -0.05188676189405914 0.38603428566203934 11.223247580407946 0.03659277629820874 0.9982337352106099 0.04686520136734719 0.9509701893439363 -0.38778820779465056 -0.029033743204853028 0.9212953326853701 45.321800131718064
0.9210667472754931 -0.04923523560001185 0.3862952418197775 11.321865363291584 0.03395530528889538 0.9983540727626811 0.04628192359961498 0.963290430942446 -0.3879422516196022 -0.029507502929631495 0.9212155914739582 45.56762033725552
0.9212419185352632 -0.04494749825795542 0.38640086713551386 11.506189962737661 0.02941780147127831 0.9985106418119174 0.04601206667447324 0.9851240043391066 -0.3878977217844608 -0.031016774739504 0.921184855586914 46.02318819155958
0.920795828542943 -0.0452477367520234 0.3874293055361051 11.695446408040622 0.029463055057799316 0.998483075006855 0.04658569388579196 1.0079246924465148 -0.3889535914580731 -0.031476766703488035 0.9207241004098075 46.46884285854907
0.9204379396966176 -0.04700181977001536 0.3880701381539794 11.794141206265078 0.03133266482707266 0.9984247228369152 0.04660812585456396 1.0201793477951338 -0.3896536996856434 -0.030736374995032935 0.9204530497048332 46.70563697534066
0.9195898895423872 -0.05029144179834596 0.38966462536344687 11.986130186259707 0.034489721185823226 0.9982810607217801 0.04744503008016855 1.0432856561918329 -0.3913850389878717 -0.030186562345637564 0.9197364134053929 47.15380154927379
0.9193497352537339 -0.049982141574405343 0.3902709369530801 12.169576651538064 0.03382579166088233 0.9982692051624107 0.04816375314336419 1.0666331166326306 -0.39200705530453667 -0.031074063879936067 0.9194418784694762 47.593629194317394
0.9192137163325973 -0.05029383788282456 0.39055120408748156 12.268233230530365 0.033724051105725454 0.9982231768800606 0.04917188589284685 1.0812397146555868 -0.39233483441810635 -0.03202442782105518 0.9192693293190053 47.829524801405626
0.918451538262849 -0.04952132744362926 0.3924374793146589 12.455335525582962 0.03112720042194559 0.9981060544132121 0.05309864820666341 1.1114414512650361 -0.3943280163279023 -0.03654912586500017 0.9182463668955262 48.268989848231264
0.9177023361363015 -0.043789686118611115 0.39486432677190736 12.636820192032113 0.022809920553918415 0.9980773815984164 0.05767009395574529 1.1420368364842137 -0.3966348610753822 -0.04391322373850446 0.9169295257319701 48.69368748805299
0.9175878780296701 -0.04483348042153481 0.3950130021746754 12.744828405875271 0.02369449885237949 0.9980237576994634 0.05823182047044414 1.1586616260295486 -0.3968476082022344 -0.044069444459451546 0.9168297819909562 48.93678980029912
0.9174759380697156 -0.04517732848014083 0.39523394650746785 12.919089933516808 0.024136803580823155 0.9980239567690541 0.058047310719626564 1.1818743846320001 -0.3970800254625855 -0.04371380827687206 0.9167461115739473 49.34006357080836
0.9173966226396731 -0.04470093774726218 0.39547075966945505 13.09833728370213 0.02435743114932327 0.9981175652960538 0.056314951270228425 1.2008340946300808 -0.3972486763855047 -0.0420268275541406 0.9167517501766042 49.75371874477642
0.9172473490652508 -0.045325805524819525 0.39574484695687007 13.190907782399362 0.02585362903155582 0.9981854577745376 0.05440226254957201 1.2093678713557925 -0.3974980590158848 -0.039664885932397795 0.9167487255230274 49.969423827021515
0.9170727993977441 -0.04417545591855215 0.3962785375311795 13.369561300107401 0.025872568233179034 0.9983428343147075 0.05141643494704812 1.224537069815831 -0.3978990133741789 -0.03689599126495367 0.9166901831032013 50.381717675408055
0.9173799694846124 -0.038451900544023115 0.39616397940272857 13.540552713384907 0.02032335330498035 0.9985501531954701 0.04985801116002011 1.2446829637693115 -0.3975125000337366 -0.037683429705531755 0.9168258763725066 50.807188348378844
0.9173663027599104 -0.03781863599677854 0.3962575448853052 13.627623859667986 0.01976299779094011 0.9985770160921373 0.049550394536799415 1.2549277845222058 -0.39757299180457817 -0.03762095368100005 0.9168024334819069 51.01807290783851
0.917266915996913 -0.03759460821675548 0.3965091506993671 13.797865919919758 0.01953875224957242 0.9985851064924326 0.04947906594736054 1.2742645411860334 -0.39781346855856825 -0.037634580117097 0.9166976690813922 51.41682877586682
0.9172047590112832 -0.03754278157123959 0.3966574407568427 13.972335940255014 0.01926331845299111 0.9985658675383683 0.04996897760175767 1.2969991586283514 -0.39796986944821683 -0.038187280489707105 0.9166068902880968 51.828284556868894
0.9172457120222196 -0.03759230374577927 0.39655916620236625 14.063274054687422 0.019032337013131992 0.9985365022528325 0.050635414716852345 1.310826250851598 -0.39788786341948096 -0.03889392505501855 0.9166128295603825 52.04525609376823
0.9170027343524851 -0.04155104597086752 0.3967260896106667 14.24972280177942 0.02134255971380687 0.9982468936442633 0.055219731705215144 1.3449154468673232 -0.39833059425269146 -0.04216546118720255 0.9162759355355482 52.48001133043461
0.9168275098664345 -0.04240872159776167 0.3970402075175177 14.430138582146311 0.02077157276314045 0.9980638528077043 0.0586404750288593 1.3763837210674867 -0.39876398221684345 -0.04551203723366826 0.9159273479729149 52.90711294590253
0.9167765900846335 -0.04131951816140818 0.39727222520117916 14.514293642160272 0.019761908129240075 0.9981097116171631 0.058207254958384747 1.3886212549476562 -0.3989320106115705 -0.04550820356307951 0.9158543754318768 53.115646193272966
0.9164310313680364 -0.037563219904761205 0.39843885912202326 14.676927107888476 0.016987060415570264 0.9983395881271568 0.05504814910287684 1.4038025575660331 -0.39985135745462763 -0.04367542372046185 0.915542055095815 53.50079385880194
0.9163863155990257 -0.0335624659625826 0.39889888813134466 14.832777403688386 0.01415765659513954 0.9985736194782476 0.051493600473857606 1.4161075179050049 -0.40006422168276434 -0.04153630313137386 0.9155486590781109 53.87774518040772
0.9164288945858838 -0.032403073991851924 0.3988965823742641 14.903596536382727 0.013283341067854068 0.9986308919662635 0.05060411545510511 1.4234770583208392 -0.39999659113405156 -0.04107188652942895 0.9155989067698002 54.05565313049445
0.9164643613222172 -0.031177440520905132 0.3989108822997746 15.05459310685891 0.012485301116946967 0.99870254176631 0.049373314299648245 1.4374489667381913 -0.3999397516296242 -0.04026343851037352 0.9156592643218627 54.40585375555326
0.9162919662842853 -0.03311991929793665 0.39915152757042055 15.210300426772061 0.016365852432388143 0.9988392492595305 0.04531166813820457 1.4464364522664757 -0.400195760575938 -0.034981092386695195 0.9157646253785325 54.74981994515799
0.9163879572422662 -0.033573346275989804 0.3988917743984374 15.28116903620366 0.017792937208088735 0.9989078228153534 0.04320194222156397 1.4510528275069594 -0.39991403544917375 -0.03248675773339107 0.9159794886351167 54.920383681095245
0.9165205431593745 -0.03508008273642826 0.39845725640924 15.423605361979197 0.020242259170881086 0.9989381158320576 0.04138911441792709 1.4625037119227913 -0.3994934831417217 -0.02986276110077285 0.9162523846768782 55.255100948114695
0.9167887299283846 -0.03614053565575427 0.39774430079659473 15.56833810501447 0.02073819917894977 0.9988609163880116 0.04296384094386816 1.4810233610679042 -0.3988512780984334 -0.031135286276550277 0.9164895557208868 55.5990249869544
0.916886533815647 -0.03594651488538816 0.39753580444626435 15.63872655452764 0.02022796094889774 0.998840471483528 0.04366934161275065 1.4917720577870803 -0.39865209995230605 -0.031993304157584224 0.9165465820976453 55.775393287591186
0.9171040603672589 -0.03522950721088845 0.39709925661388673 15.77519412694906 0.019016310719750993 0.9988190763946571 0.044698622014788095 1.5101142985091454 -0.398212075637555 -0.03343688093001669 0.9166867645493043 56.10403152022349
0.9172887769698951 -0.03231655931462983 0.3969205598966492 15.907617400625963 0.015886317789555463 0.9988775491934447 0.04461777215452594 1.5276110507940417 -0.39792385985782786 -0.03461668768476289 0.9167683770590924 56.42856974578765
0.9172696353455688 -0.03194198223320346 0.3969949266781642 15.968652119051457 0.015525854818524015 0.9988882738446805 0.04450232602385654 1.5349821834568624 -0.3979822270003103 -0.03465176024213515 0.9167416670397321 56.579613072017985
0.9175114979520753 -0.030973247696423404 0.39651284005435783 16.08890148326503 0.014523246852497987 0.9989067828336513 0.044427536424229544 1.549291622525639 -0.39746224167775007 -0.03499915910597637 0.9169540674515322 56.87412539146513
0.9178756065431585 -0.032004916934255064 0.3955872819245515 16.20356721443604 0.015789193026679398 0.9988985153878475 0.04418471429747025 1.5612370960202193 -0.3965723063999904 -0.034305127597375494 0.9173656144036788 57.15316400821548
0.9178928909969845 -0.03196573157708196 0.39555159185623573 16.254558478453344 0.015783982082659905 0.9989026716699455 0.0441002961976642 1.5669846492675528 -0.3965334099716578 -0.034231099621272736 0.9173854602715463 57.28381476929098
0.9178582362032383 -0.03218614160989979 0.3956154574601311 16.361340430455556 0.015887241733459845 0.9988876205168129 0.04440935633575055 1.5797008842293725 -0.39661072155364646 -0.03447141072809815 0.9173431972920926 57.53830885127573
0.9179194219612123 -0.03217848511399868 0.3954748239211233 16.459142639419863 0.015869500647602282 0.9988866049230432 0.04444360328549207 1.5905198923983104 -0.39647043258185766 -0.03451489966119876 0.917402190092691 57.77600720859559
0.9179620138543689 -0.03197267399597186 0.39539173380827186 16.499547190516342 0.01573787049585518 0.998897612096732 0.044238155413477295 1.5944352391161383 -0.39637618892565313 -0.03438133576105558 0.9174477011454941 57.882483266655434
0.918151923491858 -0.032021337127492486 0.39494654814695257 16.583836958072666 0.016125270496632805 0.9989237199584133 0.04350513588876402 1.6011879088112726 -0.39592039110229627 -0.03357073272167654 0.9176745163139651 58.08944181703662
0.9180777323912748 -0.031717361686757435 0.3951437426898085 16.66189076016862 0.015968318679603122 0.9989445843896222 0.04308422803661464 1.6077215394122293 -0.3960988372977784 -0.03323989381218976 0.9176097296098908 58.269476740866004
0.9180013107873409 -0.03145933346898556 0.3953415085723538 16.688408218377297 0.0157728658132196 0.9989567455288355 0.042869475778019896 1.6107638555975687 -0.3962835482072546 -0.0331134800304611 0.9175346484054772 58.33193081883097
0.9180157477630168 -0.031072417617959612 0.39533830699898964 16.750043647225894 0.015424330944044157 0.9989691922163945 0.04270215625436086 1.61720904570623 -0.3962636768953525 -0.03309839428442746 0.9175435847712883 58.47969318666054
0.918373101770537 -0.030814839256798746 0.39452686178064483 16.805785611969753 0.015137568650176188 0.9989696293864558 0.042791834818995324 1.6232817968705373 -0.3954451517510772 -0.03332158577093355 0.9178884547818768 58.621379431855644
0.918421690306712 -0.030680810490183032 0.3944239600901232 16.8293183625764 0.015007173716699492 0.9989727297353537 0.042765658303307856 1.6262005465215035 -0.3953369999575544 -0.03335258517028756 0.9179340345603486 58.6819043255228
0.9183856872340169 -0.03049618877438276 0.3945230904284645 16.873879927355603 0.014948247585918582 0.9989881122956342 0.04242667211890766 1.629686018120916 -0.395423782550163 -0.033061730785749165 0.9179073602104952 58.7906744786275
0.9182940148563897 -0.030063597195887103 0.39476963275371807 16.913691166380087 0.015016504011054177 0.9990403183660216 0.041153860312142854 1.6312678205783595 -0.3956339658857783 -0.03185824655027756 0.9178591139417029 58.88718197022652
0.9182693148423108 -0.029924708318500057 0.394836625399736 16.931268103451004 0.01494866842160433 0.9990492879391831 0.04095536544484836 1.6335656326310057 -0.3956929678966737 -0.03170057975433724 0.9178389393301083 58.93312231385793
0.9183266333736888 -0.029873800182404226 0.3947069652474475 16.956566957256648 0.014913731475908966 0.9990511680233236 0.040919472459197505 1.6368443212419062 -0.3955611189385956 -0.031685628717859536 0.917896253696458 58.99678208961955
0.9183091036459615 -0.0297259841904743 0.39475825846727414 16.982732952627895 0.014759853880311959 0.9990542792379888 0.04089998970753303 1.640132680941182 -0.39560701527898756 -0.03172689532728265 0.917875065151425 59.0604436002624
0.9182570496878444 -0.029579680975967616 0.39489111091895257 16.996929215754083 0.01464743191902916 0.9990611119231451 0.04077916272663601 1.6421840588168815 -0.39573264495950855 -0.03165635035803272 0.9178234406929652 59.09453705403993
0.918186334525988 -0.029459377719801536 0.39506425764628594 17.01657015949405 0.014644165991412276 0.9990737240450561 0.04046866569147715 1.644216152792406 -0.39589670423625395 -0.03136701408258712 0.9177626078451105 59.141746885962775
0.9183386307633575 -0.029049850827017 0.3947397344247973 17.032535524228468 0.014633056626140286 0.9991130232378812 0.03948964238946772 1.6453025769483285 -0.3955432949644613 -0.03048297668622909 0.917944690153821 59.18382683127147
0.9183317374856084 -0.028903955921709124 0.39476508569682395 17.043899632173193 0.01458238417003925 0.999123501002885 0.03923778136651245 1.6472113082579376 -0.39555996850413305 -0.03027081865211327 0.9179444269415117 59.21195210692685
0.918326639170751 -0.0288005717970901 0.3947846682272215 17.06183888566748 0.014602004288527062 0.9991354460491132 0.0389290521157249 1.6492708119324173 -0.39557108158724874 -0.02997927556890388 0.917949199981477 59.254722156136125
0.918227603514375 -0.028711731333276216 0.39502156076913236 17.07818541044394 0.014639090763277527 0.9991477534643234 0.03859910315424851 1.651348951471126 -0.39579962873389135 -0.029654513131326637 0.917861113590236 59.29308332245458
0.9182001721454089 -0.02857217561467602 0.39509566034433913 17.095494168871696 0.014610162926613613 0.9991595536982425 0.0383071732092678 1.6530019083962082 -0.3958643383135049 -0.029396123949676032 0.9178414327362696 59.33264165277307
0.9182463948345421 -0.028489438362770195 0.39499481631404354 17.10427172929661 0.014778557280736475 0.99917987276003 0.0377160379840051 1.6539463417039928 -0.39575151155216065 -0.028790069292926993 0.9179095111473697 59.35390395341336
0.9182014000449032 -0.02839768982539772 0.3951058946407148 17.1209036806028 0.014800865284516282 0.9991904431855431 0.03742425608622956 1.6560867674776514 -0.39585507926847996 -0.028509918686788698 0.9178735689141317 59.391854687543606
0.9181271856702811 -0.028283869821690406 0.39528645142654273 17.13412748435249 0.01474758513437005 0.9991977068867403 0.03724683656068781 1.6584728439562273 -0.3960292165987429 -0.028362480639542418 0.9178030787811031 59.421821894505925
0.9180647513657828 -0.02813800246911679 0.39544224486445184 17.151134639997025 0.01470001201057436 0.9992084680124569 0.0369768916217083 1.660643475575802 -0.39617603437074456 -0.028128887205773025 0.9177469331358785 59.46116416137756
0.918098672185183 -0.028085925561099876 0.39536755611356117 17.169534918857277 0.014819827257707918 0.9992217496006208 0.03657308445625005 1.6624427470716023 -0.39609328329535376 -0.027713502501741188 0.9177953831061764 59.5060244603502
0.9180771527504754 -0.02798677718367741 0.3954238245035408 17.18313553507751 0.01478748922031424 0.9992286004686091 0.03639446048571738 1.6645026942777454 -0.3961437714675847 -0.02756055257228627 0.9177781956078364 59.53832424965491
0.918020083719122 -0.027906420503193623 0.39556247324904203 17.203802649795428 0.014782757426218056 0.9992360234350448 0.03619273599859678 1.6668290572159876 -0.39627681103954865 -0.027373065782739448 0.9177265863407706 59.58670055322094
0.91795868693547 -0.027809410746875804 0.3957123789749936 17.22532159887514 0.014761329670962525 0.9992438124752995 0.035986211977217325 1.669208852740851 -0.39642044639040747 -0.027187672849117873 0.9176701161142266 59.63727563947177
0.9179332789813096 -0.027725573458413588 0.3957775638965134 17.239424412041675 0.014761876966535328 0.9992516353175894 0.035768939784911656 1.6712538810741042 -0.3964795625792566 -0.026985951496335578 0.9176506560978372 59.67117037106595
0.9179480614371177 -0.027531774555600467 0.3957572286137862 17.2639742912457 0.014766190291067554 0.9992693635659738 0.03527180935875817 1.6730573444774455 -0.39644547776872013 -0.026528708250678906 0.9176788014336229 59.731958342501215
0.9179012761260652 -0.02735780431333341 0.3958783791643751 17.291989000511848 0.014722209621966192 0.9992820857305961 0.0349265716684454 1.675367947845202 -0.3965560474528671 -0.026225620308076257 0.917639821126444 59.799248071790494
0.9178612347594189 -0.027294330461526736 0.3959754721941388 17.309363965921243 0.014709012524358056 0.999287171274702 0.03478988476458813 1.6777774302297255 -0.3966489208934132 -0.026102632715348458 0.9176031354868351 59.841260190555
0.9179005596943643 -0.0274253649297429 0.3958749058787274 17.344113583367058 0.014849498606154036 0.9992845427885928 0.03480272330330051 1.6813792247414974 -0.39655241001279 -0.026061673969522442 0.9176460469141973 59.92565368380346
0.9178986536236243 -0.02752966870964177 0.3958724598447529 17.382832887255837 0.014938881753129149 0.9992812621646819 0.03485867046206457 1.6853045622841303 -0.39655377550536675 -0.02607769018165405 0.9176451105262158 60.018703979292255
0.9178563355446415 -0.027435368151006577 0.3959771800866229 17.40218833282799 0.014860850938527213 0.9992849212195614 0.034793695250132775 1.6876582288584472 -0.39665466942735944 -0.026046184424085614 0.91760240150706 60.066066496487146
0.9178591336844744 -0.02711335234455785 0.3959926369572828 17.451498975154045 0.014555023320427048 0.9992928245714294 0.03468876504158439 1.691470811121627 -0.39665935224740306 -0.026070732147269376 0.9175994496198058 60.183164058736835
0.917947450927372 -0.026727777271380062 0.39581458987367757 17.49097488174401 0.014221244785117297 0.9993039193338684 0.03450229105711357 1.694564573652499 -0.39646753495018994 -0.02603735070838785 0.9176833356387628 60.281250024532014
0.9179585566583078 -0.026521902914079076 0.39580205301999855 17.51245594944133 0.014052465833962318 0.9993106383749402 0.03437576723608405 1.6970223559561526 -0.39644727438505545 -0.02598854239528791 0.9176933694490187 60.333766586694374
0.9181598383622865 -0.026438914033179245 0.3953408393718487 17.564089608678337 0.013951978448896202 0.9993103538587181 0.03443177706221443 1.7012071492711816 -0.3959847710223724 -0.02609333549839391 0.9178900659659749 60.46122333392938
0.918294710571948 -0.02722297412137812 0.39497462215394075 17.623145955402705 0.014782656449428246 0.9992956758600615 0.0345105582615042 1.7059498371722694 -0.39564217186484574 -0.025847308248057373 0.918044844899242 60.6044727056544
0.9182520414656672 -0.027281231037306935 0.3950699447664986 17.649969748794007 0.014933503065017055 0.9993009249320286 0.03430067510793378 1.7079222877117153 -0.3957355725791013 -0.025592278857669067 0.9180118519144267 60.67180389749622
0.9183349838699517 -0.027064550088409633 0.3948925987451524 17.709713588962778 0.014906008433446982 0.9993177500283924 0.033828971160356866 1.7108587051198287 -0.39554445243986586 -0.02517569214548488 0.9181057967401387 60.81996702418422
0.9186074997134474 -0.026512205553592946 0.39429597523621057 17.768583568396867 0.014536260083884459 0.9993399453424073 0.033332908844975195 1.713300923718486 -0.39492507806480626 -0.024883805260391308 0.9183805631385478 60.973306750236475
0.9186640256085494 -0.026196859832201522 0.39418677436152666 17.797390241245683 0.014267080187497411 0.9993494770231693 0.03316760865716744 1.7151198367042517 -0.39480471156597746 -0.024841807896424883 0.9184335763965884 61.0491576551055
0.9189017972383186 -0.023916723068606267 0.39377806237559365 17.864329967436017 0.011985587039250423 0.9993935170127192 0.03273319562903727 1.7212264860435944 -0.39432755025588045 -0.025354696289638736 0.918624681312924 61.22701211263055
0.9190106757519376 -0.02326984885457905 0.39356338716139766 17.934651003656253 0.011327516124209444 0.9994042689091865 0.03264229602636156 1.7271489545160104 -0.3940938319096168 -0.025536373985153876 0.9187199435639659 61.40399704129066
0.9190836466587508 -0.023452623621159314 0.39338101792309027 17.968676539098013 0.011468332458137763 0.9993973352026201 0.032791662039472314 1.730683498148123 -0.3939185586897606 -0.02562249052582289 0.9187926318767266 61.49073692204254
0.919436557031623 -0.024445612408942868 0.3924959051493051 18.04899697338482 0.012390098156929761 0.9993723783377157 0.033221606900631424 1.7376947568273822 -0.3930674021087429 -0.02567766047922228 0.9191557995838664 61.68902079781621
0.9194041222088402 -0.027537302706756722 0.392366507157962 18.13572704954747 0.015619060355644277 0.9993161891966872 0.03353871908309696 1.7462002369351781 -0.3930275305247516 -0.024703041409156665 0.9191992709681525 61.900237517883646
0.9194187278697468 -0.02798196465937083 0.3923013259267671 18.17072652680927 0.01602324486327215 0.999303397558543 0.03372789838325954 1.7503514135491116 -0.3929776034378456 -0.024719976252189538 0.9192199980060773 61.99290805096914
0.9198817288322251 -0.031076349483150648 0.3909812492026738 18.25618750473525 0.019023832267870706 0.9992187635312496 0.034665001944518006 1.760009937920957 -0.3917589499577652 -0.024445618275529015 0.919747379439288 62.2080332337178
0.9201938903448441 -0.03204079260169964 0.3901691443967167 18.35299812518011 0.02002240703416024 0.9991939804246182 0.034833836531466565 1.7671335361070661 -0.39097655635192585 -0.024237468302778255 0.9200858539873351 62.438460352895994
0.9201799408022789 -0.031981283149845253 0.39020657579896395 18.39077795216549 0.01999106658125671 0.9991972963199132 0.03475341870965083 1.7701551823143067 -0.39101068817742807 -0.02417453173571904 0.9200730250147579 62.53168024143261
0.920215961771606 -0.03176893108381107 0.39013898911728884 18.4790812147974 0.019876404358839292 0.9992087505220286 0.034484704158793664 1.7760835560029897 -0.39093178058488853 -0.023974667958837723 0.9201115140613906 62.745038600598775
0.9204222700612108 -0.030691706417420743 0.3897376748517616 18.57147423600532 0.018877334521773148 0.9992407915829832 0.03411030108589957 1.7829746633258452 -0.3904949640897628 -0.024034394424499637 0.9202953200314351 62.979061006238744
0.9204768225723943 -0.030192136483616797 0.3896471805981252 18.612747601046394 0.01847591535862422 0.9992594408508443 0.033784471618277766 1.7855784080499046 -0.39038502253348234 -0.023894545130905363 0.9203455250606207 63.08782609121414
0.9206223823417459 -0.02872298960872231 0.3894141245966912 18.70213754087884 0.017471786841634158 0.9993228029823125 0.032406820377428876 1.7896866922211954 -0.39008811238167507 -0.023026475292864015 0.9204934656299542 63.31065909685622
0.9208207320642837 -0.02569037908152525 0.3891574709919801 18.781310156286356 0.01650218286182745 0.9995014562753162 0.026937844547339104 1.7842799805256315 -0.389662508137851 -0.018378701002404838 0.9207781786497284 63.509235095111734
0.9209616511582149 -0.02433719560734442 0.3889100025788262 18.820033696775706 0.01679599356454884 0.9995997043757058 0.02278206126741704 1.780406793941823 -0.38931598081071633 -0.014444845345979429 0.9209946861434993 63.608770087408985
0.9207389905754336 -0.023412490886611806 0.38949272515301175 18.907133595433972 0.01781591714300803 0.9996798284990125 0.017978469026236336 1.7746027663093917 -0.38979640919805275 -0.009609608709777985 0.9208542796477709 63.81310500767828
0.9205538483920962 -0.02596750990450587 0.3897685247282768 19.01637749037542 0.018645641153761848 0.9995715175046744 0.022560627609526297 1.79086807469117 -0.39019489629547804 -0.013496321377498368 0.9206365994065524 64.07206818232316
0.9209910201820699 -0.028157121721757564 0.38858184324864853 19.049193449520793 0.017887918171728637 0.999389185626433 0.0300234520823799 1.8099101049655058 -0.3891974205334027 -0.020695934109079613 0.9209249577522657 64.17179112885395
0.9222695781093383 -0.033495995749110705 0.3851110382866731 19.142493798554376 0.01678990300830389 0.9987698107180382 0.046664986147666204 1.8559955047738914 -0.38620774411829545 -0.036566925796398184 0.9216901233702246 64.41760556472802
0.9225328701356947 -0.036934891997300295 0.38416478834037404 19.241865038230728 0.016782797555930498 0.9983080583861472 0.05568195049292284 1.89181874347393 -0.38557868329480843 -0.044916101661720526 0.9215844597870455 64.66275818618215
0.9224426321825053 -0.036657390240290064 0.38440758016338805 19.29131617657361 0.016481885320161965 0.9983148757902515 0.05565227853035398 1.9026669455293663 -0.3858069138892374 -0.04499542367399374 0.9214850428219084 64.79134756300382
0.9228792727173404 -0.03436668876466072 0.3835700703031299 19.385564376729025 0.016624282003742358 0.9986372340416941 0.04947971176674912 1.9014428112764516 -0.38475529037560974 -0.039282212207611904 0.922185382640713 65.02980408486926
0.9229285094165262 -0.034413871025747896 0.38344785776002355 19.488032534157774 0.019529381004594632 0.9988999356819755 0.04264718589780653 1.896668413057514 -0.3845009701404538 -0.03186691549469725 0.9225775724395723 65.27122432896927
0.9228964335243387 -0.03401786013499753 0.3835611189253677 19.544698076544417 0.019665350141495144 0.9989547141092402 0.041282078267296816 1.8998276043642688 -0.38457167730426406 -0.03055151038175415 0.9225927546156057 65.40648909129693
0.922716612047754 -0.034164781176578854 0.3839803851063971 19.65921912064524 0.019610089633357957 0.9989361883438505 0.04175921057236729 1.9145247772748533 -0.3850057343289179 -0.03099749743043632 0.9223967753147001 65.67831796377197
0.9234910854211075 -0.03798159503571586 0.38175464787178714 19.782019394817738 0.018309913797143276 0.9983177204985915 0.05503491605795964 1.9579337337615061 -0.38320931247399026 -0.04382970058580866 0.9226247866124329 65.99204724364618
0.9237689450159853 -0.04011192017305145 0.38086470042872445 19.834742641295527 0.017185959377281505 0.9978408486199958 0.0634100015000996 1.987397993199954 -0.3825923124152629 -0.0520259120292707 0.9224555628213349 66.14021714402955
0.9237288696261087 -0.04185705847416581 0.3807745351722257 19.956883710184474 0.01723764810929889 0.9975482447007332 0.06784182369874504 2.0197795531370915 -0.38268706503094474 -0.05609962641230331 0.9221773098037495 66.44829353375283
0.9233367711567397 -0.03589487116887411 0.38233090503320255 20.058494667818138 0.017569490120010335 0.9985288422243768 0.05131795788235444 2.004634069845753 -0.38361685869818923 -0.0406624010197443 0.9226008439528209 66.70074856605524
0.9227187157731129 -0.031231062959044056 0.3842279036309714 20.09610540337101 0.016699329781056503 0.9990166662944991 0.04110193017232831 1.9917704855059646 -0.3851401453586758 -0.031505194031459634 0.9223242572599256 66.80346410468385
0.922443211123423 -0.027700333307460925 0.38515974153620625 20.202316907569998 0.018899529365397134 0.9994682736223782 0.026619490629800388 1.971626052916107 -0.38569876580975604 -0.01727176812464814 0.922467266589727 67.0524292419883
0.9227108976457805 -0.02854700954742945 0.38445619886085036 20.344894382629366 0.01788884283603711 0.9993523621723438 0.03127345356128106 1.9910587540637708 -0.38510653818071566 -0.021974973671133255 0.9226149158629985 67.409971376249
0.9228329543193924 -0.03060127840247123 0.3840050633466531 20.41365251729962 0.017690992532580538 0.9991556276045866 0.037110144503317656 2.00957214112826 -0.38482327973969416 -0.027449346598660725 0.9225858341535338 67.58690053309047
0.9229628181200553 -0.035998624886545934 0.38322387200358754 20.556663567181463 0.020905997372830793 0.9988365078829171 0.04347861974983709 2.0387864281096397 -0.38434995184473375 -0.0321137569722877 0.9226323639505147 67.93446269379109
0.9230569794633015 -0.03547604363937871 0.38304576172169763 20.682938382530747 0.020496924159708545 0.9988605528410425 0.04311880993082711 2.050842567037635 -0.3841457761803469 -0.03194614201568172 0.9227232990467046 68.25321411993419
0.9231124444171408 -0.03537418456393536 0.3829219677933737 20.74637142043406 0.020636296142761537 0.9988827918794936 0.042530496195653134 2.0564008516676657 -0.3840056829271605 -0.03135464247275128 0.9228019856072102 68.41798855157477
0.9233072807133977 -0.03633824097439658 0.3823606923660783 20.87825717162761 0.021799743416702592 0.9988678553383975 0.04229114256251191 2.0696117196170647 -0.38347167993540476 -0.03070867300145886 0.92304560006544 68.74849145916465
0.9237016193269733 -0.036041203509410265 0.38143483060945593 21.015844747064598 0.021426235055748994 0.9988670405872049 0.04249787320199577 2.085417619975032 -0.38254156715186977 -0.03107887069859213 0.9234190144279322 69.10189626369605
0.9237921415024183 -0.03580250451907918 0.38123770469177765 21.08384020164508 0.021140944989220832 0.9988694352775213 0.042581727685078515 2.0943057008546053 -0.38233865419277274 -0.03127295043610965 0.9234965828174776 69.28165060777216
0.9241712523203868 -0.03511606955681017 0.3803816160490097 21.235174848657678 0.020176477117457358 0.9988629148855702 0.04319646749297039 2.113624843722172 -0.38147348713262186 -0.032242210883153204 0.9238209444227946 69.6594497504782
0.9251470861933744 -0.03429164250093433 0.37807745930951353 21.373212673782845 0.020390981775975394 0.9989628755633894 0.04071396119853875 2.1235017864642156 -0.37908896290344063 -0.02995304685771714 0.9248789167989405 70.01128240414774
0.9256202246846158 -0.03419198450655061 0.3769264201060117 21.441797131720143 0.020887042247667305 0.9990078895356217 0.03933466903304606 2.1279642626931654 -0.37790476619784924 -0.028532229609397605 0.925408293875769 70.1943276616189
0.9271894830555207 -0.033767282886723524 0.37308748300379907 21.577762837632267 0.02136096155766362 0.9990742702851767 0.03734246456716078 2.1363090936772102 -0.37401042150702263 -0.0266503727200216 0.9270449554876219 70.55198315020368
0.9284446629225108 -0.03410587294171527 0.3699209708799312 21.71818139779434 0.021863586117856323 0.9990669132338885 0.03724225382921367 2.1479869146113284 -0.37085345382846857 -0.026485985993268686 0.9283168697268419 70.921892579258
0.928886277756669 -0.03504614953265265 0.36872394996506935 21.78742419337782 0.02337414570882482 0.9990754722220272 0.0360795663452197 2.152169856519745 -0.36965492937376776 -0.024891730187005492 0.9288389064247493 71.11392696318676
0.9307248564474159 -0.03263874560215637 0.36428100094477056 21.918341599120026 0.02238787282969556 0.999226285384325 0.03233300130575005 2.156174258755291 -0.365062345117497 -0.021934028503210044 0.9307276402365736 71.48146163858188
0.9328089442362293 -0.03078705111505964 0.3590735132640233 22.053496372846787 0.020581944215186845 0.9992689605162537 0.03221398166667956 2.167042267645905 -0.35981099922953586 -0.022655657343505494 0.9327529445167021 71.86901134424345
