1.0 0.0 0.0 0.0 0.0 1.0 0.0 0.0 0.0 0.0 1.0 0.0
0.9999849796295166 -0.00020419061183929443 -0.00550311803817749 -0.008671557530760765 0.00020560622215270996 0.9999997615814209 0.00028658658266067505 -0.0033132219687104225 0.005503028631210327 -0.00028767436742782593 0.999984860420227 0.3875175714492798
0.99987333495175 0.000988391907589925 -0.01589247854401188 -0.03778232294763416 -0.0009925726505652932 0.9999990310508027 -0.00024773770539132656 -0.007822929996491201 0.015892243773239667 0.00026370592736435494 0.9998735384538153 1.114237048474153
0.9995803607921736 0.0010273329858344765 -0.028949101655157496 -0.07612086157609503 -0.0010077709630261242 0.9999985229908412 0.0006986699449558583 -0.009254313723880175 0.028949473504003752 -0.0006687695974406747 0.9995800454278301 1.889828049222178
0.9994335716736338 0.001100208212213471 -0.03364236927757468 -0.09756684984062527 -0.0010505978524802185 0.9999976783384804 0.0014994528828369317 -0.009090647008227079 0.03364366341132676 -0.0014627715963400185 0.9994322350748382 2.2626805329458413
0.999020996721599 0.0007257855423938029 -0.044247785125693564 -0.14523591444461487 -0.000628806386828906 0.9999968563243524 0.0022141954730646937 -0.00922118743036612 0.044249287389507196 -0.002183923212875871 0.9990178142352966 2.9784229277409544
0.9984286979369825 0.0001920409171588745 -0.05604813296337828 -0.20064966207866475 -5.790637264432386e-05 0.9999966074939334 0.0024007159949145096 -0.010391705538109332 0.0560483786235105 -0.002393428686442073 0.998424942722018 3.698155457184379
0.9982600376288541 0.00025760180178673953 -0.05897894237336424 -0.2259087530723026 -0.00010179018745307009 0.9999959441926279 0.0026512591935397376 -0.010852619175000083 0.05897941318702317 -0.0026403616472044774 0.9982555765316541 3.9722178267302586
0.9976267919707801 -0.0010376552158436127 -0.06885827545204665 -0.28720424131559474 0.0011426591127935602 0.9999978606467976 0.0014921299944952817 -0.014017087149334195 0.06885674244767045 -0.0015671406458281675 0.9976255256345989 4.637112586849807
0.9968478674767575 -0.001639801519049811 -0.07932938529091532 -0.36070816269424205 0.001711378977608584 0.9999976924556419 0.0008386741810149032 -0.016726426173175855 0.07932767573047274 -0.0009717142152020377 0.996848079503989 5.357488220443322
0.9964840605971353 -0.0019116161371418008 -0.08377937729881876 -0.39785550188577457 0.0020233520822039524 0.9999970467227645 0.0012577274234971273 -0.01698872391176002 0.0837768902731372 -0.0014229655925014559 0.996483850517061 5.697705328079715
0.9955159573609416 -0.002899331007346872 -0.09456762494115768 -0.48233289801462514 0.0030844764503471663 0.9999935358270572 0.0018191786744642601 -0.016406076603549057 0.09456200490502427 -0.0021031963058166002 0.9955171418063014 6.424149398833383
0.9944807555590143 -0.0028719180356513085 -0.10489719779795602 -0.5802263810706437 0.0031196895511750125 0.999992736469178 0.0022053962823822635 -0.016190073752137043 0.10489056172724717 -0.0025211393814469204 0.9944810673152379 7.1839837320630044
0.9941180532409154 -0.003066176517460344 -0.10827499001282953 -0.619999683802705 0.00339493053439221 0.9999900855236128 0.002858420729232602 -0.014584811722401034 0.10826552096177221 -0.0032097246033274815 0.9941173968064363 7.475876772561357
0.9929324084625346 -0.0027005043438100263 -0.11866310033631439 -0.7209393822871327 0.00320037508839939 0.9999867349146347 0.004028285140692063 -0.01124738301617691 0.11865089713668993 -0.004380202796454275 0.9929266616346125 8.161834764393245
0.9915378711147903 -0.0022308323705623333 -0.12980902097700375 -0.8224431425019272 0.0029546160804431723 0.9999810270562549 0.005389352477842842 -0.006782603630208539 0.129794752253325 -0.005728029727386674 0.9915244550522834 8.79281905909894
0.9910222013808238 -0.001797901608210052 -0.13369148297604697 -0.8665288812043025 0.0026064923806834884 0.9999789636897582 0.005877671129272513 -0.006101046120743644 0.13367773220738488 -0.0061736085934018204 0.991005218022423 9.048734814980312
0.9895628360115429 -0.0017378271173637575 -0.14409660629233792 -0.9746903611442717 0.0025913874601225513 0.9999796350673632 0.005739380287599622 -0.005531506839031804 0.14408323214776894 -0.006053381840534769 0.9895465268897127 9.67375290223103
0.9879131111733732 -0.0015136276604497318 -0.15500531594494277 -1.110571868804604 0.0021979295801508206 0.9999878997557109 0.004246385250401659 -0.008083163327787501 0.15499611854894324 -0.004535707037726094 0.9879034955893274 10.43427249625788
0.9872717009977647 -0.0014021244479540907 -0.1590370968018891 -1.1532936381339052 0.0021383982786490137 0.9999869476523846 0.004460563497076686 -0.009912755059312217 0.15902746222194722 -0.004743390737526474 0.9872612922743453 10.655999028941773
0.9856109751166363 -0.0017104172070760706 -0.16902231019331027 -1.2934980776730374 0.002399665467980258 0.9999887352406407 0.0038755510739336735 -0.011688489577904972 0.16901272667968031 -0.004225217360777462 0.9856036416132774 11.386231314674603
0.9836882469828467 -0.001618355256434746 -0.17987485091250813 -1.4325974249960385 0.0022782503036944584 0.99999061451056 0.003464316489623659 -0.013522806522157153 0.1798664781856562 -0.0038177244761953624 0.9836825350973967 12.054657848226935
0.983073934629851 -0.0012612560287926895 -0.18320757338346155 -1.477941312512224 0.0020129379684931032 0.9999897644529326 0.003920447059904085 -0.01328839593259897 0.18319998952834254 -0.0042229602420924975 0.9830659417253838 12.24922124467328
0.980751121132126 0.0006543552266072713 -0.19526411862587656 -1.6413472588610927 0.0003423811396755742 0.999986570980178 0.005073659737496035 -0.009524529341851731 0.19526405885317707 -0.005042909423302017 0.9807372117847609 12.96790997134336
0.9780668868406122 0.0015338592433292416 -0.20828968227208877 -1.809503620295214 -0.0002118120116384686 0.9999790869525957 0.006372158761937471 -0.004624836277624084 0.20829435398805846 -0.006188182187589944 0.9780459644706944 13.667408127359487
0.9769436956731854 0.0018891389699308178 -0.2134925223121808 -1.8800385768848136 -0.0004230208641367957 0.9999754107561897 0.0069152359238702586 -0.003372974816284711 0.21349948927546883 -0.006665237424608605 0.9769197828397734 13.9408511638782
0.9742138422810983 0.003399570776695182 -0.22560536659748057 -2.057131063861007 -0.0016414028787385222 0.9999663079940623 0.007982246410266498 0.0019440445407460853 0.2256241032513377 -0.007405925659903257 0.9741859539770377 14.60883359142116
0.9717307502396134 0.003144810827313728 -0.23607499716497213 -2.2456286951110074 -0.0012184621839620613 0.9999638957819766 0.00830700926642684 0.00614404264521856 0.23609173061194014 -0.0077841926041443375 0.9716988742367286 15.309918465438864
0.9705930471937004 0.0031880429605544176 -0.2407072584789587 -2.3066169473948657 -0.0011419535472997659 0.9999609764763618 0.008640656889344157 0.006599523856990193 0.24072428034345392 -0.008111098956870968 0.9705584105779835 15.51779203663298
0.9677543861199314 0.003317173167718037 -0.25187591765841283 -2.487444941834706 -0.001021005986053897 0.9999554953412876 0.00924823626324786 0.010546725451915304 0.251894089232878 -0.008691938049048161 0.9677142498442514 16.13698484490973
0.9649463623205425 0.0034738801408338484 -0.26242564767145976 -2.6793741638014166 -0.0010011217827449273 0.9999526599777512 0.009557020913418346 0.015324388660181695 0.2624451598496426 -0.00895828833176933 0.9649038526758124 16.773290618276462
0.9636770748549369 0.002777647529398168 -0.26705687447206194 -2.760453770519651 -0.0001765373051004559 0.9999509262364289 0.009764960242912084 0.016234152876119512 0.267069706088544 -0.009361897922459008 0.9636301370232018 17.032028186505737
0.960824966425562 0.0018262246693738291 -0.2771514796499244 -2.9673243842640913 0.0008813683280710475 0.9999518711431015 0.009645940762558753 0.019547770068576144 0.27715458352190536 -0.009511443063747925 0.960776876400695 17.688066847921476
0.9578808434771681 0.001353554066921773 -0.2871648293004049 -3.171176807824967 0.0013465841413743214 0.9999557759523902 0.009206371203014582 0.02170340988004843 0.2871634314143686 -0.009204260297739861 0.9578363436177455 18.312003455250743
0.9563803361014325 0.00031492381269029743 -0.29212588150775626 -3.2752521574090703 0.002460922630354612 0.9999543893579605 0.009136611034041044 0.022446816323335006 0.2921143787920903 -0.009455846472294329 0.9563356078534492 18.627827762874222
0.9533720639143061 -0.0004770453313186774 -0.3017992855829503 -3.5011537673086206 0.0031370679720376634 0.9999595938249233 0.008330606529254343 0.02222528867780971 0.3017822092129908 -0.008887839978920013 0.9533347868106042 19.29038979265862
0.950300222775201 -0.001358157924802413 -0.31133485561140395 -3.7267779963378906 0.003966056011303976 0.9999616087475125 0.007744776413930387 0.023689831612380703 0.31131161710698907 -0.008593807318124529 0.9502689551098981 19.93191771058128
0.9490192438165761 -0.002083365068696472 -0.3152144775771213 -3.8344994313662646 0.004769274072626801 0.9999578737593386 0.007750917888062369 0.024397325320859163 0.3151844585468075 -0.00885831421471536 0.9489888042053856 20.229743608894225
0.946160610350853 -0.0033790374802785063 -0.3236830389159693 -4.05459095611057 0.005995423818313085 0.9999563970296677 0.007087642143977579 0.025269274674655992 0.32364461245617115 -0.008646341388640476 0.9461393726994248 20.83498919456926
0.943368582163198 -0.003872870731982695 -0.3317264059286961 -4.291850313041451 0.006465361275799511 0.999955832145722 0.006713409443640852 0.027295650723116016 0.3316851785778655 -0.00847734589958342 0.9433517916524441 21.472651700187242
0.9418315110619809 -0.004405085271041854 -0.33605981631875304 -4.393284157918506 0.007194143024964484 0.9999485676632939 0.007056271174639197 0.02856692870965374 0.3360108396385792 -0.009062961511842419 0.9418142183514286 21.731087738039225
0.9379972661654652 -0.004570392418620696 -0.34661636575627963 -4.636362624251472 0.007603759459312457 0.9999430638494117 0.00739357922689277 0.03205672864993488 0.34656237164829773 -0.00957011978356207 0.9379778778196777 22.34142141991897
0.9340760273509007 -0.004234550848722853 -0.3570527687652275 -4.88714364596111 0.007218610662182443 0.9999485934579062 0.007026776138893691 0.032799038768403385 0.3570041868721909 -0.00914029148206554 0.934057816518789 22.947259787512067
0.9322112397491568 -0.004495242735483812 -0.3618907784766253 -4.999898884704038 0.007385517186775351 0.9999505673903389 0.006605143182199954 0.03103492875502767 0.3618428143431743 -0.008829691106476195 0.9321974513943997 23.208573918458303
0.9284703028735488 -0.0038160207452417856 -0.3713903602318326 -5.254457047249073 0.0059387004934570034 0.9999715835231171 0.004573519060984093 0.02636862611783914 0.37136163281396256 -0.006451240328653265 0.9284651735130606 23.78987990527349
0.9247468246965995 -0.002602713039047745 -0.38057762828592084 -5.5239261539789934 0.004308458909879998 0.9999837460317393 0.003631765440635805 0.02341763432042818 0.3805612401846923 -0.0049973228456775785 0.9247413368861287 24.393390493173428
0.9227455988703691 -0.002607968216126686 -0.38540481803836957 -5.653318346400726 0.004335560423816977 0.9999839273466764 0.0036151926668727104 0.021107963986339774 0.3853885606076924 -0.005006012424422729 0.9227402124027774 24.677329096751794
0.9186352705482708 -0.002696967458247228 -0.39510092458628265 -5.961154857888878 0.003147110327631861 0.9999947885103149 0.0004926239870288651 0.012517246439375785 0.39509658239324735 -0.001695210535375389 0.9186371454428434 25.342595861204398
0.9134176396019472 -0.0036101805947984754 -0.4070110601289084 -6.290920660777974 0.0020401092368208733 0.9999885785567832 -0.004289924375242435 -0.001993055892457102 0.4070210768181751 0.0030889650966281707 0.9134126512881114 26.028541265745805
0.9112365914863092 -0.005949992326652012 -0.41184474322701015 -6.416807994787164 0.0037187249552115774 0.9999735060563363 -0.00621736728386902 -0.009510899747264325 0.411870197133216 0.004134642058509916 0.9112325195125545 26.288463665857357
0.9063938830711078 -0.008066332017974881 -0.42236146115577733 -6.702101450928264 0.004495891234139875 0.9999450905968869 -0.009447295423146256 -0.024495633345452135 0.4224140771988234 0.006664769747254483 0.9063782993531411 26.858023650499778
0.9010592223955723 -0.008970640322714874 -0.4336084109464963 -6.9890962938617935 0.0038368203813831663 0.9999117747034593 -0.012712033979220933 -0.04176821400115169 0.4336838846429636 0.00979118605430691 0.9010123281120942 27.41252267257622
0.8981607346481418 -0.010599527855356774 -0.43954499406473074 -7.142085571668248 0.0050986388139150724 0.9998935444358137 -0.013692606907651301 -0.05142937696805713 0.43964317588661633 0.010057181700420288 0.8981170684313352 27.704805829742632
0.8927874348476602 -0.011978962532249067 -0.45032530249944375 -7.43232585591817 0.005682088532684581 0.9998669535721101 -0.015331109664284534 -0.06848954758294103 0.4504490786602457 0.011128599526349562 0.8927347723794679 28.241573263576157
0.8876097573343663 -0.012603529363742911 -0.460429671774204 -7.723170366521938 0.006443028360924539 0.9998680211852637 -0.01494787091363121 -0.0801673111168716 0.46055709992517674 0.010301499556462331 0.8875719342882739 28.76830796437074
0.8846258980841696 -0.013559169348590078 -0.46610914480404536 -7.859639176302925 0.007754511068018249 0.9998669598251712 -0.014368513850918977 -0.08642593381710756 0.4662418957529513 0.009096485955492215 0.8846118199935794 29.0079512831309
0.8793749883619602 -0.014093890217434079 -0.4759260353932461 -8.168125026116074 0.00837796980869636 0.9998653440564548 -0.014129312784063633 -0.09966227167996324 0.4760611367811952 0.008437722639471004 0.8793730382321138 29.538645667559845
0.8741263869990974 -0.014924109513246173 -0.4854739078661748 -8.464855267739496 0.009183293900597012 0.9998572876837218 -0.014201915545779056 -0.11235895566604895 0.48561665762776396 0.00795620982243366 0.8741369579307708 30.033650331014897
0.8717788050519785 -0.01590171681726417 -0.48964637988997145 -8.598088736231785 0.010251122723615788 0.999846708859302 -0.014219597910884596 -0.12050662363370782 0.4897976382658447 0.007376943694781078 0.871806226227762 30.251929873748427
0.8661678969575207 -0.016299854971122633 -0.49949200614972794 -8.902285122167703 0.010181935273247818 0.9998367721136757 -0.014971112628512218 -0.13671630242208604 0.4996546080308907 0.007881677788249023 0.8661903804481763 30.73985052647971
0.859903611557171 -0.016582272477887475 -0.510191730272056 -9.207419997416956 0.010140753608189957 0.9998305409043271 -0.015404770769034116 -0.15226908946272175 0.5103610177638576 0.008072960052027256 0.859923947529276 31.214746759286335
0.8571721456301921 -0.01742411745864154 -0.5147399942141339 -9.344979103069841 0.011188034024998858 0.999822376715691 -0.015212939214016325 -0.16094249073937134 0.514913936391269 0.007281060161779997 0.8572126179749205 31.425458926995287
0.8513831483103067 -0.01810416758849266 -0.5242365221425277 -9.673025328236207 0.011851420605155264 0.9998139360947985 -0.015280380397245661 -0.17518589549300234 0.5244156680951737 0.006796362306739698 0.8514370414192041 31.923295617791922
0.8459418415069986 -0.018683499388553404 -0.5329527908305746 -9.991974300040647 0.012349824233248504 0.999805561448902 -0.015446954017879091 -0.18879951474387838 0.5331377118016353 0.006485156292038213 0.8460057758070606 32.398343872663744
0.8434506206751113 -0.019316674101459267 -0.5368641193258481 -10.116548656360958 0.013207821492522292 0.999798091224259 -0.015222474891057769 -0.19618720999919073 0.5370496929905715 0.005748375999617769 0.8435331292670378 32.57601342957082
0.8374315823652736 -0.019410797666360634 -0.5462018998285458 -10.43543835597138 0.013616375719489107 0.9998011102649599 -0.014654288797454005 -0.20587656241772173 0.5463776053142751 0.0048344475263824675 0.837526896082214 33.03217026681457
0.831827688567184 -0.020011146838979026 -0.5546777997824687 -10.73234186701913 0.014488570972734717 0.9997935322868112 -0.014341429165817134 -0.21550235648623225 0.5548502458281082 0.0038925766696186375 0.8319438079583791 33.44818556899143
0.8304866364177168 -0.020384075836320202 -0.5566698093962865 -10.857022172912009 0.014745657137403763 0.9997856412031589 -0.01461098666265129 -0.22308692423225937 0.5568480131640128 0.0039256520945542125 0.8306073127220084 33.61888297781054
0.825403992241189 -0.021994050282859934 -0.5641180810847953 -11.19602344724412 0.01586410800173279 0.9997508397649014 -0.015766660304049395 -0.2383406870581497 0.5643239650443636 0.004064715226503176 0.8255452380894701 34.092162264815
0.820506866823665 -0.023103128623129594 -0.5711741839285059 -11.4910271311075 0.01629822358203529 0.9997234861306803 -0.01702456984531964 -0.25268817256364495 0.5714094327909284 0.004659439221526595 0.8206545337906456 34.49323931246285
0.8193855233883437 -0.023707067862951414 -0.5727573704190737 -11.591111220508122 0.016677925289816143 0.9997089822359785 -0.01751966783687841 -0.25966886039403425 0.5730058579701391 0.004802413310403752 0.8195403343654537 34.62437724504699
0.8149522610547585 -0.025215655696888606 -0.5789840980590368 -11.901830866003785 0.017417692421029467 0.999668888767975 -0.01902099122748816 -0.27670433884459156 0.579271678232569 0.005415949339059002 0.8151195072608012 35.04501756090091
0.811581454576961 -0.02517994703164661 -0.583701308084393 -12.213016987243257 0.016892580145959863 0.9996660942980183 -0.019636728754933153 -0.2906941487267624 0.5840002805061919 0.006075910671195225 0.8117335646165301 35.459568631064855
0.8109638980946238 -0.025535795179072833 -0.5845436352130284 -12.33011078606593 0.01746246846476585 0.9996603868192239 -0.019443753686659015 -0.29642884470491776 0.5848408869844747 0.005559913660045338 0.8111319450937667 35.61220744523751
0.8083445427410704 -0.024662497131387757 -0.5881973140254257 -12.642009818649324 0.01736591132317566 0.9996882089284564 -0.01805057556768404 -0.30554024976176486 0.5884583423850694 0.004375650716935312 0.8085186433581012 36.026766460857246
0.806985023019573 -0.023520939035654668 -0.5901074628939359 -12.95271277350463 0.01624924546730867 0.9997141639858648 -0.017626547040911936 -0.3150029026008706 0.5903528451964661 0.004634748355591011 0.807134495371557 36.43406455553109
0.8066890272400349 -0.023332792368829944 -0.5905192117144006 -13.097153865927021 0.015796764438285645 0.9997160623233153 -0.017921915919704736 -0.32203863690154383 0.5907691044789181 0.005128586730330627 0.8068265668716728 36.62086974566879
0.8061771308602158 -0.023184567497975688 -0.5912234800099267 -13.393700456245986 0.016171243407571888 0.9997232241559595 -0.017153487239503242 -0.3314908358819319 0.591457070845105 0.0042675127487986145 0.8063272927152695 37.01757551606639
0.8057489433137948 -0.0215923652992421 -0.5918662154807762 -13.716080710667086 0.01601222844077609 0.9997649472362395 -0.014676041682765512 -0.3383218318036519 0.592044045387522 0.0023475817000654098 0.8059041395559671 37.4487994327484
0.8056141610883933 -0.02140220304131418 -0.5920565283245439 -13.864853164597061 0.01572219133263194 0.9997683468469535 -0.014748471389653715 -0.3445162161260216 0.5922353229269576 0.0025726882394681793 0.8057629045018359 37.64108309007673
0.8049325539082913 -0.02367281652863428 -0.5928962929980396 -14.135536689958856 0.01801861439564483 0.9997187372246479 -0.015455073060328324 -0.35641024396566207 0.5930957096334407 0.0017569684443086834 0.8051317475375583 38.003729234223194
0.8046243903189925 -0.023884538192692626 -0.5933057872543642 -14.414796735154138 0.017551025809442025 0.9997110231655503 -0.016444531199115844 -0.36867752874428567 0.593527341816491 0.0028184798435266613 0.8048103162551971 38.37909336771995
0.8045966561492384 -0.023906624524033943 -0.5933427186857049 -14.554048083932763 0.01746800126163025 0.9997099007104259 -0.01659384639089072 -0.3745501047592187 0.5935675959118776 0.0029871412821667934 0.8047800396044236 38.56538358755338
0.8045961019752864 -0.023211431351246876 -0.5933705628488182 -14.83091341113155 0.017070484604520157 0.9997262057603439 -0.015961928661521223 -0.38250904623193344 0.5935788399980302 0.002715100672168049 0.8047718736887549 38.93819439404852
0.8041271734618021 -0.02452512210152243 -0.5939531603675491 -15.111623814874179 0.018776912598976795 0.9996974730658439 -0.01585956759386149 -0.39212847140910734 0.5941623896371047 0.0016019448357462419 0.8043441983453175 39.31419848294687
0.8039332878209531 -0.02493811129143085 -0.5941991481504023 -15.254872140175998 0.01900331960024236 0.9996873094813028 -0.016246884830346076 -0.3998876673281808 0.5944188396548009 0.0017705611720116416 0.8041552127166065 39.49871283636603
0.8035866417417113 -0.025393883911355535 -0.5946487679873795 -15.508738852154249 0.018465117379393613 0.9996722627225465 -0.017738648797159043 -0.4146420269430359 0.5949046720866734 0.003274961877651323 0.8037915101629459 39.83437936296869
0.8034839838815473 -0.02621325070564055 -0.594752126700556 -15.767542288218067 0.019022490058653925 0.999650608687302 -0.018361934671729946 -0.4274295995076338 0.5950260414215538 0.0034402614817107715 0.8037011414778207 40.181271875957734
0.803389499895509 -0.026350274984188293 -0.5948739944606455 -15.891934531207783 0.019067037389687125 0.9996470136048763 -0.018530774926988323 -0.43406141190190217 0.5951530036881845 0.003544766579498103 0.8036072482384027 40.341271310859774
0.8030043265353095 -0.026080055437425205 -0.5954060835339148 -16.13139427203017 0.018622941632240573 0.9996528583061264 -0.018672214038131883 -0.4446487949595617 0.5956871720559078 0.0039052547468604753 0.8032101050573208 40.653412112998694
0.8026880814618542 -0.02663896026311347 -0.5958079020547017 -16.369266346569812 0.019597384196864097 0.9996413071406473 -0.018293816213077855 -0.4534793418290958 0.5960822166434192 0.0030074807622956713 0.8029209654627769 40.96781262867601
0.802693041117132 -0.026571698157079868 -0.5958044918805656 -16.433840927835405 0.019461394778100063 0.999642924360158 -0.018364295628179064 -0.45651582856941775 0.5960806087631988 0.0031449898034833367 0.802921890245378 41.04756148507655
0.8023076116753074 -0.02686179404982917 -0.5963105893905569 -16.657629808876923 0.018496833644314835 0.999627113373019 -0.02014467261237673 -0.47046915361123876 0.5966303274674115 0.005131526051302112 0.8025035455362304 41.3382154020462
0.801507284473626 -0.028196324243582486 -0.5973243197890207 -16.88028850505564 0.016559858474807093 0.9995521800023511 -0.024964502027194795 -0.49076203856994444 0.5977617093801814 0.010116740877611302 0.8016135506053309 41.62369979610945
0.8013201617845757 -0.02892244298301075 -0.5975403147322002 -16.949064469208015 0.016132165407998857 0.9995129470244625 -0.02674681489705122 -0.49739697716619813 0.5980238626941698 0.011792307449160487 0.8013947926604945 41.708906603402795
0.8009187486481006 -0.029430598339989688 -0.5980537445096045 -17.153795106270195 0.01483854050926614 0.999460966820397 -0.02931384661130359 -0.5142669882473991 0.5985951366690946 0.014602817535384562 0.8009219801720409 41.97349788201814
0.800816525252115 -0.029947693507821692 -0.5981651856995416 -17.354493615950023 0.014893179753978528 0.9994370868544312 -0.03010034090756302 -0.5290589826564961 0.5987311544902464 0.015195010283662217 0.8008098327685638 42.236162016644755
0.8008428344954994 -0.030073898823215324 -0.5981236691769263 -17.41534761104283 0.014902349075082045 0.9994308151060252 -0.030300045569825566 -0.533698683540452 0.5986957371256106 0.01535092772020777 0.800833188720198 42.31925304466917
0.8004955878581637 -0.031212314209298323 -0.5985302187941055 -17.59519091741921 0.015772202634861534 0.9993955574747504 -0.031023868378334835 -0.5467331452760202 0.5991379815823615 0.015392777460978429 0.8005018629172247 42.55726842592099
0.8002771810639088 -0.03389138377968406 -0.5986765176935955 -17.853477070480643 0.019029948489274463 0.9993352550678782 -0.031136111686634278 -0.5619564596626523 0.5993350759777526 0.013523238657464902 0.8003881261029548 42.9001998932839
0.8001945364748384 -0.03265907514014281 -0.5988549086574952 -18.014450639371972 0.01921134897691092 0.999400422735017 -0.028834949116665825 -0.567526544215526 0.5994392717771966 0.01156694554795427 0.8003406315521825 43.10954294324919
0.8002605203922978 -0.029143070404622266 -0.5989483843974192 -18.158685679076708 0.0181249785345478 0.9995382540011667 -0.02441949074650335 -0.5656858965779782 0.599385012182563 0.008684528900749479 0.8004177680193527 43.29013541332868
0.8002783334883454 -0.026911952751208557 -0.599029010798078 -18.195749796001774 0.017614344693120176 0.9996170357397165 -0.021378501620900953 -0.5617192409061319 0.599376471639383 0.0065558271547267385 0.800444396360789 43.332845396050615
0.8002057762076731 -0.02281685289309672 -0.5992959822391795 -18.38457105585794 0.017045594121454757 0.9997383730668172 -0.01530450129931167 -0.5554760807313875 0.5994900636273114 0.002030067073305509 0.8003836573437796 43.575739356949725
0.7996517105770405 -0.020573755400654953 -0.6001162082933785 -18.584576575106862 0.01845699492897143 0.9997836562477562 -0.009683587723900874 -0.5484534971700555 0.6001869217046509 -0.0033344234330285557 0.7998567157062665 43.83547875739995
0.7997059084325713 -0.018780724446251333 -0.6001023552237701 -18.63345786228514 0.018523620008361392 0.9998073351693062 -0.006607340708200375 -0.5440766692198343 0.6001123649166734 -0.005833767790035213 0.7998982346002222 43.89435399518637
0.7996235778608551 -0.016833997443015634 -0.600269543182479 -18.82532957956159 0.01937864424711268 0.9998102639447437 -0.0022269264953850053 -0.5379290372431523 0.6001949911852001 -0.009853399577261775 0.7997967571224638 44.145221712961934
0.7994964347843964 -0.01636286885972799 -0.6004526550630107 -18.99469270367596 0.02046429327701998 0.9997914438474237 7.382878437502648e-07 -0.5357170514956802 0.6003287326122012 -0.012290185892094229 0.7996627651648248 44.36459676345686
0.7995109878598807 -0.016615883380979753 -0.6004258991510695 -19.077799823186265 0.020915427566296246 0.9997820343522269 0.00018067434705793027 -0.5358390185088415 0.6002932776649056 -0.012704267520235226 0.7996826314856759 44.46873599743521
0.7995120929736671 -0.01696877653964218 -0.6004145143058547 -19.2620724365893 0.02132555842951814 0.9997734027729652 0.00013964609106802343 -0.5380943451155428 0.6002770195308043 -0.012917296115631192 0.7996914871077679 44.70779945845558
0.799490570095134 -0.017086128462893087 -0.6004394433912449 -19.455910053884242 0.021009810776800933 0.9997797534131406 -0.0004772413267457794 -0.542736260390037 0.6003161089496636 -0.012234603467138406 0.7996721339858395 44.95721428935543
0.7994546037101411 -0.017686251976867035 -0.600470035482219 -19.520760320966552 0.021176523948385557 0.999775873655999 -0.0012557368206815556 -0.5454721916185945 0.600358372454649 -0.01171344192820588 0.7996486261117318 45.03698723182457
0.7990692085365712 -0.021641164525935102 -0.6008533291308784 -19.727198687014162 0.023145122968134556 0.9997193040966842 -0.005229182341855536 -0.5567771808322031 0.6007986634084912 -0.009729923032085287 0.7993442877630538 45.30939648188856
0.7988514772627199 -0.024954636014816574 -0.6010145660232256 -19.90192840377764 0.023806891397425853 0.9996686112973671 -0.009865720852317642 -0.5698249606369641 0.6010624574257463 -0.006428239500719265 0.7991791980233655 45.541077676073925
0.7987416185833526 -0.026257680734494974 -0.6011046599974903 -19.978806539307662 0.024340670680623858 0.9996400089395432 -0.011325487079217706 -0.5744257811222895 0.6011862343177263 -0.005585587184547961 0.7990916362053404 45.6417028987571
0.7985309202683999 -0.032041721682215 -0.601104053346538 -20.18303422084855 0.029541923635766115 0.9994656817796336 -0.014034305074567627 -0.5850326065406907 0.601232985042974 -0.006551292512962076 0.7990491546191492 45.91688165704994
0.7982796797545472 -0.03607173501786519 -0.6012089696121297 -20.379224474982543 0.03296896672890854 0.999325421216266 -0.016185452815430587 -0.5951940436575466 0.601387778772579 -0.0069007223174506705 0.7989293914502446 46.174390842762
0.7982644794806494 -0.03695837781405701 -0.6011756403888889 -20.4840038160471 0.033302595662498845 0.9992975968843518 -0.01721637758566808 -0.6013545385072206 0.6013902609633948 -0.0062778947007386164 0.7989332898333155 46.30911792520806
0.7984014066096504 -0.037719045921279316 -0.6009463150136866 -20.709166634174608 0.03191795166831417 0.9992844075747516 -0.020318841982392914 -0.6163884989759923 0.6012831006108467 -0.0029588391829086 0.799032510227662 46.605766884699065
0.798586614224065 -0.037565234085935116 -0.6007097704505127 -20.921266941216736 0.031542142020418974 0.999291369608916 -0.02056144498375149 -0.6266182637940615 0.6010568276284198 -0.0025280736916036264 0.7992040955644849 46.885636622037325
0.7986680267132835 -0.03740574434698437 -0.6006112102179421 -20.97622402219008 0.03144646308321156 0.9992967075338529 -0.020422950917908994 -0.6278960979004863 0.6009530858268308 -0.002575938277901624 0.7992813667796659 46.95656973549023
0.799076506937509 -0.036383915578223375 -0.6001307295556564 -21.19345096478728 0.031298613682078674 0.9993314845298242 -0.01891506338266855 -0.6330369424671718 0.600418149898837 -0.003669162967628025 0.7996792298323541 47.24868851215383
0.7993839113142568 -0.03655881843531932 -0.5997106368870507 -21.396866505201533 0.03360762040598847 0.9993053511790138 -0.01612439298603999 -0.6363054334647296 0.5998840107012771 -0.007265946922383773 0.8000553545678148 47.52540558802938
0.7995202621754783 -0.0364217682478154 -0.5995372013905965 -21.46201606300259 0.03387862930334994 0.9993055575465001 -0.015531440450665962 -0.6361778122968994 0.5996869335043284 -0.007894417926361632 0.8001972340260923 47.61229803731553
0.7997929935128837 -0.03674933205840825 -0.5991533301338066 -21.641424476375178 0.03441645555892199 0.9992899636418573 -0.01535337682987547 -0.6409208155902941 0.5992927386679362 -0.008341967186207881 0.8004880020547475 47.8557193815414
0.8004762737861323 -0.036808162820083146 -0.5982367423269794 -21.838199691040145 0.034362119483800434 0.9992895752372651 -0.015508331680862074 -0.648910172341885 0.5983833834792595 -0.008143583862130143 0.8011703375475047 48.122385871561015
0.8006640373084816 -0.03671186231337811 -0.5979908805528531 -21.877296133087846 0.03426482300737651 0.999293226168297 -0.015473827898331259 -0.6490741377547826 0.5981369966620677 -0.008101587311704989 0.8013542935856961 48.17469757860315
0.8020306365516756 -0.03374157278320144 -0.5963323972673876 -22.1133975817129 0.031762459766879254 0.9993999980421355 -0.013832497810586732 -0.6519797783019272 0.5964419512645043 -0.00784765239525945 0.8026193451926782 48.495318954965434
0.8028376787716742 -0.030806861856778115 -0.595404172403996 -22.279908742987573 0.029923941116830676 0.9994871072252424 -0.011369050395600946 -0.6489722718520422 0.5954500360116526 -0.008689469167644636 0.8033465488781264 48.7257891255874
0.803028284470498 -0.030410745891773498 -0.5951676869048328 -22.365348405331556 0.02968926334440147 0.9994977923262186 -0.011016279488042558 -0.6492904717332778 0.5952048379358411 -0.008823731610910542 0.8035265903955939 48.845837700847014
0.8039777289217553 -0.03046373687266191 -0.5938818043045939 -22.56593534493582 0.029756949114373533 0.9994958921444731 -0.010990299606547458 -0.6538354549158966 0.5939184053718928 -0.008836062271076937 0.8044776111582065 49.130761481657004
0.8070175507731774 -0.03058144801760178 -0.5897389570571628 -22.766012448875372 0.02970986188972004 0.9994957466169203 -0.011177638384572636 -0.6608469567836697 0.5897843360822923 -0.008500632239239117 0.8075173044721812 49.41789010794732
0.8073814283548051 -0.030835992194068493 -0.5892274251905997 -22.790187145793013 0.029892603893406592 0.9994885064219448 -0.011349932224655251 -0.6613136067981635 0.5892770263766464 -0.008450152595934323 0.8078880539378794 49.45366567814077
0.8113934447146576 -0.030802926537696028 -0.5836921516964768 -22.940150117922425 0.028943846450048893 0.9995024334228515 -0.012515107072093967 -0.6666671065362686 0.5837883552186411 -0.006740060235327788 0.8118790610460063 49.67260743540219
0.8152827464667398 -0.027127825700800672 -0.5784317665373239 -23.184694150650746 0.023395483611194437 0.9996292492198696 -0.01391001179659089 -0.6741768015359189 0.5785956071414267 -0.002192626602315168 0.8156130267721882 50.01848356842728
0.8156824597984453 -0.02699793749040726 -0.5778743625051613 -23.251024433838243 0.023166669738077565 0.9996331567052164 -0.014005761568003107 -0.6744672006211798 0.5780416347857282 -0.0019638942631158614 0.8160064844017632 50.115321400497194
0.8192322531081867 -0.024540336080214484 -0.5729418644160733 -23.52897715434933 0.01996775446552253 0.9996986978766302 -0.014271783840913748 -0.6841888979700894 0.573120361054301 0.0002507088430437474 0.8194730662484115 50.518053003134014
0.8221478013390092 -0.020829732684181444 -0.5688984098666607 -23.81398434227652 0.015850695434834607 0.9997803463762741 -0.01370333857037111 -0.6922832603508169 0.5690599464789576 0.002248035796231649 0.8222949215918742 50.93578131056921
0.8224575467063537 -0.02062388354742843 -0.5684577460811012 -23.877657653835787 0.015681022486656405 0.9997841268717244 -0.013588993809982913 -0.6922605993338401 0.5686165405680393 0.002262141298023443 0.8226009714326237 51.03194321728815
0.824387213038381 -0.01912714402460922 -0.5657084466399454 -24.17677493987885 0.015044333733071557 0.9998158409806239 -0.011885096126281724 -0.69864403973438 0.5658325146414714 0.001286904213499958 0.824520753251782 51.47879613554953
0.8268339354475113 -0.015449947603598916 -0.5622393302522819 -24.446086226166127 0.012546560426238647 0.9998801099445818 -0.009029276491519361 -0.7019713137062904 0.5623126945494669 0.0004111470959201587 0.8269262579770931 51.88316403532951
0.8270394078900415 -0.014087525714751803 -0.561972684788542 -24.54005605579522 0.011481578729244777 0.9999002543590254 -0.008172547643605572 -0.698930451478671 0.5620330519620367 0.0003063058852424554 0.82711640230619 52.02310295780286
0.8299080814317844 -0.008567348251719719 -0.5578395933905841 -24.812300454867373 0.0065499385435885404 0.9999623860058856 -0.005616893059107878 -0.6996730459646495 0.5578680609793861 0.0010074350636514054 0.8299306478952979 52.437255944106404
0.8334239442245307 -0.003629947747600172 -0.5526275356258307 -25.138231251165852 0.00031738549816232253 0.9999807444591923 -0.006093798715796464 -0.7060702676225755 0.5526408970160486 0.004903344404277572 0.8334064373142891 52.93355051245741
0.8342080295194557 -0.002638942642794608 -0.5514487456152095 -25.259067781053552 -0.0010243813300360133 0.9999789709494548 -0.006339506979917584 -0.7076926967150903 0.5514555376770789 0.005853261267969591 0.8341851455686735 53.11956078937119
0.8380982765303968 -0.0003177446919414332 -0.5455240043600784 -25.602572996438116 -0.0049090274685382115 0.9999546328354209 -0.008128589079764627 -0.7173678401227191 0.5455036145482077 0.009490461856623314 0.838056163464407 53.65866220167229
0.8414068338838551 0.0036987221741809784 -0.5403960510119886 -25.906219818673293 -0.009638842732390376 0.9999202991136744 -0.008168335105616207 -0.7236929616454075 0.5403235440122912 0.012081588551905754 0.8413729973084312 54.14416457070565
0.8419157735803493 0.004900894471298897 -0.5395933122314072 -26.044161084917747 -0.010904493161868076 0.9999090469085121 -0.007936549839925013 -0.7241569621374411 0.539506220954421 0.012566130053162945 0.8418901202335307 54.36382347726485
0.845109959987938 0.008752905623235635 -0.534527441002685 -26.377481070077515 -0.016051574677997556 0.9998305075179008 -0.009010042451183914 -0.7346522281722762 0.5343589951079946 0.01619472616008302 0.8451046392439953 54.89812875377313
0.848761769767167 0.009662582600036943 -0.5286938743459152 -26.72091686610363 -0.01819422528356356 0.9997747035357112 -0.01094083944190722 -0.7506824259473893 0.5284700689129354 0.018905564065057157 0.8487437282626376 55.459239607476036
0.8490476530563418 0.01010906944040641 -0.5282266897172526 -26.797520942987166 -0.01872541229382084 0.9997646660316186 -0.010969482872440706 -0.7523909479035946 0.5279924042843502 0.019205081662225957 0.8490345148091306 55.58636423722954
0.8513096206634767 0.011887399068958924 -0.524536549246796 -27.125174385289466 -0.021106169017009343 0.9997099114960725 -0.011603047210389315 -0.76490605566689 0.5242475363617789 0.02094894163737992 0.8513109855698648 56.121200297094205
0.8540413815457226 0.012412666799119695 -0.5200652708282537 -27.458474273893877 -0.02188908583240028 0.9996875052607981 -0.012089498646976863 -0.7807113489028558 0.5197538432689263 0.02170882620980317 0.8540431646166237 56.68138586038436
0.8542228818862303 0.012767317865602453 -0.5197586500828337 -27.525119561623036 -0.022358647263436917 0.9996759671873021 -0.012194096222824179 -0.7828850266850428 0.5194358315034839 0.022037408530126854 0.8542283990479684 56.79159776821735
0.8557300011186519 0.013561248683455982 -0.5172533004692794 -27.862612719969263 -0.02415265575225486 0.9996140421796817 -0.013753416776076933 -0.7997833234433833 0.5168681827720712 0.024262187118042105 0.8557241112838121 57.35446718669719
0.8564063421005831 0.014187676202145583 -0.5161156812510475 -28.165153277539062 -0.025414262381925016 0.9995693181759715 -0.014696611988179098 -0.8161333551937617 0.5156857816664878 0.025703166476973596 0.8563948594022974 57.85988282395375
0.8565442913794249 0.014267687927972188 -0.5158849074343348 -28.266991613858064 -0.02560247611568799 0.9995621516017931 -0.0148674609066247 -0.8206700673804341 0.5154481049241834 0.025942349371284035 0.8565310057605143 58.03046530184695
0.8569541883402554 0.015992416939556515 -0.5151532721190373 -28.597213862579675 -0.027879742296461993 0.9994940602082477 -0.015352710005094264 -0.8352238844914954 0.5146484059630054 0.02751868410047635 0.8569628263645773 58.57854355650747
0.8578190237028744 0.016672796082237325 -0.5136906177271079 -28.955666076688345 -0.029003082340500193 0.9994520065430509 -0.015996494264877356 -0.853306003424057 0.5131440150285227 0.028620416984738054 0.8578287424972754 59.18073975314168
0.8579245511320299 0.017328558341754438 -0.513493059322258 -29.089708743629995 -0.029865873439482507 0.9994239457419057 -0.016174782212393983 -0.8577670903435862 0.5129186055683617 0.02921210329737895 0.8579438602355172 59.40071213634762
0.8588993991767032 0.01886746341319888 -0.5118064672892488 -29.420068432544944 -0.032268799811940745 0.9993302276831043 -0.017315994114547196 -0.8752340029494204 0.5111385906054278 0.03138729733476313 0.8589288811380744 59.960097541709985
0.8604950540706983 0.01949818785847377 -0.5090953778777809 -29.766645174477446 -0.03314362944580036 0.9992939041637646 -0.01775137190040973 -0.8917997321377288 0.5083913468902326 0.03214758383851219 0.8605295831308254 60.55756892729921
0.8606890798986171 0.019871148349711782 -0.5087530458551227 -29.897644340509597 -0.03356018477450559 0.9992802626714151 -0.017748761539331703 -0.8954805419352986 0.5080357840792036 0.03234914298760368 0.8607321630348127 60.78223423715112
0.861720672008851 0.020555120161052386 -0.5069759045290528 -30.18357413706641 -0.03422764219300777 0.9992587266019498 -0.017666707028674154 -0.9084950198601849 0.506238620741965 0.032575869817919795 0.8617813618903136 61.276748918383156
0.8626567978620582 0.020621305186208857 -0.5053788381135057 -30.492156097623695 -0.03433796451262539 0.9992518142307423 -0.01784397547842784 -0.9259874535373626 0.5046343883179466 0.032746146145594145 0.8627152579235585 61.8161905481527
0.8629515683099633 0.02075166081279676 -0.5048702957100532 -30.63902595873754 -0.03460906275932835 0.999237887456415 -0.018087946666724062 -0.9341806291389837 0.5041118032689945 0.03308175649625537 0.8630077019156934 62.06737517407201
0.8642664637846214 0.020545383513570895 -0.5026245283693542 -30.945169751708082 -0.03456474089325789 0.999230110609604 -0.018593646354336864 -0.9533010145914782 0.5018573540547892 0.033442432513113095 0.8643066916607789 62.60341426904461
0.8648968101655023 0.01814085187217769 -0.5016314388043434 -31.247636599317513 -0.03252955035063596 0.9992719910312026 -0.019953714122110694 -0.9723179590097552 0.5009060525209672 0.03357545859396593 0.8648530200739427 63.133963530644685
0.8650964585863923 0.017832398208149625 -0.5012985373507447 -31.395784243756754 -0.032328398795495726 0.9992727905036652 -0.020247715186145272 -0.981173829596296 0.5005748667336466 0.033721848563906594 0.8650391887102759 63.38818827241636
0.8655616917085046 0.017755783234499348 -0.5004978434347978 -31.679014287308807 -0.03232866738043747 0.9992685259309079 -0.020463620499135318 -0.9981484971203107 0.49977035461762315 0.033892261789374954 0.8654976627846903 63.883335268858936
0.8657961172006245 0.01786233475717653 -0.5000886346653827 -31.979353186628813 -0.03224740144898089 0.9992781396716623 -0.02014126716593112 -1.0124702842489224 0.4993698444870008 0.03356355677046198 0.8657419199289955 64.40953532714829
0.8658623537404955 0.017727533298364743 -0.49997895209097853 -32.124113361614874 -0.032064489248557024 0.9992847090442143 -0.020102290477834912 -1.0195572093767795 0.4992670561369764 0.033436151388259505 0.8658061838525545 64.65926029598154
0.8661321392743312 0.017468214877489993 -0.4995201121355746 -32.39955966523494 -0.03201717636528627 0.9992761904171469 -0.020575503576470252 -1.0368931552419163 0.49880102071128357 0.03381393901196816 0.866059407977918 65.14019181041888
0.8665507432124223 0.017188875561619344 -0.4988036791984514 -32.68286322230701 -0.031829762051779564 0.999276447916355 -0.020865665295010653 -1.0542791497847506 0.4980859371679828 0.033957663916796256 0.8664655276080363 65.63781686939913
0.8667294579534083 0.016487068060339238 -0.4985165944539424 -32.809980937356016 -0.031013157035769574 0.9993018991717989 -0.020875237208293047 -1.0603944931448979 0.4978262468887156 0.03355336882316206 0.866630427309652 65.85920033764293
0.8674044524846642 0.01357850009368761 -0.4974282561041741 -33.107788796906775 -0.027735984183702145 0.9993934117280264 -0.021089974905361537 -1.0770894475694395 0.49684206468112085 0.03208988732390341 0.8672502738788844 66.38686370228974
0.8679830651112107 0.011386724186552958 -0.4964736092627507 -33.36493212705619 -0.025947041524631564 0.9994120988863183 -0.022446379827675497 -1.0957399648892068 0.49592817929475985 0.032364545896043484 0.867763266256383 66.84102400739532
0.8681813998326844 0.011418392646801896 -0.4961257571253967 -33.50384300348871 -0.026121018155788284 0.9994013325597928 -0.022713516945644743 -1.1044174746632072 0.4955713458081699 0.03267849935044957 0.867955236065612 67.08902855813697
0.86874061530326 0.011560431463315826 -0.4951425773905281 -33.76713794879632 -0.026296674330932846 0.999394928473314 -0.022809711378533958 -1.1191200551634648 0.4945812054334841 0.032835679553625464 0.8685140204099594 67.55975634358533
0.8691533006295508 0.01162756597780284 -0.4944168782913755 -34.035974185325635 -0.0263968638274203 0.9993903635936429 -0.02290523460494959 -1.135046898862137 0.4938512297464967 0.032958246345736616 0.868925029354063 68.03779448983435
0.8693315419394076 0.011705523211325152 -0.49410094694334145 -34.166926275949024 -0.026524908440754353 0.9993842628214219 -0.02299725799927396 -1.1426238089078093 0.4935296029417403 0.033097654457602925 0.8691019566946336 68.26882384510068
0.869827535518497 0.01043412055853611 -0.4932565358991863 -34.43667362686162 -0.025098414877959642 0.9994186341595931 -0.02312216249374631 -1.1586473896757694 0.49273055131712473 0.032491361796378786 0.869578441156082 68.75093222883157
0.8703579148239449 0.007545944408003414 -0.4923733398214204 -34.709573675149414 -0.02214765545632225 0.9994718444985111 -0.02383614960887311 -1.1767468831537182 0.49193538102375417 0.03164987562508332 0.8700596845273182 69.2393592605399
0.8704647289456217 0.007185565243106989 -0.49219033475884044 -34.84275046843837 -0.02187231517525748 0.9994716647214132 -0.02409453046239091 -1.1852824827914201 0.49175928151900106 0.03173768200430226 0.8701561018682765 69.4722296011416
0.8709670770245204 0.006717194796771936 -0.4913073149001537 -35.13074538974047 -0.021312477914391385 0.9994826600389961 -0.024120827052202 -1.2026495069463057 0.49089339948381705 0.03147865975515113 0.870654292273143 69.98874493254553
0.8711163659735751 0.00593158277873023 -0.49105121257593876 -35.46845148139082 -0.019622733001306653 0.9995491117654096 -0.02274163823958489 -1.2187331046014527 0.4906977625272716 0.029445473934380226 0.8708355108207566 70.5937604633716
0.8712095509141918 0.00463037140942058 -0.49089926314162413 -35.61011137467544 -0.017968109287161024 0.9995863187878853 -0.022465415123784836 -1.2249724149124337 0.49059510797043 0.02839184657940642 0.8709280636029225 70.84323204624079
0.8714061212688645 0.0003196058694222807 -0.4905719714574499 -35.97569224861408 -0.013501674879368465 0.9996365830886165 -0.02333792611524436 -1.2464016750772209 0.4903892264125773 0.026959535413748525 0.8710896270876008 71.49824412268279
0.8715450390798952 -0.0011315119798974485 -0.49032465670797937 -36.30255227801147 -0.011494148704702854 0.9996759032058689 -0.02274318073570237 -1.2625216392408776 0.49019425233016367 0.02545674425506436 0.8712447036072243 72.08455793357871
0.8716131782123655 -0.00022453214306952774 -0.4902051981554143 -36.461235982125565 -0.011378050605943789 0.9997218278872098 -0.020694124877817775 -1.2665552269462947 0.4900763127943205 0.02361415400438069 0.8713629549165148 72.36558675135659
0.8717124186607454 0.002792947095288583 -0.4900202679063143 -36.7817899296069 -0.011748927418609622 0.9998156966993683 -0.015207332827635957 -1.271201198494212 0.4898905905548233 0.01901302752257634 0.8715796387811575 72.93813329444652
0.8718670565145263 0.004736468068659057 -0.4897301752730511 -37.13674770708742 -0.012242847328471146 0.999851752372282 -0.012130743042497602 -1.278513578377009 0.48960321442972576 0.01657165687088876 0.8717908015356558 73.56947889239386
0.8718621667864788 0.004803958294914352 -0.48973836398952136 -37.281419120386445 -0.0122615303643273 0.9998525534458123 -0.01202586882088045 -1.2821301228334507 0.48961145462379235 0.016489658955096454 0.8717877973589123 73.82406258518424
0.8718113561615334 0.004512234303885753 -0.48983146346938183 -37.55743271818451 -0.01158217224805846 0.9998673992243721 -0.011409414897312412 -1.2871186432419097 0.48971822037645135 0.015620209533318863 0.8717435899703563 74.32064541900334
0.8717402053031617 0.0025613838825990663 -0.4899722401600007 -37.85944089444698 -0.006453088468298312 0.99995910947237 -0.0062596262989380366 -1.2826408371276115 0.4899394428290323 0.00861858756366992 0.871716564731721 74.87450183853186
0.8717461944471765 0.002146322970967184 -0.489964072994292 -37.9936875175506 -0.005481374569433695 0.9999706090027064 -0.0053773271751594845 -1.281609700742537 0.4899411036530574 0.007372994083625485 0.8717271476202769 75.114645761106
0.8718610467984343 0.0016500443024574823 -0.4897608509024402 -38.2537079888558 -0.004993220538976689 0.9999718883628058 -0.005525494780179935 -1.2875029629181294 0.4897409951682221 0.007262933222739772 0.8718399785685057 75.57864678544777
0.8719642971258629 0.002385152021263998 -0.4895736160547031 -38.53773945355558 -0.006712976778469297 0.9999519741777703 -0.007090103844933814 -1.2972712863668336 0.48953647671647965 0.009468739531987416 0.871933467560077 76.07440871689877
0.8720166559854098 0.0026265998222879923 -0.4894788522880572 -38.668015552908166 -0.006957196252813553 0.9999502456520281 -0.007034684902254696 -1.298418811411611 0.48943913416268503 0.00954017280226942 0.8719868526927281 76.3021911301675
0.8720899865890369 0.0038314730736795097 -0.4893409990271689 -38.92620331753092 -0.007389826900896277 0.9999582265460831 -0.005346146579270493 -1.298921950411424 0.4893033056567416 0.00827854269181668 0.8720763510562265 76.75980590256407
0.8721241265573445 0.002710746931000607 -0.4892882139446856 -39.17864628100903 -0.005750385518706382 0.9999720477125179 -0.0047151613376879556 -1.3015427792195042 0.48926503371492996 0.006925779058321984 0.8721096320967152 77.20782653953081
0.8721213494483451 0.0026198754782212094 -0.4892936162395026 -39.295042912193445 -0.0056990358556279295 0.9999718975821952 -0.0048095683252021015 -1.304339240642631 0.48927058773442633 0.006982986500761437 0.8721060909171026 77.40945250560345
0.8719613436691861 0.0018524278054380845 -0.48958179995177065 -39.54931979126518 -0.004397378166980358 0.9999815162387277 -0.004054488523118523 -1.3064891863831651 0.48956877246859415 0.005688336173299613 0.871948090534543 77.85691869517215
0.8719266807485363 0.002548098210716313 -0.4896405178412178 -39.80646033934612 -0.004764428619605753 0.9999822976880053 -0.0032867574826034784 -1.3070765933710873 0.48962696742888573 0.00519904047724771 0.8719182801013584 78.30865912183852
0.8719042666102296 0.002739401183022039 -0.48967929599460297 -39.93052195513791 -0.004861999477481046 0.9999820699942534 -0.0030690479959017544 -1.3068462508749776 0.48966593242177114 0.005057466391156009 0.8718971188722884 78.52440244425752
0.8718730519483949 0.0029068361780633764 -0.48973449665835894 -40.192327931478744 -0.004757895571176769 0.9999846776676674 -0.0025408381440495723 -1.307409070952936 0.4897235216781251 0.00454548212974239 0.8718679755894648 78.98297772590338
0.8716935233949044 0.002133014845098629 -0.4900578891523323 -40.471736357893576 -0.0035131498558520725 0.999991208753994 -0.0019023969983216643 -1.3085333654878915 0.4900535390126111 0.003380085488757823 0.871687841482598 79.47439917725765
0.8716783890740634 0.002564092384712216 -0.4900826058969435 -40.59864477972823 -0.004006337572550776 0.9999890619101631 -0.001899912504792027 -1.3082023904554865 0.49007643472863793 0.003620139499665133 0.8716737461508706 79.69075544345264
0.8716182102230956 0.002839656647454177 -0.4901877257220849 -40.85213755319962 -0.004714267880900902 0.9999841869558811 -0.0025957885411310084 -1.3139437914761556 0.49017658620493826 0.0045743821197037566 0.8716124446645988 80.13366381550628
0.8715394801790495 0.005049965220250003 -0.4903098839980458 -41.12559442458148 -0.007465065387404059 0.9999666532382882 -0.0029765079774749623 -1.3156380655129445 0.4902823257862558 0.006255287170794605 0.8715426103298591 80.61278816332238
0.8714499714820318 0.00722975377172605 -0.4904418842710746 -41.24752811556734 -0.009941687226499768 0.9999451995760883 -0.0029305533527469877 -1.310669570691765 0.49039763439670103 0.007430903775093181 0.8714683701786992 80.82120367897286
0.8714674065794172 0.007987907403816262 -0.49039903922780725 -41.62427032029114 -0.010615281599968673 0.9999386217088301 -0.0025827297071065606 -1.312153917528344 0.49035214082727996 0.007458429969103025 0.8714932414712532 81.48843453957882
0.8714057629853377 0.007988249717749439 -0.49050879154485316 -41.96927180873094 -0.010531125407633977 0.9999397898801577 -0.002430469460178627 -1.3153442658920778 0.49046351782304004 0.00728541937767657 0.8714320707687063 82.09829212017084
0.8713902043194968 0.008587058710253037 -0.49052636481177625 -42.1032881861967 -0.011199480916921611 0.9999329545878607 -0.0023966984493458375 -1.3142703454371125 0.4904765618919707 0.007583707504714129 0.871422273402608 82.33005913798806
0.8713678562414561 0.008721197086516605 -0.49056374623125953 -42.350801564692325 -0.011199293960909242 0.9999338598933166 -0.0021215638452776867 -1.3144580981747493 0.4905165131674168 0.007343896721889395 0.8714021248022392 82.76689627999899
0.871411310257915 0.009520959756558093 -0.4904719158146254 -42.65319653720701 -0.011820388337022007 0.999927483432262 -0.0015958734318138957 -1.31463456861285 0.4904248927195757 0.007189588375538685 0.8714549644310684 83.29919390514134
0.8712925092244586 0.011069221923297227 -0.4906500749897872 -42.81338175115683 -0.013683002990707472 0.9999033181112424 -0.0017449788777570898 -1.3143400226448425 0.4905868250367387 0.008235688276148056 0.8713542149006718 83.57448625012441
0.871269404954375 0.013223704426501745 -0.49063781284972524 -43.09205029723005 -0.016823688418004523 0.9998524865539957 -0.0029323286019205747 -1.3202934771348085 0.49053027846455466 0.010810682680831619 0.8713580573307252 84.05708255209098
0.8712018954022411 0.014276438394288899 -0.4907286193245673 -43.36722269749142 -0.018324595978641903 0.9998248280102895 -0.0034497920560740336 -1.3249367674748098 0.49059724293466106 0.011998778370529038 0.8713055958116646 84.5351935742155
0.8711959836694636 0.014715188236297099 -0.4907263875649704 -43.509374484373396 -0.01877548202269527 0.9998168837039937 -0.00335669673029672 -1.3230854317253806 0.49059089705117975 0.012138830351136675 0.8713073581273784 84.7807532536692
0.8712226577519829 0.014938717706449223 -0.4906726437460008 -43.83507664915459 -0.018826282765776203 0.9998169756236726 -0.002992638189445343 -1.3242023620079924 0.4905420704817111 0.011845586390451879 0.8713390292916973 85.3552532857641
0.8713038467751462 0.015061748237861688 -0.49052456968415603 -44.13755627947497 -0.018952289244569445 0.9998146691542057 -0.0029698466694943536 -1.3276297326285003 0.490392674379075 0.011885137637840668 0.8714224916685371 85.8867584404952
0.8713220724482631 0.015274770206415687 -0.4904858201879501 -44.26803420926817 -0.01921550187820378 0.9998098187596557 -0.0030042831569735556 -1.3281547322318543 0.4903503610816645 0.01204333483686447 0.8714443232301282 86.11306148757517
0.8713561971903928 0.015520246993198915 -0.4904174202329431 -44.55872481504838 -0.019450065599303023 0.9998053776163132 -0.0029223626640159303 -1.3305771157900017 0.4902802871986033 0.01208589856441874 0.8714831039485026 86.62219602453405
0.871425992222848 0.01589243730425262 -0.49028158220178397 -44.84932504244643 -0.019704416188280196 0.9998011942289986 -0.002619338083351921 -1.3315547509960288 0.4901461514081018 0.011944227032171177 0.8715605611647725 87.13172487116668
0.8713970572270964 0.016514806927904455 -0.49031209954614174 -44.95793109688038 -0.020302882501872555 0.9997897576194602 -0.002413245625548502 -1.3300986050539736 0.49017280229859894 0.012058629168092437 0.8715438766621396 87.32363944587446
0.8714214061839606 0.017422785473795412 -0.4902376708826342 -45.25919009423269 -0.021312340954938558 0.9997691548989717 -0.0023579894197411555 -1.3310955327216127 0.4900869686773147 0.012503795327025315 0.8715860383548361 87.85477884009963
0.8714940954921385 0.0177669395950492 -0.4900967363674023 -45.58514571257136 -0.021837696965951715 0.9997572864419747 -0.002594030893245093 -1.3352644467334276 0.4899356005926164 0.012963805908080928 0.8716648075305229 88.43130088212976
0.8715630720068874 0.01800048385213231 -0.48996580664765155 -45.71568425682439 -0.022140385323913447 0.9997508695320588 -0.0026597023641081806 -1.335981876086558 0.4897998989786918 0.013166247588612552 0.8717383646057276 88.65950143674496
0.871610180181688 0.01795911226977998 -0.4898836868082538 -45.99661188593061 -0.022455029291274593 0.9997418154266976 -0.0033068711565535946 -1.3423692363240147 0.4897017272605726 0.013883155640234558 0.871782273385496 89.15457360042129
0.8716285032196432 0.018004293557864367 -0.4898499040442816 -46.316166651041726 -0.022974348498234792 0.9997270397367425 -0.004140616563486562 -1.3501769593714215 0.4896457853283149 0.01486301750321992 0.8717979584865297 89.71606318141644
0.8716366827863599 0.017907686605326857 -0.48983873802141986 -46.42546473224801 -0.022912343054192725 0.9997279776118074 -0.0042280684024505214 -1.3511286239796647 0.4896338908886364 0.014908918992420347 0.8718036805469785 89.90559148908311
0.8715371904895102 0.017567621559370066 -0.49002889391904847 -46.727493094533706 -0.021996754298581122 0.9997526601392498 -0.003285200512474243 -1.3512407994253213 0.4898538552500485 0.013642190721169869 0.8717010676111389 90.43867985005424
0.8715675425287798 0.018485129507127575 -0.4899418793353069 -47.03006569004858 -0.02240634536313501 0.9997472987942748 -0.0021430407148859 -1.3505397377436235 0.48978243259903714 0.012844998936551378 0.8717538758241086 90.96863870512003
0.8716174558205944 0.018622503280869854 -0.4898473135162694 -47.187441360949975 -0.022493975395746543 0.9997452332008807 -0.0020215226781817204 -1.3501652759870797 0.4896888725201747 0.01278025729097446 0.8718070486373284 91.24096048700237
0.8715905662020658 0.018655693252624835 -0.48989400051173876 -47.48059351609014 -0.02254741794173334 0.9997439798710493 -0.0020474133739832533 -1.3524479486493204 0.48973452283690666 0.012829942665002808 0.871780687965445 91.75354833540865
0.8714434931455842 0.018442427265763298 -0.4901636668185681 -47.79848847847235 -0.022265569594573438 0.9997506117933888 -0.0019730240778208074 -1.3541730292416754 0.49000912756195547 0.012632529797599842 0.8716293244687285 92.3085995251102
0.8713432434937378 0.018200897121838474 -0.4903506515512319 -47.96273921760294 -0.02195620943609994 0.9997574925711968 -0.0019108345722746078 -1.355136225789045 0.49020074217167364 0.012431123434229483 0.8715243135767032 92.59152973043102
