1.0 0.0 0.0 0.0 0.0 1.0 0.0 0.0 0.0 0.0 1.0 0.0
1.000000238418579 0.0002543628215789795 -0.00034123659133911133 -0.0028568636626005173 -0.0002544522285461426 1.0000001192092896 0.00027771294116973877 0.0014597258996218443 0.0003415048122406006 -0.00027763843536376953 1.000000238418579 0.04839521646499634
0.9999994230272691 0.0005043788955738648 -0.000797775596828032 -0.005060423975453886 -0.0005040687558723889 0.9999997166125185 0.0006401657114576409 0.004604878282143093 0.0007982052395654193 -0.0006397705423468736 0.999999624250302 0.05354033469696018
0.9999990299690982 0.0007009048113219929 -0.0010166798756759403 -0.006601534931388091 -0.0007000275424711442 0.9999994423828673 0.0011002003049063328 0.008028954364546427 0.0010176160086877043 -0.0010997468271729104 0.9999990358791289 0.08773921366548756
0.9999986358029574 0.0009569944669850029 -0.0012279523255606236 -0.008674519690149556 -0.0009554092516878055 0.9999989423864143 0.0013922917321438418 0.011661515490967108 0.001229374195717512 -0.0013911913780740356 0.9999984996124707 0.11027710390488628
0.9999974240701381 0.0013830463011780725 -0.001688397056843457 -0.011436846878597058 -0.0013801649359047202 0.9999976310602467 0.001828798667089584 0.015550240248890464 0.0016910665532797323 -0.0018264665495671163 0.99999696875846 0.13552337068879738
0.999996800060181 0.001639915060736319 -0.0019883110010224 -0.01360213413987491 -0.0016362726001755005 0.9999970604954315 0.002077853477877606 0.019181360565069864 0.001992091243204043 -0.002074852148113556 0.9999961260763942 0.1602495565746264
0.9999954705622011 0.0019689228084046498 -0.0024452041577847946 -0.01611461041654424 -0.0019633840725712367 0.9999954766041175 0.0025538732492496226 0.023347869446353572 0.002450802283297927 -0.002549439383992492 0.9999941090184283 0.1845173312679154
0.9999950951251664 0.002159667122938698 -0.002639778883916975 -0.01841787189515213 -0.0021533224580537534 0.9999948331623628 0.0027532309582144515 0.02705620740353932 0.0026464930208008287 -0.0027480073445771943 0.9999933623353161 0.20652783748582854
0.9999943475864177 0.002432928877619929 -0.0027892524271181766 -0.020992980935371972 -0.0024254792376512636 0.9999935162796001 0.0031051008378921727 0.03117628681526806 0.00279774341082117 -0.0030991907576443586 0.9999919986863665 0.23441788059632168
0.9999933996991016 0.002664201374953352 -0.0029275220569829202 -0.023419336418944323 -0.002655537949427531 0.9999922183834494 0.0033432586039863635 0.03484737222083373 0.0029372460517599897 -0.0033363960008445104 0.9999908731650404 0.2599338037659329
0.9999913495155691 0.002942769952035011 -0.0032929517384174345 -0.02605011170241666 -0.00293165033568159 0.9999901613886848 0.003703614775669409 0.03905847850117536 0.00330464648251459 -0.0036947547721259636 0.9999885383293895 0.28420599584576967
0.9999901893551902 0.0032343115340994254 -0.003421025530144634 -0.028567699913858872 -0.0032216535755557533 0.9999880780179419 0.003972090072682252 0.0432220018554228 0.0034346435097377826 -0.003961862173231448 0.9999867046775829 0.2980116325548384
0.9999890991016569 0.003406925360992875 -0.0035419314282036387 -0.03070162448133494 -0.003393009182122752 0.999986626431336 0.0041386272911716135 0.04707445472964268 0.003556707152682733 -0.004127147823316549 0.9999856293038761 0.3141472984735046
0.9999887032178972 0.003655224625746081 -0.003649292664644552 -0.033088894758636064 -0.0036407229329455115 0.9999852530188185 0.004353688097748021 0.05124502762643324 0.0036663920358053844 -0.004341587563732485 0.9999845971819576 0.3313077078666119
0.9999867021236707 0.004016908214166082 -0.0038353038681079306 -0.03616952127797559 -0.003999523141967587 0.999981265089558 0.004887586670581738 0.05578503745933193 0.0038560925409172357 -0.004873273375111571 0.9999813545850917 0.35885705921475164
0.9999853753457093 0.004309445676698654 -0.0038747932670101853 -0.038953119492217664 -0.004290575934481202 0.9999787802314263 0.005206420575015213 0.060459066668436985 0.003898399945172677 -0.00519094068748319 0.9999797635844938 0.3739707429327517
0.9999828430403329 0.004755991997001684 -0.0039695568693578695 -0.04256058351205838 -0.004735428016579496 0.9999749551959939 0.005574615390754238 0.06324055532709488 0.003997387661117392 -0.005557048023776121 0.9999772403778975 0.41491009972195625
0.9999811072442223 0.005079835913352587 -0.004048145044695032 -0.0449583421349343 -0.005057220300391857 0.9999708111547375 0.006044730235057054 0.06746474710910526 0.004080388390495303 -0.006025613648594542 0.9999742472990467 0.4189067523761932
0.9999785091796255 0.0053723380647329394 -0.004234503394909391 -0.0470799990907665 -0.005347211793327375 0.999967114783649 0.0063841347039599325 0.07189672596832658 0.004270248636200669 -0.0063627616641448404 0.9999711423748503 0.4327278522636063
0.999975949616001 0.005787722260697926 -0.00436779717430555 -0.04950972436609941 -0.005760288211169016 0.9999625529448428 0.006752666203017634 0.07669422694173118 0.004408450398881893 -0.006728923339931742 0.9999682243739431 0.447016367830728
0.9999739854739521 0.006164414530046457 -0.004453619656996845 -0.051757934840334884 -0.006134978324744696 0.9999579723385419 0.00718177742122428 0.08142586028901688 0.004499816295866424 -0.007156473564877889 0.9999651893689633 0.47221351185494737
0.9999712295799408 0.0065145637645599025 -0.0045610562885531405 -0.05429820551064387 -0.006482623630384319 0.9999530285675706 0.00753976404863869 0.08595586513788694 0.004612037754924705 -0.007512310177249006 0.9999620195700243 0.49389478717122903
0.9999691133901178 0.006826798742791922 -0.004604974932445751 -0.05649321884237391 -0.006792678478758033 0.9999481232920859 0.007939458492085261 0.09087507894939034 0.004661098550161621 -0.007910364357880692 0.999958923718965 0.5180418558639746
0.9999650681239938 0.007309181828531674 -0.004755486642479513 -0.059369164425419445 -0.007270733802026486 0.9999395231174061 0.00855380884951099 0.09613562066562971 0.004819825704660484 -0.008520955004852688 0.9999532913488833 0.5462964991351632
0.9999617307002443 0.007654666618844539 -0.004926126499768688 -0.06199982908148779 -0.0076116708438886465 0.9999317283523196 0.00917509724209971 0.10141327400595597 0.004998181855053125 -0.009139371941740394 0.9999471635841563 0.5743197742953737
0.999956429262185 0.008223089037665554 -0.004986566812521857 -0.06526040955129431 -0.008177079745833907 0.9999230582865883 0.009599219620022336 0.1068416563936528 0.005066886981220961 -0.009559647813215237 0.9999426155771415 0.5950761374617101
0.9999523182593719 0.008576080463546583 -0.00527608143146693 -0.068291069589768 -0.008525462026065076 0.9999164619407906 0.009989715028311096 0.11139057211152831 0.005363275152045746 -0.009945962346985988 0.9999375412171654 0.6229787151426954
0.9999498149191653 0.00889705168090087 -0.005318478928992047 -0.07094326600787797 -0.00884398084941612 0.9999098379467231 0.010404803671877837 0.11614722141612674 0.0054127604281611645 -0.010359107147788501 0.9999334082703769 0.6458906132759917
0.9999459213738183 0.009300330273066664 -0.005397662789111601 -0.07424217464378649 -0.0092453385629437 0.9999039280037028 0.010643117667362423 0.12055080415607299 0.005498521265717876 -0.010594649567222855 0.9999307451436558 0.660567775129606
0.9999377782726244 0.009864723195801015 -0.005868006030665865 -0.0778928318999295 -0.009801762884880931 0.9998933167691043 0.011112016514016727 0.12538471183905253 0.005979276087234876 -0.011055604395202622 0.9999228556042615 0.6865956280435497
0.9999328837290945 0.010151324736319297 -0.006169648556268681 -0.0808325155183993 -0.010081679227023676 0.9998845231846684 0.011640276739866902 0.13030956370364563 0.0062893472667009025 -0.011579028169257571 0.9999150344683055 0.7103959097169468
0.9999259665251078 0.010721195495590424 -0.006314643071653742 -0.08416781269701099 -0.01064716259746428 0.9998739455233498 0.012033423337044036 0.13527120255020933 0.0064450325519980305 -0.011967024783593924 0.9999093832594155 0.735754541555221
0.9999204394396727 0.011019174355802732 -0.006609673680198242 -0.08801531598304849 -0.01093832398892482 0.9998653589570579 0.012449615803684972 0.13799054226307034 0.006747775414876659 -0.012377646275029087 0.9999021523812944 0.7815683704620657
0.9999163092382284 0.010982040092111393 -0.007243645740170506 -0.09012787573419272 -0.010888782692590058 0.9998586696340431 0.013015376151571894 0.14166252533971274 0.007387275159289278 -0.012936688235439635 0.9998904982716988 0.7876055366651408
0.9999128029887275 0.011003239871649736 -0.0076139496813327715 -0.09193703605337428 -0.010903450013901759 0.9998557716296542 0.013202776038208705 0.14472720686681284 0.00775965393559245 -0.013119652752093232 0.9998851965755908 0.8076655777668689
0.9999042503095829 0.011419659039361556 -0.00804217477053808 -0.0943149535224909 -0.01131024771131107 0.999844703389102 0.0136509765306876 0.14870409913046562 0.008198128763681884 -0.013559398595868173 0.9998755395274442 0.8285176859461779
0.9998958465670877 0.011858511670390433 -0.008464322728004313 -0.0970294178317961 -0.01173949395873673 0.9998335826539799 0.014074936867999191 0.15284362874092916 0.008631043177501393 -0.01397464109807856 0.9998661166262978 0.841316696957887
0.9998894835968951 0.012165624174989158 -0.008785717444256264 -0.09922707380476017 -0.012039296389031779 0.9998257165981155 0.014392045036209616 0.15669111408943923 0.00896048668855709 -0.014285344159502618 0.9998590506567977 0.8742876901215785
0.999884385545784 0.012460364834321053 -0.008958153979125477 -0.1015684761030192 -0.012328017699899347 0.9998166815771136 0.014757399786998417 0.1606780317196785 0.00914150011488501 -0.014645832163190953 0.9998521568351408 0.8970292361118909
0.9998803160420872 0.012762357887939264 -0.0090055750412909 -0.10364594789480225 -0.012626451647818763 0.9998082140707109 0.015065503750672692 0.16500649057311487 0.009197225708242631 -0.014950666941858683 0.9998470650150523 0.9196245204380615
0.9998753472416249 0.012997075197420913 -0.009250577725812581 -0.10578690278999749 -0.012856063497390687 0.9998027126206566 0.015246426212217072 0.1687639926657994 0.009448157754373299 -0.015126178722465546 0.9998423702423305 0.9309088174087812
0.9998687598705683 0.01332018933127366 -0.0094573352526093 -0.10816882322221671 -0.0131723389870409 0.9997924544425967 0.015621388400179315 0.17331606261769428 0.009664520464082324 -0.015495054904537293 0.9998343814071317 0.9506851070951716
0.9998626998445371 0.013608238754111877 -0.009667253789998928 -0.1106866368676498 -0.01345408307610997 0.9997839185853061 0.015922479539843663 0.1776670146863544 0.009882851991592155 -0.01579049342669228 0.9998276316328015 0.96399939178253
0.9998573426253562 0.013851785612545886 -0.009853822910638906 -0.11319463073458202 -0.013692710756635293 0.9997775650311389 0.016119605767995475 0.18172033316188146 0.01007590807215327 -0.01598287407508222 0.999822568956193 0.9752360781372343
0.9998501354063681 0.01421145683632184 -0.010032235618867336 -0.11569672762543896 -0.01404381151104 0.9997640888339354 0.01662005461068109 0.18639473145844998 0.010266692910409627 -0.016476840232442353 0.9998124436139831 0.993606078298678
0.9998455879235612 0.014452018091031459 -0.01013326734462888 -0.1181451824102817 -0.014279900267078862 0.999756032234747 0.016869609794921168 0.19095691200348539 0.010375018984127314 -0.01672202634692395 0.9998070428748149 1.0049569964868266
0.999841705671621 0.014654880233272887 -0.010203305607049625 -0.12054885686952292 -0.014479298960597251 0.9997492153335906 0.017094142930729635 0.1950489669474122 0.010451731594396685 -0.016943565096166267 0.9998021868314814 1.0261676289928345
0.9998367654371747 0.01490487331358112 -0.010351727458289314 -0.12332427331542846 -0.01472393578128812 0.999741033485677 0.017358450206147697 0.199510220906042 0.010608243559674574 -0.017203067116312986 0.9997959742481862 1.031588998650491
0.9998338655696702 0.015042700198931537 -0.010399612566511235 -0.1258595605344382 -0.014858927397935663 0.9997360392181068 0.017510792356699053 0.20188970405993015 0.010660486343697661 -0.017353099302775687 0.9997924757823912 1.0792379160911358
0.9998261512540665 0.015437362740414297 -0.01058146285035344 -0.1280820562197878 -0.015246423952842925 0.9997237876542833 0.01788806516072447 0.20604335329767412 0.010855075775795841 -0.017723680982191424 0.9997839765508973 1.0786986782725467
0.9998215515984418 0.015640660677951723 -0.010764196412807485 -0.12988125297496983 -0.01544274198903637 0.9997146333379668 0.018238986088533082 0.2103343111969252 0.011046930983565616 -0.01806969573219784 0.9997756445585538 1.0969448475667323
0.9998150184919652 0.01594142564743213 -0.010966558832807071 -0.13206721495721743 -0.01573755043964096 0.9997060179557531 0.01846827590668392 0.2149215141004758 0.0112584874381289 -0.018292610162674982 0.999769521164516 1.1076532271380553
0.9998122799499263 0.016117837079719588 -0.010991350106577957 -0.13384765234506177 -0.015911070111463695 0.9996992060720811 0.018721221582526447 0.21924649829186454 0.011290905642397178 -0.018543733623024784 0.9997649342757282 1.1295271804932119
0.9998060676996358 0.016333787795042683 -0.011239798551324441 -0.13597360307902223 -0.016118504235711147 0.9996893673219966 0.019057633176478125 0.2235827523667551 0.011548727484704823 -0.01887359414970587 0.99975578350583 1.1489731948305428
0.9998024400176535 0.01650684697604467 -0.011321835574417132 -0.1380783374473995 -0.016287780486026544 0.9996829781764928 0.019237284407934846 0.22788156937551368 0.011636871105015377 -0.01904960931269301 0.9997514363897934 1.161891769285485
0.9997978569060415 0.01668793236358723 -0.011452175768054363 -0.14035687451299797 -0.016464762590311925 0.9996774777944969 0.01936687994538401 0.23185996623787036 0.011772699414716764 -0.019175083076652822 0.9997474068148398 1.1797237399546325
0.9997929132841988 0.016949783794466777 -0.01150208961739717 -0.14279205693232783 -0.016724264029468763 0.9996707950329069 0.019485236683596453 0.2359871899471298 0.011829628605367362 -0.01928937497180779 0.9997445421322447 1.2008739135179136
0.9997894790878807 0.01707990428199215 -0.01158954948282452 -0.1448313751038647 -0.016850143237598144 0.9996651168688621 0.019640782108548322 0.24010796765191675 0.011921770594752504 -0.0194414971521205 0.9997403252482332 1.2211277787399102
0.9997841601833408 0.0173333797255678 -0.01167561432134439 -0.147099843160543 -0.01709676116804655 0.9996527159900268 0.020039151085198104 0.2449242460451615 0.01201926338069129 -0.019834997771571907 0.9997315010923737 1.2409518941308189
0.9997766836906783 0.017615649347198933 -0.011886801495302815 -0.15015979102289273 -0.01737042413296168 0.9996405914294643 0.020386687672887108 0.24973196205584203 0.012241978960115021 -0.020175350346633376 0.9997217703535011 1.269476662211683
0.9997704130611155 0.017875195276650328 -0.012025180756426206 -0.1525246023412236 -0.017622125958793877 0.9996279091716205 0.0207707462884476 0.25445322348358895 0.01239206586438969 -0.020553477377089544 0.9997121143271362 1.2992869116392118
0.999763669257536 0.018247866659586397 -0.012041449050144693 -0.15555947933356776 -0.017989375210145864 0.9996130251807261 0.02118105980905947 0.25983001799367395 0.012423493340097886 -0.02095906243669772 0.9997033938752032 1.3358910823020564
0.9997563993824616 0.018592931170963573 -0.01214144821819494 -0.15812665699497377 -0.018326661929314685 0.9995971486347102 0.021641311204076964 0.26506512090892614 0.012539303070434533 -0.021413006009421115 0.9996924379912889 1.366184490566458
0.9997499767809185 0.018827831139555228 -0.01227682515875745 -0.1606301988345783 -0.018552848084779416 0.9995829838614843 0.0220767536893517 0.26993669492067973 0.012687514817358147 -0.0218424412553971 0.9996808905197567 1.3865772512514987
0.9997384708514315 0.01926862045657017 -0.012509325097526287 -0.16463750142832814 -0.01898024051814401 0.9995609860323672 0.022689524464820796 0.27351619297345847 0.012940970492892674 -0.022444614188751634 0.9996642053573978 1.4351320165494228
0.999730406216422 0.01954164562819869 -0.012691647267927875 -0.1668126954729121 -0.019241062149569173 0.9995424101911407 0.02325802921808178 0.2781089809862021 0.013139972982738711 -0.023005600448938384 0.9996484846412407 1.4419644222348988
0.9997239716624221 0.019830915799471764 -0.012753524259855266 -0.16879069224278306 -0.019525055526727016 0.999530511073058 0.023529356156426852 0.282689708584218 0.01321363657726225 -0.02327169522445663 0.9996413868227715 1.467539880070994
0.9997128652094933 0.020280575856986387 -0.012942399748023003 -0.1710497399597303 -0.019964253284732017 0.9995108130875143 0.024011812516529188 0.28802941584258746 0.013422922862329888 -0.02374479843007149 0.9996277415051497 1.4910370429054012
0.9997023044495824 0.02068798928905165 -0.013110429711783974 -0.1741082407320633 -0.02035868973195758 0.9994867995559836 0.024666017304726028 0.29366301889377266 0.013613883444554609 -0.02439005679267621 0.9996094948152585 1.5271502378870156
0.9996953807008628 0.020912592130112404 -0.013337833671060352 -0.1768280896957623 -0.02056934833307337 0.999467299307033 0.02529182356110409 0.29923730677121035 0.013859797686994031 -0.025008399736809545 0.999591190388232 1.5463867397949607
0.9996838680780922 0.021405882010384836 -0.013400474621066829 -0.18018022894205743 -0.02105582004121641 0.9994476013010614 0.025658388910215917 0.3046682400567241 0.013942374133605035 -0.025366457523864554 0.9995809608426542 1.571207352358783
0.9996723282511907 0.02175558255888525 -0.013711211881977771 -0.18330366382998844 -0.02139064136636297 0.9994277270687641 0.02615755482418882 0.30991977166561757 0.01427266442430502 -0.02585439630678941 0.9995637441362919 1.5967459035790814
0.9996633044742391 0.0220366438444097 -0.013918922077665867 -0.18689048098290897 -0.021659035864183575 0.9994087670131641 0.026653652276547576 0.31556740611228046 0.014498259348013527 -0.02634158018630319 0.9995477938486358 1.6311820398699848
0.9996444880525917 0.022507925482153118 -0.014490284729035054 -0.19100035381239822 -0.022107452482208394 0.9993849106620085 0.027161545474804993 0.32109305760278856 0.015092852938277647 -0.026829800652805748 0.9995258177537767 1.650076698887781
0.9996310186053405 0.022888373806518307 -0.014824560727884432 -0.19467921951389608 -0.02246809687096051 0.9993578642240935 0.027856405509425912 0.32675976168881454 0.015452741011596206 -0.027511400781060832 0.9995018518223613 1.6822895830516942
0.9996144924376569 0.023239139494547333 -0.01538177504640527 -0.19828959669337742 -0.022797590407349456 0.9993403241274867 0.028211159081553767 0.3314881343920585 0.016027280290435566 -0.027848055170376487 0.9994834621028884 1.7049230384066338
0.9995935009309213 0.023708508545232373 -0.016018063557192395 -0.2028951292521732 -0.023236944342780425 0.9993095093896786 0.028930865876714902 0.3369472983820256 0.016692932153922754 -0.028545031607878746 0.9994528198181416 1.7444159885509851
0.9995739598396569 0.024175657684753757 -0.01656029684186661 -0.20754134023632226 -0.023677250019017583 0.9992797258573753 0.029605821148848438 0.34266718572469573 0.017264403150924333 -0.029199684755844047 0.9994244736759637 1.7743623677592364
0.9995580427739272 0.024581992276459512 -0.01695627391043235 -0.21183928496993457 -0.02406520892479217 0.9992591821941903 0.029992967445076908 0.34770839514562446 0.017681504370456968 -0.02957039463231241 0.999406563674565 1.8037423710629177
0.9995485054388867 0.02481261017580282 -0.017181040525436644 -0.21548749048731716 -0.024283751056465533 0.999244905906422 0.030281514842856294 0.3523307018186758 0.017919841169524463 -0.029849015666736117 0.9993939715991411 1.8367228694041766
0.9995358167939863 0.024991808669878636 -0.017667348656006193 -0.2199265996776916 -0.024437701393878745 0.9992235057099248 0.03086806744296725 0.35569212871798994 0.018425628175242837 -0.03042043271677254 0.9993677797800355 1.8865203099541963
0.9995083007903773 0.02540574492837128 -0.018632069027513153 -0.22306196205422654 -0.024803139780424366 0.9991835856693001 0.03186277384052166 0.3599500839374469 0.01942714873716465 -0.031383754736715404 0.9993192859881976 1.8930018059184737
0.9994914879876305 0.02573732956710844 -0.01906911453558441 -0.22570130879819889 -0.02511171208375408 0.9991606968748897 0.03232941313562359 0.3644318036534435 0.019885922241646755 -0.031832652011437104 0.9992960203838915 1.9173533965763114
0.9994913972712803 0.025873955671070523 -0.018895696169745353 -0.2267666716380982 -0.0252518927303237 0.999153806851912 0.032427850493799995 0.36861094634036523 0.019719448358709424 -0.03193283171956149 0.9992960259318528 1.9331968452527575
0.9994749067988342 0.026185076592400817 -0.019311235338126457 -0.22929365807803215 -0.02554456120335154 0.9991383187920911 0.032664555139838125 0.37284007430501215 0.020150276029950835 -0.03215228327635534 0.9992801890357134 1.9509552256109894
0.9994602567480356 0.02656273335337351 -0.01954243004440115 -0.2320311093338308 -0.02590220600601171 0.999109053503317 0.033261912841501415 0.37797302670942723 0.020408743523199168 -0.032735583619803076 0.9992557780329653 1.9784765953426027
0.9994606323108345 0.026783031364218498 -0.019253171846423098 -0.23354195936571376 -0.026128578902349046 0.9990974034953177 0.03344982822416974 0.38276241871935945 0.020132236827200105 -0.03292695389586507 0.9992554189828053 1.9931484801560913
0.9994460736401273 0.02715400295963979 -0.019480652146312442 -0.2363864293046583 -0.02648324830705103 0.9990739707359396 0.033872593504535836 0.38792001096122747 0.020382842236592383 -0.033336207537678825 0.9992368249219568 2.0116858673137537
0.99942895913524 0.027561413719465046 -0.01977289692875432 -0.23930857915970488 -0.026869880567235535 0.9990458563936819 0.0343871542985862 0.3931406117085139 0.020702126951259094 -0.03383439829814486 0.9992132080715641 2.0238323398971167
0.9994206583572252 0.0277765630105631 -0.019886992936177145 -0.2416344190230491 -0.027076748683245038 0.9990332773728805 0.0345839511578127 0.39777000642628685 0.02082859355521101 -0.03402351594317439 0.9992040586501213 2.0429697530686712
0.9994117956411107 0.02806359308489577 -0.019936847937720575 -0.2439648167676664 -0.027357250798924624 0.9990176579063142 0.0348224179350208 0.4026898828420335 0.020894914121680347 -0.03425482723777653 0.9991948130957736 2.0606870334042293
0.9993961583963126 0.028376317272209007 -0.020263127798666902 -0.24698610316192132 -0.027652948654530114 0.9990003749565335 0.0350788560123163 0.40726976233029055 0.021238574236740002 -0.03449570779981422 0.9991791275163676 2.0686542382713533
0.99938726105238 0.028668075512038423 -0.02028759188097402 -0.24934048208436352 -0.027936245238762317 0.9989800935296062 0.035426444891328075 0.4120197279745121 0.021282759420461542 -0.034836143650208436 0.9991663691802501 2.0811463153206633
0.9993728408365214 0.029022466645270126 -0.020488293520741295 -0.2518684020085135 -0.028277877622693914 0.9989611734685026 0.03568686270850178 0.41664286662215 0.02150304120528376 -0.03508364249539697 0.9991528820650307 2.0993318257043576
0.9993581552070872 0.029429132625745216 -0.0206197125607752 -0.2544663092295123 -0.02867419930012183 0.9989405588767604 0.03594652334582446 0.4213617776485601 0.021656040713479326 -0.03533081592649203 0.9991407938771376 2.1124098937272673
0.9993490959801874 0.029679409114256285 -0.02071817512032327 -0.2568686106038837 -0.02891623533097809 0.998925471261702 0.03617619321388973 0.4260148171209561 0.02177012238498921 -0.035552307413473615 0.9991307377927725 2.1226502939337775
0.9993324959983639 0.0300535378446236 -0.020982043013387883 -0.2607223142319453 -0.029275145873899625 0.998905414302259 0.03645317670158867 0.42955708863049613 0.022055403368894902 -0.03581358978373979 0.9991154760319986 2.153401768759519
0.999320164657598 0.03037208832819188 -0.0211074168940941 -0.26234614288893254 -0.02958256430810749 0.9988854466432299 0.036745325232889675 0.4336645675237409 0.022200679234013997 -0.03609488356958203 0.9991019454357823 2.1568562550005526
0.9993096629577927 0.030589928695917912 -0.021297147659422633 -0.2642613988860175 -0.02978559253766435 0.9988666438953043 0.03708640521407829 0.4385235255926044 0.022408226806522585 -0.036425316504041245 0.9990851542628794 2.1721766320886564
0.9992971928537927 0.030922895485707296 -0.02139574439786008 -0.26595254327400436 -0.03010671697109822 0.9988437879199591 0.03744098873024181 0.44342400836539314 0.022529504784050126 -0.03676918062003468 0.9990697711702723 2.1869400054753747
0.9992807017906163 0.03130619483682233 -0.0216385116103982 -0.2684859578244411 -0.030471319374188125 0.9988164091976778 0.037887886491788786 0.4487657940253338 0.022800188845855354 -0.037200297254317866 0.999048063243859 2.2004487439517013
0.9992685359161533 0.03158248894857011 -0.021800145659418894 -0.2708524441353037 -0.030734476310136722 0.9987967293253084 0.03820157553354927 0.45349042634517694 0.02298170034600676 -0.03750258299647854 0.9990327854237998 2.213487264343854
0.9992566158906068 0.03184048455303793 -0.02196226961216415 -0.27320563757962524 -0.030981818341479523 0.9987818145199719 0.03838648751804654 0.45791476291170324 0.02315884774186726 -0.03767617528705086 0.9990219382056901 2.2211120445755843
0.9992416664125027 0.03220731314530129 -0.02210003253307942 -0.2756651554950192 -0.031337089664872586 0.9987605837018149 0.03864595227738052 0.4626332439235742 0.023318314281299903 -0.037922652698992435 0.999008820781316 2.2307020434586455
0.9992276162966025 0.03254276121343023 -0.02224670925466559 -0.2783605023084905 -0.03165988082104195 0.9987390054460357 0.03893575006178916 0.4675452888700882 0.023486600387395053 -0.03819976892824707 0.998994246261805 2.232009149653321
0.9992162190460716 0.03278446630500689 -0.022415592186584964 -0.28091302265430795 -0.03188939659979012 0.9987225640170565 0.03917708569517198 0.4724728003794668 0.023672257063879886 -0.03842995784734356 0.9989811988573183 2.245765112815614
0.9992000283120736 0.03318432211026978 -0.022547285334261164 -0.2841197174961137 -0.03227462401207437 0.9986948867557628 0.03956600724695122 0.47757253282298545 0.0238316894977783 -0.03880501079006398 0.9989629919219883 2.251842051013247
0.9991891052529231 0.03348664334211919 -0.022586101988717387 -0.28667661752170115 -0.032568964492468565 0.9986745656935202 0.03983586168413452 0.4825772715604822 0.023891042605004558 -0.039066388857775095 0.9989513086599231 2.2587214083154015
0.9991816739962988 0.03367622399038104 -0.022633833380711642 -0.2891188241660766 -0.032751678560619266 0.9986604251765699 0.04004109852658893 0.48773192519853426 0.023952756100927605 -0.03926536180370672 0.9989420453165805 2.2712214972837645
0.9991633295123129 0.03410598875085949 -0.022799025642522893 -0.29198146048862844 -0.03316424306600165 0.9986294206060855 0.04047114649072051 0.4930876612741956 0.024148894696070428 -0.039679245911650333 0.9989208264002071 2.27226706776585
0.9991529394780695 0.03443872562619912 -0.02275634756449912 -0.29433950752639476 -0.03349169727304315 0.9986067567188587 0.04075624069288016 0.498029806145176 0.02412907595340279 -0.03995762207642349 0.9989102504172774 2.2809711414983935
0.9991379116515029 0.034831089760801834 -0.022812176355839132 -0.296686415930826 -0.033875103355876894 0.998582900223267 0.04101987843844844 0.502765352381614 0.024209296829913997 -0.040209689768384134 0.998897864342079 2.2751596123976747
0.9991205378917152 0.03532621447998545 -0.02279143171239878 -0.30015924373634373 -0.03436362215602729 0.9985540304310475 0.041305051257979404 0.5057927811428622 0.02421813008959184 -0.04048292837042722 0.9988863892740226 2.2803714906059662
0.999108271609723 0.0356707912697796 -0.02280970576273184 -0.3017224497433628 -0.03470125638263886 0.9985317251547875 0.04156908594656367 0.5095380860033463 0.02425985636527571 -0.0407383075648937 0.9988754128271978 2.254306690009734
0.9990926045378927 0.03614136099500668 -0.02275258691267417 -0.30358723656346126 -0.03516744858048399 0.9985045459198922 0.0418268567090883 0.5143630425623623 0.024230862934122258 -0.04098659943390262 0.9988659306602221 2.254337750195055
0.9990771905011512 0.03658641854296865 -0.022741762149663697 -0.3054787208103029 -0.035605783200636065 0.9984762175624632 0.042137611825659164 0.5202811294105822 0.024249910242020088 -0.04128718257661896 0.9988534038388495 2.27604184206673
0.9990599850573683 0.037023869185504855 -0.022770668726105822 -0.307715157899171 -0.036032819000166486 0.9984454223814464 0.042498205042945277 0.5260184557059234 0.024309632166162446 -0.04163560293227323 0.998837235859116 2.2920721772374306
0.9990353446057988 0.03764709280488957 -0.022838463539086428 -0.3101153726452386 -0.036641526890652844 0.9984036207952245 0.04295571877001535 0.5324385640829942 0.02442003374877826 -0.042075227584415315 0.9988161653035987 2.3179026683442703
0.9990073653493351 0.038280172240143816 -0.023033045777023028 -0.3133944903657172 -0.03724864545179584 0.9983502498453426 0.04367807364588383 0.5385560806774876 0.02466836041008919 -0.042775186580225034 0.9987805915693642 2.3174763450000175
0.9989979066594838 0.038523218750787014 -0.023039155775847583 -0.31603074862817154 -0.03747720026321491 0.9983166296598014 0.04424876214072041 0.5446997720891423 0.02470630477596016 -0.04333955276974395 0.9987553153257895 2.3357632097325403
0.9989808693579681 0.03895517031877042 -0.02305494703268151 -0.3191721024606578 -0.03789117560284038 0.9982703508955096 0.044942123301505245 0.55108326484532 0.024767250724262904 -0.044021604313460985 0.9987242331772863 2.35670521465932
0.9989552749631092 0.03953606465364522 -0.02317255152565229 -0.32326339431852424 -0.038445456207153485 0.998210960364799 0.04577283004118268 0.5583349069046286 0.024941997577714366 -0.04483266843772285 0.9986836003043275 2.3853789322401404
0.9989340029697775 0.039985892454051354 -0.0233214274703718 -0.3263865155362948 -0.03886941199048671 0.9981595603586563 0.04652996246796751 0.5645561834623132 0.02514049187490366 -0.04557242116325362 0.9986452060793777 2.400487831173237
0.9989112000044155 0.04049153218415172 -0.023440731215618838 -0.3295329193985208 -0.03935014071826178 0.9981051186361827 0.047291056736042794 0.5707548586705498 0.025312794939153196 -0.04631593330156677 0.998606660469171 2.425326401462472
0.9988861650272532 0.041051957040274756 -0.023534046735334553 -0.332656499655727 -0.03988999340418021 0.9980540924704814 0.047913768672761176 0.577155384389496 0.025456820095124125 -0.04692042852960422 0.9985747418749031 2.446930271725518
0.9988676425117672 0.041372941057267666 -0.02375557714487905 -0.33568232093857847 -0.04018828209981391 0.9980199755655124 0.04837597830581099 0.5828271310011466 0.02571154410664113 -0.04736528643183941 0.9985473431596263 2.4653621793863647
0.9988511796800386 0.04176656590104778 -0.023746985219845865 -0.338648801013661 -0.04057177540558932 0.9979849939637354 0.048774494603508904 0.5889090486062288 0.025737789313119354 -0.047753502806886436 0.9985281218563167 2.494413139215739
0.9988249264182758 0.04217095591429602 -0.024125690160393946 -0.34312870776995613 -0.040918109453915066 0.9978961650443082 0.05028154415896816 0.5958166139674008 0.026196836493531377 -0.04923371114639713 0.9984442491797648 2.5349098832397607
0.9988082884638936 0.0424440445084449 -0.024346533431395454 -0.347438014634138 -0.041164696430905666 0.997856453952517 0.05087127664331105 0.6006144656577458 0.026455164497470617 -0.049807089131613025 0.998409154718546 2.5926764566366516
0.998788058540911 0.042790990546822644 -0.02456689249146645 -0.35059323842697965 -0.041481619166468205 0.9978077318578976 0.05156796663733893 0.6067520264095403 0.026721318768499966 -0.0504851400591652 0.9983679253441271 2.6287836710860195
0.9987636804314262 0.04314716467073597 -0.024926249901092545 -0.35448217416821953 -0.04179827686584392 0.9977543321911627 0.05233378267458767 0.611981447789987 0.027129825332768295 -0.05122565522169416 0.9983190489894912 2.6494358294749856
0.9987674320077439 0.043115819004517324 -0.024804811321822575 -0.35611545256311006 -0.04175193948284693 0.9977152433201013 0.05310228385851234 0.6178030870019593 0.027038932425912373 -0.0519994352575693 0.9982812585140708 2.6718878348243678
0.9987499184246824 0.04333764979753011 -0.025133863436607107 -0.3594575108263857 -0.04194065973329546 0.9976765733369476 0.053682629705742134 0.6232896149773485 0.027403271700808026 -0.052559742234271 0.9982420926374272 2.693930650505496
0.9987346147124047 0.04348228606258903 -0.025501948987940587 -0.36257609217313364 -0.04204855332456678 0.9976389060931207 0.0543070077060521 0.6284246104331631 0.027804623160415876 -0.05316453138202982 0.9981991285735301 2.7077013215937944
0.9987342902325396 0.043507230321031744 -0.02548072973602142 -0.36461041199674205 -0.04205984204133622 0.9976090916430634 0.05484824380178864 0.6343552324511345 0.027807781719098344 -0.05370583259876614 0.9981702253418807 2.7396796859424395
0.9987231830431775 0.0436114518907241 -0.025746852507554166 -0.367702122597429 -0.04213891613666052 0.9975843887679136 0.05524100232641545 0.6394021835112336 0.028095693573899173 -0.05408470066356511 0.9981417905236549 2.7584285115992198
0.9986968959447206 0.043912004498735904 -0.026262498469410006 -0.37124790785344924 -0.04239841476132854 0.9975490016807889 0.0556840701039432 0.6449624430679842 0.028645205972599976 -0.05449725365286109 0.9981039677697192 2.7879815196822397
0.9987035057620329 0.04395921664376904 -0.02593206715476053 -0.3728863541091665 -0.042456342458857835 0.9975321334804658 0.05594010304370476 0.6504586246684333 0.028329000975259474 -0.05476578682001821 0.998098139954195 2.8078371194784344
0.9986887115048996 0.04419995237485379 -0.026091408864286958 -0.37613135020656546 -0.042675226947068295 0.9974970687033504 0.056390953503273056 0.6564136908001508 0.028520427372107936 -0.05520252770311517 0.9980685520962874 2.8384966382525585
0.9986743939634262 0.04444610691196919 -0.026218279616209147 -0.3791488928866822 -0.04290679384121463 0.9974730257289037 0.05663882834973295 0.6613044243146805 0.028671119723212707 -0.055437720014783816 0.9980511707187808 2.860131195651742
0.998668913865766 0.04470333389329399 -0.025986434774294114 -0.38171316917600945 -0.043166474152433354 0.9974414431454355 0.05699126495854461 0.6672394988699423 0.02846922323184051 -0.05579221481311456 0.9980370222953847 2.8871559166021075
0.9986575905311798 0.04494767488250671 -0.026027606710184246 -0.38474279939750344 -0.043402887869542994 0.9974198396632065 0.057194574119309505 0.6727579040055538 0.028533102233732826 -0.05598692691235523 0.9980245796785757 2.9157996808108995
0.9986361981596977 0.045282690664969524 -0.026278508352290623 -0.38846800103455204 -0.04371430070934107 0.9973877564218492 0.05751976232821439 0.6786167189063628 0.028816514919273124 -0.056291656954839786 0.9979995198227019 2.9465305686105534
0.998626637936618 0.04551638405810084 -0.02623893341271855 -0.3914251748503905 -0.04393924701327978 0.9973563168517989 0.0578908536808768 0.6841252038366984 0.028806592378814166 -0.05665753504799246 0.9979790547832259 2.9712921470078717
0.9986066309885666 0.04590388445248196 -0.026315093880611602 -0.39600223236176485 -0.04431203011968332 0.9973201323954158 0.05822528786224656 0.6890983573876234 0.02891916016155902 -0.05697687284511438 0.9979573538460768 3.0191096027137716
0.9985827397791983 0.046377273977684534 -0.026399683876285076 -0.3985696285894951 -0.04477428736667922 0.9972877401729259 0.0584304785711419 0.693623014309388 0.029039987651417087 -0.05716455496152132 0.997943390473244 3.032158016828641
0.9985734973013325 0.04660245342187946 -0.026344752135586416 -0.40038925364263545 -0.044998825009721515 0.9972704445124313 0.05854970737005318 0.6986313561876573 0.029003405560949505 -0.057279429278237495 0.9979378031326863 3.053814672500518
0.998560862257655 0.04675572204052999 -0.026531025400115562 -0.4027580156043455 -0.04514260723678119 0.9972672789635252 0.05848689819531545 0.7031022143655503 0.029194812702644967 -0.05720359825261451 0.9979362119761127 3.0712910834367046
0.9985305170319102 0.04710370197624593 -0.02706361070935116 -0.40678389215420635 -0.04545430856407483 0.9972420311103924 0.058676733874455336 0.7090605658424385 0.029754872637060108 -0.057359328569637984 0.9979108665101921 3.1107781756300033
0.9985171765739476 0.047317085167001206 -0.02718461003681881 -0.4098531852393639 -0.04565263417068413 0.997217627790093 0.05893603163868976 0.7145300411125152 0.029899607915384194 -0.05760628524980032 0.9978923382987868 3.135461758484757
0.9984936519914152 0.04753613904918444 -0.02767203862304279 -0.41407356789721683 -0.04582947289905909 0.997182591747039 0.059390828189398864 0.7207873958285357 0.03041924185955537 -0.058031817892997606 0.9978520195612701 3.183067009673802
0.9984684262499579 0.04780457678384608 -0.02812912253271911 -0.41915258071095546 -0.04606638668357838 0.9971625412854063 0.05954868416270161 0.7272800215991712 0.030898202248874542 -0.05816056586961864 0.9978300673142472 3.2450290360549405
0.9984536470941461 0.04793514104327895 -0.02843987376110928 -0.42221745895962914 -0.0461639377915147 0.9971296209714605 0.06002828410264593 0.7323965678570413 0.031238089942554507 -0.05862175957861678 0.9977926851567694 3.2671039297761864
0.9984266795037693 0.04800512714404784 -0.02925639598655711 -0.427866231075779 -0.046174560438286834 0.9971074494439751 0.06038435702866185 0.7400402595945547 0.032072959221833716 -0.05893758877086666 0.9977475107298158 3.3551151082507724
0.9983666099405205 0.04837647244623237 -0.030657857311129206 -0.4347649335536996 -0.04643889863552892 0.997051813909568 0.06109278225189928 0.7477869327915581 0.03352530085197602 -0.05956826319133196 0.9976620457990617 3.4353797980306875
0.9983140224329081 0.04895098826778524 -0.03144483956485535 -0.43956814014866413 -0.04694803834594681 0.9969963848117241 0.061605417804072554 0.7534121938538458 0.03436837224142104 -0.06002443666174855 0.9976059909805643 3.467727623183957
0.9981882862411305 0.04989407910998394 -0.03387220878577242 -0.4475730007139825 -0.047705900567305996 0.996895306552371 0.06264859456955094 0.7610674776324909 0.036895432334487784 -0.06091830621910604 0.9974617094909477 3.5314187348008668
0.9980734287231582 0.05065191759810327 -0.03604835702726339 -0.45589384611818456 -0.048287837274897556 0.996798844397317 0.06372685360351525 0.7694988142657171 0.039163331550753216 -0.06186243833674274 0.9973169757122279 3.610344410332759
0.9979915140065352 0.05123423388799187 -0.03745011664700434 -0.46165383358102335 -0.048756859952286805 0.9967356303782903 0.06435276409961091 0.7754810051704886 0.04062706331574324 -0.06239649719069841 0.9972248768906645 3.6525665041442394
0.9978782055367315 0.051761952244892044 -0.03967203523209464 -0.4694541143842525 -0.04911046857225361 0.9966655785451144 0.06515837500672715 0.7830399501539075 0.04291430917777934 -0.0630707263746238 0.9970864545243427 3.725019146535053
0.9977303950791451 0.051962507953042164 -0.04299686189936393 -0.47969988389008134 -0.04902274081762805 0.9965582000608819 0.06684794442633352 0.7924709461295011 0.04632404882064271 -0.06458687913069222 0.9968367570334437 3.8420840820130127
0.9976215975530618 0.052285086753248944 -0.04508479525227275 -0.48546625171186536 -0.049165983601544845 0.9964900027899707 0.06775507447810407 0.7980549069844801 0.048470776961063784 -0.06537590740867388 0.9966832925885657 3.8874430178685153
0.9973174876467655 0.05240621810270354 -0.05124859144868465 -0.49960015492231424 -0.04876797306786515 0.996363302811758 0.06986913936483728 0.8077259242071697 0.05472555047900736 -0.0671810498819272 0.9962394034596405 3.9897930451003396
0.9969797018070261 0.05177438891820074 -0.05801766949156891 -0.5180892936050006 -0.04757280853383321 0.9962961707616891 0.07162778511827263 0.8192850084493731 0.06151305668860466 -0.0686500380529383 0.9957430126492913 4.129398838787688
0.9968380730311381 0.0517056382623366 -0.060460055470098126 -0.5277438267554273 -0.04725806154149873 0.9962233282180931 0.07283748136674859 0.826280322076875 0.06399966013077556 -0.06974859919947601 0.9955098538695317 4.1873801407084175
0.9963302254700495 0.05125373276077988 -0.06866371965446667 -0.5538228669410945 -0.04612577237330142 0.9961671134256014 0.07432106045517915 0.8403990005504361 0.07221138551821457 -0.07087968224724538 0.9948682193439088 4.372784678061023
0.9956737456514749 0.05094610663800247 -0.07781106574967729 -0.5777005040832301 -0.045023615498198735 0.9960844670192703 0.07608527023371028 0.8502648818868376 0.08138387666889961 -0.07225104689463555 0.994061410862042 4.4986487755219615
0.9955323897359677 0.0506858644256007 -0.07976774633396388 -0.5853499127457052 -0.044541182882888435 0.9960328132742062 0.0770422692080049 0.8538333191783382 0.08335746056473557 -0.07314336488043988 0.9938326629516337 4.524713263090435
0.9945014624452986 0.050302680844438105 -0.09193972365565417 -0.6119604197240947 -0.043082705999419824 0.9959497617078585 0.07891965620855738 0.8614704909029047 0.0955381398496723 -0.074522734164635 0.9926327398433769 4.613347563889356
0.993176967459202 0.05022327372647002 -0.10532477633873451 -0.6552673154926835 -0.04180367206836649 0.9958616182883533 0.08069953890956398 0.87858154097679 0.1089426596194988 -0.07574389844727387 0.9911582263250878 4.82339890928346
0.9926625202801719 0.049951221641711334 -0.11018821785464844 -0.6701338669834453 -0.04100883618565271 0.9957881870908054 0.08200041320448048 0.8835399176615637 0.11382106184158583 -0.07687792380925725 0.9905223327392018 4.880955304192833
0.9911061884041424 0.04898507715286237 -0.12379193939178448 -0.7088161512648221 -0.0386907331057554 0.9956930578867971 0.08425389419295895 0.8965365373153665 0.12738678910916845 -0.07871304588342165 0.9887251678942873 5.020472463867058
0.9898540603503835 0.048597360536766804 -0.13357702303989621 -0.7500670105118817 -0.03724347928040602 0.9955785389747425 0.086237307075913 0.9111475695199657 0.13717801103500707 -0.0803855221116891 0.987279667352279 5.173820884334402
0.9891365218251955 0.04872874865803244 -0.1387423673860935 -0.7677749146613353 -0.036740682265468734 0.9954686872336763 0.08770739981015248 0.9165035023875393 0.14238829221953375 -0.08165546418162224 0.9864373677606016 5.228716938397441
0.9868787533544283 0.04869102060510359 -0.15399379750289766 -0.8323432592927231 -0.035106028158405043 0.9953453484822422 0.08975241149951246 0.9414303716937247 0.15764776209487194 -0.08316699526505782 0.9839874112390703 5.466447212585151
0.9840849999407322 0.04877371829542277 -0.1709176221904184 -0.9185602001429752 -0.033431095152550376 0.9952407274267349 0.09153511109299396 0.9732481192519336 0.174569320859974 -0.08436278759412304 0.9810249892581347 5.777830695015377
0.9829809664090151 0.04851061829261363 -0.17722920274642567 -0.9440321772602874 -0.032389993706511515 0.9951616850493841 0.09275878151244023 0.9812816347453726 0.18087215474978163 -0.08543818157344635 0.9797891999397497 5.866912272393163
0.9798403685210066 0.04809729230484347 -0.1939444216793899 -1.0051664570384868 -0.030137988242677514 0.9950664230128564 0.09452270224742386 1.0006929539837592 0.19753444235032808 -0.08677058674769907 0.9764485493019937 6.052311983135794
0.9767057018280121 0.04693237183509119 -0.2094221106846964 -1.083661620390448 -0.027272749194535352 0.9950263152215346 0.09580599089278402 1.0269066862497074 0.21287721927610698 -0.08786115928720012 0.9731205967318753 6.302009824148996
0.9754624587603558 0.04612979575883192 -0.21531140260833076 -1.1051702251644264 -0.025651544328268674 0.9949573841200021 0.09696355486370921 1.0324693984545943 0.2186988557414238 -0.08905966116358781 0.9717196266487135 6.356760235465087
0.9728259828863127 0.04279647571908739 -0.22757862232502307 -1.1750402318034168 -0.020822106642639816 0.9949580419444458 0.09810537153816297 1.0542515394986314 0.23063002305611677 -0.0906992629528375 0.9688048824955384 6.562327363429422
0.9704484149896978 0.039734071202297 -0.23804479504223885 -1.2487564659544659 -0.016420551515405446 0.994938111861144 0.09914122305131218 1.078021905490084 0.24077913153746405 -0.09230116189431103 0.9661808337129979 6.7821022621296745
0.9695067871538995 0.03907036695695544 -0.24195889046542324 -1.2764247815005856 -0.015175737767969748 0.9948868268729613 0.09985142689280198 1.0861053037491255 0.2446230273428732 -0.09313323881298818 0.9651347409535634 6.853388905467167
0.9675218387996481 0.03763840178098407 -0.24999687975501872 -1.3770982981877444 -0.012708189636131871 0.9948454879696444 0.10060506424939876 1.1215872840947132 0.2524950108767798 -0.09415894273118164 0.9630055391995818 7.182608037703153
0.9655369622082608 0.0365239849989027 -0.2577170376496095 -1.4858268730891138 -0.010563452005721058 0.9947885140821559 0.10141412394769486 1.1594081941069758 0.26007808604877564 -0.09519498878409022 0.9608833903508253 7.530972066381711
0.9649143325705224 0.03643267905790295 -0.2600525842331123 -1.5280536846132187 -0.010075288467155026 0.9947353857202366 0.10198401037387454 1.171888157948202 0.2623993160111121 -0.09578395501495951 0.9601936718148095 7.64889029574865
0.9632435503392206 0.03552392183095461 -0.2662965009864103 -1.6717042901695645 -0.008251137983602488 0.9946628535437704 0.10284982633865423 1.225121578807961 0.2685291831768631 -0.09687043287227173 0.9583880062290794 8.12682007556105
0.961937119170034 0.03430840513734172 -0.2711341927111406 -1.821391454120875 -0.006177046096014211 0.9945644211843875 0.10394145706499221 1.2812426618147776 0.2732267970078541 -0.09830842999971559 0.9569126184361044 8.614354844955981
0.9615255031367896 0.03399141675414265 -0.27262909881838127 -1.8663354930153684 -0.005554062362401126 0.9945179975700807 0.10441486731055095 1.29822397586285 0.2746841354039959 -0.09888143525709232 0.956435885027591 8.74697202873097
0.9606634285200475 0.032843324269701074 -0.27578894474145144 -2.007019532786022 -0.00360769858366536 0.9943742137984158 0.10585760051616194 1.3532211640993286 0.2777148753237833 -0.1006969117064294 0.955370643713069 9.211656049049997
0.9604269662175516 0.032355780437575914 -0.27666938434739463 -2.1389390939649413 -0.00285997315802 0.9943229865937618 0.10636239180528492 1.4031209540566538 0.27854082753554327 -0.10136060989079176 0.955059931475951 9.643738621320997
0.9604197579412144 0.03218423245142074 -0.2767140242800799 -2.1847448899560313 -0.0026336489125436836 0.9943076913571209 0.1065125844124577 1.4215705500492561 0.27856736252535663 -0.10156659043375839 0.9550303983990996 9.78715722666606
0.960459570598154 0.03185898396229014 -0.27661382812247753 -2.310400895348023 -0.002261739316210826 0.9942917294883705 0.106670826710794 1.4720690482383434 0.27843361481050927 -0.10182592005976626 0.9550419060078307 10.23833443736405
0.9606222870774408 0.031562755229741155 -0.2760844057988165 -2.4218825528071366 -0.0020472036492737745 0.9943049741951657 0.10655712776557913 1.5152567317306012 0.27787620855828443 -0.10179513219663586 0.9552081930800441 10.62861133202767
0.9606388021253395 0.031472964722997716 -0.2760352783968469 -2.4543507741889323 -0.0019909186486584216 0.9943161575588244 0.1064482135498229 1.5294093163720586 0.2778171707066872 -0.1017072981635094 0.9552340428401638 10.735434833439546
0.960786166673672 0.031116706535015075 -0.2755621789638965 -2.6056456433578052 -0.0017241928947914567 0.994335111764172 0.10627615311870793 1.5873664597973665 0.27730866678164834 -0.10163224673831334 0.9553898029739218 11.267775215478508
0.9609936317304998 0.03029339119253443 -0.2749297925519236 -2.7358359476523733 -0.0008827679067600254 0.9943146931403595 0.10648083775602137 1.6383049781402408 0.276592947957367 -0.10208351384574416 0.9555492446924826 11.723047405251174
0.9608203484575855 0.02972157622865638 -0.27559702475225767 -2.790885969785053 -0.00015537644059531816 0.9942923326663129 0.10669407905022092 1.661126454676415 0.27719559255301995 -0.1024698363009124 0.9553331340095587 11.904243476044265
0.9609531771779711 0.029641579915161496 -0.27514327347577006 -2.9515015279545156 2.0440748154324755e-05 0.9942392624313947 0.10718986729353253 1.7246442002218647 0.2767361393934578 -0.10300915563936534 0.955408599841784 12.45981036306556
0.9612812543891877 0.029692881293728206 -0.2739889360791193 -3.116229849030004 -1.632649627976955e-06 0.9941793896029244 0.10774260606322252 1.7896994016918346 0.2755938987873236 -0.10356938698851949 0.9556781435575057 13.044978588859617
0.9613603529075454 0.029779818464503206 -0.27370171147189803 -3.1662959890218367 -0.00010857107046843996 0.9941736482480392 0.10779547381788815 1.811388583845443 0.2753177855173065 -0.10359957310301676 0.9557543418419044 13.220959690516203
0.9622877998728844 0.030256888035970774 -0.27037018472881563 -3.3395580944916006 -0.0007872170064481035 0.9941017539541865 0.10845398109443811 1.8820522703155282 0.2720576268207271 -0.10415004702529357 0.9566276384116922 13.852413505147066
0.9633672032649939 0.030444122116016676 -0.266475313967217 -3.5125309197197474 -0.0012918421803641824 0.9940516728577675 0.1089025649387427 1.9512939811782357 0.26820649141432473 -0.10456794425286405 0.9576689791364087 14.496927427118319
0.9634855768922848 0.030316052507470034 -0.2660613422335474 -3.573570108468051 -0.0012136399720621288 0.9940545264886679 0.10887586004172208 1.977663945408276 0.2677807959900365 -0.10457639475450212 0.957787017960056 14.722085503493485
0.9645864299091597 0.030289918866483276 -0.2620466220193924 -3.7283394017396594 -0.0014774294128637351 0.9939901249317401 0.10946196907175591 2.043117202700732 0.26378799313862045 -0.1051972795463246 0.9588265402336972 15.31095722888026
0.965747152089845 0.030088486683172135 -0.2577592238532791 -3.9063201803083 -0.0015138772222529544 0.9938914053801747 0.11035238987496968 2.1184006216879916 0.2595056940269728 -0.1061812606695444 0.9598859947583441 15.996564399367541
0.9659354333359942 0.02904043040482161 -0.25717250354749355 -3.9758378125813585 -0.0005316795891112307 0.9939045654770402 0.11024382582434346 2.1492219548528535 0.2588070602134839 -0.10635058857177936 0.9600559652737185 16.255494012401364
0.9670809331986371 0.02806660469886233 -0.2529418079260552 -4.149047166641224 -0.00011175505918378808 0.9939463539717206 0.10986939873072207 2.223235747148838 0.2544948662403239 -0.10622318228699258 0.9612222452988524 16.932039233603202
0.9678748786961475 0.027185748909994298 -0.24998305513967725 -4.295462808698151 0.0005448847046052713 0.9939089990670206 0.11020415125130943 2.2911784783613456 0.25145709105437913 -0.10679873903258089 0.9619575398320964 17.5289718125705
0.9678762706342244 0.026570046254393742 -0.25004449114899574 -4.331779695830855 0.001192574643188719 0.9939049380458359 0.1102374691678416 2.3109159466322695 0.25145032618181085 -0.10699326797350839 0.9619377576500447 17.672979786023454
0.9683434839893034 0.026259722782841808 -0.24826148613338392 -4.477840487490959 0.0013064241374388162 0.9939053504805049 0.11023295706076543 2.376427846814911 0.24964382077829939 -0.10706650554775216 0.9624000709596995 18.25636927295079
0.9689685484516523 0.02607185285030871 -0.24582952915053508 -4.598042762730296 0.001254880793927608 0.9938907914386697 0.11036172122060524 2.430160666364564 0.2472056897231593 -0.10724439801576212 0.9630093246549193 18.74168950859744
0.9690122385762231 0.025892541311636083 -0.24567555520773324 -4.664695233040573 0.001432119492030494 0.9938856828904301 0.11040368538195601 2.4600007190181135 0.24703257365815484 -0.10733311259208589 0.9630436968491798 18.998812786100405
0.9694739164106263 0.02482244296354155 -0.24395925093324622 -4.799302679912481 0.0023623529801401863 0.9938711637039233 0.11051947238848434 2.520622451214953 0.2452079994396261 -0.10772071719503679 0.9634666462041471 19.537668347714124
0.9700346814905739 0.022991258555628568 -0.24190242036101803 -4.955027201504289 0.0038745688511875893 0.9939230595316657 0.11001007947352576 2.5895163941554213 0.24296224780225473 -0.10764951481024979 0.9640435341702868 20.16342109413579
0.9701234943474115 0.022612819127514037 -0.24158026234442587 -5.02163279882138 0.004212800374464855 0.993926712613336 0.10995917504143264 2.619625737404159 0.242600057367576 -0.10768997255428629 0.9641298708180778 20.41787452026814
0.9706036824580748 0.022658406624658123 -0.23964022636271845 -5.170724189178713 0.004022198722462648 0.9938930230001078 0.11027187331660833 2.6874109502791845 0.2406758037982817 -0.10799244221189877 0.9645782760481364 21.024904926482954
0.9710459878270588 0.022725928795750434 -0.2378356668305714 -5.322767356586923 0.003817255621516386 0.9938617604052024 0.11055831907081856 2.7560762585736094 0.23888881291823 -0.10826323254339205 0.9649920602313967 21.648636220181277
0.9710848031946067 0.02270091187110813 -0.23767967669859913 -5.367811345172101 0.0038330977748273565 0.9938580867737827 0.11059085911065969 2.7768863370127397 0.23873078218897906 -0.10830220796213198 0.965026777872173 21.82566838589401
0.9715795349622831 0.022509595250841587 -0.23566991644541382 -5.493355931366297 0.0039024347392770486 0.9938104707761805 0.11101868734952658 2.836243470980895 0.23671077044505684 -0.10878146572924605 0.9654704518037593 22.352347088661325
0.9717203946634672 0.020871286748807054 -0.23523754324979426 -5.589786892834408 0.0055034159119519 0.9938137618890651 0.11091558145455054 2.881012060518215 0.23609789986594837 -0.10907180169351326 0.9655874782310225 22.743036509924032
0.9717872471922442 0.020676808273144838 -0.23497691382968233 -5.621045161033887 0.005644949354202086 0.9938251969669647 0.11080240954244641 2.895207462498092 0.23581743350264436 -0.10900100254358965 0.9656636019977309 22.855619516170165
0.9719523497433998 0.02053979199409479 -0.23430438593550101 -5.67840176391337 0.005661237213829149 0.9938462350833857 0.11061208944302009 2.9230026930085846 0.23513465033699166 -0.10883408645081148 0.965848962344969 23.09104341758033
0.9720659126056399 0.020193157263156944 -0.23386181191434516 -5.750696108414073 0.005954395680050416 0.9938488564396148 0.11056973032878474 2.958053286394875 0.2346561437283471 -0.10887118890153338 0.9659608057972696 23.383759281605062
0.9721250561736444 0.020119824933750766 -0.23362409835860973 -5.793026683632919 0.006000905105199462 0.9938489529930857 0.11056623923061926 2.9791824543586496 0.23441199472665009 -0.1088839093826437 0.9660188793986161 23.567430022239012
0.972278922264655 0.020125108065302495 -0.23298370499506896 -5.849752536031646 0.005873448950021723 0.9938720552026741 0.11036731416883026 3.007767347038544 0.23377767692447166 -0.10867425796115092 0.9661963965005729 23.81410058630144
0.9724253484299861 0.020114587407904908 -0.2323732723799881 -5.9196665169162745 0.005775825925643879 0.9938904651500825 0.11020964671327446 3.0417109986298416 0.2331711495798829 -0.10851113229340663 0.9663615401806733 24.106096328525744
0.972475506621323 0.020188544960226176 -0.23215771250499637 -5.9450203325980695 0.005676250547363704 0.9938907821936899 0.11021387240876666 3.055075249754999 0.23296545892003076 -0.10849671526532399 0.966413015249108 24.204146259686993
0.972652030514323 0.019824770427158637 -0.23144787830812097 -6.045123572550181 0.005921281781675069 0.9939100656906736 0.11002445995596181 3.1023382445587244 0.23222031811047522 -0.1083844672702658 0.9666047662227877 24.621677448447194
0.9728426130897083 0.018223782622681862 -0.23077866754293902 -6.114080655070551 0.0071442010935992796 0.9940566395058225 0.10862013954890709 3.1340693821931547 0.2313875433583143 -0.10731782236055151 0.9669235549628548 24.90757298766719
0.9729076206831947 0.01776340550231405 -0.23053948064745755 -6.145500405944331 0.007516231263342927 0.9940861657779986 0.10832137906420584 3.148062277142381 0.23110119305285487 -0.10711806975584531 0.9670138335171358 25.018970805084475
0.9732554910233358 0.01733534487107131 -0.22909920856019103 -6.280497484497727 0.007562933932318277 0.9941896861540236 0.10736206713770072 3.2066977090238256 0.2296300323422584 -0.10622169039970719 0.9674630523421528 25.593205703919356
0.9737173642086869 0.016942014357979734 -0.2271575971981728 -6.4431807297685655 0.007257043972887814 0.994414729165418 0.10527862713436924 3.2773509370366196 0.22767318981675874 -0.10415827493043683 0.9681495357528432 26.291415320474016
0.9738531160769861 0.01678167982503198 -0.22658674678913035 -6.499212917873821 0.007266423565288854 0.9944558277172678 0.10488646108819183 3.302560619331046 0.22709126115521425 -0.10378855244369406 0.9683258103973409 26.524357178417134
