1.0 0.0 0.0 0.0 0.0 1.0 0.0 0.0 0.0 0.0 1.0 0.0
0.999997615814209 -0.0022124648094177246 -0.00014359131455421448 0.0012079498264938593 0.0022124052047729492 0.9999971389770508 -0.0007204264402389526 -0.001723558991216123 0.00014527514576911926 0.0007201395928859711 0.9999998211860657 0.6838126182556152
0.999982017643095 -0.0059327073820910625 -0.0008239124198552439 0.003971710055734212 0.005930043765703719 0.9999756466433509 -0.00357944050050385 -0.0093819154608146 0.0008451172919755612 0.003574623291020762 0.9999932528872091 1.7556850065391345
0.9999755813724007 -0.0068101945689471735 -0.0014494068484324951 0.004519546198215697 0.006804821454715522 0.999968387661346 -0.004025241574802837 -0.017618980192191012 0.0014766295477378773 0.004015473231158213 0.999990962935288 2.8217622106695073
0.9999638221563694 -0.008203841380773451 -0.002106864619862657 0.0033826359444444056 0.008197396593597594 0.9999598267026998 -0.003444700347133857 -0.018701404572347882 0.002134895183909154 0.003427335993408329 0.9999918702098315 3.4163360478738403
0.9999619218895835 -0.008368600244822229 -0.0024220105117394282 -0.0007378835995658925 0.008366361515526355 0.9999634496783855 -0.0012309957291599294 -0.021326881980453474 0.0024320683608061843 0.0012106590421366529 0.9999964477521869 4.555146850398989
0.9999424406588436 -0.01035964966671657 -0.002598915180654315 0.001016289643254255 0.010354687034212978 0.9999426507139604 -0.002289435091105133 -0.027978207412896486 0.0026222986082755197 0.002262508932849336 0.9999942395657138 5.599185681219881
0.9998757998796938 -0.015388331545763597 -0.00313774948150338 0.0003602034644868972 0.015371801493749615 0.9998643850121363 -0.005654784928190838 -0.034064869463779124 0.003224082066803841 0.005606022308298452 0.999979173595515 6.1794347697779966
0.9997936637234492 -0.020001715283387417 -0.0033632508852244865 0.0002948021956458058 0.019963207327494112 0.9997342255154662 -0.011430780864391664 -0.053786631722512274 0.0035909434333285303 0.011361019951211911 0.9999292319701601 7.24317217278645
0.999759723134496 -0.021650190055552698 -0.0032754585057813944 0.0014039264786275658 0.021610888409223396 0.9996937948813679 -0.011927609451529236 -0.06819095116752688 0.003532664683902649 0.011853745918868749 0.9999235497965789 8.27524359753007
0.9996797767463483 -0.024962780151178834 -0.003867464245140764 -0.0007169603724894685 0.02492257322579469 0.9996325717174261 -0.010493282299906927 -0.07271497590935129 0.0041282681745577875 0.010393258564292004 0.9999372890694178 8.87993705541091
0.9995542749331096 -0.029405986792355124 -0.004787394414775115 -0.0005720983255235036 0.029374233734191183 0.9995426353023029 -0.006920976618007573 -0.07901684211158812 0.004989313493055822 0.006776750600813146 0.9999640643926905 9.921486121116882
0.9995414463833232 -0.029817109094733216 -0.004965391026979254 -0.001892322444243603 0.029805359911318503 0.9995502321328938 -0.002738025816241033 -0.08239962418855624 0.005045196344302792 0.002588371292617804 0.999983756584974 11.00134056052596
0.9995356585629214 -0.02995556542205794 -0.005390391591152999 -0.004538008506059841 0.02995952156519611 0.9995495707313423 0.0004086741710907613 -0.07898460548759803 0.005375715223818063 -0.000569969072683097 0.9999854922656375 11.582467461868086
0.9995485432435952 -0.029331621877842762 -0.0063472325145178966 -0.008520914342719593 0.029374622591523538 0.9995452849016166 0.006604586747975992 -0.07137130493679537 0.006150865696171361 -0.006788178062622671 0.999958192096024 12.673268039926214
0.9996329949240593 -0.026173909295129392 -0.0068576786387747855 -0.016962863887123758 0.02624695230371532 0.9995979690593783 0.010593867496880197 -0.060328768645660474 0.006578312571865249 -0.010770181907604705 0.9999201385294452 13.760835347263999
0.9996517006284225 -0.025466285830748486 -0.006761197989876977 -0.02321780243058041 0.025540034630252468 0.9996136339247752 0.010800809704407485 -0.053761476699809546 0.006483730327466603 -0.010969656467777408 0.9999182500901883 14.328621054979424
0.9997652191432228 -0.020631231854324476 -0.006475756345767918 -0.032908089532448205 0.02070687150418576 0.999716887656393 0.011578812683406464 -0.04166767644440152 0.006235258970730105 -0.011710168751475698 0.9999115380985594 15.386827180722845
0.999852797787284 -0.015748652115081273 -0.006710227830745371 -0.04212749870638237 0.01583332125127018 0.9997950093835737 0.012495739595755999 -0.028665693192129804 0.006512269881575441 -0.012600244624332244 0.9998992824541691 16.44268075418367
0.9998572363160408 -0.015513911547267407 -0.006581619206467835 -0.044090801190694556 0.01559669369812628 0.999799574637028 0.012416439794962509 -0.02445026904504208 0.006387749685560151 -0.012517238566513045 0.9999009577500314 17.01688585879473
0.9998298055757738 -0.01708457286166725 -0.006808970940039149 -0.04750318435428465 0.017155999117165487 0.9997982524769613 0.01027550184463746 -0.020662292602249485 0.006631982803958493 -0.010390225845650743 0.9999237217590777 18.044377028453773
0.9997596481511326 -0.020419986442627 -0.007917644656482469 -0.05277122162534497 0.020467267971978422 0.9997726886724674 0.005718996072871034 -0.02457580364055818 0.007799199171476032 -0.005879443868528493 0.9999523247606668 19.043268084653285
0.9997441607929819 -0.020985655293165057 -0.008392252347415101 -0.05863950656757622 0.02103044907099559 0.9997645307702632 0.005086260916130677 -0.02454168334602264 0.008283742977220019 -0.00526133564763104 0.9999518873529168 19.57444468056808
0.9997564399784798 -0.02000599306304856 -0.009273413871593948 -0.07171745137647471 0.02005332791725061 0.9997859605744869 0.00486684384977755 -0.023287199344463688 0.009174375148241097 -0.00505174907225311 0.9999452502866709 20.590874900167375
0.9997197010874558 -0.02125671196949835 -0.010433136463756456 -0.08006911798158026 0.021314032947337205 0.9997581085950724 0.005283113825851555 -0.020135634500570015 0.010318569535591876 -0.0055042258937809795 0.9999316341415716 21.54110168974202
0.9996991160388414 -0.020662156659213015 -0.013232753570208537 -0.1039284099573635 0.020725846669157808 0.9997739870402567 0.0045889255389822605 -0.021388070506053118 0.013135113462887578 -0.0048622300896869475 0.9999017390771585 22.959879682764427
0.9996960876011836 -0.020351338366962058 -0.013956582822194682 -0.11742102931290326 0.020411300285681513 0.9997829201894615 0.004086433243327912 -0.022591925326321 0.013870977839606878 -0.004370782354504435 0.9998944661082987 23.891283096808813
0.9996818149569595 -0.020995717145853666 -0.014022050681697446 -0.12399409155208785 0.02105240467645861 0.9997707181482066 0.0038257058002800284 -0.023600208366680402 0.013939095084011931 -0.004120419452833505 0.9998947372345998 24.402388079287892
0.9996578281134069 -0.022222968361279422 -0.013855007253530607 -0.13434635604375594 0.02226345319300395 0.9997484021742677 0.0027120822303446186 -0.02619672418288928 0.013791922232697153 -0.0030207188538851227 0.9999008646550489 25.35133133696431
0.9995576610225628 -0.026557024699831965 -0.01345907506634027 -0.14147570910735593 0.026570823337926378 0.999646766162955 0.0008023012742560134 -0.029568426458045624 0.0134337474422481 -0.0011607262552526115 0.9999098045160163 26.226623976563282
0.9994893768408674 -0.029064874165168824 -0.013340782693848582 -0.14726656131042315 0.029068226611523522 0.9995774993590405 1.553194680726567e-05 -0.032045258516228206 0.013335383665152275 -0.0004045613396767997 0.9999118502139923 26.697551246957044
0.9993370329485882 -0.033757177753835396 -0.013696865036186938 -0.15589509869076223 0.0337500516810505 0.9994296727150537 -0.0008087119508349503 -0.034620973321449436 0.013717071485498663 0.000344341405833245 0.9999066956682303 27.532230106369
0.9992256220077437 -0.03662029009642071 -0.014458068241845845 -0.16561046092016043 0.03663341690015351 0.9993284076990269 0.0006048094761560877 -0.034531462877064496 0.014426728794517306 -0.0011354598033474568 0.9998959188057162 28.388519250084777
0.9992289376686149 -0.03654285473738001 -0.014458494194640835 -0.17075880831560256 0.036565694449840605 0.9993302225990118 0.0012971933475365446 -0.03314938620569313 0.01440209417094818 -0.0018265134240660532 0.9998953139987308 28.844047577406258
0.999257770348548 -0.03589623689098427 -0.014093036967384537 -0.18227905836695396 0.03595639765251389 0.9993449489605694 0.004016762051409687 -0.029464914496375942 0.013940304171502745 -0.004522268078575907 0.999893370326422 29.860153900604303
0.9992868863592963 -0.035265186379905944 -0.013628673070619397 -0.1943569393622114 0.03533453749413636 0.9993634967394059 0.004887014247791347 -0.025925049716094224 0.013448620557758547 -0.005367048817155799 0.9998959412876818 30.83089462419576
0.9993155618235423 -0.03456889319910697 -0.013323420151899067 -0.20180857414859707 0.034636531367624235 0.9993881480555107 0.00489193391404443 -0.02461143121354299 0.013147395129274427 -0.005351985256571969 0.9999001973905047 31.301482534809033
0.9993488799059763 -0.03375988904973842 -0.012878750440819313 -0.21405280447860356 0.03382075052380269 0.9994176642891848 0.004553264745988641 -0.025092363663914822 0.012718730230910332 -0.004987648774883089 0.9999075421862275 32.14738213312842
0.9993766108985731 -0.03296716934353456 -0.012772552256390908 -0.22618804284349076 0.033024523363482626 0.9994455086644544 0.004316994612156043 -0.02380551440507892 0.01262429806307618 -0.004737931210394444 0.9999099864577957 33.00654033508381
0.9994208397885477 -0.0316319569459441 -0.012702140569551035 -0.2343508666094858 0.031686115456498645 0.9994899141700843 0.004083309815213399 -0.023509984369227473 0.01256757639591052 -0.00448509915384277 0.9999118952853496 33.457864993345964
0.9995465815148915 -0.02726529914696609 -0.012928845526983286 -0.25132183680291326 0.027328461795688194 0.9996159003349122 0.0047271020941278994 -0.019308695612678898 0.012796091431846204 -0.005079991543164649 0.9999063850423985 34.33837447677652
0.9996129338060007 -0.02460365782590791 -0.013145020867478846 -0.26719658266731067 0.024687604039027974 0.9996762480670598 0.006263686682021016 -0.012734425106569022 0.012987636410696304 -0.006587680756318014 0.9998954286112327 35.23279558072921
0.9996251002700468 -0.024086294097932313 -0.013160990384240793 -0.274565212096844 0.024168931677593358 0.9996892924720675 0.0061508150181818644 -0.011340825603077937 0.013009615333939515 -0.006468027356802004 0.9998957471004153 35.67675478457017
0.9996957259869103 -0.020973205358368746 -0.013129436451314274 -0.2919467527128365 0.021046566931479018 0.9997639813835377 0.005466711838702909 -0.010382799470637792 0.013012454453283261 -0.005742816425658406 0.9999001332171306 36.49399022890499
0.9997739302557742 -0.01684409290957772 -0.013107681819964545 -0.3091312435227824 0.01687572580302396 0.999855401865934 0.0022973696928755886 -0.015909891427765235 0.01306779474232145 -0.002519367591003886 0.9999126245348532 37.2879046558688
0.9998161201391356 -0.014216466525858687 -0.01301098397215223 -0.3204634976677354 0.014227868184496803 0.9998988855289884 0.0007740698534950676 -0.018728615119880124 0.012999415766462906 -0.0009602565141257409 0.9999164403263472 37.701316444586254
0.9998610332325857 -0.010642394448669736 -0.012957902067416843 -0.3388535526765388 0.010632145980713471 0.9999432208631984 -0.0008739037550368438 -0.02361694387947031 0.012966992434640721 0.0007352036056056489 0.9999163224670407 38.500405911020295
0.9998986849622598 -0.004807393661060953 -0.013538130857874718 -0.3600589246062755 0.004797664259028687 0.9999883068968005 -0.0007590398094486463 -0.02454184584814314 0.013542156912603432 0.0006930431269257882 0.9999091417214101 39.2989856150143
0.9999002508479394 -0.003958437871004342 -0.013715597915729653 -0.36909816117818495 0.00394295622272462 0.9999916896801395 -0.0011537334100036214 -0.027416707711197287 0.013720539521639595 0.0010984743968664808 0.9999063203819236 39.70469806311231
0.9998878936615043 -0.0035687888071395174 -0.014690829127537537 -0.383082528715788 0.003531970256103986 0.9999907676608959 -0.0025255885376721738 -0.03398512403661072 0.014700128904224476 0.0024724422240927227 0.9998898710713784 40.48473859173025
0.9998652402350975 -0.004654793848073811 -0.01587705483940207 -0.3959503246767761 0.004563926853952236 0.9999731318698967 -0.005748395851928482 -0.045050894871542166 0.015903867931701263 0.0056739923227466975 0.9998583436223842 41.19576268200775
0.9998567860687159 -0.004475778606089765 -0.016440203175824286 -0.40410231934188645 0.004358598949323239 0.9999644687062699 -0.007168944098525528 -0.05144118018233012 0.016471829683832262 0.007095221696067414 0.9998396856088226 41.536591923106755
0.9998455607963074 -0.004560913642728145 -0.017099727305875872 -0.41780386811960385 0.004376710727318991 0.9999320130035297 -0.010802696949781733 -0.0663031122033946 0.01714842667022508 0.010724664240641016 0.9997964713491627 42.15779990345436
0.9998290947778145 -0.00445157568064891 -0.018057978321016292 -0.43313244227280556 0.004206059053309395 0.999898233012092 -0.01362211956016337 -0.08176198535633523 0.018117311715804284 0.013542382434471771 0.9997452106075629 42.789946829807135
0.9998224263399332 -0.0027701550766987553 -0.01873849746894252 -0.4452910204121424 0.0024922303535232925 0.9998864135607298 -0.014855369690069335 -0.08969922801231704 0.018777921201937497 0.01480481844252952 0.9997147450471369 43.12826194565349
0.9998197899043128 -0.0015914156550484477 -0.01901673052359347 -0.46244070806606713 0.001284557512410509 0.9998687029472693 -0.016157606477383124 -0.10486355259342842 0.019040477730704906 0.016128833229233686 0.9996895843736058 43.77369650674532
0.9998170000631568 -0.001360778338814428 -0.01920761829766695 -0.4772498694552408 0.0010528004228972292 0.999871116164576 -0.016041609818232643 -0.11662652175331145 0.019227652511638164 0.01601678562034559 0.9996879469827327 44.44606278724624
0.9998177767573898 -0.0007670463301065403 -0.019202780006698467 -0.4873398194595394 0.0004635839348797251 0.9998753498093164 -0.01580899744478362 -0.12031293181136209 0.019213324339242242 0.01579552180002026 0.9996917722125097 44.7712498795321
0.9998194757663262 -2.980440492960832e-05 -0.019136270361036736 -0.5024943702873151 -0.00024001196161708237 0.9999008738834838 -0.014109828682354065 -0.12837070403935655 0.01913567720640546 0.014110141728754425 0.9997186057624841 45.48815412919538
0.999828336778576 0.0004486728569788825 -0.018698216534130372 -0.5153772053773343 -0.0006998428343438326 0.9999108637991808 -0.013411466453272217 -0.13716539122837013 0.018691824716150374 0.013420215042145236 0.9997368465820059 46.17073364364663
0.9998240392205995 0.000458521830520153 -0.018927809898611925 -0.5231740860817341 -0.0007117133691764061 0.9999116934526074 -0.013358023927010578 -0.14196392428219087 0.018921273196740862 0.013366960586426222 0.9997332689962859 46.49300551410453
0.9998380556066895 -0.0012141634654012766 -0.01810591777903704 -0.530465695771465 0.0009429674835939022 0.9998875949039552 -0.01499832689043216 -0.15601867687157872 0.01812308392027902 0.01497708708731532 0.9997250093711544 47.04840846399042
0.9998667965974947 -0.0007067322428905734 -0.01646341294059592 -0.5400088632353124 0.00036005586433562165 0.9997786109671253 -0.021062071972389976 -0.18093399885545408 0.016475604979951743 0.021051771687641992 0.9996439435360396 47.56634830800809
0.9998638018070777 -0.0015758216947958194 -0.016572573186853123 -0.5477862726641812 0.0011694291941046315 0.9996989070261579 -0.024528921497681388 -0.19324453773643724 0.016607119390502995 0.024504642118926525 0.9995628450608972 47.81918510280664
0.9999181432634283 -0.0009173337751607635 -0.012960203179093672 -0.5526434070813508 0.0004912099448965875 0.9994601596417682 -0.03287160466815807 -0.22533483495190684 0.012984547020457931 0.03286112807843973 0.999376761993661 48.30210978901906
0.9999717519295188 -0.001979974000056433 -0.0075445807312985065 -0.5503225855088693 0.0017105419831333474 0.9993649588863153 -0.035609375236425336 -0.24850594006227245 0.007611542126478079 0.035594430574158745 0.9993383439473825 48.79201435315873
0.9999740484114088 -0.0018661741001930194 -0.007301416894157025 -0.5495746624042682 0.0016096885080987481 0.9993873723609538 -0.034999082601837546 -0.2536216107582234 0.007363782373502498 0.03498488423589974 0.9993619259826947 49.02752010808262
0.9999764862527157 -0.0017281198984298934 -0.00700243377702731 -0.5460839449081281 0.001558312904816724 0.9997067934583221 -0.024228232493470087 -0.252891762957878 0.007043895884468011 0.024215411690693606 0.9996833328924216 49.58507363490951
0.9999828531766382 -0.00057252447339033 -0.006252611987350139 -0.5470266427310336 0.0005245985896969875 0.9999716969412122 -0.007696046543213528 -0.22802244190806747 0.006258478060622113 0.007691359277973604 0.999952520569721 50.15141234814351
0.9999774727796013 0.0010886871525126406 -0.00700815318297771 -0.5520404359591661 -0.001064815538933371 0.9999951209403475 0.0033720062367385787 -0.20282331960905103 0.007013440774215972 -0.003365606308460228 0.9999712714708014 50.45279060629782
0.9999882591527184 0.0016958756979101835 -0.005128229738677307 -0.5471136414823565 -0.001573699782534599 0.999722021242715 0.0236169924601852 -0.14767398012598867 0.005168339285553909 -0.02361023020457686 0.9997098600264905 51.06735442875259
0.9999926845469523 0.0013431980429697823 -0.004278912886344699 -0.5413266751559547 -0.0011755439292849986 0.9992469736262426 0.03883227449576081 -0.0925961785033679 0.004329342584239378 -0.0388285888699875 0.9992384265532185 51.722855620645916
0.9999930458840991 0.0014247755274890326 -0.004168460980342566 -0.5454932775858028 -0.0012554470911620725 0.9991891009620736 0.04029590555349529 -0.07032170094555358 0.004224139430357337 -0.0402921498411683 0.9991809440056473 52.06407771394725
1.00000258690875 0.0006919778810425721 0.0004270603844259268 -0.5438517371763445 -0.0007073171015846277 0.9993058225126815 0.03730284833772303 -0.05192864446145816 -0.0003991983992378571 -0.03730504491535302 0.9993059225368794 52.7011278646412
0.9999655793419647 0.002151819178298482 0.008336578715397204 -0.5406046738870413 -0.00238675201861881 0.9995989879877106 0.028288329243796595 -0.051610299589431155 -0.008270607531122688 -0.028309118767176733 0.9995670215038158 53.27361898886443
0.9999399620527282 0.0040188521921498575 0.010449879539148626 -0.5427206136042719 -0.004269209122623718 0.9997031960436693 0.024063140156233648 -0.048256817097592254 -0.010348525627381857 -0.024108328059504504 0.9996577728100609 53.665182515437394
0.9997736581469624 0.010827415303404437 0.018451079832258636 -0.5401986131121691 -0.01112269325090486 0.9998125231799123 0.015980852098531506 -0.04707046103869306 -0.01827295140658553 -0.016184404264576763 0.9997039604894259 54.280240276402886
0.9995639638273334 0.014918094689173048 0.025579142212474662 -0.52970519509559 -0.015184476342275457 0.9998339539695882 0.010249419822230592 -0.048419338051541735 -0.025420197916568646 -0.01063527237415385 0.999622129539168 54.89967929162028
0.9995361710984538 0.015472463352130005 0.02633955763168808 -0.5241966409676926 -0.015741796131182782 0.9998276217732452 0.01004104181606181 -0.0456278859960453 -0.026177747356570896 -0.010452919832353002 0.9996048097039565 55.205662238899315
0.9993974385518594 0.01518244450808509 0.031297025625704196 -0.49144336649030557 -0.015617770112293148 0.9997860469603644 0.013703762580661376 -0.03563003569205926 -0.031080107562688614 -0.01418669612533417 0.9994184285731522 55.945658725187855
0.999249068342323 0.012166609013865848 0.03686134258809981 -0.44888519304127655 -0.012805865130968198 0.9997727088460623 0.01714528324280532 -0.024763358616527373 -0.036642257359807875 -0.01760698214376629 0.9991754049141377 56.72357067735328
0.9991887860002966 0.01231018624217969 0.038419063797401724 -0.43048740022635373 -0.012968875603927944 0.9997743029085918 0.016930181452931122 -0.020275475871366716 -0.03819984487723146 -0.017417222257586934 0.9991203798470394 57.078489559009604
0.998827209624359 0.012266120617563566 0.04691732289657346 -0.38826572417653255 -0.012860767496863285 0.9998426302285537 0.012389876618068025 -0.020877917176308512 -0.046756018917370995 -0.012981496135330972 0.9988243280468266 57.75576540832686
0.9983271993310512 0.01408912635744453 0.056146358341208236 -0.34321423912261906 -0.01453180410732974 0.9998686015067598 0.007482612806814214 -0.02545270032743875 -0.05603158255452283 -0.008288775392916906 0.9983970575600859 58.39764415869489
0.9981750609731594 0.014494928490584452 0.05868161881567781 -0.322223422231126 -0.014921750576788522 0.9998673727263517 0.006845355884625031 -0.02578664950515356 -0.058572962555769624 -0.007711072493382593 0.998255564563741 58.69935386531703
0.9976257266947122 0.012167219105096761 0.06784203975451435 -0.26677651337092384 -0.012465344090577094 0.9999166634909126 0.003974010281893398 -0.031242299738489285 -0.06778663372861536 -0.004812999964388408 0.9976904542077577 59.335939631441384
0.9969952988401157 0.009193768117131134 0.07696895715224526 -0.194590853939826 -0.009550971559754278 0.9999476524377504 0.004275180616108849 -0.033025955532140897 -0.07692430354517057 -0.0050001902743998725 0.9970266445022817 60.08876914469636
0.9968818917315301 0.008000095439283917 0.07855738706718697 -0.16641079817959092 -0.008443063841612511 0.9999530218017042 0.00530551850425262 -0.03033017070772887 -0.07850998350434692 -0.00595481480481475 0.9968980468985104 60.39645456908015
0.996127147299003 0.004164313184761488 0.0878755470636217 -0.07486111237686381 -0.004895185721847219 0.9999579469458495 0.008099332365814008 -0.02512362489594938 -0.08783703339829446 -0.008500560683589002 0.9961010614273643 61.23915174477776
0.9951876381535586 0.001227390098498635 0.09802464381184785 0.01940212193343567 -0.0021824677297886982 0.9999540292249114 0.009634409043001725 -0.022489530787044878 -0.09800687997276555 -0.009804667164144068 0.995139921801853 62.024500563529024
0.9949387766292191 0.0005285888046141901 0.10052570740776803 0.06091385362880447 -0.0015298358839685013 0.999952860989709 0.009880624915629344 -0.0201822706570775 -0.10051432701844354 -0.00998704147405689 0.9948878832391123 62.400804092118435
0.9938601212467965 -0.0016587407278902864 0.11067269238579454 0.16368302637595245 0.00027887804276402185 0.9999250984580702 0.012480824038488634 -0.0136363975174174 -0.11068387955120193 -0.012375937378137856 0.9937809547063385 63.18160031744026
0.9927151313786828 -0.002780424305766414 0.1204910617022322 0.2751756561176896 0.0008569076465389749 0.9998745471645887 0.016012580151005484 -0.005101640497829536 -0.1205192165337858 -0.015795352667665363 0.9925876363834651 63.955252910919796
0.9923877911901865 -0.002928230467215599 0.12315777394036603 0.3205249235548236 0.0008566046242505743 0.9998609885222117 0.01686666061457139 0.0007420872854695809 -0.12318878327312904 -0.01663531423019493 0.9922463012912016 64.27631908194364
0.9907487523025402 -0.0027148733108614776 0.1357184219624029 0.4501529144936399 -6.789505327795009e-05 0.9997935572502944 0.02049210232272958 0.016158979335544804 -0.13574474757383767 -0.020314328429732815 0.9905378858145505 65.10835334227099
0.9891637949646669 -0.004692555423328738 0.14677415644884442 0.583713498178081 0.0009633902341380011 0.9996786550103822 0.02546622505890544 0.03521427271140903 -0.14684508414002323 -0.025051424339712403 0.9888443014806391 65.8745514227242
0.9886448860676494 -0.0046502659597144735 0.15023292336766197 0.6406198542166213 0.0005145811656988757 0.999624180495328 0.027552473909593866 0.046356225072306065 -0.1503036433281474 -0.02716437715344798 0.9882688691558129 66.21306190203194
0.9868413928810861 -0.004445240867704769 0.16165851059563463 0.7928718176530345 -0.0008577484564081254 0.9994680369029109 0.03271785906195642 0.0769541137580847 -0.16171617063964333 -0.03242799143545265 0.9863058980887198 67.0118280775879
0.9849739177999098 -0.004239623469037777 0.17267926212406357 0.9532832323899829 -0.0022317273260651655 0.9993069751235472 0.03726435318192288 0.10787735678351995 -0.17271618968867117 -0.03709156683081304 0.9842750282387677 67.80876812837211
0.9841173412377706 -0.0037947719397568884 0.17750538841800714 1.024605897925874 -0.0031095059701585714 0.9992537898257344 0.03860124904560471 0.12426234346735822 -0.17751795623109157 -0.038541637989203494 0.9833644689964894 68.1597221712574
0.9820647310668761 -0.0036693313602059368 0.18853709080856224 1.2015690065513636 -0.004532495501560594 0.9990667933040793 0.04305104867831881 0.16078059902188424 -0.188518567420399 -0.04313482030573298 0.981124662181762 68.98180836806769
0.9800269761957958 -0.0032396780317206554 0.19886745125337027 1.3937461019181092 -0.005853294301969967 0.9989690042993514 0.04511670080560273 0.19718551026105174 -0.19880818959142516 -0.04538111123831032 0.9789900888564798 69.84540812997079
0.9793127181916782 -0.002971528196602135 0.20236031475930624 1.4797552226144015 -0.006473519334121297 0.9989252570795693 0.04599407642193893 0.21508761739083798 -0.2022790885342988 -0.04635409585786291 0.9782332501550453 70.2313389335491
0.9775359229772139 -0.002668240308757112 0.210781338235773 1.6807716858196238 -0.007913344695811824 0.9987554050352337 0.0493393626115865 0.2569173786246544 -0.21065041191266 -0.04990022807004303 0.9762900892077149 71.09880983346619
0.9760028928899492 -0.0014238549195491209 0.2177821344683252 1.884377170711027 -0.010277469394186625 0.9985680974295833 0.05258551527815738 0.30069653230818805 -0.21754499551904277 -0.05356293539332024 0.9745825653719227 71.96109884387924
0.9756986473967564 -0.001280079091843386 0.219143944024452 1.9870175194693256 -0.01058299087291121 0.998546056196641 0.05294858023990337 0.32267711779856667 -0.21889280164818925 -0.053982130268378295 0.974257806066565 72.40062215019273
0.9746749279953113 -0.0017474092821415936 0.22365021185181375 2.176012030978747 -0.010553365446099285 0.9985013638257416 0.05379006939281024 0.3609231747383426 -0.22340864388955062 -0.0547889470110735 0.9731869564101617 73.17886103676236
0.9733194314664809 -0.0018405877075422928 0.22947755930532915 2.3671529988011986 -0.010701181136901033 0.9985211152845599 0.05339416989321569 0.3948622026298822 -0.22923610140247166 -0.05442600835108429 0.9718511482590341 73.95198577784707
0.9727714137727574 -0.0018189409543687566 0.23179082650985236 2.469894798208874 -0.010776358046462792 0.9985383234732883 0.05305728858804891 0.4117986205713748 -0.23154799120266037 -0.054111025989358165 0.9713206180769369 74.36804759554451
0.9710145806536232 -0.004321503895776688 0.23901179975571996 2.672655020752687 -0.008341552320888578 0.9986206559553567 0.05193966632009234 0.4459593958738624 -0.23890611478874632 -0.05242828598899187 0.9696294704498448 75.14581661447382
0.9695497713929715 -0.004677798231545429 0.24487890814652796 2.8884984452556637 -0.008361589066859661 0.9986080512243923 0.05217755653278651 0.48387702782712855 -0.24478166292662729 -0.0526367404808246 0.9681515646716493 75.96525964581475
0.969318981671216 -0.0046958696346948 0.24579035939447597 2.991202650239662 -0.008504204382826402 0.9985839776701638 0.05261188536872568 0.5036262027515741 -0.24568897200219092 -0.05308845961621925 0.9678968805525638 76.3557809239477
0.967852294880582 -0.006046900527496983 0.2514760601620595 3.2224192069512743 -0.007852649371434286 0.9985033969134909 0.05422707526753799 0.5462643493809336 -0.251427208169675 -0.054458884862427046 0.9663462125682937 77.20239594985608
0.9663449696923008 -0.00587326122524188 0.25721259574544786 3.4545015271449615 -0.008707181988273829 0.9984266652478849 0.05550519020844845 0.5921843131515552 -0.2571336420542948 -0.0558762957915091 0.9647630212662255 78.023955451163
0.9659751532412946 -0.005763871943820221 0.25860092839841053 3.573831195412279 -0.008995748893660567 0.9984051221642614 0.055849132851122335 0.615577536083915 -0.25850998700638905 -0.05627486641970777 0.9643720434615629 78.44593753376743
0.9646407103851633 -0.005155870503630887 0.2635496570284919 3.816454090444486 -0.010575615122610602 0.9982539332996604 0.05823074177199212 0.6651321972160232 -0.2633897892376742 -0.05895801872295448 0.9628908984980445 79.2993658933734
0.963170673442105 -0.002708747648700931 0.2689100503977229 4.056198813751349 -0.01471185412567226 0.997928685055738 0.06273935733787867 0.716330458393616 -0.26852366827791807 -0.06438366605768064 0.961124876563695 80.12084631927213
0.9630129747726031 -0.002377055701618451 0.26947868605982955 4.175926086324777 -0.015527928342092018 0.9978181325475008 0.0642850981335826 0.7445911526572424 -0.2690441731774663 -0.06609075818883779 0.9608636376247752 80.52929587965554
0.9614675176596521 -0.0011323733933634372 0.27495058458581795 4.431862759193564 -0.018193781198482802 0.9975461864420634 0.06772168358536718 0.8020210038754438 -0.2743534690127301 -0.07011315104542468 0.9590762618947758 81.39336007739246
0.9597215345928966 0.0020616363918778877 0.28097921178299207 4.68550088249732 -0.02173734933174744 0.9975294008062437 0.06691960872058116 0.8535817917818307 -0.28014802271609424 -0.07033035472936217 0.9573838236174903 82.2354611156725
0.959175063682016 0.003229008892378779 0.2828273305929975 4.818545468019557 -0.022746097619455972 0.9975849817502397 0.06574423774243782 0.87657871219143 -0.2819333430972932 -0.06949168052262204 0.9569207138020189 82.67331614910289
0.9571576975300291 0.003184612019571544 0.28958223927095045 5.069392795488126 -0.021933261537088283 0.9978731212813677 0.0615153810804681 0.9144871033239111 -0.28877162394116085 -0.06522964112240598 0.955180307310698 83.46445783056926
0.9553512140888152 0.0019546687805803127 0.2954989212470058 5.3347077563338425 -0.020035169128155405 0.9981139803585842 0.05816466426329915 0.9544964276177265 -0.2948290512118132 -0.061486374009938304 0.9535768602811497 84.29072135895242
0.9550307309361847 0.0017006677000833109 0.29653380665060214 5.47838888207942 -0.019754082721549045 0.9981358088763199 0.057889073412979684 0.9765024565226872 -0.295883403303978 -0.06114205698089942 0.9532720972968907 84.74124084502026
0.95425776346009 -0.0015798443016186348 0.29901159602640326 5.747037281003186 -0.016498618435557826 0.9981926680018264 0.05792152290533564 1.0210649329727486 -0.29856343679177705 -0.06020381966133191 0.9524955425550825 85.56732939483392
0.9538669236177142 -0.005382562432106907 0.3002105786919623 6.0167540572135225 -0.012988259007337931 0.9981715795503182 0.059159169328431176 1.0674891690853154 -0.29998064118811185 -0.06032803396668445 0.9520420120115008 86.39838188936622
0.9537840496294059 -0.007801489384969878 0.3004219004875786 6.158304156053325 -0.010551368634788873 0.9981855274865448 0.05941346541113587 1.09363711484979 -0.3003409167725802 -0.05983604610676925 0.9519596983540533 86.84438871130493
0.9536505467180056 -0.009987480285190713 0.3007821774972227 6.435235484453144 -0.008745158807952326 0.9981159784366059 0.06086175619283212 1.145781391443152 -0.30082435382128764 -0.06066946343058392 0.951754421132415 87.70666726457617
0.953396566549221 -0.010895800868533976 0.30155454944748783 6.708903645305891 -0.00802051568364541 0.9980884195120201 0.06141261134117726 1.1962572444431339 -0.3016481900557036 -0.06096745614361121 0.951474475882513 88.55194879729495
0.9533647881908709 -0.012412985481177887 0.3015972303961234 6.855512537255422 -0.006432136537984204 0.9981004572755279 0.06140324617801609 1.2241277796207035 -0.3017874908572307 -0.06047780051324634 0.9514619290828925 89.00525526932496
0.9531829939403681 -0.013066829087389344 0.30214215642078035 7.12024033276651 -0.005627378195602841 0.9981349160725566 0.06091258350785926 1.2713514538506543 -0.3023757785495921 -0.05975917746959005 0.9513203593692429 89.82303478326568
0.952928496550525 -0.014986230340869636 0.3028556795348792 7.393491023044909 -0.0034472500699552436 0.9981864462027277 0.06023216826270605 1.3180613062074014 -0.303210119897508 -0.05843899197065875 0.9511369307217405 90.65918540488589
0.9529244394625083 -0.015400096601760793 0.3028493985111274 7.52886237705061 -0.0029405670608969206 0.9982021521776898 0.06000278450178534 1.3410914027627532 -0.3032298063035217 -0.05806665287953716 0.9511537072629851 91.08523913836633
0.9527365677322442 -0.01832736759680247 0.30327795447699674 7.80596202322035 0.0003953241002438897 0.9982619306616489 0.05907420697881637 1.388865436155718 -0.30383444485348093 -0.05616019669041585 0.9510753297826522 91.94419099179521
0.9525995440982488 -0.02306193787665935 0.30338583706417377 8.076346804742872 0.005919658496485537 0.9983487868997316 0.05729239909738771 1.4340830269700646 -0.3042070375772737 -0.05277861656749341 0.9511499709579663 92.77554797283317
0.9525501552317813 -0.0244832625964321 0.3034293469789077 8.214959581497519 0.00778149193141299 0.9984025559296125 0.05612155777967851 1.4559300244986384 -0.3043195666131284 -0.051095435411311965 0.9512058652267925 93.21206199126223
0.9523935250357112 -0.02456137520877701 0.30391386453523295 8.477311771818593 0.008148620349808643 0.9984541572715468 0.05514641398565784 1.4970219981111341 -0.3047992711893581 -0.0500427565098598 0.9511081496361534 94.02641035101618
0.9523553529458358 -0.024163685351226902 0.30406553806659 8.770626464613304 0.006839350390216537 0.9983079817545261 0.05790302802084503 1.5525958361478187 -0.30495121642785306 -0.053062618357566496 0.9508961561296679 94.94683567099787
0.9523111853219501 -0.024328508134318076 0.3041911101084048 8.92388281295752 0.006241766995322132 0.9981712601483733 0.06027901105252635 1.5864921333996933 -0.3051025608571222 -0.05550358020936553 0.9507086270775642 95.42943226439218
0.9525685772003051 -0.025489178282211786 0.30329006813240944 9.235894965830362 0.005871130195524661 0.9978504391548363 0.06540936190786807 1.653901927339546 -0.30430674826118315 -0.0605238142175121 0.950657601826159 96.39944583030992
0.9524699571851848 -0.02400244594937115 0.30372074087735207 9.547960195456223 0.004207086741820885 0.9978427326141553 0.06565199700123589 1.7197354984479531 -0.30464288696659597 -0.06125128474993604 0.9505032571343243 97.37557118995868
0.9523945274265856 -0.02219336150274531 0.30409492625610723 9.723231017609491 0.0026075157631605867 0.9979135302861563 0.06465060851295001 1.7516359163757342 -0.30489672361075154 -0.06077756531332836 0.9504522914661981 97.92637682437248
0.9522014277627135 -0.018805977222502386 0.30492588367723833 10.02099023946381 0.0001868063591271625 0.9981487009765453 0.06096449149423445 1.8008427182789786 -0.3055096939919361 -0.05799126864919276 0.9504292548731454 98.86230852191933
0.9521486229160494 -0.017040866811263874 0.30519546475679027 10.314680153824474 -0.0007649089800125146 0.9983183619983925 0.058116123696468604 1.8481505437066001 -0.30567428461526847 -0.05556634299843938 0.9505213297644061 99.77537783855816
0.9521030474219789 -0.01709557661026431 0.30533495640171926 10.477576302101667 -0.0007013152228451798 0.99832118956793 0.058070290079971026 1.8772579074696765 -0.3058167979094816 -0.05550091490517554 0.9504794687466303 100.28388999749303
0.9520055510171784 -0.01872710252274172 0.3055435648479395 10.783466966015466 0.0009956751121336556 0.9983208342544386 0.058072630002186786 1.9315061960753899 -0.3061197243445295 -0.054979099568828724 0.9504123110827258 101.2135582654206
0.9519461851349192 -0.021985538161824924 0.3055103414956113 11.07524197281858 0.0048519165155735755 0.9983871058828135 0.056716599279038736 1.9815682753345882 -0.3062662441578499 -0.052506758628308954 0.9505047823762568 102.10327540087577
0.9519719203744983 -0.021872308515696683 0.30543973780038397 11.212450640552541 0.005020979966302328 0.9984362507619388 0.05583457156657552 2.002458415875652 -0.3061847394893244 -0.05161745547345422 0.9505799181281053 102.53225984589548
0.9521717526591149 -0.022689167811286277 0.30475800436547024 11.503622462117791 0.006873865094355878 0.9985875409931919 0.05285406735723475 2.0461311983913206 -0.30552795454475323 -0.04822959078337228 0.9509692130284225 103.44065924710019
0.9521925099286295 -0.02316124381376293 0.3046557727729263 11.785360517226044 0.006899369925161301 0.9985076402518724 0.0543333955213946 2.095942331364147 -0.30546073931816803 -0.049632187158342646 0.9509184391699016 104.31865652571142
0.9522234751961152 -0.023667218543372014 0.30451935383535667 11.971093921883373 0.00665891090442414 0.9983736572227254 0.05675882162306467 2.134181735809589 -0.30536847643041387 -0.052018284584563444 0.9508199261237064 104.90463382221952
0.9523378540481393 -0.024294260062498563 0.3041120383525559 12.29647218152872 0.005684213801687777 0.9980731895586354 0.06191837652344319 2.2017843501870376 -0.3050313190643704 -0.057237384769405805 0.9506285852836059 105.93184227731113
0.9524004514532886 -0.024703362794316414 0.3038837722473303 12.593969043085862 0.0048723495185321345 0.9978273212107939 0.06583146259509479 2.2661038145685786 -0.30485102226385125 -0.06121566193459896 0.9504392072486263 106.86333418687023
0.9525159879859588 -0.024611883818973328 0.30352957256560964 12.75889244622822 0.004688882402476595 0.9978053826418001 0.06617965428513653 2.3032885203569298 -0.3044933918300398 -0.06161211613120031 0.9505284645200128 107.38801827825834
0.9527620611456556 -0.02161380769286915 0.3029839807180329 13.036672629802636 0.001054596418806251 0.9977040027324638 0.06784215448237253 2.36661465469331 -0.303755949327581 -0.0643159000872039 0.9505847433006042 108.28613607517576
0.9531796746960471 -0.01604464359482542 0.3020150145209969 13.332614383847813 -0.004828860930665654 0.9976666895009333 0.0682277214159554 2.432780022214381 -0.3024063208450694 -0.06648970509847728 0.950865381617989 109.25095949320529
0.9532472626666526 -0.01513338382054795 0.3018490169544408 13.495142247303976 -0.005531061941407331 0.9977144390632495 0.06747375546742725 2.4654796932492777 -0.3021812915880567 -0.06598680823780087 0.950972017923623 109.77457475042745
0.9537773547580133 -0.012240044477677677 0.3003005234941169 13.776329022404777 -0.006620396885682358 0.9980816975337572 0.06169326897892608 2.5118176639300724 -0.30048106464741947 -0.06082818502721782 0.951853989978556 110.68088513373407
0.9543409154270086 -0.009038749510375742 0.298618902831481 14.04370007850776 -0.006883244048821273 0.998621048568161 0.05220933582977627 2.5413917214896404 -0.29868027641587447 -0.05187973345240833 0.952949878057367 111.54352497649475
0.9545384778830052 -0.007245306995989304 0.29803450689873845 14.217693468314623 -0.007658718452479147 0.9987879187760962 0.04879512204233498 2.5636594092690603 -0.29802836776769287 -0.048858257974841085 0.9533135594456417 112.1147623571071
0.954745309247178 -0.00802309698770064 0.2973522247782968 14.495579168418283 -0.006188632125585748 0.9988933545813815 0.04680679379789072 2.603101379821253 -0.2974000701335543 -0.04652786014038205 0.9536261984281932 113.0057505460654
0.95517498583702 -0.011482552398774196 0.2958539236258166 14.785151927672793 -0.003167860685821606 0.998803126001915 0.04897772653460226 2.6506593520399857 -0.29606343700744264 -0.047718850187156485 0.9539827704793817 113.93333407364689
0.955294249243886 -0.013971061698656908 0.29536265296160685 14.932657838906836 -0.0006266521922690894 0.9987945380862813 0.04925517057506656 2.6766974359887503 -0.2956959500518607 -0.04723756345170598 0.9541208826943971 114.41185603877989
0.9556049220818231 -0.01948860049927718 0.2940421544769997 15.20641725650572 0.006073493809921588 0.9989110863367814 0.046450698706999985 2.7165317393328734 -0.2946283484178623 -0.04260187656484261 0.9546692615734105 115.28235930687073
0.955746162044104 -0.024181661457087198 0.29323406851776 15.47813278295455 0.011805462007228677 0.9989761132560265 0.04388503576318239 2.7537887454043886 -0.2939961503779457 -0.03848032861315484 0.9550390003722133 116.15243346077965
0.9557993230232263 -0.0245315632958442 0.2930314472073111 15.610719984235121 0.012198522747962546 0.9989740167783667 0.043824172865757564 2.772334642611896 -0.2938071331502632 -0.038311821915455076 0.9551038854662874 116.59078102745218
0.9561894559689872 -0.025703153054914142 0.2916572298941276 15.887031270811338 0.013045030543996762 0.9989006356603047 0.04524443997979965 2.812714771876546 -0.2925007714538259 -0.039456509731763206 0.955458527756361 117.49230485529952
0.956546518120366 -0.027733780101086188 0.29029707279381334 16.167056313179877 0.014031098862809083 0.9987021611133253 0.049159265231901846 2.86036345090318 -0.29128504128337973 -0.04294860696910147 0.955679480909549 118.41686986910317
0.9566247246319206 -0.027941862032393246 0.2900203758297336 16.3163239241241 0.013661122322769012 0.9986083900025505 0.05112855430206186 2.8890066937991428 -0.29104686528397244 -0.044947534509521825 0.955660360120877 118.9168575920496
0.9568454995853117 -0.026798555497795595 0.2893982979511937 16.60199915304141 0.0112496002102075 0.9984196359919333 0.05523907692640745 2.9433004260427293 -0.290422571050265 -0.04959833230299613 0.9556200592238929 119.87304013246305
0.9568483088547652 -0.024878595536848413 0.2895613933075736 16.900570665035485 0.008000715183993626 0.9982177335828464 0.05930682969294266 3.003379541038155 -0.2905221941184593 -0.054429318733117786 0.9553272334870465 120.8609963928957
0.9568767185927232 -0.02343895140682532 0.289584903431263 17.0533778079228 0.00640808626563427 0.998211249815182 0.05960233096718797 3.034743885150049 -0.2904661560112161 -0.0551743420053465 0.9553008890001524 121.36858575465286
0.9567956853193789 -0.021082053292422534 0.2900334669723564 17.35170581609624 0.004127981450648527 0.9982635995393501 0.05892580982528806 3.0910199717287803 -0.29077421682395643 -0.05518073246589887 0.9552069338200552 122.35488581203022
0.9564207456543948 -0.0178670362834054 0.2914845123808418 17.61469676371462 0.001860871893115411 0.9984900907691726 0.05507995649974212 3.129227754970765 -0.29202995246745866 -0.052135354346851855 0.954995476641439 123.22366310751052
0.9564204962606422 -0.01780851569146346 0.2914899926893505 17.76220578787152 0.0023828994311131356 0.9985926721197367 0.053171330289279284 3.1476544120990395 -0.2920278413181768 -0.05015767362688979 0.9551022628579124 123.70669634664603
0.9564455281428704 -0.016207629164059663 0.2915001631881669 18.051916179191362 0.0016466712110669779 0.9987522477146843 0.05011017629153717 3.18630165451639 -0.29195024739652814 -0.04744558631867302 0.9552643344469963 124.66063341396946
0.9563586605907985 -0.017293748818047953 0.29172297113782897 18.328632680288745 0.002817374799617043 0.9987572340440976 0.04995358314400382 3.2286066890907934 -0.29222616647743316 -0.0469496310367498 0.9552044331426056 125.5598214989652
0.9564534655856245 -0.017302467668364224 0.29140871061974444 18.49195183224937 0.0028184283011395282 0.9987529744417619 0.050034266221459366 3.2557587774241843 -0.2919130323046591 -0.047031953720668214 0.9552959415438551 126.09503310855119
0.9564426538635775 -0.017571818009769744 0.2914295285048915 18.7868334951843 0.003056000568642208 0.9987458260916394 0.05017272457521991 3.3031895336446544 -0.29194738461942643 -0.04709482521133811 0.9552825888348137 127.05402756891748
0.956395781029692 -0.017682747759032596 0.2915770563656529 19.076691851091358 0.002936970081223704 0.9987086617327455 0.05091608752463713 3.3506032789108886 -0.2921026018355769 -0.047837776138319237 0.9551983520861344 127.99800015631624
0.9563784037227896 -0.017549841477339578 0.29164170554601954 19.227165365399703 0.002732428095226582 0.998698630663075 0.05112011393257961 3.3767501440033767 -0.2921611509372949 -0.04809131761030436 0.9551676171978668 128.49407790894548
0.9563193313105525 -0.017934738983590354 0.29181176673751874 19.514227160158693 0.002850530448920039 0.9986519182670199 0.05201836073942168 3.425462333901673 -0.2923530096855569 -0.048912257267365464 0.9550673683612991 129.42788661952233
0.9559892408240179 -0.016811416161837643 0.2929576702543331 19.81405796954243 0.0017308052721456185 0.9986736689214436 0.05164500184056908 3.4745265809544654 -0.29343923633429075 -0.04886289226601163 0.9547364560897919 130.4081824232574
0.9559540004210796 -0.016562679413467847 0.2930863585720331 19.959772584309196 0.0014662114378172484 0.9986747580023269 0.05163702004730748 3.49883116674346 -0.29355479912001636 -0.048931066407939525 0.9546973997983287 130.89064488304967
0.9556426849643064 -0.014544784281070353 0.29420647927612464 20.253499226742186 -0.0005051232142381481 0.9987084107249979 0.05099747403617121 3.5453595807654796 -0.294570156375005 -0.048881991327973426 0.9543867433988615 131.8587179529861
0.9554463698190547 -0.011444197490822152 0.29498012211010755 20.54815600010358 -0.003434880497278887 0.9987600859582237 0.04985735890347251 3.592396560277432 -0.295187100273261 -0.04864729360620301 0.9542079867023756 132.83713355900198
0.9553827354564289 -0.010685500138247863 0.2952144743225006 20.71431058783609 -0.004217635206378555 0.9987607251014011 0.0497832607667251 3.6201856261096474 -0.29538276440909933 -0.04880522500250509 0.9541392857796831 133.38701463144338
0.9553275254198598 -0.010410974293667868 0.2954013564577995 21.004893854898214 -0.004854181003847121 0.9987021249788605 0.050881240489998786 3.6701103911243234 -0.29555024115618195 -0.05004004492377734 0.9540231127444039 134.3291182312062
0.9555376337088062 -0.010728294442327311 0.2947093120840764 21.300978303318384 -0.00523567742223218 0.998573268413729 0.053311794461334765 3.7226004345931933 -0.29486321187593034 -0.052482563012706616 0.9541042086434609 135.28748576154172
0.9555181561977162 -0.010353441943191434 0.2947868314565086 21.457978599681233 -0.005748209175782225 0.9985505219246225 0.05368733292054641 3.752346453316876 -0.2949176430552533 -0.052991937971653594 0.9540592800647291 135.8005936079038
0.9554000982684498 -0.010116605010208569 0.2951770182285606 21.742075424905885 -0.006091285181438788 0.9985357387383247 0.05392330498457147 3.802119046247373 -0.29529265903392726 -0.05331449966481075 0.9539253143648755 136.7184827919032
0.9552656779739976 -0.00982691180461351 0.2956215247393825 22.02278146115305 -0.006299919696826341 0.9985553876622945 0.053535732494197005 3.846610381381536 -0.29572286782825247 -0.053001447703070574 0.9538094258670395 137.6166851017077
0.9552244324086907 -0.009772406503058611 0.2957556869524766 22.168128919508547 -0.006322848735832938 0.9985623338016154 0.053401293461626934 3.8687964254329517 -0.2958548094123427 -0.052878436774966536 0.9537753267725976 138.08512241712467
0.9551651409110379 -0.010321256401853152 0.2959292689291593 22.465105158455636 -0.005554543827371549 0.9986021384671284 0.05274143138242498 3.9154223027788184 -0.2960622512394902 -0.052018629656333006 0.9537584453511028 139.023559493541
0.9551524726407892 -0.010504659648321096 0.29596467735317766 22.76972277732438 -0.005289070656359021 0.9986165177074607 0.05249711992098534 3.9640211748354712 -0.2961089042796806 -0.05170622532077741 0.9537610938243335 139.99280457012136
0.9552077367198413 -0.010766557356884707 0.2957769888772597 22.922551746814847 -0.005020072228527147 0.9986152713565983 0.05254681577906312 3.989461718149059 -0.2959354385743429 -0.051675959521064206 0.9538166013776037 140.4868373234472
0.9551867232038406 -0.012478591384445842 0.29577773517996575 23.205723796691874 -0.0031002282130771623 0.9986449432398169 0.052127797722049285 4.0349252655645795 -0.29602975930949726 -0.05070682309860112 0.953839266587914 141.39058746925735
0.9552218464390599 -0.01258793087423046 0.2956603434595668 23.481373269903166 -0.0024329912601728167 0.9987374021541334 0.05036618137166798 4.074850697823956 -0.2959232029036782 -0.04882848642296941 0.9539705050709958 142.27485976836417
0.9552674531511931 -0.012263135479263372 0.2955245884186495 23.62999412705444 -0.0023884243276270857 0.9987975678974622 0.04915210567521714 4.094228823077964 -0.29577473991758935 -0.04765717548650364 0.9540754289410236 142.76073419011513
0.955451380223579 -0.010112677409495615 0.29501064678230116 23.896953764648 -0.0038179725446192917 0.99891594212941 0.046592093015365287 4.129248743667085 -0.2951647450885314 -0.04564073567808783 0.9543627617835565 143.63175121205143
0.9557116447999803 -0.010738681344758659 0.29414380972565607 24.19260065269016 -0.003992670233887823 0.998779102774356 0.0494215289821146 4.1770013644323765 -0.29431797876179133 -0.04840549994704657 0.9544877789445989 144.59095452259186
0.9559146330777317 -0.012810226664705264 0.2934008943346881 24.360815678890187 -0.0028773328472673503 0.9986017930385928 0.052959376941057346 4.210156083050558 -0.293672116866788 -0.05146664590426575 0.9545271729091458 145.13589473637063
0.9562047812442925 -0.01845572010029666 0.292153490773708 24.679756840302623 0.0016810720939611414 0.9983510192685526 0.05754927451581369 4.273476923239095 -0.29273733858156487 -0.054534936361121764 0.9546442700842195 146.15444423932453
0.9562793817045454 -0.023582556966427696 0.29153986730557296 24.960600565799126 0.008161967567193906 0.998518050824927 0.05398236886699668 4.31661023250081 -0.2923844517986376 -0.04923998002732685 0.9550399670071383 147.04943778268296
0.95633862156978 -0.02365567306133829 0.29133995621923464 25.103517439922307 0.009266121640936913 0.99868259669078 0.05065797999652776 4.335075134962158 -0.29215822498611393 -0.045743686810579644 0.9552830308457316 147.52824483517256
0.9568757351511485 -0.022942907952169952 0.2896291325048087 25.63816441569802 0.010423829041774397 0.998956660584863 0.04467881860087726 4.404703249540072 -0.29035554105694 -0.039730418446812014 0.9561012758757023 149.2957133129914
0.9571909815303291 -0.025531369653417017 0.28836946731009494 25.805973581935717 0.01197010481974998 0.9987526470568423 0.04867889066828429 4.4361691786151525 -0.2892565663782847 -0.04314029825676634 0.956286971083117 149.85130625162117
0.958050672053645 -0.027869680010831042 0.2852818869472052 26.132291581254464 0.010416785577863361 0.9980007604494043 0.062499251788710374 4.518002301534883 -0.28645723472307466 -0.0569025752569715 0.9564099644086733 150.9562497917183
0.9585510762972957 -0.028962319655503575 0.2834859706521513 26.460577737546533 0.007087148059051016 0.9969478339294386 0.07787430284427799 4.623349359410888 -0.2848801964713473 -0.07263403892916703 0.9558151342267025 152.08353682972793
0.9586069080729824 -0.030799057906476048 0.28310286553672814 26.633456843973267 0.007742366554261706 0.9965966179728298 0.08219000183527155 4.679128745706653 -0.2846743478190508 -0.07659260119463 0.955567421337567 152.66862219404567
0.958652359567151 -0.031196271748587922 0.2829050570676076 26.94915795246101 0.008281703690501178 0.9966227144216113 0.08182109601771839 4.765020325464211 -0.2845057778347731 -0.07609179741837419 0.9556576313754308 153.73215394096184
0.9581728740450314 -0.026179756568767552 0.2850317963094198 27.246565487772944 0.0060099306738644245 0.9974402228442236 0.07139630304538375 4.8213517934184615 -0.2861746246430376 -0.06669383037931714 0.9558615656603512 154.73310714432023
0.9581025448563943 -0.023788492238104215 0.28547840449240697 27.398442847544036 0.005481270523143981 0.997897282274035 0.06474357918333375 4.841342971040447 -0.28642121583619684 -0.06046278908782251 0.956202219223492 155.24529684810375
0.9578514685280449 -0.022327002021931767 0.2864351860292985 27.693390526549482 0.006573035933876473 0.9984287238689378 0.055831081228958974 4.880817221419837 -0.2872347771124896 -0.05159175288187835 0.9564777422824151 156.22180398514269
0.9578263498175094 -0.023363004920915965 0.2864376446731116 28.002045592741926 0.0070160161792384495 0.9983050149025087 0.057950548323116004 4.940511467552979 -0.28730922842444334 -0.05349354762837184 0.9563512366042606 157.2459478146436
0.957788994407045 -0.02415050585619251 0.28649691002372984 28.171620964549124 0.0069141396156789815 0.9981235205484639 0.06100937583481909 4.979422960527245 -0.2874358396524291 -0.05644967214227327 0.9561432781654426 157.8114255728364
0.9575739519023382 -0.025486573753885387 0.2870987643786198 28.500815313761475 0.006949868918775417 0.9978460144915473 0.06538757463546788 5.052638728873396 -0.2881496851934693 -0.060614695723067866 0.9556729840199139 158.89501626756658
0.9573447058104032 -0.025034782667258438 0.2879025053459067 28.816957850391383 0.006384547874763974 0.9978409008260816 0.06552307142736906 5.120003938016954 -0.2889239252451383 -0.06088683491216109 0.9554219419414927 159.931505118243
0.957301080618261 -0.025099013269863798 0.28804112765638185 28.994893544247507 0.006514249342501297 0.9978555290199873 0.06528600388092735 5.155842402425413 -0.28906478503799804 -0.060618749665412155 0.9553963649599863 160.5133136395723
0.9571174021460129 -0.024418065517972553 0.2887099823816468 29.31291401468276 0.00626978193947247 0.9979655718604348 0.0636056700051833 5.217296809464238 -0.2896785978098104 -0.05906470582547821 0.9553079715415363 161.55352501145913
0.9569511159191393 -0.023537764184836565 0.2893340212982875 29.604198746119025 0.005887698900247653 0.9980872818340281 0.06170940665051441 5.271465018762806 -0.2902358903889079 -0.0573459915894702 0.955243630014934 162.5056389819106
0.9569048152411459 -0.02348569433944471 0.2894899256258268 29.767319630119637 0.005799570018439856 0.9980825946035152 0.06178988007757809 5.304253059924411 -0.29038910967488846 -0.057444777658786354 0.9551908345057962 163.0417888697514
0.9569540155217949 -0.02564136259220491 0.28914397992033464 30.051169914158287 0.007183730877554069 0.9978887072400109 0.06470583627319552 5.366546524075503 -0.29019562149822475 -0.059839829391064546 0.9551025030060737 163.96573253482626
0.9569548982788847 -0.028915170703702843 0.2888305087295136 30.346713928094296 0.009627947969451704 0.9976509608488009 0.06796602553165869 5.434341978680117 -0.2901200507060973 -0.06225627563862901 0.9549704242841652 164.92884223028614
0.95709490370257 -0.030991467759749956 0.2881502247687172 30.524629440952847 0.011708920714555395 0.9975995805498882 0.06839264052994648 5.473271107952359 -0.2895807295963111 -0.062080926212768416 0.9551455674803376 165.50556322420394
0.956968813761022 -0.03480881173226332 0.28813454627128904 30.796306836308002 0.01642307953327893 0.9976962746147899 0.06597242519731072 5.529138252900052 -0.2897697484109845 -0.05839809037912077 0.9553207203310358 166.39424535030957
0.956921386941671 -0.036773382075212274 0.28804881376035296 31.074245180402425 0.018314356436910924 0.997628133863355 0.06650715718397855 5.589798713258161 -0.2898138122672931 -0.05836275403303495 0.955309652034909 167.29514244674567
0.9569302530881022 -0.037434762371068665 0.28793406504684976 31.22296128931212 0.018335473780403434 0.9974767265574689 0.06873487059840402 5.628302961127545 -0.2897832024140015 -0.060491137327163096 0.9551865467815384 167.7879832489843
0.9571689134495444 -0.03810846839861279 0.2870507344049784 31.515255907051476 0.016797866148017666 0.9969512794608999 0.07632995412128678 5.706600706409967 -0.2890870456338387 -0.06823472302795396 0.9548757255731889 168.75573042139533
0.9571882712740462 -0.037708085250703266 0.287039873631799 31.78500400536038 0.015137530978250328 0.9966551110536254 0.08043871951195333 5.782534790099572 -0.28911532830156417 -0.07264552602212027 0.9545417565087255 169.65593062517988
0.9572000469341779 -0.03711711260967818 0.2870774341093706 31.913813793003488 0.014504699065149717 0.996660481232267 0.08048691656274266 5.818832667607681 -0.28910866032889815 -0.0728736474089696 0.9545262752581981 170.09214740418392
0.9573301315498883 -0.03344725374466964 0.28709481012551724 32.15840585345768 0.010870623382860512 0.9967567480046795 0.07986451176803006 5.884761310123149 -0.28883745389025284 -0.07333118959492055 0.9545733421858775 170.92267733677068
0.9572300391035568 -0.026023268604758277 0.2881955775538843 32.37782827533991 0.004005906965055521 0.9970555031858062 0.0767144261418542 5.939550804951387 -0.2893457405479587 -0.07227425501931682 0.9545001345699028 171.68699151410945
0.9573090928391778 -0.02146633309068618 0.2883073423235985 32.49537560450011 0.0002657651610145084 0.997315662722801 0.0733625016354815 5.969328215587456 -0.28911070420093926 -0.07014946752361893 0.9547295948365222 172.10169989966755
0.9570385502682599 -0.0155349332492703 0.2895832419668246 32.70774087204752 -0.004401417763794411 0.9976819749388335 0.06805593386379892 6.013547487718604 -0.28997193245060987 -0.06640230185409651 0.9547361227931384 172.8315331119615
0.9571155961357206 -0.014891598142030142 0.28936218522932267 32.91415885540364 -0.004824766841447869 0.997731552063024 0.06729416577336575 6.059804352175623 -0.2897108119305619 -0.06579985213252613 0.9548569719909065 173.5252902354011
0.9572700011989342 -0.016430160878699553 0.2887668157933601 33.02682293552909 -0.003664917970232654 0.9976265880589998 0.06890087912765383 6.09062817513802 -0.28921629418599687 -0.06701061399130205 0.9549226070003388 173.90435082082197
