1.0 0.0 0.0 0.0 0.0 1.0 0.0 0.0 0.0 0.0 1.0 0.0
0.9999998807907104 -0.00044104456901550293 0.0002600252628326416 0.006777106784284115 0.0004412829875946045 0.9999997615814209 -0.00011058151721954346 -0.006672442890703678 -0.0002599358558654785 0.00011098384857177734 1.0000001192092896 1.2976629734039307
0.9999994995944297 -0.0012905314508286914 0.0002862159562710964 0.01401743521057 0.00129044319772742 0.9999996003916436 -0.00033443010771838644 -0.01503944732992575 -0.00028553121805074966 0.0003347370479556133 1.000000206791504 2.6110516334934246
0.9999952942175165 -0.003199407353599383 0.0005432882732592251 0.022614984557320257 0.003199513150709041 0.9999949634508913 -0.0011290389535797032 -0.026215301535247176 -0.0005393812666669605 0.0011306609646555322 0.9999995099584813 3.897083398140926
0.9999861885423003 -0.005286288827080611 0.0006269570403894584 0.03118300157744925 0.005287797968278745 0.9999821229328418 -0.0028893208460418827 -0.04003055905111278 -0.0006114501767438029 0.0028926368546662983 0.9999957487561684 5.128106505758902
0.9999760879464871 -0.006952522939478717 0.0006929357529589251 0.03884872111728379 0.006955272535978344 0.9999665125850948 -0.004374107877958309 -0.05593796406216821 -0.0006621627634683132 0.004378826545067879 0.9999902848043994 6.382113531799481
0.9999720813149655 -0.0074976524742748725 0.0008326430890575116 0.044537002639509306 0.0075014676155514505 0.9999598642534077 -0.004930029585382326 -0.0718623016006388 -0.0007954025566827138 0.004936275348840277 0.9999875179325604 7.626719309168809
0.9999697811875087 -0.007793537860734157 0.0009311975510676862 0.04912328313769116 0.007798187396548962 0.999955210174377 -0.005410395725169252 -0.0876407843409045 -0.0008886209080238696 0.005417603613364414 0.9999848291567335 8.847205541517749
0.9999595101849876 -0.008980689706449257 0.001127313231210686 0.05519890325110796 0.008987625703062012 0.9999390497828693 -0.006440427702524227 -0.10454347124725469 -0.001069083845384087 0.006450661297448312 0.9999785370720591 10.080061840616377
0.9999607828504921 -0.00877818827823529 0.0013455162815135752 0.05696985864782449 0.008786601823670968 0.9999413669351235 -0.006305692218033204 -0.1190139449296307 -0.0012898788383343721 0.006317944053004819 0.9999788013399318 11.296722305640486
0.9999694457003393 -0.007585893277539188 0.0018014638550330072 0.05807896626134896 0.007596453298356423 0.9999535071543644 -0.0058592878312102355 -0.13183528560563873 -0.0017570169514554313 0.005873813258875621 0.999980347520103 12.524338623479384
0.9999802910408454 -0.005699910055160509 0.0025312268523621766 0.05939951819949685 0.005715158240457561 0.999965164599123 -0.006005199039756784 -0.14606449074604702 -0.0024970395443197706 0.006020600796675438 0.9999778200509866 13.76224075613319
0.9999908932016087 -0.0026596112042617088 0.0033013114063401372 0.060460493987317475 0.002682389540905836 0.9999723966482854 -0.006896294881814426 -0.1631025933844314 -0.003282826937086195 0.0069059926876117155 0.9999703395671052 15.003338245871934
0.9999910982291863 -0.0011871633187804328 0.004026858785336059 0.06456048219602904 0.0012170413002105661 0.9999719069907033 -0.0073829444448798185 -0.18058900068764816 -0.00401822491987849 0.007388678467242914 0.9999641108061543 16.249621641883543
0.9999876338170542 0.001426106907663276 0.004799779876573832 0.06871345835521935 -0.0013912150742595739 0.9999728236546946 -0.007247123804335748 -0.196011561624452 -0.004809973719288751 0.007240856866569173 0.9999622394023439 17.514545589655498
0.9999820789816397 0.0025814912828059857 0.005453097594281192 0.07611077943134545 -0.0025456822954858416 0.9999755170592897 -0.006514730071505211 -0.2104716090487151 -0.005469788111060249 0.0065013610614571395 0.9999636965432521 18.74932585262124
0.9999762655775746 0.0034928983677870937 0.005934965635576433 0.0837785409059347 -0.0034557286763586582 0.999974671663011 -0.006179283645807094 -0.22499174051480447 -0.005956444417461659 0.006159487837518623 0.9999628967660853 19.989369121189714
0.999965071431938 0.00504901005936245 0.006663721274974428 0.09160720624935412 -0.005004748834327705 0.999965666354846 -0.006568867316333765 -0.23898175514607248 -0.006696760787695405 0.006536001376614317 0.9999558060212747 21.248262779638388
0.9999446918789665 0.007503189257987675 0.00735135325792732 0.09920751628695852 -0.007450689490695077 0.999946921582677 -0.007079355525524119 -0.253721462465443 -0.007404406597119752 0.007024903196682007 0.9999470352195565 22.464733425832065
0.9999087099500876 0.010664944093519826 0.00828980909358487 0.10648170816294747 -0.010609238955215154 0.9999208725332016 -0.006680091105480457 -0.2666641273207118 -0.008360726243588214 0.006592326117455492 0.9999421877057119 23.675724436001342
0.9998790495086798 0.012739816064407963 0.00894857771252028 0.11602435457015949 -0.012699672871808265 0.9999090980288836 -0.004493140288281391 -0.2769790651592398 -0.00900575495956553 0.004379520588221325 0.9999494302808111 24.890891181252215
0.9998660413400368 0.013157788621513875 0.00978528216662303 0.13155885901943049 -0.013131806319308164 0.999910471715008 -0.0027058738341255223 -0.28683126388566615 -0.0098208220184837 0.0025776256558973547 0.9999481260176384 26.11115397328356
0.999855967780691 0.013622490743050393 0.010214180765789354 0.14839801817408887 -0.01359247349886717 0.9999040550849949 -0.003018854558857476 -0.2991788283878981 -0.010254751978820783 0.0028797122385059233 0.9999433198682193 27.348722108881418
0.9998621483774386 0.012942314067115771 0.010447255623355885 0.16891157669019835 -0.012902823935547019 0.9999099160141331 -0.0038247287970064603 -0.3138522566860532 -0.010496499987299212 0.0036897472320850527 0.9999377906071775 28.597175393500446
0.9998669998441778 0.012115863073794335 0.010995667281521838 0.1896530685659275 -0.012070729706108445 0.9999189579247547 -0.0041743796380109355 -0.32759066586234115 -0.011045906929254256 0.0040413884059124485 0.9999306037392814 29.812208439426016
0.9998701525858039 0.011283138407292677 0.01154632977124481 0.212963786246794 -0.011228032150694263 0.9999256182624308 -0.004828284261058666 -0.34341984253309343 -0.011600480527584268 0.004698297293851886 0.999921222001642 31.031304443698684
0.9998698815135072 0.010505632884976437 0.012282218963316244 0.2375239374731921 -0.010412695876043444 0.9999171730149843 -0.007590764633923571 -0.3644648435747911 -0.012361655172271988 0.007462316562940994 0.9998952115959412 32.214393986154676
0.999874205354045 0.009551541987947212 0.012696216506384191 0.26234282478338866 -0.009423466342441667 0.9999050556207124 -0.010086741838515899 -0.3880230074160795 -0.012792188608117965 0.009966035038543593 0.999868017137679 33.38979032299358
0.999869978018312 0.009255449950742074 0.013213504703674613 0.2840349752218126 -0.009140282832722094 0.9999204374086796 -0.008720557910487224 -0.4050657934651215 -0.013293981800977836 0.008598847949886702 0.9998742172814232 34.591666493116854
0.99987886366807 0.007468640747285956 0.013683987574749715 0.3072433699034742 -0.007412691994253045 0.9999642374967455 -0.004102760654471302 -0.41284454629430484 -0.013714915025496823 0.0040006719925592925 0.9998975450022421 35.803458585634495
0.999882725543679 0.005000918998459297 0.014477437862357802 0.33340376163088836 -0.004992870152510116 0.9999870257295781 -0.0005411482407937126 -0.41887437290260304 -0.014480604331045241 0.0004681201089397997 0.9998945035186461 37.00884906343903
0.9998859749701892 0.001558926850894989 0.015002012911619272 0.3620485565998679 -0.0015143977020833524 0.9999938021085285 -0.002914867502135831 -0.4316569581660222 -0.01500713952126877 0.0028912648801464437 0.9998826442499169 38.207929811102495
0.9998865987127814 -0.0032846734173015394 0.014652413044792548 0.39504934513058604 0.003398541825813667 0.9999638194549214 -0.007658086104430924 -0.45216861285062504 -0.014627589156252008 0.007706654053613005 0.999862559830482 39.421065779715164
0.9998682343563924 -0.007099321117626237 0.01460258896911227 0.4234067174518825 0.007285730170559652 0.9998925098747473 -0.012683988594804976 -0.478251396193824 -0.014511527654122839 0.012787993213860186 0.9998125770544014 40.61398467806372
0.9998366773689228 -0.010459921779198893 0.014751404010034363 0.4514210828242273 0.01070761546913086 0.9998016889789864 -0.016754522118938242 -0.5080055572493205 -0.0145737739289509 0.01690915865921764 0.9997504794626851 41.814713257934315
0.9998213594378512 -0.011913016448948576 0.014713919710115732 0.477157930491285 0.012187566759863964 0.9997510819039456 -0.018668665115157662 -0.5389737219778196 -0.01448832232883786 0.018843805543082164 0.9997172857464215 43.00645324763476
0.9998401566993368 -0.010283470144742183 0.014661497044566768 0.4969740837228721 0.010569629267321318 0.9997530130069191 -0.019532040260069772 -0.5724252939197406 -0.014457460420795244 0.019682997246173586 0.999701339215912 44.23754996255808
0.999863626103096 -0.008554392468625372 0.014150654599994502 0.5188757960169544 0.008882696600929756 0.9996896265828074 -0.02325106094610068 -0.6146473165359925 -0.013948019484821291 0.02337278343418782 0.9996288393153961 45.496951948631185
0.9998705610344327 -0.008050576998859813 0.013963193733432829 0.5431866645141348 0.008465020167804593 0.9995184728134094 -0.02982826752241538 -0.6709083280154818 -0.013716851062798466 0.02994156563783019 0.9994568700231495 46.78057113749075
0.999884363336759 -0.00577739431236644 0.014099363137915662 0.5594807884733348 0.006290688335870004 0.999310268037014 -0.03658328930594183 -0.7313100688666595 -0.01387866462845047 0.03666685625317059 0.9992308315745394 47.95465637564658
0.999894532974955 -0.005527112436392828 0.013455689167706843 0.5804316139496163 0.006053449967207716 0.9992068056328799 -0.03935098795089527 -0.7892147192233141 -0.013227729343779634 0.03942681240910558 0.9991347695034701 49.1165010720264
0.9999136385980067 -0.00514588100933055 0.01209899037283389 0.5943598869979776 0.005607715536050474 0.9992472117652696 -0.03837656220551262 -0.8393138264795427 -0.011892835845345865 0.03843964235151892 0.9991899259228683 50.284510372159076
0.9999277417037256 -0.003957093206951733 0.01135704925197281 0.6062391706511943 0.004368546424999889 0.9993287742619381 -0.03636806690860568 -0.8852237034126703 -0.01120606191907662 0.03641352676113407 0.9992741401364191 51.43272185043099
0.9999388830662286 -0.002298185446373901 0.010818157791506421 0.6188641300350459 0.0026881041995735597 0.9993442874920863 -0.036103562721386054 -0.9343610003777495 -0.010728574619733885 0.036128818779479425 0.9992897719047868 52.652392561872304
0.9999452639296018 0.0005238918601880245 0.010451118191923764 0.6296405587771622 -0.00013733129604947725 0.9993192615500829 -0.03688862418298261 -0.985410589866839 -0.01046380123116711 0.03688345015681102 0.9992652042554772 53.82717184541671
0.9999513082098145 0.0013719687419634346 0.009771328877605467 0.64336673492163 -0.0009896896298329729 0.9992405159557103 -0.03895155710701495 -1.0403599703308488 -0.009817959780936525 0.0389385988947441 0.9991935982654103 54.98966432876214
0.999953931096793 0.0025576707962732532 0.009273290916483797 0.654958317590886 -0.0021782797985722972 0.9991721615736694 -0.040616320668830745 -1.0959073386481628 -0.009370184812227213 0.04059272216573535 0.9991321421537243 56.11298191533441
0.9999556299250008 0.0030584089488120275 0.009003480273056627 0.6645730564670589 -0.002687940709228734 0.9991626223326386 -0.040823805043845744 -1.1471917804775067 -0.009121241338428489 0.040795977032194494 0.9991265702288559 57.229077795663244
0.9999594503831793 0.0031429144058972435 0.00859043542559071 0.6747176842011239 -0.002793369608041452 0.9991805086807343 -0.04038537831873387 -1.197326590509653 -0.008710520896905332 0.040357438683954514 0.9991481459875028 58.369668551083876
0.9999604871865155 0.003643852051362534 0.008265859767366185 0.6849866954002747 -0.0033085937361612134 0.9991863781620093 -0.0401983830807858 -1.2471719087043223 -0.008405724028365856 0.04016721368022023 0.9991583752631841 59.53407232258575
0.999961040824559 0.0038613076975436266 0.008117273874339546 0.6959386960104422 -0.003528669000383737 0.9991709020960821 -0.04056491064856571 -1.298064576830035 -0.008267413500568387 0.04053244552050619 0.9991448590687754 60.6428875562895
0.9999646858034212 0.003580362050121557 0.007765241441934484 0.7083119491267142 -0.0032551655035369617 0.9991357684563393 -0.04143926689394298 -1.3523663280859761 -0.00790723403073251 0.041410539730987794 0.9991116259332191 61.755062672696525
0.9999705771816508 0.002665085028697606 0.0074144984041206955 0.720662228764479 -0.0023434197127370836 0.9990712446029884 -0.04303569897307373 -1.4083668000246141 -0.007522496519201856 0.043014729539202066 0.999047007826091 62.861931651323715
0.9999740615025345 0.002033829716288314 0.0071882873385711145 0.7318401004347009 -0.0017145787028934021 0.9990232103084722 -0.04418047205520195 -1.464061360005366 -0.007271077859630667 0.044163892578550704 0.998999018198473 63.95071058486236
0.9999768468255005 0.0015990579041398538 0.006923830964898524 0.7419563594198026 -0.0012919617451837384 0.9990257104901871 -0.04413483760557727 -1.5181416828525534 -0.006987662676561984 0.044121965477783354 0.9990029391131572 65.04831985736053
0.9999797017120476 0.0014368205901985232 0.006471422891306936 0.7507023067440503 -0.0011538391828348846 0.9990555499970271 -0.043455325292487586 -1.5716305930605843 -0.006527878593908368 0.04344414572809203 0.9990356155218573 66.17615245963309
0.9999810435654805 0.001580164922373378 0.006186249495474027 0.7589015237147654 -0.0013142271561524788 0.9990900108955986 -0.04264493536915517 -1.6272102767645855 -0.0062483051700052 0.042633263750378875 0.9990721733943055 67.3670870068937
0.9999811686488171 0.002045393685423535 0.006008724578712835 0.7657792348328759 -0.0017870726433311516 0.9990934316645488 -0.04254739140960749 -1.6832232234822015 -0.00609061124817013 0.042533074106827565 0.9990773167271644 68.55727001109996
0.9999803648260881 0.0023060911840984454 0.006033915008278519 0.7748508345263545 -0.002044632403294266 0.9990800949338152 -0.04284854504261196 -1.742269519118383 -0.0061274070255090745 0.04283239913062125 0.999064102256232 69.76141467143218
0.9999800929661408 0.0025441436295082854 0.005938253511008559 0.7846607287822724 -0.00228074755127347 0.9990390129342958 -0.0437751564891576 -1.801478168975746 -0.006044311736934419 0.043758293434148665 0.9990242256564628 70.90688099698161
0.9999793075556589 0.002871385766324227 0.006010719069823893 0.7941263933822402 -0.0026023119555000497 0.9990202377473604 -0.044190290428207026 -1.8597332276178276 -0.006131752130640286 0.04417063020754046 0.9990058442259906 72.04826371804734
0.9999791386533732 0.0029211520425181893 0.006014954842978846 0.8034460597586441 -0.0026530580575337254 0.9990288880232292 -0.04399179992116248 -1.9158016169416712 -0.006137754512502311 0.043971763623499145 0.9990145385580654 73.19917975167924
0.999978293481586 0.003447041517447361 0.005880615371837965 0.8106871266270468 -0.003188500513213955 0.9990584750453078 -0.043275107067153276 -1.972457059276129 -0.006024517628501644 0.04325247596218334 0.9990466066066556 74.39925155551083
0.9999757582932878 0.00423980048770009 0.005766242587389549 0.8171314215458698 -0.003986433133719051 0.9990640603781972 -0.0430829642453124 -2.0277424836066746 -0.005943738116763865 0.04305617955598414 0.9990556022539584 75.56912514843027
0.9999695289190726 0.005241600528364719 0.00594399245005291 0.8243479492043694 -0.004977801577049697 0.9990483689099651 -0.04333247373264836 -2.084853997425928 -0.006166239605578977 0.04329949162667251 0.9990431609125433 76.7525944515659
0.9999613278400715 0.006433586484387271 0.006202106180951669 0.8333771577950212 -0.006154844488338447 0.9990226831889402 -0.04377640020769605 -2.1422571076346477 -0.006478112428359272 0.0437340941003849 0.999022609688039 77.95604419843723
0.9999526617950283 0.007507873970250344 0.006388310994394632 0.8430217031444973 -0.007217221137633164 0.9989983667932303 -0.04416012879919271 -2.2029317679547664 -0.006714247521496365 0.04410972343126298 0.9990042221809726 79.20503464333447
0.9999422743338667 0.008586477484121743 0.006634823692153173 0.8529267329663229 -0.008282512620928745 0.998982419626758 -0.0443403090865989 -2.2652279640497137 -0.007009441830692233 0.04428057553162304 0.9989945619406704 80.47838745823078
0.9999350784447015 0.00913436068306416 0.006983148611187236 0.8646702008913288 -0.00881576919568904 0.9989850480638405 -0.044181845685977404 -2.326859761305632 -0.007380279820012786 0.044115063524168975 0.9989992216687172 81.73182216096983
0.9999249336506695 0.010025735868784918 0.007269634471590046 0.8759693720427434 -0.009694432378820728 0.9989790347387271 -0.04414077287623341 -2.387359703278878 -0.007705067859782347 0.044063996826625075 0.9989995125950943 82.96124176673759
0.9999144740478129 0.01085699102349359 0.007578094552417016 0.8903512487629257 -0.010506367381348162 0.9989413776837243 -0.04480613872411493 -2.4546590783431412 -0.008056280595998926 0.04471909567103188 0.9989679899317722 84.24376065623291
0.999904087403826 0.011479705043426306 0.007993398112108294 0.906998174705235 -0.011104322703966949 0.9989049764343089 -0.045469773274998515 -2.5268793915069994 -0.008506381940141106 0.04537300703163985 0.9989346585859364 85.59978862867949
0.9998868048435117 0.01253882474776813 0.008514808585085736 0.9230049787763324 -0.012133737950184402 0.9988678892724633 -0.04601909229952036 -2.5968754830211553 -0.009081907597453342 0.04590704906239031 0.99890512629234 86.91033345902348
0.9998779721835509 0.012729773060967156 0.00929852252677158 0.9423491553458865 -0.012289495098712843 0.9988692189537629 -0.04595478972358457 -2.6672073395333498 -0.00987247542711464 0.04583116361759584 0.9989012888059371 88.24428024533826
0.9998618400301348 0.013350758440577402 0.0101444398427664 0.9614175885512497 -0.012873260452201498 0.9988709971430454 -0.045752708330547655 -2.733663973975256 -0.010743365293187476 0.04561214372298981 0.9989023528361953 89.53416626051893
0.9998428899299913 0.013752975342819225 0.011388483200665094 0.9815638481878463 -0.013222950404537434 0.9988845213247479 -0.0453556327452068 -2.7949648697799705 -0.011999166263756677 0.045194358096163144 0.9989070101334561 90.72961456435843
0.9998201131371289 0.014191010663188177 0.012754413744853643 1.0045285371941932 -0.01360001633626497 0.9988838226461269 -0.045257652655865496 -2.858981246942997 -0.013382140325866751 0.04507255836161928 0.9988949314420063 91.97240288672175
0.9997683463865289 0.015638904646303388 0.014949463251405174 1.027035233617296 -0.014941096759620555 0.99884576132779 -0.045671311592411355 -2.9216464741430594 -0.015646262742805464 0.04543373212970384 0.9988455980193208 93.16426310403307
0.9997137882741532 0.016162429700725886 0.017756900198760996 1.0547539509424857 -0.015326382903078953 0.9988149148553175 -0.04621006272098009 -2.98488600629704 -0.018482551422884966 0.04592115007561587 0.9987747113584308 94.31929817546755
0.9996511710454442 0.016572043003528724 0.02068246991691595 1.0858992703694967 -0.015589773096201328 0.9987856597053237 -0.04675460843688972 -3.0474026796958054 -0.021431743232763895 0.046411973161656586 0.998693090197924 95.45040162136517
0.9995734151077701 0.017093122381955296 0.023781913945332023 1.1201425670043836 -0.01595477904432205 0.9987573701656545 -0.04723581753477971 -3.1103926944077944 -0.024559345847363096 0.0468321099312407 0.9986013635424763 96.58261896979509
0.9995042624818575 0.01727360657628019 0.026413100668127253 1.1574321468125839 -0.016012899524029303 0.9987582846286917 -0.04720484815463323 -3.166707824616421 -0.027195309103528978 0.0467543787960431 0.9985368244045456 97.68233071776012
0.9994371369167748 0.017640967615129795 0.028622716734155267 1.1964448584155294 -0.016275904210365226 0.9987531167697887 -0.04723626875262264 -3.2242916992476593 -0.029419795651921703 0.04673925389901097 0.9984745635193948 98.78494423435
0.9993643731624606 0.017731142575245468 0.03102239328481997 1.2384681710833503 -0.016256918608157114 0.9987578063331068 -0.047143944282007 -3.283102433716286 -0.03181909055823725 0.04660502272927712 0.9984073359593946 99.88637719189668
0.9992871780573648 0.017720332926798702 0.0334230949606139 1.285121344500796 -0.016134796347673612 0.9987610002862488 -0.04712335776516531 -3.3452820106783645 -0.03421603861429307 0.04654580955930068 0.9983307897861633 101.0350534241921
0.9991603014286321 0.017945817157705074 0.03691166578567759 1.334281772914541 -0.01619276068740383 0.9987539396394979 -0.047253554041246135 -3.4072039548939297 -0.03771292555105468 0.046611464647609346 0.9982017632924622 102.16457277866823
0.9990436632301897 0.017476476439513798 0.040161011106766516 1.3879498506460146 -0.015547692613036394 0.9987358656054557 -0.04785434524869293 -3.469614208863329 -0.04094569105349495 0.04717938334354945 0.9980476195019874 103.2684228979385
0.9988952867850848 0.01684037140456499 0.04394452112420755 1.4461819318808837 -0.014679275332068862 0.9986909592833509 -0.04905443714920668 -3.5337303919585947 -0.04471221207568726 0.048350357226367546 0.9978300756788864 104.3573076090789
0.998696166572195 0.016647565821105693 0.04832390101892062 1.5094159129903353 -0.014226654930612223 0.9986492637228218 -0.05002383506898335 -3.6000990926191996 -0.04909055284241211 0.049266329340634005 0.9975794040246889 105.4600947427093
0.9984003797199605 0.01696493569588463 0.05399457862984362 1.5789305431803764 -0.014258308265516216 0.998643736986472 -0.05013067883934204 -3.6653059639258334 -0.054770928156681935 0.04927595270288157 0.997283344213277 106.58803386585645
0.9980668092461482 0.01680192701250896 0.059888602960117755 1.658922253415881 -0.01385468725018072 0.998690665479716 -0.04929905133840162 -3.729792182941917 -0.060637590506448236 0.048368993951818436 0.9969882257556253 107.75523243436318
0.9976934419078504 0.017097217147353096 0.06574125521009469 1.741604774998123 -0.01391384775163344 0.9987252393044981 -0.048586797438225963 -3.7908711745034385 -0.06648732989421255 0.04755510712939759 0.9966546027105601 108.8733826261928
0.9972949414107808 0.01719751446366528 0.07150820514049434 1.8292366151100443 -0.0137303407739662 0.9987220036228303 -0.04870555318194918 -3.853141317258617 -0.07225356106936029 0.04758699752350745 0.9962517930213222 109.9518611333688
0.9968387587095289 0.017105161106657198 0.07763116339902532 1.9216885230582723 -0.013250759270058731 0.9986691659587392 -0.04990308505222436 -3.9171832472889268 -0.07838050520384868 0.048711641998089306 0.9957342640856174 110.99662181821746
0.9963051629437513 0.017785253522185913 0.08406713524279605 2.0198491499719315 -0.01351207397533012 0.9986043947507042 -0.05112774289788253 -3.9826286039692054 -0.0848578594629873 0.049798180056868716 0.9951495771703189 112.04636391467714
0.9957843992253251 0.017853550032880916 0.09001505189103089 2.1214174142275057 -0.013196699255445529 0.9985595331149195 -0.052064203727395945 -4.046355235118016 -0.09081360312066808 0.05065177595212341 0.9945806857960449 113.05022662364878
0.9952170348661266 0.01815605022153609 0.09602162011056752 2.2266873364304014 -0.013161806657447579 0.9985425029666356 -0.0523842064708166 -4.108183020579166 -0.09683110628562734 0.05086439416907443 0.9940016171184166 114.03446110666677
0.9945745267377784 0.018585464504269258 0.10238690652249707 2.343873113508698 -0.01324277175179177 0.9985296550450871 -0.052609032179529024 -4.1685517199815845 -0.1032124689668888 0.050962163109615724 0.9933543780771572 115.06813159969198
0.9938569216021125 0.019335368103475265 0.10900687014805269 2.4691930404372715 -0.013623996611351368 0.9985102102078239 -0.052889468643340404 -4.231349949850961 -0.109865325660032 0.051074351970030255 0.9926350637893175 116.12074293769845
0.9930408036113808 0.020811084541749212 0.11595242005837719 2.602702336206639 -0.014708691456443273 0.9984766772939777 -0.05323018542119564 -4.296086027567676 -0.11688174851551904 0.0511491081931381 0.9918296329995864 117.18642009046692
0.992138267810636 0.021873121854147057 0.12325166376827183 2.7406515170968193 -0.015327884572953164 0.9984362732558145 -0.05380098866467955 -4.36126007255747 -0.12423411661893359 0.0514835666533067 0.9909177916819858 118.21568703781807
0.9911281518887144 0.022683388939122747 0.13099196016289133 2.8916651519800736 -0.01566182602126639 0.9984003218693119 -0.05438006567822697 -4.429172947977615 -0.1320139859087717 0.05184114058655671 0.9898929403868425 119.2703178473748
0.9900925143586531 0.023038497898073575 0.1385439321508438 3.0495754282528287 -0.015544764706598057 0.9983724010857375 -0.05492386947729415 -4.497426803692913 -0.1395818370086287 0.052221155212278964 0.9888341090753706 120.31271947266848
0.9890133830867495 0.023641294310566437 0.14595260319190406 3.217401965906911 -0.01565853537444916 0.9983335749692567 -0.05559622774142271 -4.567574501730757 -0.14702165604876155 0.05269518789403866 0.9877303721415905 121.37396049366913
0.9879423801834457 0.023637381831528817 0.1530342682779389 3.394922040435899 -0.015213145411178679 0.9983187421059861 -0.05598063722086677 -4.6383796851640575 -0.15409808262895766 0.05297227814175029 0.9866364952923871 122.44833992734084
0.9868743619327892 0.02420413808089243 0.1596940311942027 3.5750440504309955 -0.015384832797427554 0.9983024236478353 -0.05622697758315996 -4.7075233670313725 -0.16078164711607873 0.05302692452944321 0.9855665386483615 123.5038952939769
0.9858014918600555 0.024724934680648063 0.166113104495406 3.750688134617618 -0.015528673836450561 0.9982890053483504 -0.05642763381382308 -4.772511550709604 -0.16722181563034255 0.05304183454884423 0.9844934141426507 124.48773960564296
0.9846670291792992 0.02558288052979956 0.17258623634741263 3.9421534080973095 -0.015988834969833 0.9982637252596399 -0.05674773941484012 -4.8413379246535495 -0.1737360330843271 0.05311322079296137 0.9833610771260409 125.53190794358082
0.9835317213711563 0.026199521257650894 0.17885478376774036 4.134484381300047 -0.01624736043010109 0.9982525308737206 -0.05687867925197675 -4.908077918408816 -0.18002998730477443 0.053031112507676954 0.9822328762777448 126.54466032284242
0.9825558423478622 0.026219130140765077 0.18413725162240757 4.338440597508343 -0.015916819103970994 0.9982391813719292 -0.057200799464559395 -4.978235934691149 -0.18531034887689649 0.053267074099552704 0.981237665831383 127.58421402615966
0.9816870834174971 0.026501250906020145 0.18867437081033023 4.536708676398127 -0.01574099184205903 0.998178661178098 -0.058298064334639334 -5.047981416634671 -0.18987320639186278 0.054255576201757666 0.9803108077245825 128.57412800230878
0.980804880942598 0.026263794550132943 0.19324152340282685 4.749053943537668 -0.014856752796303914 0.9980775396363919 -0.060241141602568264 -5.122343721490475 -0.1944492616494608 0.056208721792390254 0.9793032502185843 129.60511820643575
0.9798868279444324 0.028427262834970397 0.1975447196468428 4.956395666993899 -0.01668789039263979 0.9980124690089672 -0.06083597716997359 -5.193610110530969 -0.19887864730371155 0.056310869879648735 0.9784073170627682 130.6116683251425
0.9790474217892097 0.02917291399755218 0.20155758213518113 5.179327817541125 -0.017390717876104033 0.9980524000784226 -0.05997859705992322 -5.259766980548064 -0.20291196248122018 0.05521201970668532 0.9776415245071811 131.66020869256295
0.9780692848647504 0.02912283857390868 0.2062580076088801 5.41356485888363 -0.017479457365509782 0.9981646950158803 -0.058047513101634994 -5.327272526699511 -0.20756710283508015 0.05316445604885951 0.9767770256482027 132.7258173258491
0.9770152463704996 0.030387457941336744 0.21101563138524157 5.640881288618599 -0.018628521746447902 0.9981757337378336 -0.05748839194626414 -5.39269502231988 -0.21237465184396212 0.052230922078978434 0.9757930633306122 133.7418428726346
0.9757937737678544 0.033752441563296806 0.21609582042859757 5.877728374519226 -0.021730470987044465 0.9980971218521772 -0.05776532341306196 -5.461766336315803 -0.21763139528189598 0.05166610272903863 0.9746647320817553 134.78464607086883
0.9744688170590019 0.03630458059497177 0.22159089525001469 6.11271447015645 -0.023894490122848108 0.9980091669293059 -0.05842750066209027 -5.531336521974269 -0.22326801850041533 0.05163573308205435 0.9733907856071323 135.7886038959865
0.9731498447835814 0.03804714868676935 0.22702986794092186 6.367151458461225 -0.025209708431384974 0.997932841233342 -0.059175461722270575 -5.606045488289935 -0.22880891223078614 0.05185807405381137 0.972091628407615 136.84684835392704
0.971632076250646 0.03937948948282189 0.23322008332933294 6.617955442621755 -0.025971806169531077 0.9978476381263048 -0.06027857617191347 -5.679787323462083 -0.23508840196315509 0.052506352719065834 0.9705574495446637 137.857673270256
0.9699282746048152 0.04120905118330783 0.23990121961221308 6.881662505494083 -0.0273125678509252 0.9977704570786797 -0.06095977766371707 -5.752872014578865 -0.24187482179275216 0.05256923380709375 0.9688850329873819 138.89735045195792
0.9681460929760914 0.04439846434265863 0.24644177811765777 7.1548760891506795 -0.030131663885900203 0.9976645770260554 -0.061358544397479176 -5.825599971434012 -0.24858691882171244 0.05197338814207294 0.9672167414252162 139.94671901288496
0.9662692281231956 0.048205252096764004 0.2530053693710685 7.438447077874469 -0.033819167608724485 0.9975743843691818 -0.06090136565619298 -5.897006047090991 -0.2553238085471389 0.05028558761984493 0.9655492982652552 141.0017707051519
0.9642615293627528 0.05172279915417533 0.2598766848819054 7.7319839806027755 -0.037068660405008516 0.9974542817099523 -0.060974083757268226 -5.969357713296771 -0.2623650712230852 0.04915654880395947 0.9637176814056199 142.06301166451908
0.9621341108301418 0.054725273038838486 0.2670481716167217 8.026695882988196 -0.039718935596951 0.99733415271858 -0.06127378627911749 -6.040553226104374 -0.26968573014179575 0.04834173815382272 0.9617364900888503 143.09351687108034
0.9599608715268164 0.05760387523593569 0.2741693932053533 8.338449105918825 -0.0423260100264381 0.9972241870085689 -0.0613164300450057 -6.113607361579155 -0.27693667156251645 0.04725204533717551 0.9597281657087624 144.15486657939002
0.9577024847720285 0.06079140825327339 0.28128645800893143 8.64455957139268 -0.04544138341920077 0.9971200900373145 -0.06077600948433859 -6.182610810675348 -0.2841671677212594 0.04541834165402851 0.9577007366051234 145.16497700612962
0.9552292174515364 0.06254471388176186 0.2892000614065478 8.964430661487715 -0.04697158218903993 0.9970670762101834 -0.06048170576743319 -6.252152737671348 -0.29213066642465235 0.044184474718038526 0.9553594714098846 146.1831637464507
0.9526327988175561 0.06335309059055187 0.29746931814148597 9.294137680705283 -0.047429233271915026 0.9970467799589732 -0.06045135529953331 -6.322947557183624 -0.300416743443308 0.04347402342742269 0.9528188396900492 147.19516858606673
0.9499793341186558 0.06369175040580183 0.30576634394804975 9.621528457759522 -0.04740229631182081 0.9970503980568147 -0.06041174085541022 -6.387663727371183 -0.3087083450864939 0.04289075020392543 0.9501912088512815 148.1585057955542
0.9474471953930628 0.06277141735777964 0.3137106751733587 9.945728842775097 -0.04612503351065029 0.9971224801568843 -0.06021119402477687 -6.45283358778996 -0.3165837035610754 0.04257206618290223 0.9476107845897712 149.08528880074755
0.944991069429762 0.061949966080521696 0.3211932715951641 10.267475320170544 -0.04487546161187149 0.9971741616750543 -0.06029738412709338 -6.518568930126469 -0.3240171532675249 0.04256156764753517 0.9450949777918999 149.98286301488565
0.9427161669596822 0.06058816524171117 0.3280637740117408 10.591165070049053 -0.043158615909199706 0.9972582661063822 -0.060155524486853434 -6.583595887086914 -0.33080495892722755 0.04254519138796442 0.9427412183060082 150.86970371635016
0.9404228272043293 0.05903313555076328 0.3348589797601841 10.925536612629479 -0.04138170502524281 0.9973662737723338 -0.05960875119712704 -6.648153123746 -0.33749183126274224 0.042194370755951345 0.9403839706655059 151.76637083782464
0.9380435995280665 0.058567653155133646 0.34154731812630007 11.264150553554144 -0.040730998700750365 0.9974194368697888 -0.05916666702019106 -6.712688214674686 -0.34412709349796966 0.041583397630632284 0.9380034464487373 152.65915354125448
0.9356748829999311 0.05728020643328518 0.34819778473786045 11.603761251013408 -0.03937663405441795 0.9975260323186254 -0.05828262393226649 -6.774990260056535 -0.3506706867529918 0.04081702222627276 0.9356107101867088 153.52974302607586
0.9332086016996218 0.057061459934831894 0.35478993272954756 11.954074718145318 -0.03871796231095758 0.997533699777424 -0.058592608600089045 -6.841489129308282 -0.3572541678849225 0.040936590527778434 0.9331115854736795 154.41811238924453
0.9306942082146195 0.05560214427574522 0.3615611356516778 12.311268707245006 -0.03656317288297358 0.9975733498771259 -0.05929128241726068 -6.90801094527878 -0.3639764105377937 0.04195631680341273 0.9304644361340493 155.3010520534459
0.9280776231203509 0.05549197532709792 0.36824225359298857 12.684852274589305 -0.035794997482516015 0.9975522618588482 -0.06010961764583576 -6.978671083363318 -0.37067243606224365 0.042599363221406894 0.9277878489496605 156.2103969107281
0.9256370243972211 0.05536358155401762 0.37435373599688176 13.050426879119227 -0.03515532729614186 0.9975453322591035 -0.06060030710146457 -7.046950374777959 -0.37678566129769925 0.04292744034395475 0.925306774665078 157.08214531261905
0.9233690295849324 0.054710204666244044 0.3800082494374013 13.440569420701731 -0.034110749542796304 0.9975733729790915 -0.060735393030683524 -7.116997515779547 -0.382404787682794 0.04311289857285419 0.9229899999301028 158.00001150048078
0.9214476413148049 0.054051419234650205 0.3847371638294575 13.833058641589655 -0.033215203594559414 0.9976121918213128 -0.06060139218246712 -7.185272186793418 -0.3870897906610477 0.04305620334717759 0.9210378613892976 158.91435936591867
0.9195549907962252 0.05392871212710354 0.3892557880412733 14.25541508319049 -0.03297714980882939 0.9976376809459493 -0.06031098951504076 -7.257445904429717 -0.3915842707335525 0.04261694783511228 0.9191563880305412 159.89347246262935
0.9173621900569752 0.05423439523898427 0.39435424874450653 14.708090314138909 -0.03304149737933661 0.9976344612145976 -0.060338253243409856 -7.333945188109891 -0.39668932072239443 0.042316734788076044 0.9169789903579824 160.92951966237922
0.914772850956828 0.055135445666625364 0.40020126201487266 15.164228673136272 -0.0334222916859333 0.9975794297852223 -0.06103803746195442 -7.413468838117872 -0.40259321614430066 0.04245508251847909 0.9143959901020475 161.9528389970126
0.9121246697997881 0.055594941060090594 0.40613818227710274 15.643166657228427 -0.0333225360510627 0.9975412149898768 -0.0617112717224626 -7.492329632160344 -0.4085656340137305 0.042749245716179995 0.9117294111984501 163.00105026640233
0.9093994420052242 0.056394619768321844 0.41209511377329533 16.099616513932688 -0.03358613378337697 0.9974900955554492 -0.06238681117284369 -7.568273162595755 -0.4145744667539105 0.042888185658679336 0.9090062187932431 163.98438293265122
0.9067852716196907 0.0562960940791765 0.41782926708626467 16.57497557289831 -0.0330511796017122 0.9974903903465362 -0.06266652995193125 -7.6469984877550345 -0.4203039607593683 0.04300947574044206 0.906365454280438 164.9854054101685
0.9042504678252794 0.05626683793586051 0.4232905297908057 17.05112348363177 -0.03268010395971635 0.9974950410399401 -0.06277935575870458 -7.72528101175208 -0.42575784159525953 0.042928832549177905 0.903819811540757 165.97453955288753
0.9016215719050977 0.05592329246717116 0.42890738469797646 17.565647978211054 -0.03207932854097139 0.997524900384199 -0.0626251757494787 -7.808382384818389 -0.43134307062921073 0.042699212157205076 0.9011788063367604 167.02597290104006
0.8990420666312331 0.056064375867761834 0.43427051309055276 18.093712354709588 -0.03213277488652204 0.9975463774962325 -0.06225824141719357 -7.891273696990428 -0.4366904016182648 0.04201279099784021 0.8986321549180648 168.09709254439693
0.896567038741848 0.05640898780388262 0.4393138701684118 18.75442712651286 -0.03227151560122205 0.9975437948616404 -0.062223817238088945 -7.9943429132801525 -0.4417398727069847 0.04160437644998468 0.8961798137993969 169.42556970727958
0.8941980170222649 0.05648411274015249 0.4441064723859885 19.427287121708485 -0.03203600763334283 0.9975421359196947 -0.06236746770204456 -8.099198143799601 -0.44653287400445907 0.041535144244104275 0.8938045993372806 170.75726551519458
0.8917222208028388 0.05727277525688964 0.44895723476313565 20.129240667844332 -0.03239272322671506 0.9974965588803882 -0.06290826663001226 -8.208526701563 -0.4514313256780265 0.04154722633232707 0.891340010442674 172.13411538995783
0.8893390728146298 0.05746048859121042 0.4536363813841402 20.845935019827696 -0.032206380623940385 0.9974837696730093 -0.0632064254458072 -8.319673539232962 -0.4561220280119443 0.04159551529279573 0.8889467151252431 173.51682927004447
0.8871886941232873 0.05773288263656561 0.45779312912451964 21.54856665030398 -0.03215170723275038 0.9974678813752121 -0.06348123830760113 -8.427762467734928 -0.46029418043287024 0.04159451346487154 0.8867934380631582 174.85788418109397
0.8849014037409962 0.05782459070654056 0.4621876773768394 22.187862033903393 -0.0318842722240459 0.9974599411040828 -0.06374604220618872 -8.526028364460448 -0.46469501134238217 0.04166622681018047 0.8844919758093768 176.0609434358003
0.8825315763348225 0.05802734222856158 0.46667233606600217 22.82362298401472 -0.031781602760501536 0.997452432311262 -0.06392228486152768 -8.622402200383084 -0.4691878482013598 0.04157606466133496 0.8821215029795422 177.2431663314932
0.8802171124483322 0.05794888333150021 0.4710328478503822 23.480116810815815 -0.03146609339549092 0.997462468039853 -0.06391087166797609 -8.72033016949339 -0.4735364620152877 0.04142761633856458 0.8798014372603818 178.44879037425238
0.87800098486348 0.05757315092342025 0.47519687129884813 24.14417480355607 -0.030787342170648206 0.9974799991125466 -0.06396535167065551 -8.818785052995873 -0.47767748714117075 0.041525310808131814 0.8775554073852715 179.65283981234376
