1.0 0.0 0.0 0.0 0.0 1.0 0.0 0.0 0.0 0.0 1.0 0.0
1.000000238418579 0.0001532435417175293 4.220008850097656e-05 -0.0012127500958740711 -0.00015333294868469238 1.0000003576278687 -0.00015023350715637207 -8.948496542870998e-05 -4.208087921142578e-05 0.00014984607696533203 1.0 0.08683222532272339
1.0000000897346304 0.0003329906679923056 8.79725593421199e-05 -0.002880146039085929 -0.000333034108096264 1.0000001777670295 -0.00037018173072045357 0.00027479547425086903 -8.79735768890555e-05 0.0003701074603448262 0.9999998459058297 0.14987767446448125
1.0000001297525072 0.0005698524870055174 9.182045585026171e-05 -0.0054721138657305565 -0.0005698121849985054 1.000000122572385 -0.0006284798148963119 0.00020509888593699043 -9.199512716671528e-05 0.0006281449386759415 0.9999997499622038 0.2432441407965279
0.9999999156981307 0.0007524895382521851 -8.582142462290615e-06 -0.009204211594701424 -0.000752414166290469 0.9999997570710707 -0.001044284396884804 -0.0008550633137234437 7.817384690269436e-06 0.001044138654664883 0.999999497955588 0.3534785114825243
0.9999999254381374 0.0007367174914687985 -0.00024612709132859276 -0.013806661534354198 -0.0007370154026570188 0.9999986385747933 -0.0017841867267952129 -0.0026605443517544423 0.00024479186785358387 0.0017840996490777502 0.999998484937247 0.47906382597756003
0.9999998091476903 0.0006523547863328773 -0.00048645760445229614 -0.018606526452011326 -0.0006533412642554001 0.9999971042286502 -0.0024780746793787185 -0.004773833012775067 0.00048482041476214505 0.0024783820543755235 0.9999968303206911 0.6344051196055256
0.9999995619393566 0.0007140885918187988 -0.0006667350367910085 -0.02336542265218902 -0.000715746177426466 0.999996253191743 -0.00275699535208249 -0.0066600470156675156 0.000664702057711565 0.0027574202124082724 0.9999960514411398 0.8078639388808231
0.9999986638153855 0.0009899945877186026 -0.0012713424386726789 -0.029040323097886723 -0.000992667868594494 0.9999974002779771 -0.0022254265136727523 -0.00648570483699476 0.0012691958434688602 0.0022267661735401777 0.9999968158507635 1.0094294694790755
0.9999965156736744 0.0013990602823081317 -0.0021271912627988214 -0.03555261831834532 -0.001401315934394766 0.9999987848944717 -0.0010989425207603362 -0.005475381156916738 0.0021255056622635398 0.00110187533526863 0.9999971022317964 1.222370991188421
0.9999951772534745 0.0015444398281668238 -0.002604659202161259 -0.04155209216233928 -0.001547335232850367 0.9999985525347156 -0.0011243802231900334 -0.007224910033641533 0.002602806714996191 0.0011281720087089066 0.9999959990738676 1.4319545487275611
0.999993851322131 0.0015993227926593455 -0.0029441276298054586 -0.04816887414941446 -0.0016037138260426276 0.9999976141204024 -0.00156287303769095 -0.010190360765986131 0.0029412956359409475 0.0015677509217092596 0.9999943239518275 1.6509328229304485
0.999992213137915 0.0020043321212923986 -0.0034015512034013488 -0.055973409217633704 -0.0020111398917484623 0.9999964797901575 -0.0019475431587730014 -0.013191132078935205 0.0033976154797062193 0.001954257743291084 0.9999923761216742 1.8766523004553857
0.9999886584632302 0.002373064055109845 -0.004123815984714616 -0.06474444388973549 -0.0023827777066109056 0.9999949973526372 -0.002264289664660374 -0.01634275963811241 0.0041186080704080355 0.0022735917681913813 0.999989064028352 2.118144681408219
0.9999833841267532 0.0032426298585723572 -0.0047293423104843545 -0.07442838352985448 -0.003255708199654167 0.9999911673575298 -0.002694503119240047 -0.019492402679292337 0.004720620595096522 0.002709486558845918 0.9999852352519316 2.3721786088063723
0.9999756543280897 0.0037275687328784516 -0.005930294908324628 -0.08432109982303752 -0.0037439119051971338 0.9999892423889493 -0.002663620016504537 -0.02172352846981613 0.005920379778813944 0.0026855335419505603 0.9999789233199963 2.635839215234131
0.9999633017638754 0.003837030612581624 -0.007683718635655242 -0.09423494391245396 -0.003853753447252256 0.999990125513532 -0.0021086117183901436 -0.022593796190327614 0.007675586761589563 0.0021381981454594396 0.9999683339224538 2.9027136833269003
0.9999439078794709 0.0038372337488805116 -0.00991417358889268 -0.10198907795847881 -0.003847311136158673 0.9999918966366215 -0.0009368631159798692 -0.02274235730190055 0.009910346442748016 0.0009749743326184568 0.9999503876648745 3.179074712733515
0.999924092407299 0.003647474321017272 -0.011818564741498283 -0.11054442377736674 -0.0036499244379726696 0.9999930020566289 -0.00011711687574068679 -0.022684550076109398 0.011817889845615626 0.00016018791809998168 0.9999298903121279 3.4124652198093126
0.9999113621298025 0.0037026278359651083 -0.012848172620769108 -0.1208496489352769 -0.003709588211733304 0.9999927460973865 -0.0004542098370586329 -0.025892528573332043 0.012846311920363406 0.0005018020534369808 0.9999172048192503 3.6339770597746734
0.999894259837148 0.004618064538231833 -0.013851305316072485 -0.1326395277940662 -0.0046447362297410465 0.9999872237073348 -0.001835783040503713 -0.030151133164551543 0.013842547910415412 0.0018998271894016716 0.9999023168593558 3.848125674299585
0.9998805311208111 0.005171268275347191 -0.014640478713072634 -0.14384892417581702 -0.005201363627691136 0.9999844184903086 -0.001955857013652317 -0.03215063288679957 0.01463025046499466 0.002031415462470605 0.9998909259203309 4.067403259856276
0.9998674955270449 0.005449368271412449 -0.01543220239424832 -0.15480924166669088 -0.005485491079919392 0.9999825516315652 -0.0022172203295024073 -0.03523664808387175 0.015420156391891992 0.0023009620506227895 0.9998787029881792 4.258822741452951
0.9998512485227334 0.005679143447263862 -0.0163881342137691 -0.1658913213353157 -0.005742782839071963 0.9999765262975965 -0.003763887963625529 -0.039195797452683 0.016366687633919443 0.003856729517865666 0.9998589700836791 4.414803517512377
0.9998429719751427 0.005646527686611511 -0.01690444463560184 -0.17465151623358116 -0.0057133435501680995 0.999976408019646 -0.00384004835343067 -0.04118113077144891 0.01688264390960013 0.0039354202778159215 0.9998502207264202 4.559544468014853
0.9998350162912193 0.005452705996735051 -0.017425656799428254 -0.181906541770396 -0.005519192616624457 0.9999781370256134 -0.0037094993702011833 -0.04257378252323829 0.017405380941524322 0.0038045469493017585 0.9998417309410604 4.686422286450195
0.9998238975302459 0.005665462286511393 -0.01798009490240152 -0.19104539989481453 -0.005747069370321993 0.9999735956120324 -0.004434364719746101 -0.04554663221061574 0.017954729315272252 0.004536454625458686 0.9998289019194144 4.800297632878203
0.99981088198831 0.006174662063369761 -0.01852716044154959 -0.19983980933522896 -0.006272639086623684 0.999966755271747 -0.005188172369564867 -0.048093773380999634 0.018494719640976293 0.0053030482352944275 0.9998153632397233 4.904066627802181
0.999800955889475 0.0064298051477552605 -0.01897466514887145 -0.2079877515097083 -0.006533927403556684 0.9999639674832438 -0.005386322650840745 -0.05009722646813957 0.018939492926221723 0.005509113821227522 0.9998059828544127 5.0190751016103965
0.9997915772072923 0.006508178416239875 -0.01944827361671968 -0.21566056368396294 -0.006616494633722683 0.9999630511493388 -0.005456571465981922 -0.052110619371282606 0.019412402186941347 0.005583954114943959 0.9997966160399994 5.13304785327985
0.9997834487162004 0.006529715006633825 -0.019871082620696895 -0.22307207995336167 -0.006645020874133158 0.9999618442055509 -0.005687246857875416 -0.05448052098219038 0.019833609298032302 0.005817676999518241 0.9997872516298197 5.235184074350776
0.9997734493457577 0.0066024846428349 -0.020326437460621283 -0.2300835457764201 -0.006723326440567441 0.9999602523776574 -0.005833528697012999 -0.05650999393786641 0.020287399026795768 0.00596860500689274 0.9997770113566247 5.333429361320637
0.9997605818965044 0.006887058516789224 -0.020846461630554498 -0.23724667281777134 -0.007012207618890655 0.9999577408299368 -0.0058901112388758895 -0.05798270360887394 0.020805231570175223 0.006034590285545805 0.999765750779457 5.428995015711822
0.999747590298407 0.007321587254295781 -0.02133696835262066 -0.2433255591825519 -0.0074551038090935945 0.999953633859472 -0.0061218743892506 -0.05933309066675331 0.021291731238738617 0.006278404963243802 0.9997545153028102 5.527748167308288
0.9997344051194236 0.007620202769451689 -0.021863121200114834 -0.24944174037054156 -0.007758540982368476 0.9999510422585199 -0.006176154540758411 -0.059927253786972876 0.021815822605890673 0.006342861471806124 0.9997428341829908 5.603831660199928
0.9997211140069743 0.007643119588499695 -0.02244954371478289 -0.2551976785333625 -0.007784244036639502 0.999950690603664 -0.00614218684433344 -0.06114273042699307 0.022402124289872302 0.006314385116913443 0.9997299807070175 5.6911019798982725
0.9997121789501165 0.0077206499963736065 -0.022821158365795083 -0.2603639956395452 -0.007864068324075294 0.9999498851360985 -0.0061427496498590315 -0.062181986867760296 0.022773139454109373 0.006319758079421367 0.9997215129528102 5.77096547851153
0.9997071754070852 0.0077698134042615725 -0.023023671767615085 -0.26426572875225074 -0.007914097693901487 0.9999497091822301 -0.006126761183888534 -0.06258365949628651 0.02297551987314439 0.006306391314616722 0.9997168689593036 5.8372649349395465
0.9997008305250774 0.007934428229553293 -0.023243616982288207 -0.26889931576179793 -0.00808559696801516 0.9999469215762564 -0.006360073559645728 -0.06329885164251614 0.023192537940575117 0.006545521751166795 0.9997103737729363 5.8939884372560645
0.9996938971090943 0.00809157142187787 -0.02348824048867281 -0.2737417169231128 -0.00825074498178161 0.9999439853800631 -0.006630581478126966 -0.06398323551793622 0.023433838671764035 0.006821748608338648 0.9997030844903271 5.949621228618003
0.9996902359181792 0.008260845604184998 -0.023595814451315332 -0.27756620007415944 -0.00842340474175129 0.999941866707695 -0.0067356710269877796 -0.06387111162539427 0.02353942121099367 0.00693148202965582 0.9996997407603391 5.999136571012079
0.9996882752459082 0.008408889137413724 -0.023617182389811954 -0.28028572602263496 -0.008571505387384807 0.9999404063751614 -0.006740198974725373 -0.06302917309758757 0.02355957304643626 0.006939885402718895 0.9996990866530453 6.038969778579881
0.9996877181866263 0.00840407121992683 -0.02364746755950745 -0.28306930658485746 -0.008572264252966694 0.9999388230236254 -0.006965157857234394 -0.06272184499151011 0.023587994785452333 0.007165253858498884 0.9996967949621809 6.072013904034529
0.9996840452541838 0.008504495599784846 -0.02376712972995202 -0.28632975190778687 -0.008681640554005015 0.9999353661707859 -0.007309604043445578 -0.06235965730239781 0.023703917156782005 0.007513208922198787 0.9996915646255657 6.100012878503772
0.9996827969488418 0.008662351587049737 -0.023748465672579884 -0.28866656406423524 -0.008842442344667793 0.9999328065047647 -0.007451953872733174 -0.061304138430067004 0.023682588972936815 0.007659293432522309 0.9996909079495667 6.125879693705978
0.9996822282020232 0.008780073842213855 -0.023724861268156865 -0.290791156383922 -0.00896416407183554 0.9999301791181265 -0.007643466483761067 -0.06022070166906583 0.0236561196228402 0.00785358005017804 0.9996901604058306 6.147615074106529
0.9996804724978895 0.008869282549119556 -0.023766146900822464 -0.29336671875272624 -0.009058364636451275 0.9999272788612016 -0.007849419122914864 -0.059390501502066796 0.02369461961325924 0.008062388698670786 0.9996875463227339 6.175324625422908
0.9996785034440251 0.008947437197380026 -0.02381755815297075 -0.2958820429268167 -0.009140675387615097 0.9999249810197764 -0.008016292669047964 -0.05865754840042684 0.023743712004588857 0.008231829950204729 0.9996847753029359 6.205033258301374
0.9996773223432764 0.00909885793555492 -0.023815197052568193 -0.2983764514609065 -0.009295637581619151 0.9999223962626038 -0.008161988999425345 -0.05784822287682329 0.023738804148741084 0.008381226065588786 0.9996836631783671 6.2365560961823805
0.9996766003279884 0.009227864037031717 -0.0238206725986233 -0.3012409733480405 -0.009428885408922751 0.9999203728242043 -0.008317480492270504 -0.057939337156829696 0.023742140922893108 0.008539482950515407 0.9996826208751554 6.287200363833757
0.9996729291470113 0.009378840501573307 -0.023896529285008086 -0.30402049835222394 -0.009585793415446341 0.999916772825059 -0.008543561352378574 -0.05719216719922662 0.023814323555756318 0.00876994844041914 0.999678813040272 6.308180414480265
0.9996682158847626 0.009458202424942327 -0.0240773383442985 -0.30804168518858493 -0.009676234294496724 0.9999124676641846 -0.008932478525627697 -0.057323972467278085 0.02399078923112561 0.009162345266336481 0.9996711074766776 6.353549370486818
0.9996603935889652 0.00949440386671117 -0.02438356322121762 -0.31329721141626793 -0.00973307669697225 0.9999044031243908 -0.009679635897507182 -0.058243479542721084 0.02428884079883424 0.009913994740993635 0.9996564000153983 6.409636950266216
0.9996490790686138 0.009415869286013998 -0.024863392158613856 -0.31976888849342733 -0.009682531327872019 0.9998949802031812 -0.010623979165118227 -0.0597160295447764 0.02476003373446879 0.010861459633523543 0.9996348364305307 6.473382636300294
0.999632720984297 0.009437623888643188 -0.02550776742807679 -0.3274440122966212 -0.00973259297072661 0.9998852772464794 -0.011458502816200153 -0.061862707953571565 0.025396054559954848 0.011702958735678925 0.9996093438351975 6.552918256152133
0.999608218158359 0.009281938465739626 -0.026502159236432253 -0.33647795286291277 -0.009606001994516134 0.9998786410595351 -0.012124714112460761 -0.06498376999066684 0.026385542292092782 0.012375151012623441 0.9995756173254519 6.655474217334467
0.9995672625796688 0.009001097091460469 -0.02809354688293512 -0.3475178103696082 -0.009357643110052815 0.9998747604697413 -0.012592658766798973 -0.06912077081412234 0.02797553525643117 0.01285119778745074 0.9995260200420729 6.783964451795192
0.9994926405611161 0.008972560677395689 -0.030639046275520214 -0.36083284507767244 -0.009363744790059846 0.999873883405414 -0.012657846260467844 -0.0743010413867808 0.030520312633087115 0.01293943155165338 0.9994503164571144 6.941993518432014
0.999346610026165 0.009068043711857944 -0.03505243312133381 -0.3774442783769702 -0.009505293666345354 0.9998764164100705 -0.012337241203658212 -0.08001608344323419 0.03493475644626399 0.01266364531863789 0.9993093066784798 7.129945897194714
0.9991425190800077 0.009199796077632662 -0.040422858595880386 -0.3973614723626682 -0.009679459041630837 0.9998825456855247 -0.011693437871435546 -0.08523221519975052 0.040309050990954914 0.01207588383931625 0.9991142746859905 7.3408589958971815
0.9988943932626779 0.009581101910512988 -0.04607434320583916 -0.4210773273482165 -0.010101419708301746 0.9998852294182553 -0.011078920502823735 -0.09051293244141645 0.045961504863698086 0.011533518159669683 0.9988765984701986 7.569151603869652
0.9985619995661338 0.010419260590095514 -0.05262586721945728 -0.44946219183764086 -0.010992787294538333 0.9998806503598615 -0.010628076523094587 -0.09576571130783697 0.052506942997502894 0.01119285386609307 0.9985572156334945 7.8137777899368785
0.9981112368140215 0.009739965673934287 -0.06068793937732958 -0.48115781153016063 -0.01035088252064636 0.9998962342563757 -0.009768387044469105 -0.10036016157552567 0.06058459066645641 0.010379663951570858 0.99810842927178 8.080904715119459
0.9975608012128135 0.011239945411343249 -0.06891778488969484 -0.521700033412873 -0.011932215612739078 0.9998797680710788 -0.00964874292100175 -0.10579248026159961 0.06879893885654395 0.010449331251634334 0.9975745834724604 8.369495832574541
0.9969106082229897 0.010820004144375967 -0.07781942000298786 -0.5632918782837258 -0.011581105064080124 0.9998868828524381 -0.009340339337062123 -0.11198483141045826 0.07770749339395133 0.010214477882012095 0.9969227635329887 8.670462126996995
0.9960315187398892 0.011052482429845259 -0.08833250346912577 -0.6138506801820891 -0.011873925139182272 0.9998885401722507 -0.008784275129286586 -0.11551145703621679 0.08822341874924104 0.009800085126166494 0.9960512712416896 9.003839717407638
0.9948646616930357 0.011007936776658104 -0.10063133878343633 -0.6722907763789024 -0.01185876981940558 0.9998961250494486 -0.007866582832169762 -0.11772529915894125 0.100531955767767 0.00902156251480889 0.9948912704064178 9.355092928514997
0.9934412507717404 0.010586637465029497 -0.11386812129645119 -0.739059379403772 -0.011463777587697337 0.9999066214426812 -0.007057820238515274 -0.12034388098454801 0.11378024281546209 0.008319223527143985 0.9934690245153155 9.735322212459783
0.9917272557484595 0.010567924238296094 -0.12794122836770494 -0.8169408511919194 -0.011499321295324686 0.9999095487605402 -0.006550039684847848 -0.1244772376083412 0.12785779049131926 0.007969601279740599 0.9917580923321778 10.137019288873624
0.9896310306982556 0.009882291426105095 -0.1433027691276097 -0.9047212145519103 -0.010858291765840534 0.9999197987641031 -0.006036676583692811 -0.1275696688404102 0.14322895567054258 0.007532703461089348 0.9896582488918356 10.560679642098947
0.9869601098985159 0.0103408179410438 -0.1606407443954462 -1.0100508769516034 -0.01130607518419175 0.9999200099041979 -0.005102869090904593 -0.13025791175452872 0.16057211888702172 0.006855472523053354 0.9869971174121224 11.012902990028802
0.9833958577353538 0.010867971748370448 -0.18115424121874488 -1.1306604411000178 -0.011812639985785425 0.9999182768654479 -0.004143262168382865 -0.13163287518094988 0.18109138146948411 0.006217264333122045 0.9834432703480223 11.475067885882806
0.9789351518893263 0.012627119799958255 -0.20378671800781864 -1.2739676794937873 -0.013811282360950085 0.999891700495954 -0.004395254126772646 -0.13571391294523627 0.20370594812747356 0.007120053262362151 0.9790029423738734 11.976504903383052
0.9739355081704089 0.01417442852957837 -0.22638744366033559 -1.4326944394245054 -0.01571219612456035 0.9998607738236805 -0.004997178320878792 -0.14132814107036004 0.22628186827342262 0.008426879051479978 0.974022168927695 12.504062433572315
0.9683488889351187 0.015478301817913103 -0.2491261038501363 -1.6088004896319466 -0.017344881083972193 0.9998322194857817 -0.005303594017263743 -0.14755308304155507 0.24899894905895378 0.00945957123165175 0.9684543577858689 13.05450559845258
0.9614174085851896 0.014380482213620106 -0.27472354454022385 -1.8024449961166304 -0.016592050407790132 0.999842768583541 -0.005731746193477199 -0.1543106237041041 0.2745946154873831 0.010071629832173178 0.9615041909477043 13.618764807173658
0.9532983708432844 0.009499003878988162 -0.3018863472730746 -2.012041941384691 -0.01190893461607243 0.9999076542159356 -0.00614622550202136 -0.15838033535611853 0.30179659694562 0.00945722253229813 0.9533222756252243 14.18267409254235
0.9442244119512907 0.0052928459040085425 -0.3292659752804388 -2.2484427139327865 -0.00764752569501888 0.9999519420073582 -0.005859566086875269 -0.16041234288549244 0.32921527238122816 0.00805323877848609 0.944217689300925 14.76851361210942
0.9344604823136029 0.00623651559726948 -0.3560167991172577 -2.520522183283572 -0.008707675897219307 0.9999463209396728 -0.005341767194678436 -0.16412929496032 0.35596013052579967 0.008094104458952308 0.9344630529935004 15.380370456049118
0.9240981121580167 0.011362615765958047 -0.38199106976733693 -2.820093798436778 -0.01419679218857002 0.9998873303971774 -0.0046047271242044925 -0.16596061448038546 0.38189137488576613 0.009680596369379893 0.9241538875769804 15.9928854253893
0.9122065464688498 0.01108027338357639 -0.4095848238159528 -3.1355694596351906 -0.013918415462124576 0.9998942698885296 -0.003950996429177675 -0.1703536164184019 0.4094932015981084 0.0093074234295253 0.9122629280155957 16.616201154306523
0.8995893904925116 0.012305486206830534 -0.4365673773355395 -3.496927552282055 -0.015073385357412481 0.999881231186278 -0.002878869214201509 -0.17137701203340788 0.4364754266337702 0.009172818134123517 0.8996667139380079 17.26542584350109
0.8896228500317931 0.014440525613774534 -0.456471250264151 -3.873353705854995 -0.016968458938202285 0.9998541198264732 -0.0014411824801784665 -0.17332066943787527 0.4563789927197638 0.009030169508048393 0.8897370702690193 17.93127807163259
0.882722525202856 0.016150557138207716 -0.46962031616439714 -4.2499107971906405 -0.018530385418542607 0.9998271857001366 -0.00044725888809326285 -0.17535059114712123 0.469527098037295 0.009099784661521925 0.8828680307634048 18.598914921042578
0.8761239247596742 0.016189759309043338 -0.481817748760354 -4.635001900636047 -0.01852300395654741 0.9998273604468996 -8.778553572874452e-05 -0.17859057286426713 0.48172837034100335 0.00900443160897502 0.8762715452193965 19.266478694918103
0.8680554750935595 0.01435835458141189 -0.4962634746525426 -5.024660656359726 -0.016348291985181968 0.9998659377957471 0.000331198328129561 -0.1787162614135269 0.49619669180543624 0.007827841955144126 0.8681724012672734 19.91043666528639
0.8594234967631317 0.011922761853006378 -0.5111300032179915 -5.430835646245211 -0.013074427915532715 0.9999138603323617 0.0013395437217076124 -0.17455525152392443 0.5110968463042981 0.005533572824934163 0.8595030512494242 20.555365052234038
0.8507630972261906 0.009453349497437459 -0.5254693730894523 -5.853195197710519 -0.007872907097011841 0.9999556603749591 0.005242233740916627 -0.16101352538889352 0.525490517058163 -0.0003207060563946021 0.8507971243762629 21.2079464085768
0.8395577240797615 0.006903185827932508 -0.5432320165756996 -6.300795699024849 -0.001343970680363443 0.9999437268167299 0.01063007784533617 -0.1396656154412856 0.543268993060413 -0.00819200780750766 0.8395165688862906 21.865450436928025
0.8246089999594578 0.006183047792929013 -0.5656741847440933 -6.771386835923781 0.0037286406030965793 0.9998593740185344 0.016363666744348145 -0.11288549520195398 0.5656903428039681 -0.015600543770446666 0.8244677430365349 22.50089359997281
0.8062100095825299 0.008736224913460858 -0.5915691978135509 -7.269828310327625 0.004711834253323501 0.9997643384495221 0.02118580742197628 -0.08845788496332614 0.5916096928679347 -0.01986522867211718 0.8059770889656188 23.116317163619925
0.7851274078917392 0.009479632783396578 -0.6192658911499652 -7.792346126592354 0.007089718914266995 0.9996795457765333 0.024291729234751473 -0.06413331866292343 0.6192926932607433 -0.023460215759935163 0.7848069845144025 23.713316390658733
0.7612703113613553 0.006811117758323889 -0.648402867358419 -8.345543589592978 0.012534312121455773 0.9996036120744425 0.025216467541420255 -0.03972793700569535 0.6483122045284619 -0.02732153661870037 0.7608815003888798 24.297063242473328
0.7341471542637572 0.0037045946778999665 -0.6789838117143077 -8.918090345809286 0.018743444396581214 0.9994929267033749 0.025719964585907442 -0.01427859112102561 0.6787296629687929 -0.03160635889571187 0.7337047431387769 24.84934966701676
0.7041521040681002 0.002804332976711054 -0.7100472481751481 -9.530745656913062 0.02193182649004376 0.999429009683955 0.02569712290154315 0.010228004569419975 0.7097084444428001 -0.03366509795147347 0.7036876140023168 25.38675482547927
0.6722299677018799 0.003883131485173597 -0.7403356543548499 -10.152576630132874 0.022279265822932954 0.9994270798598268 0.025471932045264337 0.031262177856022144 0.7400050554685234 -0.03361482340325819 0.6717576403367793 25.877250885379162
0.6374200157593006 0.0066496970475018015 -0.7704916602468503 -10.817336394823077 0.019812823867034878 0.9994910414523887 0.02501653431079214 0.05068792859612199 0.7702596299330048 -0.031209302772659143 0.6369633868618373 26.351673811325597
0.6026040820229749 0.008100505514624023 -0.7980025297420948 -11.507061093606996 0.0192280124877687 0.9995109530636819 0.02466552180079941 0.06942584554827563 0.7978062397941635 -0.030205308411033017 0.6021535184274989 26.794884298989814
0.5677668330808731 0.009515896154504164 -0.8231376695576517 -12.18334975147198 0.01864149627454128 0.9995284015928451 0.02441274002269128 0.0868344357644093 0.8229758895453072 -0.02920305195306465 0.567321727001194 27.187831120430225
0.5329858518851508 0.010504419634386765 -0.8460622737715441 -12.886774226118984 0.019550651490110326 0.9995036858341304 0.024724627131863637 0.10702421144196207 0.8458959178780512 -0.02971665545465489 0.5325162283419652 27.565620411813644
0.49796505501411237 0.01193724624656038 -0.8671179648462901 -13.594110907757482 0.019092837675933706 0.9995122813508119 0.024723571767059985 0.12685715942720072 0.8669843280091624 -0.028865017868090283 0.49749501925656914 27.90755198947646
0.46515569593805983 0.013284355141754365 -0.8851315109174148 -14.30846158855666 0.019073002308970074 0.9995046687214616 0.025023820796267443 0.1471243285911981 0.8850203059526093 -0.028519963113057965 0.46467316665091835 28.22478065307379
0.43404665136193504 0.014185921875490644 -0.9007807831732026 -15.031780494510503 0.01809190258746599 0.9995366954225016 0.024458788498201812 0.16543960100663516 0.9007053017895047 -0.02691087725193808 0.4335905934735972 28.520071067902833
0.4061069279412724 0.014728238875501364 -0.9137087141340269 -15.751875272584567 0.016366480540726733 0.9995917565553545 0.023386695550584688 0.18252707154018377 0.9136755624303495 -0.024449420230756462 0.4057019772690117 28.794020498949614
0.3826804633012234 0.015819901716721735 -0.9237468629774528 -16.482258171018458 0.013511116986301988 0.9996495838161853 0.02271684252259959 0.1996660165946779 0.9237785622783629 -0.021171934911808837 0.38233439788016466 29.056938304666634
0.36304422870676994 0.016946036882135102 -0.9316182724967803 -17.21687328289397 0.010722912519334058 0.9996912167292331 0.02236264635032488 0.21506508597010182 0.9317062335854378 -0.018106077541041227 0.3627517351605824 29.311020729096825
0.3472888999791426 0.017324787849432366 -0.9375980312512538 -17.931867690434306 0.010706758037170324 0.9996892239373849 0.022438028162530967 0.230323618806216 0.9376928469063963 -0.017828742878920258 0.34699672045170776 29.5532486030053
0.33330538911616386 0.017406517898846965 -0.9426573756001203 -18.654489319992198 0.011005999622606087 0.9996876830733905 0.022351589807777714 0.2448775608880084 0.9427500670354085 -0.017822350141450054 0.333010592784726 29.79044896822072
0.3216614542201408 0.017202008609222275 -0.9466972290446796 -19.377316868791404 0.01145299557864928 0.9996889423039336 0.022056791884445842 0.2591474025120196 0.9467808273098256 -0.0179347221542532 0.3213649323855846 30.020316389502245
0.3131414039820223 0.016827168554427382 -0.9495557508536584 -20.11992489138069 0.011204914438706715 0.9997058556052064 0.021411389678720718 0.2738245048139885 0.9496354386142764 -0.017341620674458363 0.3128608412877342 30.25256593584667
0.3073000452710315 0.01706564839756463 -0.951458011559888 -20.871645511262845 0.009307143774991004 0.9997354061567113 0.02093799254390392 0.2890655668030096 0.9515621552453907 -0.015286738008308145 0.30705994519886215 30.483317078551604
0.30391478121824783 0.017065107637785723 -0.9525448812803661 -21.62063357257973 0.007453902092892176 0.9997645062749276 0.020289541870017695 0.303644293541152 0.9526649978258988 -0.01326374304403581 0.3037164024036205 30.712536396402353
0.3018993086395275 0.017155562698005847 -0.9531839590805137 -22.377342232438757 0.007312778564263791 0.9997652626540883 0.020310312324969885 0.3201752113346815 0.9533067505625638 -0.013099371572944397 0.3017032282633094 30.945418464581177
0.3003683269005002 0.017926461629824687 -0.953653512133794 -23.18125561571548 0.007555664556205695 0.9997457275714969 0.02117292132385365 0.34019741087577116 0.9537882888179583 -0.013562404810352358 0.3001567503437307 31.19609683267525
0.2993408845302931 0.018719548278202717 -0.9539613698317829 -23.98392381835057 0.007938406737260883 0.9997223010259969 0.02210866179825182 0.3616759797222403 0.9541078199997701 -0.014188116755621661 0.299109453711318 31.44460946359309
0.29877104388801357 0.01881415620538465 -0.9541383782419944 -24.768388711907072 0.008063306987968647 0.9997189166293289 0.02223783098872635 0.38002814961220294 0.9542860612311882 -0.014335340938001047 0.2985357683213463 31.68645098985677
0.2984767157550288 0.018753220769210977 -0.954231593305052 -25.575865476870295 0.007861994626434667 0.9997232264700128 0.022106692003208816 0.39706525617080407 0.95437991064646 -0.014098160266986893 0.2982470176943461 31.935113292923877
0.2981838553593539 0.01883306637379753 -0.9543214430086567 -26.368467990435978 0.007362445686861002 0.9997285033140226 0.022030193254827517 0.41430683707529825 0.9544754897629862 -0.013592478654503116 0.2979644182641313 32.17712372067946
0.2977934888686495 0.01893564311869825 -0.9544412041985179 -27.163214285485317 0.007202683775083921 0.9997284817397604 0.02208199418907505 0.4318802070524119 0.9545982992517846 -0.01344758044512466 0.2975764187080247 32.420486401319906
0.29747501570205853 0.019133816191994755 -0.9545367644336267 -27.96075824927788 0.0067619359546799975 0.99973068234986 0.022147236015757254 0.44989883791552093 0.9547014725133786 -0.01304047083715634 0.29726588221654854 32.66344561516386
0.29737915292999423 0.019175383557150694 -0.9545658039228356 -28.744061028188703 0.006655869425768613 0.9997311973242358 0.02215649310031705 0.46715166410865544 0.9547320932565406 -0.012940018236009885 0.2971719454980946 32.90435815332191
0.297368331718176 0.01915856622398713 -0.954569329295058 -29.52817998282627 0.006294615933484113 0.9997363089905484 0.022026407481173696 0.4831855102684638 0.9547381063280186 -0.012556269884527951 0.2971695176175331 33.14474550771124
0.2972699170057339 0.019237159695491397 -0.9545983734564065 -30.324420201784516 0.006407295886386033 0.9997329247274765 0.022142417955475606 0.5009162743766296 0.9547681412507838 -0.012696284356402698 0.29706742324633706 33.39049205373718
0.29721861181392034 0.019285336627302658 -0.9546133998069355 -31.12467095067696 0.006273664300233595 0.9997336015672599 0.022150790426259056 0.518079306079874 0.954784886835473 -0.012570014495565862 0.2970185136216032 33.6365664898859
0.29724478464897536 0.018887058538556677 -0.9546132218777008 -31.909729944963527 0.006165302081360126 0.9997442001251754 0.0217003648909466 0.5311264763652879 0.9547774511923478 -0.012333453948866169 0.29705247413759717 33.880370138429576
0.2973156608679877 0.01835179355049701 -0.9546016007203257 -32.696710505474016 0.005736251446786208 0.9997614726762959 0.021007425935628345 0.5425404303021075 0.9547581554138913 -0.011719352923807796 0.2971396349645174 34.12516849499794
0.2974620025087509 0.017851709435103107 -0.9545654729459726 -33.49784477364377 0.005573234316324818 0.9997743207456292 0.020434880318626284 0.5542451190547873 0.9547135632654195 -0.011396331398647186 0.2972955735037799 34.37583256837147
0.2975748433780809 0.017546336810121944 -0.9545360253438113 -34.321265334158774 0.005746591892419264 0.9997787597818992 0.020170280381075448 0.5680220953342062 0.9546775185560987 -0.011485260111597825 0.29740831049310107 34.63339405375379
0.29769422175912863 0.017344299874590824 -0.9545025495831843 -35.14862599394921 0.0059102122952067165 0.9997810316413744 0.02001115672313249 0.5820862432118306 0.954639323647509 -0.011596145794500547 0.2975265420478373 34.8919947109027
0.2978945068084598 0.017101916097527287 -0.9544445032505174 -35.98722317037262 0.006036894244344986 0.9997843463998223 0.019799461705176383 0.5974561009768586 0.9545760830915259 -0.011657473505309402 0.29772699846179507 35.15730365275172
0.2980144570136687 0.016840986064045074 -0.9544115305516505 -36.86650814596244 0.006174494883980698 0.9997879273921789 0.019570684684435898 0.6127406882383252 0.9545376556241365 -0.011722928129658888 0.2978473131913715 35.4342266249815
0.29815661095333834 0.016829080293864266 -0.9543672078272208 -37.78592106858794 0.006163535176247931 0.9997881478618265 0.019556645933879777 0.6284602742981427 0.9544935948254284 -0.011711063679787524 0.29798986094854174 35.723290458865996
0.2982736576040029 0.017046539245647807 -0.9543267451748787 -38.72169394261393 0.006641343569640681 0.9997775025569721 0.019935234088217273 0.6455306513666352 0.9544537610697704 -0.012281799706247357 0.2980942054499073 36.0177727378201
0.2983603899663889 0.017212961819971347 -0.9542966721085427 -39.68315200510714 0.0067501445175843725 0.9997725421176147 0.020144930470485628 0.662073671666665 0.9544260247378212 -0.012449708935641178 0.2981764594855343 36.32022528334539
0.29850411338423494 0.017254672995843965 -0.9542508326685177 -40.65260423162385 0.0064996831917359015 0.9997745946971887 0.020112423371263344 0.6774663154005912 0.9543824921009713 -0.012203312635077542 0.2983247617744291 36.625203059660834
0.2985689150806091 0.017235792650326244 -0.9542309057786064 -41.62768236375135 0.006619689224204975 0.9997732615220128 0.020131383164701547 0.692962068597458 0.9543614070178215 -0.012324552964600681 0.298387223524702 36.93320085928563
0.2986400734427072 0.01725481033047146 -0.9542080840016567 -42.632540393217454 0.006608620143198757 0.99977274967664 0.02014882404687875 0.709073789064855 0.9543392221995805 -0.012320131557548934 0.29845803107032437 37.249604438211136
0.2987654634206606 0.017340925164643934 -0.9541669493640821 -43.655434506222946 0.0063991976875628935 0.9997730689694097 0.02017572114052314 0.7256687152583896 0.9543008093916712 -0.01213010934171537 0.2985865292288689 37.57139821965007
0.29888415270192964 0.017498435311416108 -0.9541268182028814 -44.70253706660157 0.006225475011033716 0.9997717979860082 0.020288118775771906 0.7429801825802291 0.9542644409089679 -0.011999875909635716 0.2987067793036181 37.90087716196242
0.29902758036485483 0.017604867292172043 -0.9540800135455278 -45.76302537409978 0.005855955956918007 0.9997742620719384 0.020285703009136753 0.7598625875893957 0.9542221777582535 -0.011649405855347414 0.29885684453119593 38.2339077843598
0.29910297548525167 0.017557629633764574 -0.9540570250193334 -46.82320477281302 0.005902578767675633 0.9997744401236489 0.02025177165045555 0.7760949056695188 0.9541981401846003 -0.01168504335224795 0.29893173845607846 38.56868426006348
0.2992001437260918 0.01757042937352888 -0.9540260146176551 -47.90116908163612 0.005772463641172932 0.9997753811554906 0.020225771392467135 0.7927123601566567 0.9541682366299301 -0.011554730101152306 0.29903127409019425 38.908685926533224
0.2992808895607247 0.0177248231518712 -0.9539977558027379 -49.00939300748013 0.0057279784147960516 0.9997724476015555 0.020374614116300337 0.8106006847247009 0.9541431237041148 -0.011558274218030457 0.2991109658192463 39.257796850656675
0.2993457535379353 0.017815697463844905 -0.9539757211076093 -50.13298811810374 0.0055540116069318374 0.9997721844356317 0.020416316145639758 0.828294899663618 0.9541238221200612 -0.01140561730125148 0.2991782043566373 39.61139944546773
0.29938358107235097 0.017653419632263707 -0.9539668783500785 -51.243797502771955 0.005767901120256923 0.9997730891861017 0.020313987681585856 0.8445934866201226 0.95411070993882 -0.011579758078480483 0.29921338238678213 39.96331562955981
0.29943532232211595 0.01767644074855094 -0.9539500919635953 -52.406875315332 0.005610848898285189 0.9997747315602273 0.02028937607447384 0.8653072353721467 0.9540952984898646 -0.01142350546883168 0.2992681733528651 40.33053908366367
0.2994464470409949 0.017727219682609624 -0.9539459129324726 -53.558158949181674 0.0057172369720880625 0.9997726115321957 0.02037613997729282 0.8853473293085351 0.9540916816153557 -0.011551285221932339 0.2992764098335358 40.69461721577276
0.29945045204951465 0.017781325462612966 -0.9539436621212852 -54.726968553172384 0.005679240025555053 0.9997716765865531 0.020421069637708632 0.9043631771351406 0.9540909020816674 -0.011528528606385788 0.2992805258071656 41.063221528063295
0.2994707158429365 0.017581655610871237 -0.953940944460215 -55.9144487023991 0.005414206401759556 0.9997789111841371 0.02012907007957493 0.9214325611945088 0.9540857440218872 -0.011188589810369864 0.29930871032685297 41.43796357780502
0.2994516827416583 0.01755915475771775 -0.9539475322850173 -57.13050344998439 0.00535034597841914 0.9997804947686549 0.020084995367371346 0.9396058688829705 0.9540922052470041 -0.011114440783367397 0.29929147418804675 41.8217040637153
0.29936226401544164 0.017592565277495788 -0.9539748061089646 -58.370940055699435 0.0053941633471054455 0.9997789494334289 0.020132961732465895 0.9582705487744935 0.954119712088723 -0.011168461316592045 0.2992005285727844 42.21327342007484
0.2993535091712482 0.01781802213950959 -0.953973571317482 -59.60982028746628 0.004814580242713427 0.9997809764032591 0.020187174136956126 0.977853031904594 0.9541261084047975 -0.01063203155029457 0.29920161525476674 42.60193323622161
0.2993783443393198 0.017901389678194102 -0.9539642307858612 -60.87116309749704 0.004500930502525965 0.9997827047757932 0.020176303078999022 0.9968414381819862 0.9541197732672235 -0.010329885851132502 0.29923212969356155 42.999387115434246
0.2993905131306152 0.01784999821424938 -0.9539614188120262 -62.147694058708865 0.004250920481775428 0.9997863189194124 0.020044415075060808 1.014887386047773 0.9541172585183194 -0.01005196470764776 0.29924998547287945 43.40255877491664
0.29941755889548627 0.017749421948779896 -0.9539549218410671 -63.455282067691506 0.0038947854398979857 0.9997922965996685 0.019827621979626325 1.0327140063820002 0.9541106072909076 -0.009648076712309465 0.2992856133486169 43.815773525489384
0.2994497071258097 0.017823324079360773 -0.9539434011698629 -64.76038856015798 0.0037319664798339 0.9997922808256814 0.01985425256220019 1.050912189039418 0.9541011827732067 -0.0095014410633607 0.2993203714561825 44.22870020149568
0.29945430364179015 0.017746161604884594 -0.9539434482183196 -66.09236617966397 0.0033032130609907083 0.9997980387564527 0.019638903593922768 1.0686890481427298 0.954101353389758 -0.009027981632342823 0.29933450308922954 44.64953470143278
0.2994549587087154 0.017506972965840657 -0.9539472251358292 -67.44110382811186 0.0024302737319622275 0.9998102746257956 0.01911488737759829 1.0849145561454345 0.9541033550820269 -0.008037978740326149 0.2993546494718264 45.07578016540216
0.2993232095833018 0.016909181806666354 -0.9539990805348455 -68.81434025254981 0.002095614267361639 0.9998245010154688 0.01838256960035124 1.0992920068000283 0.9541453069144957 -0.007496805877584177 0.29923416354623816 45.51074219767004
0.29922137651147995 0.01655765342473407 -0.9540370892760708 -70.20019559611887 0.00149813094480122 0.9998358079387042 0.017825723950461392 1.113840439950245 0.9541784376384803 -0.0067584951129087125 0.2991463900583916 45.94848652218746
