1.0 0.0 0.0 0.0 0.0 1.0 0.0 0.0 0.0 0.0 1.0 0.0
0.9999992847442627 0.0011542439460754395 -0.00017011165618896484 0.00013269227929413319 -0.0011536180973052979 0.9999986886978149 0.0013097822666168213 -0.0013455101288855076 0.0001716017723083496 -0.0013093650341033936 0.9999990463256836 1.3171623945236206
0.9999990708766457 0.0011096017223017896 2.0506066993775107e-05 0.005166142755541114 -0.0011091349329150901 0.9999991754538193 0.0007950247916141961 -0.007501805468331069 -1.9638566825186388e-05 -0.0007949549714059145 0.999999395227305 2.6364161443110294
0.9999993223716884 -0.00045638979068212624 -0.00017468092489696614 0.011163134423258947 0.0004569841016381902 0.9999994387008942 -0.0007999894625398169 -0.017374281203387867 0.00017488792971047197 0.0008001568968261017 0.9999991770456738 3.9261660170139248
0.9999985842753882 -0.001148305179460703 -0.00020304341270084477 0.016212563254567155 0.0011487613244854245 0.9999972498906566 -0.0017996608942058671 -0.028552038549666345 0.00020482647202232045 0.0017998127474441786 0.999997776075365 5.175855686744145
0.9999989180026889 -0.001084396426232768 -9.627591236637332e-05 0.020449855638628278 0.001084728868455243 0.9999968840389517 -0.0021766269182395288 -0.039710549870129 9.85254911559034e-05 0.002176437392951568 0.99999735758437 6.432123454976454
0.999999058488167 -0.0009002141195388598 -9.032908681076018e-05 0.022126694977033505 0.0009007730687308396 0.9999968723997293 -0.0021365662239428438 -0.04851908693444981 9.19560222375311e-05 0.002136668895329146 0.9999974453502866 7.646009591188632
0.9999996505509067 -0.0009247433516109734 0.00010441548462798025 0.026077708672143627 0.0009251505842856186 0.9999979962080784 -0.0018235419033191768 -0.056360069498466336 -0.0001026908008575859 0.0018235056523691457 0.9999982509497293 8.891439885522269
1.0000003170217295 -0.0003181975167514407 0.00023646491927220217 0.02900935022908417 0.0003186771459945366 0.9999988002161456 -0.0016250559250217097 -0.06400518080972246 -0.00023591062664078747 0.0016249004216884549 0.9999987182980529 10.238425157161412
1.0000001474004534 -0.0003604407626814976 0.0003927703388136854 0.03571613549901845 0.00036122052196552434 0.9999984357298799 -0.0016942068369168832 -0.07383710227602995 -0.00039212506059139367 0.0016942003145344483 0.9999984497752843 11.529195211801419
1.0000000658286736 0.00023685605134312468 0.0008445302619989846 0.04145600489211971 -0.00023492360192946534 0.9999979552840519 -0.002069999207776125 -0.0845382630651153 -0.0008450878185496197 0.002069683352306547 0.9999975165276604 12.806205868299752
0.999999775832627 0.0007053648364306086 0.0013388578650095346 0.04778099050675834 -0.0007022727338645133 0.9999974133983881 -0.00233675618502309 -0.09477270562249228 -0.0013403872982401626 0.002335511342748529 0.9999965468608583 14.056980831787074
0.9999972246621055 0.0020304393597612522 0.0017445160538878239 0.05191137929853538 -0.0020260176096971658 0.99999523984605 -0.0025635677680662314 -0.10324161455260013 -0.0017497137618127578 0.0025596645894283886 0.9999953546409529 15.31474418304487
0.9999956765469168 0.0022186525783662765 0.002344273577609845 0.05989901096174919 -0.002213755982398448 0.9999958743705485 -0.002145001634573634 -0.11182902525844693 -0.002348983512419725 0.002139242249285723 0.9999950235956699 16.621549070732204
0.999994150155839 0.002247978736449138 0.002942268567976453 0.07034639511204305 -0.002241589603868845 0.999995802794717 -0.0022608557426924488 -0.12256054341851946 -0.0029471752942170034 0.002253704259272706 0.9999933136995514 17.919690818361506
0.9999893704718325 0.0035149127000715075 0.0033961438189410277 0.07762744320836484 -0.003507199571578169 0.999991938134579 -0.0023998585569659386 -0.131232024417974 -0.0034041827314323634 0.002387238513655086 0.9999919025698474 19.242056749132004
0.9999893778305641 0.0033285117184729015 0.003551687223374334 0.08936139291946091 -0.003321907361194435 0.9999933900799289 -0.0019912754882197496 -0.14024863113959843 -0.0035578623315648235 0.0019787300343142794 0.9999921162240731 20.537509008005838
0.9999901131834072 0.002911254111285482 0.0037357939588518324 0.10060309258415935 -0.002903564823480378 0.9999945830420341 -0.0022099220764373907 -0.14834417113015602 -0.0037417039015681906 0.00219823499541755 0.9999911463884745 21.817127657760192
0.9999895735986677 -0.0026023901290258846 0.004133032785781935 0.11982112226539303 0.002617066282397945 0.9999907806614098 -0.0037370378463919864 -0.15712136814139147 -0.004122878372154216 0.0037471300079481274 0.9999848584618014 23.1372132687571
0.9999899339024373 -0.00046748607254169214 0.004681644236076657 0.1273308475025877 0.0004865649963933529 0.9999919235347362 -0.004190454014176861 -0.16620842453936038 -0.004679807794555545 0.004192595384558952 0.999979585743779 24.432981016525112
0.9999856006813919 0.0019853871481106396 0.005175822439057616 0.13549658607711948 -0.001961419261054907 0.9999876757352956 -0.004707262896587729 -0.17798891128198516 -0.005185518694758656 0.004697011330783725 0.9999746295507675 25.792159865210124
0.9999906625523637 0.0012824637649163956 0.00446767737468391 0.14589994151806487 -0.001261426769477599 0.9999883499502809 -0.004881899280545261 -0.19317711487131783 -0.0044740405034597724 0.004876028990526883 0.9999773538786016 27.105914232263107
0.9999925314754596 0.0025021883457031265 0.0034334672985843724 0.14878513220755396 -0.002488691660909244 0.9999891778100206 -0.004149308568782627 -0.20295748195176827 -0.003444029895257029 0.004140798493830487 0.9999847165410455 28.381200618628846
0.9999896721238195 -0.0034169951903384515 0.0034499896178507316 0.16676877301237963 0.0034152888179484987 0.9999949179198974 0.000329722077826642 -0.2035520925668915 -0.0034510680835492338 -0.00031784570980670536 0.999993171932264 29.653334058675327
0.9999916414402062 0.0027970532358799084 0.0034291001608687285 0.17056555634675388 -0.0028044466227012694 0.9999949303607237 0.001989307880795061 -0.20538552343587033 -0.003423543511580581 -0.001998730658637356 0.9999913856323165 30.91992802258935
0.9999906562053071 0.00252883096809612 0.0038668954800103856 0.18493182587824983 -0.0025285555426602436 0.9999976780478999 -0.0002027295068293489 -0.21697058141950454 -0.003867640035570152 0.00019320634723830584 0.9999917412428333 32.16227014459605
0.9999946951635689 0.0006022517521512232 0.003579108602835831 0.1989038793881433 -0.0005905381648659535 0.9999949024321922 -0.003383262672938836 -0.23278933841265023 -0.0035815454746637226 0.003381509277334843 0.9999870229181381 33.433690105778574
0.9999944652373538 -0.00023796985859692347 0.003651966905212579 0.2101337857698171 0.0002521858983193091 0.999992805337323 -0.003938772441411843 -0.24654221310555693 -0.003651471233486805 0.003939956860608735 0.9999845248165273 34.69214175093363
0.999993115139146 -0.0011359148467868327 0.003701369035057773 0.2208269032957141 0.0011483538340713163 0.999994231372873 -0.0032923508132149627 -0.25741655917270606 -0.003698105348447422 0.003296850990260104 0.999986533073135 35.985074279801104
0.9999915836063269 -0.0015927358682916602 0.00400702666845561 0.2328569676910445 0.0016041436048250413 0.9999952258937178 -0.002813093329517543 -0.2675403952488851 -0.00400301488725593 0.002819646553508239 0.9999869199844831 37.26213174258695
0.999990310285708 -0.0017626131707162475 0.0043170685139753764 0.24534874159161657 0.0017764952860263516 0.9999937200167324 -0.003249943916146027 -0.2806934294877384 -0.004311637966076912 0.00325776636356099 0.9999843888857136 38.5633374431103
0.999989749647589 -0.0011347392744313694 0.0045922046346637425 0.25664503585275505 0.0011531800811730927 0.9999916392825128 -0.00404770588340471 -0.2954571127038612 -0.00458793593056615 0.00405322542999149 0.9999800120762793 39.8452920310999
0.9999886332716812 -0.0012585673039420607 0.004778791784110356 0.26807128224782006 0.0012785367176975553 0.9999905819474146 -0.004228925488638997 -0.30885567604832487 -0.0047737805345888455 0.00423531896893745 0.9999783023495947 41.10430121571784
0.999987269958903 -0.0011738186998160047 0.005073754033618708 0.27898636562813567 0.0011934499840313658 0.9999919120546347 -0.0038835884191412906 -0.3177225918384259 -0.005069689134558378 0.003890129932442838 0.9999781743854138 42.406843154327824
0.9999856156955559 -0.0010973803266299902 0.005346616808655876 0.2898137790520719 0.0011176217542010888 0.9999922427617648 -0.0037294821888467808 -0.3273182597980356 -0.005343327368530543 0.003736228658764115 0.9999769711131951 43.669433056600646
0.9999846213672723 -0.0006551012084134437 0.005623490414910344 0.3003803743704497 0.0006769864311518868 0.9999922865360822 -0.00384999101565319 -0.3390638037026165 -0.005621596336236376 0.0038544760495654506 0.9999751601780243 44.94712050974782
0.9999817454530262 0.0021213497623215672 0.005764689316307865 0.3070972636040453 -0.0020894339554406666 0.9999827521215131 -0.005497334955608403 -0.35528170699536216 -0.005777045766124005 0.005485989025263005 0.9999664726531369 46.223154219036424
0.9999821460031423 0.0012458351883554114 0.005977044636345141 0.32117777449714946 -0.0012069608421572692 0.9999783271192894 -0.006485591169011262 -0.3730195540876599 -0.005985676386359007 0.006479123293670357 0.9999593376887564 47.46635143197117
0.9999772298425966 0.00287029671418832 0.00625238757058336 0.3295620170377267 -0.002831832076360673 0.9999773061027478 -0.006148240971324856 -0.3862440998621669 -0.006270229600039294 0.006131136793119106 0.9999599992084843 48.75179026077821
0.9999699742036564 0.0031973801939199718 0.007251929987603965 0.3425216762237428 -0.003183892947220885 0.9999938115496579 -0.0018973343705625204 -0.3937794455275275 -0.007258902012201806 0.00187585726352616 0.9999710670760579 50.040243648296986
0.999965401308429 0.003585195384061337 0.007711920833806731 0.35549093898714007 -0.00359635323494698 0.9999933267853979 0.001395781339424951 -0.3985818362624973 -0.007708010495383742 -0.0014212162406522602 0.9999687392007435 51.32716882143655
0.9999676441599372 0.0004890256529695455 0.008230399490104913 0.3758714912377263 -0.0004917682773684837 1.0000004592314793 0.00027159043433461444 -0.40664547147680186 -0.008231422064418669 -0.00027332534317471265 0.9999655913884842 52.591648649197566
0.9999695859758903 0.0003953436936940306 0.00804393034363706 0.3919071829611063 -0.0003755485457247002 0.9999974641110043 -0.0025345075212930505 -0.4211322545957388 -0.008045884084269768 0.0025337866898743283 0.9999641864388191 53.88026347569333
0.9999654557728471 0.0007602503882715872 0.008524330969593662 0.4076990849975837 -0.0007323734964714223 0.9999949097381373 -0.003348407250322663 -0.43571946419006186 -0.008527812392967255 0.0033445064210982866 0.9999577202282363 55.16865300189312
0.9999629641030561 0.00028506454089440123 0.00884484568913662 0.424087911783752 -0.0002582205567807498 0.9999959463952024 -0.0031070493684796432 -0.4474615484573069 -0.008846724675434634 0.00310683936959266 0.99995543877979 56.46637389980004
0.999958623320464 0.0005311443457334397 0.009287207749125807 0.4394663498627438 -0.0005035783771942645 0.9999960212425134 -0.003024283300873485 -0.4589980211250262 -0.009289854033001822 0.0030216894572745985 0.9999516636708617 57.76202891464639
0.9999511562616875 0.0008507254738292399 0.01006669579849657 0.456662611259593 -0.00081906166352219 0.9999954901983703 -0.003226764288579064 -0.471959297029001 -0.010070196361500717 0.003220252144594479 0.999943691178156 59.06706909509585
0.9999467155120094 0.0011899851650552255 0.010538793978110519 0.47390860753487596 -0.001154184989489046 0.9999945149388751 -0.003518617353939288 -0.4854119420706798 -0.010543149853256068 0.0035076008971233657 0.9999382341604728 60.34105398899233
0.9999429132102575 0.0016150672791932362 0.010874471282356104 0.49023477267127064 -0.0015766719988488114 0.999993735815704 -0.0036698345777586637 -0.49843036756462955 -0.010880191854628622 0.003653390518443126 0.9999344023637935 61.63736215977952
0.9999363019974901 0.0019630896719152503 0.01139776226585015 0.5093066952427966 -0.0019225415004459805 0.9999928748434 -0.003690804236402564 -0.5087106316911841 -0.011404842440690198 0.003669809916588299 0.9999281577135611 62.94230877365134
0.9999325360744672 0.002211647540000932 0.011727490645971006 0.5289266422701677 -0.002167788667673812 0.9999921186736656 -0.00389764108303535 -0.5209143484877875 -0.011735521165895485 0.0038728035409739997 0.999923993282422 64.25282827463467
0.9999279393248935 0.00284026683398979 0.011990587482178202 0.5476231346072487 -0.002790665596133205 0.9999890479906639 -0.004293538046101941 -0.5351109848625785 -0.012002053961101428 0.004260330279512687 0.9999193642073282 65.55889050454154
0.9999262027694038 0.0022168947430334803 0.012273198648222421 0.5689084408137706 -0.002165606469343361 0.999990612026306 -0.004335617515030465 -0.5499663701954582 -0.012282032048880339 0.004309061588680388 0.9999157351185304 66.86740980175509
0.9999257199518261 0.0017655003537019394 0.012403689218069797 0.589809696479568 -0.0017155079981271487 0.9999921859846521 -0.004169752941867722 -0.5640579891328842 -0.01241033649949539 0.004148535940352866 0.99991485277683 68.18830563380361
0.9999221436004898 0.0016452642363723236 0.012704112532931766 0.6099253329103954 -0.0015952254771475474 0.9999927788444688 -0.004048184223812795 -0.5778517438438021 -0.012710283387956421 0.0040280980358686005 0.999911752512966 69.50136101032412
0.9999181727301614 0.0012886625192893067 0.01307240094411508 0.6322211515879312 -0.0012344696068705187 0.9999926402934232 -0.004253974720218334 -0.5930990859414126 -0.01307728113738581 0.00423788010436051 0.9999062402255122 70.79379438391022
0.9999168667201385 0.0013186109541176404 0.013169371455274605 0.653165836899004 -0.0012574192566449905 0.999990399186623 -0.004760313259775711 -0.6092597404966887 -0.013174973610163784 0.004743570678176166 0.9999026989517569 72.04219529032909
0.9999086572049627 -0.0022682661979895025 0.013670852407181503 0.6776511260425196 0.00232739346521459 0.9999903583005177 -0.004437009830970709 -0.6205702001381316 -0.013660210742175537 0.004468637367288118 0.9998975740379991 73.2825275859537
0.999905172151134 -0.0008798761606845859 0.014071958813980637 0.6955456378545031 0.0009125790644538949 0.9999993158261665 -0.0024351317270832284 -0.628676178450607 -0.014069261917220657 0.0024479479728546677 0.9998986490452423 74.54383104348175
0.9998993289352557 -0.0007505465297914583 0.014487099679808857 0.7185778317700194 0.0007564756753545123 1.00000234787484 -0.0005140255198713148 -0.6354070324508415 -0.014486194397864171 0.0005251040405912187 0.9998955782820635 75.83330357836229
0.9998965821647866 -0.0006282566197641154 0.01469130904295376 0.7404162923809484 0.0006352253447317781 1.0000026434063365 -0.0005814928167303502 -0.6440887258604314 -0.014690354640662642 0.0005907822376499837 0.9998928234384035 77.09811824285384
0.999895367488525 -0.00039024282056215957 0.014800737247075946 0.76124512193956 0.0003967803241700799 1.000003031536997 -0.0005844334825553809 -0.6525968851858797 -0.014799593658020856 0.000589818980220677 0.9998914524270074 78.38143259790469
0.9998831069342131 -0.00401513023906818 0.015088055714175742 0.7881219182271563 0.003978129678170741 0.9999929403153851 0.002328124194948212 -0.6541453978631449 -0.01509641999097549 -0.002267976993289494 0.9998847875957746 79.66130273056005
0.9998713271211908 -0.004999288361660655 0.01558033504802236 0.8137451472435178 0.004911837242349353 0.9999763494239833 0.005501513558366588 -0.6527516598446763 -0.015606725170598199 -0.005424250509549333 0.9998648435456398 80.977632961033
0.9998774780413625 -0.00259228480154644 0.015775737383759474 0.8342468543957887 0.0025197052148122645 0.9999904748039522 0.004473411300673603 -0.6563473552444822 -0.0157863574171625 -0.004433243299505801 0.9998670980716479 82.30176145649216
0.9998877265333768 -0.0027707620756312872 0.015091386319227924 0.8582581139919092 0.0027847823727683014 0.9999994767040439 -0.0010615239391967993 -0.6725213695247716 -0.015087374508146482 0.0011033243653277638 0.9998872197084012 83.58943975747377
0.9998911261111469 -0.003528180095538375 0.014690087790046913 0.8815015766888302 0.0035882006199991884 0.9999885273728275 -0.004211989010429838 -0.6900354313145478 -0.014674180171032338 0.004264380375163633 0.9998846264410505 84.88725467993763
0.9998953349704964 -0.0006575610795178572 0.014795241705947093 0.8993675525004096 0.000705219886202373 0.9999976288856243 -0.0033610328873955046 -0.7003524165645341 -0.01479219758547932 0.0033714389233690887 0.9998855933603392 86.18715396200513
0.9998913235663124 -3.189114130124945e-05 0.015064118316155228 0.9211007953469814 3.102784587497855e-05 1.0000033957915357 -8.428898195852802e-05 -0.7066191168936495 -0.015063342170908172 8.50113056818356e-05 0.9998870866441426 87.47853394491533
0.9998922582723773 0.00028037664448861285 0.015019073034195252 0.9426836324349354 -0.00029975308324602193 1.0000027933170827 0.0011320061885678123 -0.711400887140016 -0.015017855974699283 -0.0011361837457679828 0.9998872123387805 88.74617165999838
0.9998879109365232 0.00030172843325901685 0.01529989526815391 0.9665842035853067 -0.00031312490545026166 1.0000030898919432 0.0006032864801324376 -0.7205718121036698 -0.015299081947773388 -0.0006076320473697453 0.9998832352670407 90.00645536248088
0.9998850925280938 0.000575629361149423 0.015510018194173497 0.9892700216901807 -0.0005742912293860348 1.0000034008263905 -0.0002454330291932269 -0.7313808826679047 -0.0155091316627494 0.000236718990782558 0.9998804127450767 91.26006583255933
0.9998780584083389 0.0008778343073097553 0.01594461575162801 1.0116812692884811 -0.000875934027002294 1.0000031597037207 -0.0002793295909682434 -0.7400695370889372 -0.015943786336168674 0.00026562278217357436 0.9998736634744873 92.52754778988033
0.9998731428252698 0.001451738756526625 0.01619939086506042 1.0328517268963686 -0.0014637453730446436 1.000002346936931 0.000573571974505193 -0.7456579533152843 -0.016197403316813113 -0.0005969677417512226 0.9998693625511585 93.79396159386232
0.9998633922439657 0.0027519726787196604 0.016627817510531072 1.053507833802597 -0.00279108404388626 0.9999973992430051 0.002176390660937339 -0.748585053389726 -0.016620657081997996 -0.002222276513466885 0.9998602509161416 95.05658962278886
0.9998528406622382 0.002832837705426115 0.01724893769520351 1.0786163144955612 -0.0028986718582190148 0.9999930043933218 0.003647961953370137 -0.7500659272506118 -0.017237324781629558 -0.0036972022398229203 0.9998455867541008 96.34910835077115
0.9998460449987912 0.0022016218353039076 0.01772208828624394 1.106208699386343 -0.002274639546006458 0.9999928831834122 0.003965035014405803 -0.7520019757705501 -0.017712118703912285 -0.004004457900114599 0.9998360294462397 97.63754735104787
0.9998268156844625 -0.00021744412978758973 0.0189033587300713 1.1368695581927362 0.00014711281959279781 0.9999967710321438 0.0035946589165569247 -0.7545815591777251 -0.018902933804673675 -0.0035910490943110284 0.999815726875523 98.89744703324924
0.9997948961566817 -0.005877726824828786 0.019649644865189973 1.172568930812266 0.005803152468444858 0.9999788325968916 0.003747533013166357 -0.7508871070354295 -0.01966985856835988 -0.003633101870781917 0.9998005316791404 100.15827483888665
0.9997971408339726 -0.0004395515495008401 0.02038567645362623 1.1931911881765567 0.0003509695117827428 0.9999935276535029 0.004240388410448365 -0.750032276663293 -0.02038603479578151 -0.004232715279463609 0.9997835637415993 101.43761725260283
0.9997435924424024 -0.004948129193621607 0.022341440336769266 1.230370222802014 0.004880249121902512 0.9999865706799987 0.002985089415386168 -0.7511608081339212 -0.022354700838679614 -0.0028756169331405714 0.9997462108742858 102.68830924321341
0.9997326338557645 -0.0045198652963810305 0.022932445137895684 1.2604531877883323 0.00444501403759996 0.9999882893568005 0.0031997672241238155 -0.7507690106166331 -0.0229451511127973 -0.0030974534037073913 0.999732482528437 103.95568592086873
0.9997133844332432 -0.003627978440460734 0.023930905265026805 1.2904771088867713 0.0035087260703034378 0.9999853759275229 0.00488509629049186 -0.7470911629444232 -0.023947095604214166 -0.004800187750491691 0.9997025164020183 105.21205578975666
0.9997346892006616 -0.002632874408753688 0.02316370801703243 1.3162517764403048 0.0024680528476203594 0.999975988444628 0.006994880539267463 -0.7414325866015342 -0.02318048478409404 -0.006936236886300923 0.9997080657820304 106.46106591166968
0.9997695167777141 -0.002615005702573194 0.021611079410852354 1.3422773412593945 0.0024367240789011477 0.9999676132693184 0.008101707069366918 -0.7354805114352866 -0.021630419602114398 -0.008047379971543044 0.9997342075051973 107.72514981794467
0.9997848375676441 -0.0030648143302432255 0.02083720153729266 1.3693736754697472 0.002905556746878317 0.9999709274459971 0.007492223126753154 -0.733062188076362 -0.02085840982750627 -0.007430329284136132 0.9997553977770548 108.97875253104085
0.9997962372112761 -0.0017613517215984385 0.02045458174245446 1.393801551032261 0.0016326406023793006 0.9999832356824915 0.00612863074925553 -0.7345475720683207 -0.020463847743758246 -0.00609424287911618 0.999772875905805 110.206370814028
0.999794658248532 -0.0011351258256889834 0.020585360772980902 1.420437254449536 0.0010203710078915183 0.9999882886330097 0.005398875998049773 -0.7362537045585401 -0.02058994043830685 -0.005377238099754482 0.9997746144826056 111.41361238792884
0.9997968155525317 7.324779411976544e-05 0.02052696849453031 1.4437151345662624 -0.00018527990527790478 0.9999899926672863 0.005266765630350763 -0.7349032653105123 -0.020524898637165077 -0.005270220802246215 0.999776887895261 112.63079702311725
0.9997976961453614 0.0006794886265815913 0.02049420847849645 1.467744625852719 -0.0008047174083539896 0.9999864728995552 0.005890319461026644 -0.7318246188643424 -0.020488147659425245 -0.005906671259354293 0.999774275098345 113.80695991338165
0.9997962925652559 0.0008008491869909672 0.020558654738667633 1.4936982909387488 -0.0009336611878978422 0.9999840930161027 0.006236476674763986 -0.7292344801901529 -0.020551597762917508 -0.006255228984458431 0.9997709142976549 114.96665676697184
0.9997930430996664 0.0012207322485047597 0.020712362819415762 1.5196466758570644 -0.0013550915741190129 0.9999841033506106 0.006247839639248792 -0.7271436223085991 -0.020702210689379 -0.006275756413053427 0.9997681598679264 116.12576069919166
0.9997818879516883 0.002756978382232704 0.021098930222370436 1.544471284849779 -0.002881150664028345 0.9999845387117161 0.0056367023652517745 -0.7271398371883364 -0.02108088669301078 -0.005697354938653788 0.9997636143795234 117.27440861478814
0.9997765381971584 0.002826186135706431 0.021331982366990323 1.5698592873621515 -0.0029499372325527367 0.9999845494620928 0.005557382343592092 -0.7265380108061861 -0.021313883661421992 -0.00562005872103648 0.9997590246431604 118.35603602345343
0.9997712915956615 0.0026259517656322135 0.021615831947935867 1.5961156176315863 -0.0027550576452329517 0.9999847590945127 0.005708938579747355 -0.7247531416345712 -0.021598076474797376 -0.005768487680876672 0.9997522453063634 119.41139069105182
0.9997698140177599 0.0024553588473958097 0.021699318276024636 1.6228219462289277 -0.002590100645159257 0.9999837904043191 0.00594770564111477 -0.7224470147434515 -0.02168194751101394 -0.00600394356135192 0.9997489574054801 120.48556356096961
0.9997667653281048 0.0026202818285929385 0.021818474383117827 1.6503261169934573 -0.002758352971532634 0.9999829350377787 0.006058260491178388 -0.7200875011293058 -0.02179970250116312 -0.006118559678683478 0.9997457135526079 121.61290194748642
0.9997644029049055 0.002404407296348658 0.02194712827663461 1.6781145015208996 -0.002538989690438032 0.9999844685213435 0.005865621383978502 -0.7176659900971272 -0.02193026670684582 -0.00592155377647423 0.9997438353289203 122.64117220277085
0.9997579621764967 0.002504862275649039 0.02224605240139141 1.7035769159718595 -0.0026228290933875795 0.9999889793332923 0.0050193471089064875 -0.7184771043643281 -0.02223047652682547 -0.005078431271777664 0.9997420020339178 123.62110826051686
0.9997638846494371 0.0014834163197974455 0.02209270612805055 1.7292938760064043 -0.0015411879832246587 1.0000011428511397 0.0023296374946412614 -0.723119266755225 -0.022086125943679303 -0.00236563992662596 0.999755525239856 124.55576976857108
0.9997631892881407 -0.0017018187074997755 0.022122081420947445 1.7571410671282643 0.0017343452367108597 1.0000022957754586 -0.0017294426737644686 -0.7333790213101606 -0.02211590058561567 0.0017647329385331767 0.9997562372145563 125.49777600583039
0.9997547173849114 -0.004632963059096323 0.02205824344167498 1.7853992955917486 0.004745818337513924 0.9999794067615797 -0.005327266842019725 -0.7455441690659868 -0.02203011525435732 0.005428113779221933 0.9997446392336213 126.50379614060446
0.9997506566573591 -0.004933168266875848 0.022173855208673893 1.8104283697769736 0.0050523121667762055 0.9999763691893805 -0.005579917948973672 -0.756262496839085 -0.022142863911058356 0.005687748159138131 0.9997405642608965 127.4751315616914
0.9997366609252145 -0.004153201240258818 0.022991355172187665 1.837964297343253 0.004208303052096619 0.9999928190864628 -0.0026141834113831484 -0.7612214887761535 -0.022978220400840015 0.0027077992342533154 0.9997348653939272 128.61316447717462
0.9997080522583298 -0.003490180786391264 0.024314933086032213 1.8673026802868615 0.003448788332491851 0.9999980812976401 0.0014899748613028062 -0.7612733269889663 -0.024318002903840612 -0.0014082089215603452 0.9997059691162304 129.70848240894844
0.9997007882158863 -0.003214220262965 0.024631501610517196 1.89555441272774 0.0031386922662282606 0.9999958523690115 0.0028632676679828544 -0.7607309702546987 -0.024638594355475784 -0.002787374681065327 0.9996951465257724 130.71507906433007
0.9996826151845496 -0.0019427277618519747 0.025491430980717524 1.9228851858353928 0.0018694405900942428 0.9999999132025602 0.0026687637258829095 -0.7618340643728393 -0.025494333438909497 -0.0026227904240008885 0.9996742795404124 131.7352324181589
0.9996579900971891 -0.00034064343881049246 0.02650608981872679 1.9520217352706772 0.00027188674022708703 1.0000024064946262 0.0023835427057244795 -0.7631323384945624 -0.02650486966196351 -0.002377776951506623 0.9996484550580998 132.7939865458436
0.9995948900584833 0.0032096904974190303 0.028600155427731873 1.9832120013534067 -0.0032774275787197426 0.9999974667527096 0.0021278501075342954 -0.7649774042106869 -0.028591161260816327 -0.002222868542261538 0.999590921239817 133.88171371560125
0.9995319949329978 0.006214600151625474 0.03026258776695925 2.014532520406454 -0.006279938203747234 0.9999836704686127 0.0018803106826990146 -0.7672603662513461 -0.030248297992707934 -0.0020717376108005665 0.9995427540510068 134.9034354816049
0.9994681081616458 0.008780624653153905 0.03170115998248104 2.048203833244354 -0.00880966274560587 0.9999662977175795 0.0006004985153249371 -0.7753428364051 -0.03169265920316099 -0.0008816086782085179 0.9994998240113689 135.92219758641218
0.9994336544024714 0.009266132741601703 0.03263744833580785 2.0876219123705853 -0.009195584003368673 0.9999597182184731 -0.00248431268456486 -0.7888725790393419 -0.03265688045946405 0.0021808975556145407 0.9994665636223172 136.92404230479423
0.9994055927775525 0.009691753805919929 0.03335880629872634 2.1263758563858284 -0.00954335724460604 0.9999482613751425 -0.004770505928543089 -0.803981692618827 -0.03340133292484317 0.004447331250709378 0.9994342304467836 137.9244073146819
0.9993258772754178 0.01099342892156387 0.03528602480092745 2.1674563170598558 -0.010806998007875561 0.9999309275400029 -0.005625289992430135 -0.8157944965508759 -0.03534346401933979 0.005238059440160791 0.9993634445359255 138.94776161065707
0.9992926943678587 0.011589821701976323 0.036031540167972526 2.207096226183353 -0.011403906921380295 0.9999248582362766 -0.005515685842955959 -0.8227600727491806 -0.0360907989124158 0.005098905758961741 0.9993375607973964 139.9432757186578
0.9992430211056388 0.01280958604157824 0.036987277898681524 2.246730627492297 -0.012627008674842219 0.9999113020433178 -0.005316381264140844 -0.8298218765693455 -0.03705009637449634 0.004843325457872126 0.9993034870844775 140.95637939598527
0.999218561481219 0.01237064491774765 0.03778055174367727 2.2894022352755514 -0.012197532365337792 0.9999183639637736 -0.004951999337383219 -0.8379313853044291 -0.03783673003291379 0.004485401985595763 0.9992756474738659 141.9247964698945
0.9991941086296232 0.012692094283915276 0.03832202465783422 2.3307192612811445 -0.012523732137358972 0.9999151578046254 -0.004772449846087833 -0.8462191610706652 -0.03837735570102761 0.004286713931215865 0.9992558274328545 142.92729057844
0.999157496645467 0.013869913363297686 0.03886883746069848 2.370901593663279 -0.01373822993233977 0.9999036080590473 -0.0037950362446308207 -0.8522035551103657 -0.03891575933776071 0.003256115592396673 0.9992389871705984 143.93909213337582
0.9990920543943996 0.01670864906932037 0.039434696668142234 2.410629817506747 -0.01670335850587706 0.9998655901534026 -0.0006045905548700751 -0.8539619822998766 -0.03943778970155525 -5.649344168834336e-05 0.9992241371636622 144.96802258608776
0.9990628118842495 0.017491022640609095 0.03983602661170147 2.4528067064484955 -0.017544391290651024 0.9998511186707845 0.0008482117638312624 -0.8555619745246551 -0.03981342245069953 -0.0015482646337676125 0.9992082208374473 145.98630597805442
0.9990477081757168 0.01734906078282025 0.0402830198159046 2.4978851417344576 -0.017410175229316593 0.9998536880664691 0.001021976474540198 -0.8585371265164654 -0.04025752204858673 -0.0017244719070465201 0.9991902532422436 146.992053329374
0.9990068690608097 0.0180237645356583 0.040987055445524175 2.543736576033083 -0.01804497244148458 0.9998427053795355 6.283743743069458e-06 -0.8673569691513144 -0.04097875899114356 -0.0007479052824951604 0.9991618981170365 147.98310616509147
0.9989821569049272 0.01818152507484944 0.041526201029535977 2.5922943854408285 -0.018134820189049026 0.9998398851338265 -0.0016401467599721912 -0.8783808351768778 -0.04154744884855735 0.0008832399960148422 0.9991386035781732 148.99872266380734
0.9989874931798012 0.0177962231434592 0.04156576723910872 2.63935721085488 -0.017682469991565038 0.999844265891864 -0.0032448292617562368 -0.8899315981601736 -0.04161508652100726 0.0025044331862908503 0.9991331358003724 150.00739080305496
0.9990382366902801 0.015475920002546068 0.04128205684966436 2.6859266504550074 -0.015314166164073642 0.9998794935952106 -0.004381312693830998 -0.9006544383375458 -0.0413428016386296 0.0037426616951418677 0.999140772666561 151.03095298862897
0.999069891219829 0.014794174465559608 0.04075849705660441 2.7304092407057583 -0.014637017392706328 0.9998903056533134 -0.004309145009702251 -0.9099314129608435 -0.04081565984133119 0.003706148668002389 0.9991627200411205 152.0768688910554
0.9990608013367624 0.015826546708324743 0.04058782923003336 2.7710228541666506 -0.015687873259695836 0.9998760198145802 -0.0038873099726284828 -0.9162601620640692 -0.04064249402073812 0.0032448703044925167 0.9991712611936964 153.12886352838692
0.9990500233431494 0.016327480520243007 0.040663833983061476 2.8124571956217643 -0.016200851560449904 0.9998691878772586 -0.0036074631275706125 -0.9225678727388988 -0.04071536765101119 0.002942778002062778 0.999169500631606 154.17700091493936
0.9990674187658095 0.015199434515108814 0.040672202936420584 2.8586812427544883 -0.01505524626807417 0.9998853425994629 -0.0040092981919289325 -0.9300981615733339 -0.0407266175809982 0.003390754815268358 0.9991675910402289 155.20962717482885
0.9990796945326035 0.014789547130621894 0.040524184273686925 2.9032062686732716 -0.014620471822597767 0.9998893894333841 -0.004634299061026568 -0.939515285123545 -0.04058613986848404 0.004035081912790242 0.999170990525092 156.2309861577223
0.9990989276608918 0.01380201016429284 0.040390284845958156 2.9486151831976404 -0.01361241089857424 0.9999006568860551 -0.005125097653898748 -0.9498696058308069 -0.04045510852777729 0.0045684821276486725 0.9991739072458122 157.2618210665888
0.9991346317432891 0.010945839563163685 0.04037854331971542 2.9952514922250484 -0.010732542844422882 0.9999326347344598 -0.0056508582533263615 -0.9602725145557451 -0.04043583459520734 0.005210511113481963 0.9991714477234143 158.29783042722227
0.9991390398270363 0.010815441634906551 0.04030326922084833 3.0404107030810668 -0.010593936000918042 0.9999326124377663 -0.0058539972035517905 -0.9717029678599575 -0.04036221214169537 0.005420156428877042 0.9991733411714903 159.34663386637877
0.9991364854721019 0.01072976513129544 0.04038364785091803 3.0860263215776174 -0.010498533945048946 0.9999323072715656 -0.006078674194759644 -0.9833139254800116 -0.04044455933542993 0.005647433367636174 0.9991685446047215 160.3943814981101
0.9991293921313033 0.010910358335299835 0.04049910008596111 3.131660156772057 -0.010669519640095878 0.999928937054761 -0.0062979004571288395 -0.9956056994484097 -0.040563637346184574 0.005858569129922717 0.999162425999406 161.46309186111614
0.9991127279928912 0.011553973331530758 0.04073687784614558 3.1769836443324664 -0.01130113767097986 0.9999203362555596 -0.0065748718982848115 -1.0077512512346456 -0.04080803728265459 0.006106900450961391 0.9991510432027569 162.52654979924654
0.9990908238792321 0.011960555458352843 0.04114388524903802 3.2256429872335652 -0.011697128806914004 0.9999143108679226 -0.006773794135486362 -1.020937889167514 -0.04122009041953165 0.0062847618176893666 0.999132723370134 163.6236108895401
0.9990580083819427 0.012415376221268747 0.0418071704294404 3.2760306874780616 -0.012145285191328231 0.9999087222317005 -0.006842777024663139 -1.0340691308698022 -0.04188688890855203 0.006326904678775675 0.9991049428928123 164.7369177205303
0.9990347575457106 0.012465278952262638 0.04235664127176025 3.3274746603504313 -0.012193800206870239 0.9999086385075535 -0.0068049294713734025 -1.0473880805284055 -0.04243591047494777 0.006279863446383066 0.9990822104475625 165.8388484751372
0.9990093939871485 0.01276673337294884 0.04287186437214576 3.3786823805635717 -0.012487924510477063 0.999904442465403 -0.006912612482074021 -1.0610521766288383 -0.04295414742370517 0.006368267810881082 0.9990597542931681 166.94551947352798
0.9989871345163231 0.013023747708644763 0.04330996430988064 3.4298115712851778 -0.012740060210649197 0.9999007249623635 -0.006969530207898027 -1.0743817881943665 -0.04339439990816467 0.00640837293682112 0.9990404422946862 168.04068187556135
0.9989708406756737 0.013072670238479465 0.04366817346001681 3.481626341938422 -0.012788041746312982 0.999900198772369 -0.006930970834166686 -1.0876988438897615 -0.04375265798874913 0.006363112692927286 0.999025063695155 169.13441601695587
0.9989464197074612 0.01349199987420947 0.04409568935840792 3.5325821629718503 -0.013204138263106149 0.9998946848301485 -0.006950093183634021 -1.100650013013193 -0.04418321579547831 0.00635831936318605 0.99900612547887 170.22928227926158
0.9989159116941995 0.01414779651688382 0.04456971184734397 3.584193071609864 -0.013850347150051394 0.9998847162841025 -0.007104514729139531 -1.113860517186483 -0.04466373735250819 0.006477480831099965 0.9989837712068731 171.3346918418147
0.9988925065038152 0.014737549124616039 0.0449015514932534 3.6357909258930152 -0.014441314819384994 0.9998766344187299 -0.0070395802098499926 -1.1236812944333259 -0.04499866521928063 0.006381214113335739 0.9989692492886721 172.43551007092802
0.9988567389836753 0.015645438283072837 0.0453832341137782 3.688005706387504 -0.015346319822738411 0.9998630419821981 -0.00705452950606855 -1.1342034052201266 -0.04548640300965699 0.0063480683685334565 0.9989471359299078 173.54672169602125
0.9988365734976927 0.01617600103564282 0.04563621865734712 3.7405447875236897 -0.015883686194449277 0.999855503252255 -0.006877614474539249 -1.1454444392800571 -0.045740123808240454 0.006142939400775837 0.9989365338218524 174.65530475826407
0.998776002892724 0.018845242564373407 0.045940936021063916 3.791358953825955 -0.01859037409803704 0.9998140793197218 -0.006087169664760804 -1.1550560527196525 -0.04604631040529451 0.005223752541436044 0.9989279940278728 175.780765644725
0.9987368670015359 0.018431411575420255 0.04694338867120621 3.850856078947965 -0.01834579256260695 0.9998343482929852 -0.002370406070302599 -1.1612017657610652 -0.04697836038322868 0.0015039954692013207 0.9988970145046029 176.92470262931775
0.9987276474511113 0.01843975030928797 0.047146395734470874 3.90828443457913 -0.018405200567784014 0.9998354693363098 -0.001292227167200056 -1.1676125445671341 -0.04716131675512481 0.0004203140124663437 0.9988894335223756 178.0648289182123
0.9986636089477771 0.021137530939576318 0.0473661641955534 3.9630583622529634 -0.020997580682452693 0.9997788865507997 -0.0035754801948199456 -1.1812493248253026 -0.04743022062231108 0.002573395547496659 0.9988731897772101 179.2024709067112
0.9986845116461622 0.020867138495135232 0.04703825190573046 4.022197890797817 -0.02050593142230203 0.9997611176974008 -0.00827050531999252 -1.2037188629293705 -0.047198910187906874 0.007292493530538769 0.998860609441712 180.30896179764937
0.9986715609813996 0.0211547300156238 0.047193208566248555 4.076582549559605 -0.020784163365359605 0.9997541083110651 -0.00845778281499168 -1.21953724814498 -0.04735966124666894 0.00746292354683896 0.9988520009293991 181.42166515541268
0.9986770721832495 0.020060076860007905 0.04755320926003589 4.132873685646783 -0.01983845938932418 0.9997952423100512 -0.0052599403192458635 -1.2290608740388482 -0.04764828460536126 0.004306710266816479 0.9988569283576548 182.54034272094694
0.998655500447004 0.0204065649168132 0.047860359825922134 4.187789903041152 -0.020318111322738024 0.9997969042932751 -0.0024698491271867304 -1.235905900998364 -0.047900767001679924 0.001491794160314512 0.9988536478407013 183.66433521411753
0.998651413491189 0.020388723686292597 0.04794814003623708 4.2440905789480325 -0.020308631456561036 0.9997971320208631 -0.002282618272687687 -1.2437043639026846 -0.0479850154110381 0.0013039027236683477 0.9988497849795815 184.781322571339
0.9986501030310566 0.02043069109373731 0.04795510986634921 4.3015016166017475 -0.020336190455553644 0.9997957107799476 -0.0025803395975350944 -1.253460820560668 -0.04799814361357335 0.0015996859403568967 0.998848770678471 185.91546275011984
0.9986582250528201 0.019921883490459286 0.048007844291638575 4.35877714527445 -0.019819354890085922 0.9998060596058642 -0.002738073118477627 -1.2629122053376005 -0.04805303917269299 0.0017807244076871263 0.9988460704428913 187.0238223458162
0.9986722078317626 0.01867870536423326 0.04821313112798908 4.416596110075003 -0.018575007052020927 0.9998295299359952 -0.0027136134309915594 -1.271553626225627 -0.048255670789505316 0.0018123961898252076 0.9988363900276792 188.12587509857454
