1.0 0.0 0.0 0.0 0.0 1.0 0.0 0.0 0.0 0.0 1.0 0.0
0.9999929070472717 0.000443875789642334 -0.0037326812744140625 -0.006725387182086706 -0.00044246017932891846 0.9999998807907104 0.0003723353147506714 -0.0025626523420214653 0.0037328004837036133 -0.00037066638469696045 0.9999929666519165 0.9028072953224182
0.9999750684725486 0.0007095906955472131 -0.007026928667800192 -0.01792142222057666 -0.0007046984879375273 0.9999996404702451 0.0007057292022554229 -0.004250605826828187 0.007027441858766137 -0.0007008253071028037 0.9999751817530376 1.8347159296790614
0.99994229546331 0.0007080645654817208 -0.010757652644345006 -0.03225633432506353 -0.0006966662703428425 0.9999994968757381 0.0010843545948602078 -0.0061379826894627145 0.010758728972193696 -0.0010773977094194658 0.9999419031710941 2.775680506828729
0.9998898629072447 0.0012880684975459112 -0.01481740523865227 -0.05259339573467932 -0.0012682318184658603 0.9999986251169938 0.001357972864474974 -0.00832844772854831 0.014819441264395949 -0.0013394083162397413 0.9998895839203213 3.715733542947746
0.9998345505019254 0.0026842484384176227 -0.018018305282778813 -0.07885694572308552 -0.0026610675001488746 0.999995784413292 0.0013198852758698257 -0.010692067467966167 0.01802208557175497 -0.0012719191367864464 0.9998369546114506 4.657677064223131
0.9997643021804752 0.0033329431851260244 -0.021482254666882156 -0.1044387896216567 -0.0033081188006173533 0.9999940469424391 0.0011993075289473698 -0.014269198586015174 0.021486521564006992 -0.0011282401069558365 0.9997687266213564 5.585718148480358
0.9997084753651317 0.004848149305857508 -0.023679790950820158 -0.13428518790277993 -0.00483960036363289 0.9999884887956745 0.0004244843786740467 -0.019320747131606995 0.02368195350685959 -0.0003101573551590116 0.9997196344186813 6.491271180572042
0.9996585592024866 0.00557988438635099 -0.025551808466191567 -0.16394602879391434 -0.005588257386319296 0.9999847398627583 -0.0002449862799377503 -0.024598613536205724 0.025550577215882393 0.00038718831282685807 0.9996735497083419 7.392687891425522
0.9996018914166694 0.005321210141175926 -0.027727246582046897 -0.19289510568326027 -0.0053405860483556975 0.9999856774281173 -0.0006224658806638433 -0.030010279638169025 0.027723919454544256 0.000769624034231968 0.9996149897729905 8.285050810056338
0.9995272076736038 0.005488910452244387 -0.030265448864402272 -0.22395903084437918 -0.005460408078236849 0.9999846098843878 0.001025153128157828 -0.030003389485737986 0.030271090098068287 -0.0008600865649902298 0.9995410179454305 9.175336182933957
0.9994300551571224 0.005389745170454114 -0.03333650392376874 -0.257940362544096 -0.005259227230804129 0.9999780770597855 0.004000650520717511 -0.026777650722067614 0.033357802395006964 -0.00382385477945804 0.999435551384848 10.078817800787213
0.9993079758952129 0.006559724807165604 -0.036626573628352595 -0.2985782231277618 -0.0062892915835803045 0.9999520804843317 0.007494070885511277 -0.01993109354650764 0.036674366449970665 -0.007259241196508756 0.9993005503110148 10.991199319722567
0.9992594157145296 0.00362620570200429 -0.03832120834991548 -0.33291266230817673 -0.0033187033410129393 0.9999617591181611 0.008085477332973712 -0.013821406239385072 0.038349332548566824 -0.007952904614770199 0.9992322126519662 11.867205889284612
0.9991898240388144 0.0010142279834721981 -0.040249923791750276 -0.36818792837366343 -0.000749310135400984 0.999977620882818 0.006599905089318236 -0.012733916851311436 0.04025602344593075 -0.006564793441476064 0.9991673435212824 12.709415021453744
0.9991329465181875 -0.0003744508070463643 -0.04166196087061683 -0.4043274799591902 0.0005860773831661767 0.999987041559736 0.005078474315561377 -0.013857009128827836 0.04166005902308979 -0.005099136015752647 0.9991187817194319 13.544305211907798
0.9990749186912055 -0.002209082459342976 -0.04297795991508853 -0.44192497113679946 0.0024175112056981033 0.999985532066589 0.004809718433312572 -0.013068018577674005 0.04296730891530552 -0.004909902883139453 0.9990643173489332 14.401285296231586
0.9990012352021287 -0.002321902848299268 -0.04464903349011412 -0.4823310222317714 0.002569934667969095 0.9999812883926035 0.0055043605333714276 -0.009597231310000917 0.04463597116421689 -0.0056142994173508575 0.9989873550474309 15.275853431903764
0.9989398339819078 -0.0036681410814742516 -0.04591826060909992 -0.5209945868891992 0.003924350892829026 0.9999769663268314 0.005503697752622596 -0.007592978337090571 0.045897501125895225 -0.005678793501665711 0.998929676241566 16.131812823824152
0.9988650950834799 -0.0036010227178810096 -0.04750921806884536 -0.5620896278992916 0.003727830143582035 0.9999891726442256 0.002589521266158037 -0.01404768383543165 0.047499424678876016 -0.002764163100971373 0.9988665151474727 16.951306356438312
0.9987955231916577 -0.002151103260768125 -0.049032509183693396 -0.6061137947841516 0.0020495147237865902 0.9999948960836491 -0.002114994480324739 -0.027267334566257753 0.049036458891824154 0.0020115465668680906 0.9987934913122146 17.758813572974844
0.9987314306672951 -0.0009386435965770731 -0.05035828080486975 -0.6512914482603164 0.0006700763585805032 0.9999845660299774 -0.005342444906318327 -0.04060670792896725 0.05036189343164435 0.005301691264450528 0.9987150100940811 18.5812011427414
0.9986799376780318 -0.0003833632614863922 -0.051367598747751674 -0.6966468797782103 3.184837711665742e-05 0.9999753696398315 -0.006841772794551184 -0.052349586991830566 0.0513678657246168 0.006830933650391083 0.9986539494108599 19.409386295140663
0.998666052569443 0.0016729277579011336 -0.05161172186519076 -0.7479592884632885 -0.0020373138721901003 0.9999721465039473 -0.007008130601710317 -0.060159001541999726 0.051597325198754665 0.0071040040492423295 0.9986398950094234 20.258772563885547
0.9986161033191758 0.0034515551872751258 -0.05248488975173216 -0.799545236812943 -0.003754794208158858 0.9999756294789106 -0.0056783818000517615 -0.06568389545370464 0.05246275354641503 0.005867648321800188 0.9986029073263232 21.123963260735923
0.9985653565643899 0.004912539482351618 -0.053328874579571126 -0.8537843983554598 -0.00515134452409526 0.9999760857010271 -0.00433682416643781 -0.07042680668966611 0.05330487363334072 0.0046054015001194566 0.998564985010191 22.015251388314304
0.9984802726373034 0.0048481787537460515 -0.05489911669586965 -0.9058247790693575 -0.005058840829098261 0.9999789718255006 -0.0036973081849464877 -0.07587496159432772 0.05487857667135638 0.003969725669173649 0.9984822342151073 22.896143411717407
0.9983989685729296 0.0044134083816549 -0.05640069577851696 -0.9570019399822398 -0.004629382793174385 0.9999815349613613 -0.003690188322342776 -0.0827233415331157 0.056382187380456895 0.003945144617794184 0.9983987473437892 23.755087702845145
0.9983173656105337 0.004587395970025842 -0.05781865841831016 -1.010194438362593 -0.004819389514279757 0.9999802523582351 -0.003864361653061911 -0.09029863083400075 0.05779886778967485 0.0041360083970911204 0.9983171674782155 24.61283422569589
0.9982204812049539 0.004281126539212164 -0.05949508052295016 -1.0640828184648825 -0.004507415899313005 0.9999828092444643 -0.0036543369045784813 -0.09656978319071376 0.059477632677870367 0.003915224609600523 0.9982195172116042 25.468742284209217
0.9980975997176477 0.0041967807387572244 -0.061534846974713044 -1.1226877969149036 -0.004398895593965803 0.9999853253789779 -0.0031317865862763652 -0.1015792032035438 0.061520095737481205 0.003395381395180053 0.9980976500515011 26.338849775585395
0.997959679056441 0.0044092378703689625 -0.06371874451159104 -1.1836394032317783 -0.004582441036056692 0.9999861968851899 -0.0025554600990109265 -0.10504967078133083 0.06370580148696564 0.0028411169216425282 0.997962429233224 27.198506695089034
0.9978040857344037 0.004898843105702117 -0.06607309774282287 -1.2487527585616955 -0.005035909668674132 0.9999854336623207 -0.0018963020691569353 -0.10774527383805026 0.06606188976489098 0.0022240934290322224 0.99781080985525 28.074268327685594
0.9976275699059999 0.005180879884214981 -0.06866714247359644 -1.311464943246779 -0.005284846840984799 0.9999850296812882 -0.0013182785760508641 -0.10978342604733228 0.06865845226240357 0.0016774048962672323 0.9976366738027703 28.926106320417624
0.9974589869830209 0.0056589873966370685 -0.07103691817633206 -1.378425261316643 -0.005740536761197226 0.9999828890937583 -0.000929580075693438 -0.11131559718198034 0.07102949865412923 0.0013345397037397072 0.9974710912906071 29.781864815502836
0.9972520710168762 0.005848782781935902 -0.0738749061996469 -1.4481995835466301 -0.005909277988366348 0.9999821772462468 -0.000584144341929671 -0.1133851218928956 0.07386948448172 0.0010184292024271366 0.9972652401000952 30.642445379610386
0.9969736773939316 0.005999766694518812 -0.07753080142069377 -1.5223016927777637 -0.006008596162070673 0.999981757110704 0.00013553062896214932 -0.1144408688099006 0.07752948688264236 0.0003300270032405724 0.9969877329477509 31.51685278949677
0.9967187042017668 0.005994148512854485 -0.08074523689329709 -1.597817800610612 -0.005966197546219707 0.9999819405923323 0.0006057628925583358 -0.11572467832608453 0.08074692226932907 -0.00012279894921521503 0.9967323207623372 32.376302109539616
0.9964586922551713 0.005840369931677547 -0.08390160413505164 -1.6757313412083379 -0.005775899078892154 0.9999825136869084 0.001027500941159477 -0.11714834676467459 0.0839055066425777 -0.0005398172102151573 0.9964712269073257 33.237281021263406
0.9962393217450219 0.005025745527322066 -0.0865189231779699 -1.7526123439614953 -0.004959321091034687 0.9999869012039593 0.0009975934483492561 -0.1191839239697586 0.08652215568400051 -0.0005653142256505197 0.9962474759874165 34.05755295212935
0.9960985249361133 0.004770134368808958 -0.08813447802405103 -1.8344054883621577 -0.004751974668767027 0.9999877873770555 0.00042540633624035557 -0.12281851077125555 0.0881345235513754 -4.989425802247359e-06 0.9961058337818589 34.90394888965607
0.9959233362582407 0.004182370090882559 -0.09012064803039686 -1.9238158268145906 -0.0041843126994304345 0.9999902350178165 0.000173303781139691 -0.1252790482964828 0.09011938241519542 0.00020482377862729686 0.9959281154045652 35.83117207756325
0.9957093596281924 0.003367880387266768 -0.0924917161649931 -2.0162842580637403 -0.0033285695466348016 0.9999936814605223 0.0005902275736216767 -0.12587580803915563 0.0924920114166708 -0.00027972707943285 0.9957107977234326 36.77483459861897
0.9954496623525962 0.003787657437339978 -0.0952333761526875 -2.1153798416717255 -0.0035314893764652323 0.9999893750617638 0.0028707862166300353 -0.12405643564207118 0.09524173258769014 -0.0025211480433843564 0.9954486715722269 37.757888148893166
0.9951472519040574 0.004209602079118633 -0.09832429239404852 -2.2178001437742725 -0.0036491043222839684 0.9999756080113906 0.005890697483607243 -0.11943379974838605 0.09834548116782273 -0.0055032381508121845 0.9951346251113252 38.748587498645506
0.9949289008070376 0.005102712086461805 -0.10046939976271056 -2.319582473302294 -0.004217836255310104 0.999949852697871 0.009026859826570552 -0.1117891447881192 0.10050957620990315 -0.008557484622574498 0.994896810133518 39.69818464745033
0.9947184774031177 0.005869434351240422 -0.10249396752424864 -2.4272173831070245 -0.004783904072701967 0.9999297428326146 0.01084430013085758 -0.10351549512165623 0.10254977186348552 -0.01029687396059102 0.9946720980027565 40.679788728228154
0.9946207376991268 0.006349985484579731 -0.10341016040227848 -2.52745240384646 -0.005226467843532023 0.9999243921143675 0.011142660432152816 -0.09603827260903844 0.10347253272917173 -0.010542512462180183 0.9945740794126735 41.56528628388381
0.9945447276216677 0.007099100742867914 -0.10408975768976444 -2.6218550719792155 -0.005995012259180532 0.999922493655197 0.010926474702391433 -0.09019702310274726 0.10415859436868181 -0.010243013756102199 0.9945054819343007 42.37956986247003
0.9944324485036918 0.0073018037065125715 -0.10514615867229313 -2.702946867970349 -0.006205783010712835 0.9999234071662686 0.010759932436335629 -0.08456653667209077 0.10521624737279439 -0.01004824027371176 0.9943964452142893 43.104393102894974
0.9943404216315075 0.007627217834443537 -0.1059905251695758 -2.7810914219639735 -0.006562408982080751 0.9999249642216612 0.010404303790758955 -0.07989461753326645 0.10606158748449371 -0.00965082032494317 0.9943107123713413 43.788784982118486
0.9942741072551503 0.008160229655232035 -0.10657633487959178 -2.8571560067131356 -0.007133925251764617 0.9999249422466627 0.010023671084805114 -0.07607463342598765 0.10665018273469051 -0.00920702520027972 0.9942523703544789 44.44480854860949
0.9942175553370877 0.008804896103798114 -0.10705359863374588 -2.932661720259558 -0.007824833712891664 0.9999241404464915 0.00958862057363739 -0.07250217755568945 0.10713007952688876 -0.008696659292010998 0.9942055379311445 45.08547305310027
0.9941660334271716 0.008872576629470663 -0.10752657094096597 -3.004220914317845 -0.007946700716170697 0.9999280939614186 0.009052296602758353 -0.07010983295623922 0.10759932692858429 -0.0081460660895783 0.9941595428706996 45.70185742537647
0.9941070016891057 0.009135480231266256 -0.10804627820343102 -3.0761342940608376 -0.00819054595178235 0.9999248087757773 0.009201109173384188 -0.0651288827398718 0.10812231383104383 -0.008262931089209658 0.994101737438464 46.302872463187086
0.9940335017668849 0.009130928111626458 -0.10872068909870494 -3.146894496328849 -0.008088274086569784 0.9999176471913357 0.010044031575479617 -0.05815644096195899 0.10880363139401238 -0.009105860911611491 0.9940200356264746 46.89967541391958
0.994023543412026 0.009498913315534976 -0.10877884732271695 -3.2134400504354503 -0.008482376465700948 0.9999165960495034 0.009819349520916043 -0.0554206912889316 0.1088631298656338 -0.00883909173187066 0.9940158851363472 47.45998967313402
0.9940240554570046 0.009510715507297814 -0.10877334903622508 -3.2762352713946292 -0.008532648645821633 0.9999193841585094 0.009468082526698134 -0.05416169994985485 0.10885453815964127 -0.008483984398252676 0.9940198971809256 48.00701477867495
0.9940058038379376 0.009474526626340893 -0.10894060426142142 -3.338045444164101 -0.008528995471153438 0.9999223738102494 0.009155637821056032 -0.05298402269725792 0.10901875366195043 -0.008172177581976553 0.9940043312460254 48.53434358220787
0.993964493631116 0.008810754731736679 -0.10937026369126077 -3.398304406045472 -0.007970573930619528 0.9999353706215237 0.008126185544166891 -0.053393132480607855 0.10943416689315093 -0.007205659564654092 0.9939657649457164 49.05068232646574
0.9939155744200221 0.008181751579693428 -0.10986163493375359 -3.458497769105222 -0.007475828953632187 0.999948657398092 0.006845122720063814 -0.054808547852020495 0.10991124539291444 -0.005982107241959359 0.9939209720536035 49.56061256630112
0.9938891970240251 0.008283720107785815 -0.11009377313623817 -3.520761573852749 -0.0076020895473043 0.9999493802384789 0.006618968086039978 -0.054534002216978406 0.1101422685436214 -0.005741730181545043 0.9938968707710187 50.07643505284652
0.9938589933454315 0.008676344420848473 -0.11033604450282794 -3.5827344672135655 -0.007909137157052064 0.9999412901587429 0.007398430527089675 -0.05035512912084375 0.11039308319570243 -0.0064803494579415335 0.9938643640244824 50.589937334483544
0.9938335809999389 0.0087434386792803 -0.11056353776197703 -3.654087406579352 -0.007974256918202959 0.9999411699094715 0.007409660883201707 -0.047846293815210425 0.11062152024325395 -0.006482645530825618 0.993839384877669 51.19773287232115
0.9938030968598538 0.009018145425342525 -0.11081537364972806 -3.72468930270038 -0.008305732139664308 0.999942168395598 0.006902501936871432 -0.04868422763435905 0.11087096127600829 -0.005939645628785995 0.9938149699629415 51.80099996186464
0.9937776257242181 0.009242909265947482 -0.11102254779606568 -3.786721755245279 -0.008562084740774344 0.9999415174100275 0.006619345153927246 -0.0486666630623417 0.11107684658471707 -0.005627626950516889 0.9937933560578285 52.34760248254695
0.9937348929798335 0.009383101784953968 -0.11139543231159985 -3.852221549078916 -0.008771106312103323 0.9999437409859867 0.005995413603308897 -0.05037244635649386 0.11144519985314094 -0.0049810563481650265 0.99375573508028 52.91935042997123
0.9936483484177346 0.01016303664829837 -0.11209848704031916 -3.9202905952945137 -0.009708079217902559 0.9999426701591982 0.0046162314189822145 -0.054233756897502636 0.11213888599718629 -0.003499159307179844 0.9936842876718696 53.488932013589704
0.9935412459877927 0.010498403116716138 -0.11301573343733101 -3.988903494428756 -0.010185112794170488 0.999942893599434 0.0033607424542540956 -0.05848139742821122 0.11304448404932677 -0.002188393440713362 0.9935854460550148 54.0520032806436
0.9934773087647526 0.011030829972429969 -0.11352731949674634 -4.054212626993565 -0.010798013687014172 0.9999387124884457 0.002677697024773446 -0.061432367759306605 0.11355015282552879 -0.00143524327015329 0.9935294464384824 54.567905515055095
0.9934327786877043 0.01187073953983223 -0.11383462208702344 -4.121180509734846 -0.011687680105700218 0.9999296728853375 0.002288964541126389 -0.06283492204811805 0.1138541151918745 -0.000944554087566094 0.9934953800567703 55.08953816434464
0.9934022858392033 0.01219386150247056 -0.11406986676252989 -4.18909944779553 -0.01202576480323186 0.9999263372872528 0.0021773731950427014 -0.06339740095629359 0.1140886195543077 -0.0007927833644101707 0.993469162965041 55.63352598963892
0.9933522542707547 0.012166160388125425 -0.11450870740063845 -4.260830371318729 -0.011974376245423766 0.999926160040408 0.0023773091962048824 -0.06257675866859895 0.11452967491773632 -0.0009917616405801103 0.993418336905086 56.212779579913295
0.9932853449770866 0.012049999330952342 -0.11510351112094135 -4.335225382021261 -0.01182886509885445 0.9999274433886355 0.0026209479892481025 -0.06156655113457198 0.11512729315734212 -0.001243576954461793 0.9933490721599114 56.81006885789171
0.9931963072107804 0.011749812747714637 -0.11590040512785384 -4.411419498688308 -0.011492511224580566 0.9999304372657764 0.00290434053879096 -0.06071631621537608 0.11592693176282025 -0.0015542053050756185 0.9932557445834809 57.42219511577999
0.9931184063618248 0.01163198972274636 -0.11657992760714685 -4.492161185146175 -0.0113466709526443 0.999931465098286 0.003126719447223046 -0.0602894376432603 0.11660879677980392 -0.001784050102046665 0.99317550239067 58.06993352344815
0.9930689560271141 0.011730606696460227 -0.11699301755039795 -4.573480159554921 -0.011423650789998163 0.9999304904589815 0.0033119932112280247 -0.060048456668964106 0.1170245037257017 -0.0019546741125067877 0.9931264300065288 58.72228183718805
0.9930613321074859 0.012242801443988267 -0.11700280321341053 -4.652857810255722 -0.011920168417538455 0.999923981385952 0.0034746280081526153 -0.05998578415093745 0.1170371757800043 -0.0020577108889915036 0.993124494478225 59.36517538415145
0.9931277293855869 0.012843677546071271 -0.11637250050789023 -4.727203209590845 -0.012505786241108843 0.9999157950630359 0.0036491961213121903 -0.06075476027226072 0.11641008582506712 -0.0021705738306249485 0.9931976610932014 60.00842912522436
0.9933645344919333 0.01298732240235659 -0.11431626469332329 -4.799102788832298 -0.012629639490001562 0.9999130366358266 0.003867189958340426 -0.06359767803839335 0.11435707626072548 -0.0023991699396751502 0.9934356271271813 60.68115159755138
0.9936289860993759 0.013041770053244778 -0.11199206715361106 -4.870184680852534 -0.012678522654967666 0.999912140362293 0.003971560544530964 -0.06769716034257263 0.11203471227428885 -0.0025277023652086556 0.9936998495675194 61.36430323611167
0.9939077007766268 0.012943672916576793 -0.10950091269663356 -4.936039771737145 -0.012558972185532707 0.9999123281915606 0.00421791071391474 -0.0683425592970181 0.10954654323997735 -0.0028182767881401367 0.9939765638028328 62.04065579246164
0.9943119496257435 0.013211321254925823 -0.10573923826446384 -5.004188883473786 -0.012474086582555445 0.9998931299414386 0.007648626909006643 -0.0636817312166922 0.10582924805030147 -0.006286989222667577 0.9943636916912276 62.75172262030354
0.9947865283613918 0.014326682234486326 -0.10102386023854382 -5.071006715118089 -0.013170735982786497 0.9998396945504062 0.01211872141565391 -0.055295981653778886 0.10118184216853965 -0.010725963104839076 0.9948093897499879 63.47560282277556
0.9953055436101977 0.015659364350499298 -0.09557672124216475 -5.130337510839553 -0.014252552062081515 0.9997801542077666 0.015407806384589735 -0.047869459795011844 0.09579688123407933 -0.013973783122352586 0.9953029484301368 64.17416491712171
0.9959030697122431 0.01642282473314035 -0.08900178771349669 -5.181253689370463 -0.015056784626201115 0.9997587161612274 0.016023180865401405 -0.042980993172520465 0.08924328726656038 -0.01461784150663753 0.9959026953226098 64.86680456853357
0.9964991337715942 0.01670560022976252 -0.08200078951912408 -5.224872999448743 -0.015458411014539278 0.999754694594519 0.01584848541850101 -0.04170432924209628 0.08224535363609288 -0.014526222217732013 0.9965063277185273 65.54484150164946
0.9969841635990838 0.01678573936768183 -0.07585784417453798 -5.265155076726699 -0.01564691000269638 0.9997550383726425 0.015606136009497973 -0.04136936967350571 0.07610135946052345 -0.014373448740788233 0.9969965897260276 66.21367858169461
0.9973950781285302 0.016646000607164316 -0.07028858861626203 -5.301687856346252 -0.015588443239437389 0.9997563924062541 0.015594220707266767 -0.03992190095098058 0.07053118397357432 -0.014459071483197422 0.9974049142757241 66.86884182015582
0.9977653559458645 0.016683234047882998 -0.06481337320598338 -5.333601838563444 -0.015701619411010604 0.9997539249508508 0.01565494062367951 -0.03861079353821063 0.06505876104655157 -0.014603313402742608 0.9977747493983585 67.4958411676958
0.9980603252421981 0.016945134414537835 -0.060026754516487604 -5.362876214043364 -0.01603953153061221 0.9997500332578985 0.015570610613760449 -0.0379014391791994 0.06027574376777654 -0.014578668193633014 0.9980755299952888 68.09408157983984
0.9982702927775692 0.017233838921220917 -0.056334481388099863 -5.390011128688931 -0.016404582402883144 0.9997497595509818 0.015186598399734706 -0.03876870033373112 0.05658228503834974 -0.014237273270098208 0.9982963564290132 68.66445460204604
0.9984765696149507 0.017582726688587607 -0.05243846867092757 -5.415276238889915 -0.01682663127798782 0.9997476487130703 0.014866915408193517 -0.038950480574175786 0.052686867191309224 -0.013963107223845904 0.9985132516689906 69.24396000991082
0.9986800578162138 0.017995695208148886 -0.04825740902421407 -5.436719824126287 -0.017304201557942378 0.9997411200468571 0.014750931123189905 -0.037903866677469325 0.04851060886960418 -0.01389766045713165 0.9987258373361317 69.78234107873995
0.9988554249161152 0.018287659392745056 -0.04435776373563266 -5.4554794252694405 -0.017658561750212826 0.9997374289423303 0.01457948693292645 -0.037438375863084294 0.04461301537150684 -0.013780786984970265 0.9989090373810722 70.29778406835732
0.9989926195605151 0.01850265171909441 -0.04104908239923515 -5.4720874323549875 -0.017935576945671786 0.9997377482501181 0.01417857759860685 -0.0379156465291514 0.04130075665118141 -0.013429001600981353 0.9990561462967892 70.79097835978614
0.9991214023504178 0.01862686315513372 -0.03772410885097585 -5.485630110203226 -0.01811032815364455 0.9997367168676121 0.014029164230636333 -0.03738266134069912 0.03797564604632143 -0.013334623233808475 0.9991893932554311 71.26001242935895
0.9992628847692584 0.01886367245149199 -0.03365436333966334 -5.4927132771070335 -0.018404309919713018 0.9997327927965752 0.013971497548491493 -0.03433997307887579 0.03390909578014727 -0.01334270317303409 0.9993358011230743 71.70871526411138
0.9993708002010907 0.019084272358087347 -0.03014751839722574 -5.49989167634729 -0.018672591527177273 0.9997281087740814 0.013952589386985167 -0.031780917548323885 0.030405825915628928 -0.013381753512260211 0.9994479610884374 72.14157823979552
0.999445558984792 0.019375436629207373 -0.027362110538083614 -5.507088366570097 -0.019002582325766494 0.9997228584331448 0.013920896997186773 -0.029586659371368302 0.027624505628015605 -0.013394344654559626 0.9995286657446034 72.55898466086632
0.999506788571998 0.01943415343754571 -0.02497510275197521 -5.512473256923494 -0.019091486942214138 0.9997200691670597 0.013986930136167306 -0.02702956411112358 0.025240201678960825 -0.013504241498334655 0.9995902279702686 72.93770547109382
0.999550427455357 0.01970710114575765 -0.02292591164141039 -5.519932546960687 -0.019395113022743105 0.9997160459815104 0.01385912115024318 -0.025578212631232198 0.023192735228571727 -0.013409218812452127 0.9996411888908472 73.34123530918811
0.9995726175165932 0.019993839393713776 -0.02169074895267149 -5.527606000134866 -0.019701280702639743 0.9997120175638317 0.01374650542823953 -0.02388397055544705 0.02195983125428664 -0.013314757692847503 0.9996704814428752 73.72350272472892
0.9995870221737105 0.020448814660268905 -0.02056947408814028 -5.535781915526453 -0.020172392895069995 0.9997032192051284 0.013684424369926233 -0.021378865559502552 0.02084353901505937 -0.013265203826347242 0.9996947704542238 74.09696134550542
0.9996028797983844 0.02077449773768186 -0.019440426285122287 -5.542582223157119 -0.020515018110776974 0.9996974939563481 0.013588427677922272 -0.01951471184599528 0.019717182554153476 -0.013185565116658821 0.9997186599470119 74.45328315753528
0.9996194454221382 0.021042335862419565 -0.018286874210190544 -5.5486170182784305 -0.020802672515915544 0.999695073649663 0.013358012335864998 -0.018361572241555824 0.01856297080517955 -0.012974123151708298 0.9997437471723966 74.79809801390113
0.9996314742928702 0.02121545428448953 -0.01741067337657776 -5.554827956291265 -0.02098605130061801 0.9996903330065642 0.013418314545736736 -0.015543351769071448 0.017690450311995197 -0.013049412601781815 0.9997587302842095 75.14355851744676
0.9996381852581288 0.021493034050875257 -0.016673712424276343 -5.561367789218816 -0.02127422083799617 0.999684613715485 0.013358097362279702 -0.013224585390050989 0.016955933846511204 -0.012999668189816673 0.9997718959307748 75.46849072524329
0.9996455248146372 0.021708562886966223 -0.015935217480821065 -5.566834351288538 -0.02150228090773663 0.9996821410718744 0.013161388393124899 -0.011771155299950608 0.016216021642886876 -0.012815069389031155 0.9997863042511612 75.7781915039008
0.999653162211759 0.021971493116820087 -0.015097183617662258 -5.571874014600289 -0.021776711630305902 0.9996768094951096 0.013136028371366926 -0.009228748765554788 0.015381357191856987 -0.01280413131483928 0.9997998759644531 76.07109417966744
0.9996648496972593 0.02220629846301148 -0.013968664400158629 -5.574754975785026 -0.022027654798780705 0.9996729463027323 0.013059605532331821 -0.0070172369017024085 0.014254888013488608 -0.01274932423315193 0.9998175636156059 76.32806118054181
0.9996819414630754 0.02236413427325637 -0.012430499147814312 -5.576440120853149 -0.022206147082876763 0.9996702320478122 0.0129841463798997 -0.004817347151656912 0.012717707602989617 -0.012705889162700115 0.999838907651629 76.57433442213853
0.9996894275870882 0.02269561500134684 -0.011155731372706798 -5.578321790383987 -0.02255513401937862 0.9996638376543051 0.01286970579955311 -0.002624123812851352 0.011444918038806736 -0.012616048778648782 0.9998554089302255 76.82220264455852
0.9996927127923574 0.02295273072623269 -0.01032697477418904 -5.576936072027077 -0.02282384809807211 0.9996588435676474 0.012786618424079525 -0.0004902359650604537 0.010618000453851152 -0.012549150491463587 0.9998653681656112 77.05859179097338
0.9996939084798513 0.023248032300911832 -0.009565871565250562 -5.5755847656821675 -0.023128848084836433 0.9996517606807637 0.012791535749969064 0.0027470786908784213 0.009861076710207608 -0.012568424040247383 0.9998729880525106 77.26361817105824
0.9996929596847534 0.023491393188058 -0.009073348135265696 -5.575353101597416 -0.023379439681684194 0.9996472133318755 0.012693396562119685 0.005723610519243326 0.009369551675690868 -0.012479867804422064 0.9998787178214533 77.4657877698168
0.9996922277762925 0.02370864892276701 -0.008617386102534859 -5.576181855953605 -0.023603764087031003 0.9996439305851021 0.01255751046877029 0.0081179900180645 0.008913381535556791 -0.012352878009492271 0.9998847005376554 77.65502475995731
0.9996918998075643 0.023852945363485922 -0.00827268249930619 -5.5774043404006575 -0.023752167359493693 0.9996405496816086 0.012556825232458907 0.011157092309950288 0.008570568624718741 -0.012359132639602964 0.9998877995519191 77.83527032312155
0.9996889809531434 0.024068074183799113 -0.007920809419424404 -5.57899023038115 -0.023971135475503363 0.9996347085608327 0.01255021771601754 0.013918948543784485 0.008220782694035214 -0.012358441551431962 0.999890317325168 78.00666244249162
0.9996850340107873 0.02437962498405341 -0.007530422273598599 -5.581361307522711 -0.024288386413576175 0.999628143726264 0.012505356170213712 0.016373211087912957 0.007833773792838318 -0.01232119719259503 0.9998940924981018 78.18125106417966
0.9996830877981497 0.024562288458709062 -0.007227331786881653 -5.583317255659207 -0.024475338992805396 0.9996242943094328 0.012488575599687447 0.018579871133193673 0.007532975688725714 -0.012310712282594592 0.9998968238303454 78.34249056150298
0.9996811143937369 0.02472903462702341 -0.006934138981871042 -5.585376579726681 -0.02464593589183622 0.9996208513684718 0.012438979057010306 0.020325885448290087 0.007240614795877806 -0.012267199644740105 0.999899563075387 78.49177853159283
0.9996804257548582 0.024838965583909293 -0.006676251340442332 -5.5870719603498555 -0.02475914836188886 0.999618465454008 0.012406150584524628 0.02211172764669731 0.0069832783080764115 -0.012239970090541917 0.9999017603209992 78.6306015947562
0.9996775869874097 0.02501827421072833 -0.006400257270475631 -5.588767325967668 -0.024941465280264474 0.9996137466327558 0.01240262239343749 0.023990751081606945 0.006709167157348869 -0.01224193305333312 0.9999035280128704 78.76188027553042
0.9996740413543296 0.0252288282921416 -0.006149981100328648 -5.590581214102108 -0.025155171386770418 0.9996089540916695 0.012378046795928096 0.025731439178960966 0.006460865450411387 -0.012222374270932479 0.9999055543548373 78.88831851029516
0.999668811293554 0.025510351870236116 -0.005882924597779682 -5.592850520890427 -0.02544071365837897 0.9996031007909418 0.012289679748731273 0.027141869310645675 0.006195377022842109 -0.012139380659137113 0.9999084105409578 79.01210350277735
0.9996650494122296 0.025721325612625585 -0.005606623523591699 -5.594751376196922 -0.025655330092062424 0.9995978244651097 0.0122653271580079 0.028770640777913838 0.005921163437339271 -0.012120608500147609 0.9999102166273695 79.12841577289693
0.9996605820603575 0.02595043343576937 -0.00537179581319642 -5.5965139355947375 -0.025887345850418804 0.9995916708906107 0.012301183620232359 0.03070161394052246 0.005690343235021286 -0.012161511689166573 0.9999110936499156 79.23430851559847
0.9996579677060189 0.026092301058681527 -0.005140052591273604 -5.598193091509176 -0.026032026518436138 0.9995880710088775 0.012289041469106 0.0322297864513024 0.0054600475482975315 -0.012154624820453284 0.9999124883659146 79.33883690201964
0.9996528748904477 0.02632945296678614 -0.004881652473486149 -5.59820391324293 -0.026272373230214273 0.9995818809240582 0.012234791979541458 0.03321183529623123 0.005203016899240135 -0.012105462502112613 0.9999142454955373 79.45682779329807
0.9996467027238514 0.026597468358586437 -0.004628526059847945 -5.598528700902535 -0.026543726065488542 0.9995756952543522 0.012127883894550932 0.03443255191904861 0.004950104625054913 -0.012003635385379335 0.9999165515770859 79.54410182859682
0.9996417038739375 0.026834880621486555 -0.0043927091416679645 -5.5992580512598575 -0.026784879214390662 0.9995708014244227 0.012023574032975524 0.03572951175801173 0.004714776894872909 -0.011904865949715565 0.9999188492112999 79.64037714992817
0.9996373351268484 0.027021560035658743 -0.004193020250959821 -5.600120827017939 -0.026973976817980888 0.9995659338776361 0.011986951066452521 0.037139316057398473 0.004516326703437774 -0.011872662266000807 0.9999201075705522 79.73223198898127
0.9996336407251931 0.027188519283861592 -0.003955477878082852 -5.600835904337334 -0.02714385899497386 0.9995616162471319 0.011954604900408375 0.03850254153943775 0.004279910305711263 -0.01184606948135568 0.999921432177704 79.82233916466276
0.9996301704202022 0.02735347776150815 -0.0036997280959280886 -5.6016633525018955 -0.027312034620258017 0.999557954409837 0.011873877452295525 0.0396010477833292 0.0040239480209545925 -0.011771338095882244 0.9999234095262084 79.90813044837498
0.9996274399602375 0.027492162330115935 -0.003475791452656909 -5.60273645829917 -0.027453943720639466 0.9995558271672355 0.011746697648986023 0.04040875950389174 0.0037983928269426184 -0.011649882100471536 0.9999259873515993 79.9915254375145
0.9996245243680412 0.027622135735154405 -0.0032359006764104974 -5.603746031735969 -0.027587033334718722 0.9995534446025574 0.011627776407960906 0.04124413867804036 0.0035567411261299585 -0.011537277305642768 0.9999279804426984 80.07667276725843
0.9996217098671942 0.02775827585576403 -0.0029805857589184554 -5.604512995011618 -0.027726345558110727 0.9995506873963127 0.011544324286868347 0.042266630379314864 0.0033008116301071907 -0.011460475166072057 0.9999298968379373 80.163573554618
0.9996168083481606 0.02795287449452239 -0.002733652330959193 -5.605474754537838 -0.027923887231881446 0.9995459288792751 0.011461065242977863 0.043341368409471476 0.0030537937143089063 -0.011383272282803496 0.9999314158147359 80.24527039249654
0.999612082507982 0.028141782027439877 -0.002489718124662372 -5.60654576769848 -0.02811550795861155 0.9995411066806446 0.011383027990564135 0.04439759787240166 0.0028096740029175935 -0.011311318812613862 0.999932798765164 80.33434081676606
0.9996090913321155 0.028286728485275435 -0.0022408247856242226 -5.607478672725707 -0.028263747383242353 0.9995383154497137 0.011293152194396187 0.0453647764781097 0.00256031231581142 -0.011228904422225188 0.9999346804513018 80.42538500832886
0.9996051579852576 0.028450072273552958 -0.0019874234031059916 -5.60811281607839 -0.028429952655916038 0.9995339197767196 0.011260765361969582 0.04662880859449393 0.002307920487669798 -0.011203333712485207 0.9999355548290244 80.51054661762521
0.9996016825580719 0.028586350310863363 -0.001725496104976406 -5.608523613934531 -0.028569055039736686 0.9995296471368135 0.011277700499686872 0.04811297241595478 0.002048126679400956 -0.011227781973517849 0.9999357060523993 80.59436255715211
0.9995981104973373 0.028712662416550596 -0.0014661565351226148 -5.609155767025723 -0.0286981218080849 0.9995264368146215 0.011192564195936042 0.04910021121720825 0.0017875374084363833 -0.011149440444979297 0.9999368759096093 80.6733979132484
0.9995947661023261 0.028849406927296276 -0.0012309113086956336 -5.609716991677858 -0.02883756260646163 0.9995232026991913 0.011145029166294718 0.05033710445603086 0.0015526269607600758 -0.011108550672951665 0.9999379916437815 80.75156244491201
0.9995913909258848 0.028976896225653123 -0.000988831847552018 -5.6090287527426606 -0.028967513799457625 0.999519372758074 0.011151610231705151 0.05138733013166316 0.0013121210005432745 -0.011122031093284794 0.999938216415042 80.85793686240389
0.999587050035819 0.02913537511637016 -0.0007372092313318738 -5.608764840325138 -0.02912884311226599 0.9995163501623486 0.010992629701735649 0.05231849036454462 0.0010576896443187424 -0.010969958285635918 0.9999402389574614 80.91431452743817
0.9995815616103947 0.029326205511599673 -0.00047680468071260363 -5.608801674292981 -0.029322625438965282 0.9995121853406439 0.010857530178886396 0.053593353461718174 0.0007955430868416249 -0.010842507952002532 0.9999419167086442 80.98313348687647
0.9995750918636455 0.029550634667639845 -0.00022867758392888001 -5.609073284417088 -0.02954986149937656 0.9995054761750504 0.010845420328105603 0.05550049976768582 0.0005497101285260879 -0.01083741029179118 0.9999420474447182 81.05079331178031
0.9995688422379032 0.029767812838910578 2.0732416153878966e-05 -5.609593505084585 -0.02976995299151282 0.9994997769675593 0.010765808764444718 0.057016063927357044 0.0003005499550296715 -0.010765262161253862 0.9999429683602462 81.11444034133783
0.9995637759144342 0.029927895706692836 0.0003179602809557866 -5.609767545243076 -0.029933066501641327 0.9994954654134368 0.010692497048704836 0.05846332621968286 2.865223506475596e-06 -0.010700693111059374 0.9999435731376309 81.17849440594121
0.9995595531358188 0.030074247911372965 0.0005664999047937599 -5.610065681590306 -0.03008207812152143 0.9994909915425084 0.01068231136128683 0.060124303171302955 -0.0002442841406439962 -0.010698068959529954 0.9999436031896051 81.23989918995333
0.9995557147911511 0.030191919217614095 0.0007763649535535824 -5.610490212028187 -0.030201968597024446 0.9994879849218216 0.01060366505588084 0.06134851801928021 -0.0004551758157312327 -0.010625828602601394 0.9999442056413579 81.29821931769303
0.999550892348644 0.03036065874221582 0.00102474319472021 -5.6108705392316995 -0.03037362236810941 0.9994841757875299 0.01051906309130579 0.06266112624541563 -0.0007039732855375663 -0.010549471784260862 0.99994514880102 81.35575512443616
0.9995450788543195 0.030543203705376356 0.0012863956233296848 -5.611208995858423 -0.030558936225181275 0.9994787757637171 0.010519492562727654 0.06440541816877243 -0.0009634281673119923 -0.010558274865247875 0.9999451147606297 81.41561171779603
0.9995413082172994 0.030649336836748916 0.0015125409096247782 -5.611519471931489 -0.030667311470699225 0.9994761850311015 0.010444898216759438 0.06568223405529695 -0.0011905518326613498 -0.01049078849466794 0.9999454898729337 81.46927831011043
0.9995380787329534 0.03075230796281195 0.0017160814254962588 -5.61184833905606 -0.030772362382459957 0.9994743961004809 0.01033054632791857 0.06680905005953537 -0.0013962890670354033 -0.010383034915270215 0.9999464963626015 81.52235854036567
0.9995343164944834 0.03085045881782879 0.0019441744904654668 -5.612055865077192 -0.030872597273558896 0.9994712971687043 0.01030229159935076 0.06833153623086345 -0.0016243797483449633 -0.010361891173288075 0.9999459799290694 81.5744437074667
0.999529813699245 0.030983513926502133 0.0021482143206143145 -5.612545900691935 -0.031007651396887517 0.9994676112016716 0.010255054715047202 0.06981431401212387 -0.0018284476480884195 -0.010321220699317124 0.9999461894821703 81.62610234159811
0.999525818096746 0.03110146916608803 0.0023051709428980197 -5.613141442758836 -0.03112712262434872 0.9994648811651711 0.010171383641457275 0.0711005115647674 -0.0019867540441916693 -0.010242972098654678 0.9999466512712586 81.67479086216078
