1.0 0.0 0.0 0.0 0.0 1.0 0.0 0.0 0.0 0.0 1.0 0.0
0.9999998807907104 0.0004048645496368408 -0.0004490315914154053 -0.0007734955288469791 -0.0004049837589263916 1.0000001192092896 6.496906280517578e-06 -0.0008800171781331301 0.00044912099838256836 -6.5267086029052734e-06 1.0000001192092896 0.6456366181373596
0.9999993398082134 0.0007931229155930808 -0.0007728929273529417 -0.003613845302340754 -0.0007932760639164371 0.9999998436870108 -0.00013958217091225578 -0.0027253295774507247 0.0007728362899532826 0.00014018573340379703 0.9999998555278751 1.2956886473759996
0.9999984539741827 0.0006499707849851143 -0.0014496964804553984 -0.006063371097041208 -0.000649603761080277 0.9999996191761044 5.638252345411849e-07 -0.004235826334975976 0.0014495624109658806 5.703159829153462e-07 0.9999989347220936 2.0194874847065805
0.9999979510081392 0.0006930658439990698 -0.001859215323887047 -0.0087284383897534 -0.0006927275515124394 0.9999998296312247 8.35312986989874e-05 -0.006474619352069435 0.0018594036600533528 -8.215815240834919e-05 0.999998281462594 2.79825547210037
0.9999983576736066 0.0007231448566758052 -0.0019493347127224054 -0.01036571730196452 -0.0007230889628711476 1.0000002852691727 8.773626090963393e-05 -0.009938855102525956 0.0019499465631879927 -8.651301443950824e-05 0.9999982327577456 3.5846570302156473
0.9999977618808172 0.0014180812661696348 -0.0018752746471127125 -0.012499322769389563 -0.001418532731711521 0.999999449894214 -0.0001991648862877409 -0.014928126585656079 0.0018753515770043878 0.0002016006373337156 0.9999982831821327 4.381799110507595
0.9999972955455214 0.00165892836018739 -0.002004979594818541 -0.014822076033144364 -0.001659838219569407 0.9999993290032775 -0.00028662970152110536 -0.019670977557620616 0.002005092049616311 0.0002895521347821324 0.999998260921292 5.172825851689409
0.9999966880306853 0.002232025008580435 -0.0019521547936173585 -0.017885819946733446 -0.002233756175196588 0.9999986705796535 -0.0005105036255017815 -0.024444396617834277 0.0019519677093225352 0.0005141894771686538 0.9999987796251849 5.949389543193795
0.9999963773413252 0.0026339634827219874 -0.0017741046173556081 -0.01973232373332424 -0.002635758004278379 0.9999976334877797 -0.0006657846446375454 -0.02959181047064368 0.001773305334078636 0.0006696782765269057 0.9999991674198916 6.731033939687496
0.9999962217620271 0.0029270167706345117 -0.00156186544894965 -0.021164572634553985 -0.002928543275013049 0.9999964763040731 -0.0007954780716095107 -0.034538253774751476 0.001560291383018974 0.0007995699339621934 0.9999993983066084 7.5180804076528185
0.9999964030656441 0.0022066680420084637 -0.0021869774828084283 -0.02223137672376321 -0.0022074073210950032 0.9999981162003215 -0.0004869424123480326 -0.03777033885962362 0.002186566273456814 0.0004914958244013935 0.9999983091473778 8.302005251089593
0.9999962921227418 0.0021085935976573027 -0.0023914428338062004 -0.025352407540289983 -0.002108802219508837 0.9999985400048599 -0.00030745308584122005 -0.04081604220495989 0.0023914460627855513 0.0003121242205422173 0.9999979492010256 9.02808967134363
0.9999957774591877 0.0024145513135354108 -0.0024860017028907615 -0.02983210784931357 -0.0024146929911672676 0.9999982884502113 -0.00019236542046912708 -0.04320399558058352 0.002486420664782349 0.00019758020859908775 0.9999978775574567 9.787246247597626
0.9999928081231121 0.0030643605728232002 -0.0029053719799038875 -0.03624718801629537 -0.0030647603173410017 0.9999964716407509 -0.00023814260459392736 -0.04607185459883714 0.002905549532172528 0.00024604530986309446 0.9999968258583298 10.56960017925126
0.9999881013820096 0.0037592724436175053 -0.0035467962357179895 -0.04464255757638226 -0.003759898435211651 0.9999940225033143 -0.0003219184747303049 -0.04869276668995519 0.003546183956852732 0.0003345213472387047 0.9999945841924033 11.343225871983487
0.9999836464888524 0.0041270205362669106 -0.004228758536970762 -0.053413133031386895 -0.004127635444948526 0.9999924006814565 -0.0003206655481992419 -0.050626798186277584 0.004227693713785809 0.0003378817635367979 0.9999918673533202 12.12589738607265
0.9999797700961113 0.0042413857956193355 -0.004949760868284811 -0.05819177372918188 -0.004242066687933269 0.9999917963961019 -0.0003558068536760115 -0.052314011344304315 0.004948297711768197 0.0003768404076934971 0.9999883896758418 12.881587233996322
0.999975608633774 0.00443289794219367 -0.005578150679530123 -0.06561888988124244 -0.0044346316472499035 0.999990698465538 -0.000477715965458905 -0.05394562886851205 0.005575972879261987 0.0005027507487934542 0.999984997401575 13.626993817882582
0.9999654468801932 0.005467213830614372 -0.006449578505810572 -0.0768581910851989 -0.005469146060403131 0.9999855880041589 -0.0004471183299282206 -0.05439917349093079 0.006447124040974907 0.00048282793482904297 0.9999799125817989 14.390450331832767
0.9999557953398587 0.006239123100878923 -0.0072360778543253 -0.08835605104452432 -0.006239934929835861 0.999981415527198 -0.00021661345570734742 -0.05369755166038911 0.007234647712827791 0.00026192801838039023 0.9999747045662064 15.137206713746073
0.9999454996239164 0.006751351547031867 -0.008192042358377965 -0.10098426543737671 -0.006750377446486001 0.9999782948955324 7.91855096162093e-05 -0.05325333291882531 0.00819266300121113 -2.3873618214380397e-05 0.9999676126002182 15.908077291066306
0.9999379948191153 0.006975201981619839 -0.008937569789051268 -0.1127595698890981 -0.006973533673279943 0.9999772578521603 0.0001986322251272433 -0.05352512195719518 0.008939342310750654 -0.00013654412416539368 0.9999616145657436 16.642632412901406
0.9999350896599436 0.007145827296243206 -0.009155769407993732 -0.1226763826955914 -0.0071469677381124095 0.99997634472873 -8.175351131321754e-05 -0.05593051113721842 0.009155694883734694 0.00014662483974729434 0.9999598391683691 17.376906304073884
0.9999297984110294 0.007974809040341998 -0.009009049884067493 -0.13313530441579358 -0.007978922153238449 0.9999697727730066 -0.000427773457834228 -0.05896865416631615 0.009006024296693456 0.000499370956529885 0.9999607373146503 18.11554497230572
0.9999255130086256 0.008615503181340762 -0.008917115039727395 -0.1433975778897282 -0.008620834964731424 0.9999646085296574 -0.0005327293725175073 -0.06119739238156445 0.00891311153451017 0.000608887697439831 0.9999617592106341 18.86662853600023
0.9999223008465421 0.008883393783724462 -0.008985614093901442 -0.1526508694958562 -0.008888037339535235 0.9999620842343306 -0.0004927684106798518 -0.06312335956864736 0.008981608121902811 0.0005723222453698021 0.9999611695732653 19.62902105782654
0.9999256492271784 0.008614920192977915 -0.008904649660692076 -0.1601473199904363 -0.008619252683591766 0.9999648600083113 -0.00043838132557246976 -0.06546285522301684 0.008901360535514373 0.000514476268348119 0.9999619239611377 20.37502350251492
0.9999302964901325 0.008066655305143057 -0.008913310368303572 -0.16687859451874612 -0.008069959767578216 0.9999695235829377 -0.0003280486664295224 -0.06752607024883882 0.008911194426405679 0.0003993224146756341 0.9999618951308533 21.114246553524037
0.9999310284913553 0.008291938652182458 -0.008679775765557247 -0.17456978326668013 -0.00828383505576562 0.9999679581714206 0.0010470395629089764 -0.06644696683567083 0.008688862508263673 -0.0009757236571813295 0.9999637715218752 21.86454359646405
0.9999286808218523 0.009606004677693472 -0.007591836138220108 -0.1834269411647399 -0.009575827793877249 0.9999488176017183 0.004122794556171792 -0.061532727171925206 0.007631246896701609 -0.004050063626865021 0.9999651649335799 22.64055967001289
0.9999223553577735 0.010799378610830513 -0.006694058386914525 -0.19094269922259907 -0.010747297085750908 0.9999144403244755 0.007850991424729139 -0.05321821682295456 0.006779327226009997 -0.007779294331269877 0.9999485024568533 23.40996714153409
0.9999175171727664 0.01148220150558255 -0.006418597685586649 -0.197500274928849 -0.01142146950726217 0.9998920758128192 0.009641322434282002 -0.04557129373210547 0.006529693970203137 -0.009568249847318206 0.9999350368578818 24.151695453130138
0.9999165807449504 0.01177503790869326 -0.006003780443453971 -0.19971829567538296 -0.011719942181725444 0.9998912407749021 0.00936168007276338 -0.041891171987378496 0.006114500021373488 -0.00929156532864066 0.9999402773961233 24.832815709956954
0.9999141825057627 0.01207493455811617 -0.005835341268944258 -0.20108138507701018 -0.012032044253310533 0.9999025623553709 0.007608577145254601 -0.04309199861124046 0.005928002045680745 -0.0075389613144213625 0.9999563923531096 25.491629098139846
0.9998965851966718 0.013451868407668358 -0.00586320796954392 -0.20521611596891157 -0.013429208789489054 0.9999050355260044 0.004165328850123299 -0.04766086119694677 0.005920053676380544 -0.0040875354405504535 0.999976651518056 26.13321950908005
0.9998826620002578 0.014453016006644228 -0.005862660643226753 -0.2095317231437267 -0.014446757785948876 0.9998983422668324 0.0013750613243162422 -0.05309591057054867 0.005883173003731299 -0.001291374065101813 0.9999841088334613 26.771971826361213
0.9998630615390853 0.015940990491732185 -0.005375179710392978 -0.216595892727082 -0.015938133937650506 0.9998764997737455 0.0008939913571705544 -0.0548146365372526 0.005390352160729883 -0.0008097056643259148 0.9999878679149132 27.43686223780426
0.9998529224639138 0.016759947953392126 -0.004831490621025065 -0.22203011600948988 -0.01675885998463776 0.9998637198140252 0.0006922403147680064 -0.05612067428747272 0.004844448432142158 -0.0006132114938792827 0.9999912103272669 28.092867130972813
0.9998375169886833 0.017761690429467448 -0.004447242103430187 -0.22795561958196509 -0.017762191124696416 0.9998465285081214 0.0003658850266955926 -0.05849033199229551 0.004454922526286795 -0.0002887526986152259 0.9999929961673644 28.747365486626226
0.9998328957675627 0.0180234767544236 -0.004440642699276636 -0.23382979549440644 -0.018024026416734798 0.9998417613353684 0.00035646792203949387 -0.05956427280324008 0.00444823306302402 -0.00027813877020677215 0.9999929097819436 29.3983530663098
0.9998412400888104 0.01756209041121048 -0.004380929223860037 -0.23796887234570652 -0.017562687141911858 0.9998502021047286 0.00034047289999110744 -0.0601522963624355 0.004388171615701202 -0.00026531996268994786 0.999993121185188 30.034264127312163
0.9998496616553069 0.017002891729748743 -0.004672974105332023 -0.2431003969139985 -0.017003309357174073 0.9998598956152303 0.00038298081868699623 -0.06127594677926409 0.004680828486560415 -0.0003051616464000733 0.999991707431753 30.713775551024444
0.999850779263787 0.016832842625124203 -0.004977336603684578 -0.24946128062905065 -0.016833487219879255 0.9998624714836725 0.0002509263334381805 -0.06332511401460603 0.004982640239447727 -0.00016850742120952606 0.9999900373146611 31.389794725876474
0.9998400290765643 0.01738579879654467 -0.005160201591169136 -0.2581730685282928 -0.017384996519703627 0.9998525285240744 0.0004772867706207151 -0.0625702400718196 0.005169201795558113 -0.00038867635781172124 0.9999888312598183 32.03482451689324
0.9998387943520227 0.017365109153110264 -0.0054474128696192226 -0.2650062988138847 -0.01736074597304292 0.9998523026087798 0.00107060998287319 -0.060634742573386094 0.005466600762871186 -0.0009770305153763393 0.9999868860443767 32.7131920926141
0.9998485362822561 0.016682779795810346 -0.005791955294976757 -0.27189578053486907 -0.016678121348870582 0.999863756574933 0.0009911061361701893 -0.06087609162782596 0.00580899771404633 -0.0008954947621201249 0.9999849746784323 33.401193845784775
0.9999055298708799 0.012732705386506345 -0.005950472797026413 -0.27823380178072876 -0.012730610729565868 0.9999217649145997 0.0004737896419530507 -0.0593355692452188 0.005957398224880926 -0.00039927725526503705 0.9999843312338145 34.1170064495197
0.9999311853985706 0.010637991229843097 -0.005661265344081771 -0.2825169834591165 -0.010638219557957095 0.999945586258662 -1.1583315045678741e-05 -0.05970013176002723 0.005662143122839496 7.044390364849187e-05 0.9999858063244033 34.819053288287336
0.9999347446733102 0.010628978475600811 -0.005153753743023322 -0.28152143348015024 -0.010632885626471756 0.999946115686 -0.0006207536480017253 -0.06362389657935358 0.0051487495528565715 0.0006736920623900929 0.999988912386641 35.52366656164318
0.9998990407000778 0.013597545441811437 -0.005131816456336671 -0.28881812946002106 -0.013610491389731793 0.9999070913556976 -0.0023963851239266107 -0.06943251697975278 0.005100409013751769 0.0024638038177337497 0.9999859595191168 36.22769021883336
0.9998810847521639 0.01485965995512463 -0.00519349659044678 -0.2947105099656776 -0.014875412728877534 0.9998877369577583 -0.0028905481372392115 -0.0734670171421677 0.005151738158115149 0.0029652918697499185 0.9999844597468058 36.96779182308362
0.9999363163008074 0.010507583971040704 -0.005166185365990821 -0.29821592243641426 -0.010507113668386657 0.9999473878649573 0.00027315940917906805 -0.06960469902769598 0.005170513739832932 -0.00022108303593472173 0.9999887924556214 37.73482005352574
0.9999823767862912 0.0038480895512230137 -0.00549514678530664 -0.298521064249436 -0.0038195533287667723 0.9999810901082075 0.005325090653954463 -0.05824218352811117 0.005517319495948023 -0.0053064546654530455 0.9999730051099552 38.5634140488263
0.9999897205498097 -0.0023374623872398368 -0.005028705087484764 -0.2964291883029376 0.002390267011250074 0.9999430599874237 0.010646412778601903 -0.04114243732686421 0.0050056204362483635 -0.01066055424843846 0.9999330323639475 39.41614034991237
1.0000004795497064 -0.0012544225955644398 -0.0027639960459471618 -0.29875621365035954 0.001289810696076037 0.9999168694508391 0.013024863041071914 -0.03084665622880077 0.002749840681333815 -0.0130308081327614 0.9999134940949634 40.20346795969557
1.0000015468757384 0.001507902405059096 -0.0022629355494183166 -0.302912195569142 -0.0014889497884040747 0.9999650465598028 0.008515786166932781 -0.03435009563079703 0.002277930352388715 -0.00851482896804941 0.9999632543507706 40.929458618590836
0.9999949115862146 0.0036436145616725777 -0.002732423223815666 -0.30976432776191254 -0.0036414115227500874 0.9999951232072051 0.0009555557964108638 -0.04788457926268477 0.002737999257721361 -0.0009481349576530834 0.9999977431620088 41.6534978700353
0.9999975223318596 0.0015184444420887852 -0.0036296190022390828 -0.30951154283768306 -0.0015387852842051208 0.9999862811514894 -0.00546157982931673 -0.06410149392783177 0.003623391255616118 0.005464463792588754 0.999980695492852 42.35965370074436
0.9999927140821777 -0.0030894231109821375 -0.003907910320879639 -0.3082236291334312 0.0030523595650001375 0.9999537884703826 -0.009344561284450584 -0.07615614799807928 0.003938643952716098 0.009329947373702047 0.9999507983240065 43.10041050361982
0.9999942818220234 -0.0031034857757599025 -0.003388915713504881 -0.3092015349679824 0.0030720852652322576 0.9999548558901094 -0.009204772259374626 -0.08407754383986858 0.0034191137303463716 0.00919176122096214 0.999953954823619 43.8783624586102
0.9999997662061376 0.002649928894435515 -0.001597527985473998 -0.3118770092903991 -0.0026619309005203873 0.9999707114869164 -0.007436558507432726 -0.08999187144896255 0.0015795654516124866 0.007438536106928793 0.9999727250544715 44.651422075131826
0.9999590228054145 0.009518634238324795 -0.0007394620211776678 -0.315788968963047 -0.009523558273490199 0.999934492011686 -0.006619128189567161 -0.09513217951205725 0.0006781862626804849 0.00662347179849314 0.9999795189347894 45.41432952854768
0.999921832047919 0.012851367125473911 -0.0007977728975662903 -0.320038860471369 -0.01285691951783776 0.9998938141119036 -0.0070856293102073056 -0.10235820069952128 0.0007083470631459113 0.0070928802256375635 0.9999760313086485 46.218022451815415
0.9999099307622032 0.013731278436705754 -0.000941488928070751 -0.3236836851433354 -0.013738136865019138 0.9998798595572659 -0.007405396427544972 -0.10996578242702998 0.000841276154112889 0.007415239366102303 0.9999735321731458 47.022300853878946
0.9998928390516665 0.01491976263128712 -0.0010002706154350527 -0.3261951052825559 -0.014926973164902138 0.9998635758574363 -0.007334190895212056 -0.11464266647994648 0.000892214271027517 0.0073458444911373875 0.999974003885398 47.86041681900387
0.9998641686819272 0.016738592794238227 -0.0011011048822390135 -0.3291747980868827 -0.016745096821417307 0.9998438501173552 -0.005981056413001074 -0.11735049299477104 0.001002359629947173 0.005996245718872993 0.9999828702163095 48.7077295644181
0.9998392289901563 0.01816601056957007 -0.00123717318849275 -0.3329072452614182 -0.018173385812437763 0.9998184609057691 -0.006096839999468701 -0.12202632338393422 0.00112787609575363 0.006115806578646165 0.999982147157843 49.54683977778418
0.9998321846990703 0.01853494330549986 -0.0013240037557786222 -0.3344497069324375 -0.018542913003712823 0.9998097079124936 -0.006370913493783121 -0.12996629819130187 0.0012070965666244897 0.006392304747056407 0.9999801904559718 50.409162916560454
0.9998326399139494 0.018480692666349014 -0.0014717806801736542 -0.33576236825245104 -0.01848971157691379 0.9998089444439986 -0.006579471997359483 -0.13805638432841685 0.0013512056482212656 0.006603680219218669 0.9999783682611427 51.25781319501726
0.9998317446629567 0.018514504460131018 -0.0019719519287823718 -0.33899305006044006 -0.018527807835138885 0.9998064947579222 -0.006882688043097056 -0.14692795659364025 0.0018457138791642697 0.006915960280469868 0.9999757562166182 52.12496943863007
0.9998318607510914 0.018423004319867327 -0.002654525197933664 -0.3424979073849391 -0.018440390025117517 0.9998088716244286 -0.0067110623908105535 -0.15425446477602364 0.002531757731752869 0.006757019896405264 0.9999752324131331 53.03479770969473
0.999831823440354 0.018242380362337923 -0.003636073037861964 -0.34696864751115064 -0.018264480677667377 0.9998145747583401 -0.006271353579308143 -0.16069708106330866 0.003522238081130326 0.0063351620896915034 0.9999749796002989 53.94740667476491
0.9998394425173034 0.01748187542491146 -0.005014325609608812 -0.3517073505723939 -0.017511173211888047 0.9998299997957403 -0.005930062434289606 -0.1680506476504553 0.004910950098812889 0.006015435559563068 0.9999711525739404 54.891878300558886
0.9998530300923428 0.016368152590340378 -0.005903140346327694 -0.3561558710516397 -0.01640385264374707 0.9998471480676692 -0.006188189609416584 -0.1768694945362574 0.005802024831225791 0.006282829915555292 0.999964627823788 55.83175769299078
0.9998550152570443 0.015916406644313926 -0.0067869042859821935 -0.3621059769286393 -0.015961699494302466 0.9998508378936799 -0.006766554671723097 -0.18749140120730598 0.0066794140007378055 0.006872350171201244 0.9999554736786737 56.77000618309884
0.9998495014445611 0.015877832505201844 -0.0076212788266961495 -0.3712733854238447 -0.015924075342504312 0.9998549548193199 -0.0061656600593121245 -0.19427384612808152 0.0075234641951439935 0.006284788908130396 0.9999531595741257 57.75433198881142
0.9998426640301749 0.015418375152761269 -0.009355648552849309 -0.38121626981008583 -0.015462707293565104 0.9998703969964506 -0.004741828174680954 -0.19956977620270655 0.00928223598034281 0.004884731430659715 0.9999465108036911 58.75446975633125
0.9998205303482017 0.015488940845031227 -0.011349029299057137 -0.3948104390073756 -0.015524182128371753 0.9998756490864262 -0.003083264432347182 -0.2033729800875471 0.011300884396457827 0.003257804880113702 0.999932324423802 59.783623437804614
0.999811526158988 0.015535592200485953 -0.012088423026956471 -0.40826493982935574 -0.015571409784979 0.999875851108335 -0.0028975388884451402 -0.2087150340591701 0.012043243743477077 0.0030838450087628685 0.9999243849919003 60.812024491082504
0.9998020598168594 0.015997453146322765 -0.012297555753339798 -0.42015108605341306 -0.016042834140337192 0.9998661720575578 -0.0036225277090148784 -0.21871549355043018 0.012239398668938126 0.003817767804053933 0.9999197566113539 61.847785176736124
0.9997506379516914 0.01917965868177736 -0.011920623450546555 -0.433336929971965 -0.019235841918096037 0.9998058218041571 -0.004641650652162606 -0.22829533223576204 0.011830843225088648 0.004868295886946709 0.999920463676164 62.90587590087283
0.9997069821934994 0.023600905213174202 -0.006318418684930508 -0.43773825852518145 -0.023635068499837125 0.9997074466073853 -0.0054380236971685965 -0.2390371456308312 0.006189849719414135 0.0055842584489001435 0.9999675286347193 64.00014552722855
0.9997189058818498 0.023915368230888565 0.0012261373886429741 -0.42284437615715414 -0.023909140739737333 0.9997063728370768 -0.004415534328449645 -0.24926584564473522 -0.0013295313000975823 0.004383761255658534 0.9999919209617218 65.14028120341158
0.9997846901918227 0.020056853580623157 0.006346996685949071 -0.39911230378724805 -0.020050590765694532 0.9998003354875884 -0.0009806194824314887 -0.2556363952038378 -0.00636378014532665 0.0008516168197014069 0.9999817404693748 66.2970926409523
0.9998221644083563 0.017461190897407313 0.007949862153111192 -0.38005946683856057 -0.01747552815296126 0.9998472939001763 0.0018206731888937944 -0.2580575412920159 -0.007915157301303663 -0.0019612446702981065 0.99996918604406 67.42112520848262
0.9998152261294712 0.016835732098532476 0.009922624209955266 -0.3599565066643853 -0.016861321402371243 0.9998560853075794 0.0025756692387318425 -0.2610175041587263 -0.009876196672744753 -0.0027445404157699286 0.9999499836938542 68.5593897121057
0.9997820243034813 0.016995651800973496 0.012624428696621023 -0.3379911507469878 -0.01702814543367101 0.999853296121297 0.002541599996126619 -0.2664030112592324 -0.01257791161086802 -0.0027580116498156226 0.9999195698854281 69.7068945796607
0.9997406336966151 0.018266275194439376 0.014040875434991223 -0.3174775122437856 -0.018298601304327755 0.9998317684214648 0.002236635078338846 -0.27113787638742354 -0.013996058092676542 -0.0024949640401465303 0.9999015107137991 70.86839598013259
0.999719670933436 0.018873249660434247 0.01470972005482412 -0.2964571586685542 -0.01890842734824116 0.9998197880001418 0.002310445389133551 -0.2746980354712959 -0.014661950247032898 -0.0025896866006456004 0.9998914775502993 72.02674090044326
0.999711761808223 0.01870559699006473 0.01546166401309508 -0.27193392435807334 -0.018752392271954396 0.9998213069648781 0.0029345371890158707 -0.27751820979917236 -0.015402389386469022 -0.0032254533431454384 0.9998786753478683 73.16831276598735
0.9997134169713242 0.017979870109565185 0.01620458554626528 -0.2459254062114758 -0.01804032295589754 0.999832362495199 0.003640498333666411 -0.27910359094847415 -0.016134773940852935 -0.00393353775091502 0.9998645786129812 74.30520425119732
0.9997094102344682 0.017781482208211036 0.016671240529998695 -0.2208964153018176 -0.017859362784838004 0.9998316054271299 0.004583529652032138 -0.27979028623077384 -0.01658532725071314 -0.004881639495142889 0.9998531042441398 75.45576776734387
0.9997022182558363 0.018033750784271146 0.01681907124946898 -0.197970540998458 -0.01811491017823111 0.9998260606275214 0.004745033445100801 -0.28043335924354906 -0.016729254410529703 -0.00504966818586407 0.9998496604950314 76.60513031526288
0.9996987818857226 0.01822589119054928 0.016845653077517005 -0.17569550056283162 -0.018306346970058233 0.9998231568075358 0.004676921173598409 -0.2823571467673186 -0.016755799638145365 -0.004985671592596007 0.9998497751773492 77.74762394733581
0.9996998551775469 0.018385288305565264 0.016602520639171777 -0.15487821185700903 -0.018464769380851814 0.9998201770331083 0.004693534042573339 -0.28347604178225777 -0.01651158337163247 -0.005000563790040572 0.9998536741501685 78.90791434383834
0.9996962820075233 0.01883618127668781 0.016307788736794084 -0.13563239920156883 -0.01891824144333565 0.999810400422331 0.00494133863361641 -0.28339666018423 -0.016209984827715605 -0.005250035668929492 0.9998572847111025 80.0532731339675
0.9996860260754442 0.019525533941236132 0.016140203163911074 -0.11618583921043019 -0.019603589843922343 0.9997984760039325 0.0047308227743583925 -0.2824362010829391 -0.016042611603869755 -0.005047683636060883 0.9998612969733482 81.2131397922404
0.9996760055836487 0.020125041480599064 0.016050133913111927 -0.09710401267436727 -0.02019834629740763 0.999787940445419 0.0044436937176296045 -0.2827842602705029 -0.015955103022879016 -0.004768185888078509 0.9998643483080114 82.3631629550659
0.999679038163267 0.020198093663947272 0.01577701486767691 -0.07683571643047145 -0.02026595763757655 0.999787884138355 0.004176288903924856 -0.28558192769978963 -0.01568700946806339 -0.0044965686265941345 0.9998699208118299 83.50402969510486
0.9996822518203998 0.020150809979646616 0.015611443800639736 -0.05622277188600004 -0.020214859846265015 0.9997892844111946 0.004002255208396984 -0.28871721888853585 -0.015525454837960133 -0.00431800360813986 0.9998729025613443 84.64003661943201
0.9996849980998097 0.020150391992440272 0.015401800565800983 -0.03538861785759633 -0.02020612267097653 0.9997909063559026 0.003550367538562557 -0.29400592168092654 -0.015325472975915232 -0.003861431049332964 0.9998775079554967 85.78105215377228
0.9996767212258886 0.020622151525393775 0.015290821571584014 -0.01644812272300339 -0.020673150807606327 0.9997818131859372 0.0032838576353194553 -0.29868168439048726 -0.015218471102674718 -0.0035997242393630184 0.9998796273481882 86.94227254947326
0.999686480573815 0.020521327486908738 0.01478112064221842 0.002215674554027363 -0.020573136189817518 0.9997829549342594 0.0034734716204746674 -0.3015073441370581 -0.014705480505062403 -0.0037774247867883464 0.9998864407788296 88.06792570092475
0.9996859398668911 0.02102583060384873 0.014085702719441423 0.017382996104100434 -0.02108123076878774 0.9997706664720019 0.003913982760160683 -0.30261553491934257 -0.01399897841117554 -0.004210526018727384 0.9998948317948017 89.21665277384788
0.9996848691605755 0.021349039101700006 0.013687764325905483 0.03376581578447521 -0.021402511453262135 0.9997641071028224 0.0038899137545266465 -0.30514229639795554 -0.013600129096282946 -0.004182475558033567 0.9999007698121587 90.39197919865806
0.9996705083638092 0.022156579660837672 0.013428563168735964 0.049074060112332306 -0.022200993162509217 0.9997486214180207 0.0033080759175334695 -0.3098950978294387 -0.013350871339564984 -0.0036055571815090046 0.9999059856100081 91.54787332825109
0.9996475857654916 0.023307727650064714 0.013185488070465622 0.06340883370657169 -0.023340501770026927 0.9997248589471538 0.002466525105902298 -0.315902408502796 -0.013123104866948565 -0.002773842854927211 0.9999115574910993 92.6933671439582
0.999630141414119 0.024099447428632296 0.013094466624763615 0.07812664145049632 -0.02412663932749071 0.9997071900044516 0.002045134824456298 -0.32172863888392494 -0.013039984783845274 -0.0023608874349848085 0.9999137972942674 93.81792248091958
0.9996135745135337 0.024869040114203333 0.012906111537383058 0.09178058268797298 -0.02489343746866821 0.9996888281651254 0.001858652437802381 -0.32666308833136154 -0.012854600317121472 -0.0021798174771577444 0.9999166451801392 94.95329343062313
0.9995653923117884 0.02680148527223293 0.012756095589435077 0.10334561869017098 -0.026818994510752005 0.9996397088282915 0.0013346192620152966 -0.33161514317183416 -0.012714577073950411 -0.0016767019476971196 0.9999190787966833 96.11952507131642
0.9995206882137074 0.028424927665083387 0.012754232324592421 0.11629299007074607 -0.02843836851872358 0.9995953933520243 0.0010037747925419889 -0.3366857903517938 -0.012719265871585714 -0.001366756306808614 0.9999196635619275 97.26430058223413
0.9994928398349915 0.02930698778007218 0.012924091885446796 0.13145160226789243 -0.029320047255487522 0.9995697574621438 0.0009573210099625811 -0.3415361024525084 -0.012889372761627105 -0.0013364324022964542 0.9999174842411106 98.4281689866872
0.999434852956518 0.031220924505047234 0.012920222737143237 0.14496793014615464 -0.031228881072148412 0.9995120015659354 0.0005560033930957217 -0.3444367924620074 -0.012895527348035219 -0.0009600287055925971 0.9999176803017147 99.61324108588612
0.9994083056708833 0.03208969480602016 0.012818760582549531 0.1594575077467863 -0.03209182186430103 0.9994846799805837 0.00012077626701776403 -0.350627894111655 -0.012807643786529063 -0.0005327193880228085 0.9999189355530135 100.7712287389282
0.9993982980326481 0.03243694261482781 0.012715879412512914 0.17417179213384715 -0.03243748188979955 0.9994735958749514 -5.579469133283621e-07 -0.35723320407570663 -0.012708432162943737 -0.00041261517867325454 0.9999203883512655 101.9177590600597
0.9993810976170434 0.032971374506298626 0.012686555940338497 0.18789394445061536 -0.0329845653035007 0.9994550596124903 0.0010079441554161142 -0.36045530867466274 -0.012645831981147687 -0.0014262161456952275 0.9999202245998259 103.10455065966202
0.9993481011563001 0.03390854959304191 0.01278650660125829 0.20123458557801216 -0.03393489751994181 0.9994211710277289 0.002075098395768726 -0.3619987500192177 -0.01270853524489782 -0.002507675713724069 0.9999166881582178 104.2803265468983
0.9993267336391213 0.03436409716769933 0.013239192103410076 0.21772905329632783 -0.034394091635331595 0.9994051202865752 0.002267627008156528 -0.36538374333599427 -0.013153129863242076 -0.0027215352181681864 0.9999103807650633 105.44522153260043
0.9992925134463574 0.03503532924038954 0.01403078423476854 0.235504901776861 -0.03506383359427669 0.9993823592533901 0.0020049241319520616 -0.3703071455981597 -0.013951720949799285 -0.0024956561405987884 0.9999001381725962 106.6067208273815
0.9992599249650446 0.03564090376313271 0.014813942468060209 0.2552612889465283 -0.03567010030704035 0.9993615441592615 0.0018984193983815165 -0.375184227380935 -0.014736402049992953 -0.00242596221411774 0.9998892432771723 107.79611372301083
0.9992324737076667 0.036019707347559694 0.015733541013330944 0.2757656205309616 -0.03605397232287284 0.9993478946636757 0.002065066434398043 -0.3789929910000271 -0.01564833321286774 -0.0026315443521737576 0.9998750643910446 108.932306773966
0.9992170901470006 0.03613382896521102 0.01643057118291822 0.29878512038194355 -0.03617169360265517 0.9993431522795143 0.002186846608567664 -0.3836931183273302 -0.016340333146199044 -0.0027800060851089427 0.9998634874031821 110.08411245262734
0.999201041163683 0.03634625375296803 0.016946557125096542 0.32345003320695065 -0.036383726554784966 0.9993359838376039 0.0020660582972511442 -0.3895648441973493 -0.016859608767955357 -0.0026818112601210567 0.9998552727979431 111.29732497048137
0.9992512815493749 0.034751217235771764 0.01732122070020251 0.35147420072098856 -0.0347869830453621 0.9993929876863783 0.001920285589638961 -0.3960457035429496 -0.017243308299189596 -0.002522371544759579 0.9998491645885236 112.46831425436987
0.9993777884384984 0.030775137841595742 0.017557120846891146 0.38094746623531883 -0.030820237498157457 0.999522135285072 0.002444096771706573 -0.3990898756537175 -0.017472992494021625 -0.002984736249851419 0.999844011924251 113.63251025235328
0.9993588202759869 0.0312984499099364 0.01771269871975505 0.4048799371247347 -0.03137000322208913 0.999500886936534 0.0038915926112751496 -0.39953713303163507 -0.017581258231209835 -0.004445923203349387 0.9998371440733054 114.83215196802132
0.9993566551311233 0.031186954905836953 0.018044542767904678 0.4320807248363994 -0.03126478126216777 0.9995035125003615 0.004131413927913817 -0.40190209817302514 -0.01790563459322349 -0.004694205268952877 0.9998305702704281 115.98793212451366
0.9993643265413983 0.031077662783682597 0.01782122708604415 0.4600637200719945 -0.031112004373406846 0.9995154952505347 0.0017292660959776197 -0.4119483862663053 -0.01775757574827964 -0.0022841057983461186 0.9998419064134222 117.12093291662458
0.9993272400625252 0.0322899739013847 0.017730900814329292 0.48468013756953854 -0.03224286956774674 0.9994769910966996 -0.002870603890076734 -0.4269617026843517 -0.017812961920226883 0.002295649072638521 0.9998407483239595 118.25965908451258
0.9992713003443271 0.03371927380846005 0.018212758040201317 0.5102905615527643 -0.03364208991768835 0.9994251033352249 -0.004464984561248282 -0.44208020970893214 -0.018351471562170058 0.0038475668077320125 0.9998263169020474 119.36997975094624
0.9992346573096907 0.0344866996580032 0.018766380665963454 0.5342361015040821 -0.03441085212168567 0.9993996790183429 -0.004283745348250009 -0.45147273171330987 -0.018901623381118074 0.0036334956164036885 0.999816803559846 120.4814091273094
0.9991994539655469 0.035352269545584396 0.01901254128926987 0.557018452242042 -0.03528551468357073 0.9993711990081307 -0.0037631577892667948 -0.459902664882235 -0.019132381925257673 0.003088037756753301 0.9998140556263457 121.58685190298337
0.9991739741432805 0.03594208545760035 0.019248566858305362 0.5814673997736675 -0.035872295297223376 0.9993497827778224 -0.0038843942509000705 -0.47037126905177684 -0.019374596021812247 0.003189654538140499 0.9998091114714495 122.69047681791068
0.9991503038899061 0.03640402439176086 0.01960855798567215 0.6076444237413974 -0.036326824670333345 0.9993321506792022 -0.00420707314686307 -0.4827021035539262 -0.019747523696621628 0.0034901313519931075 0.9998008086705451 123.78380072182682
0.9991136524145267 0.03726630494345468 0.01986591598365666 0.6321127638562528 -0.03717663193294663 0.9992987549383803 -0.004802728781594957 -0.49595657715424896 -0.02002953536519178 0.0040585168267187055 0.9997934941479751 124.85212364386152
0.9990610565217891 0.038498228252634076 0.020160851571196625 0.6559039702726064 -0.03839571608804212 0.9992498188650252 -0.00538588128117295 -0.5090662826185689 -0.020351597910914974 0.004605176815812413 0.9997845356195193 125.93660549060901
0.9990460429725895 0.03874221194595371 0.02047339673208247 0.6811927671607336 -0.03864505045574829 0.999242316607754 -0.0050952991467959315 -0.5199370125209316 -0.02065332014745869 0.004297120087383691 0.9997800369336757 127.0234305373947
0.9990123596803915 0.039439846315328396 0.020773869219248897 0.7049672776967603 -0.03935612290414616 0.9992180109649685 -0.004400827445203856 -0.5293185794420188 -0.020929005502016665 0.0035765653088575735 0.9997770049597927 128.12084290941962
0.998991197515905 0.0397288162674393 0.02121153123339912 0.7314661730583583 -0.039645426799030783 0.9992066285897703 -0.004300734841667023 -0.5393782239757219 -0.021363740098471595 0.0034534808918947053 0.9997679349491554 129.21808697932914
0.9990012771050575 0.039361612595075035 0.02143630864992919 0.7602953101634423 -0.03926009981795767 0.9992183223594141 -0.005108296067506683 -0.554172442000191 -0.021618627891494 0.004259318069511534 0.999759395983032 130.2946003590542
0.9990246014243643 0.038883876581692914 0.021210206347583596 0.788527180350922 -0.03874379211960245 0.9992271013860802 -0.0069402985941738405 -0.5713172071146869 -0.021461928153865727 0.006109842985282391 0.9997529792821921 131.3579969378854
0.9989483260320944 0.04059618918227541 0.021579217148389937 0.8115151246561967 -0.040448108089647966 0.9991572986556438 -0.007207752385760191 -0.584583733320787 -0.02185233241571107 0.006326029822721008 0.9997424603597905 132.4458831461123
0.9989225749972214 0.04104062822362349 0.02192684621323488 0.8381688670842835 -0.04089668556482031 0.9991411074409489 -0.0069276217741578265 -0.5977509565045649 -0.022190969662258864 0.0060219460740957515 0.9997368573469906 133.55056043774408
0.9989147396179614 0.04118756450937187 0.022019549896647835 0.8640981045340945 -0.041056874770400785 0.9991385780756297 -0.006313433504271538 -0.6095687184354658 -0.022259189324384546 0.00540079935725947 0.999738721592348 134.63414023938103
0.9988449836253505 0.04275684625639204 0.02221003781414999 0.890008410806185 -0.04260486568205116 0.9990680045896149 -0.007235941378056047 -0.6242860705292033 -0.02249675571870357 0.006279474028420155 0.9997288214359097 135.73771596345026
0.9988091044847411 0.0434825375775795 0.022413117878476885 0.9172235073794744 -0.04331259051145648 0.9990318845473511 -0.00797182988882128 -0.6409942133417159 -0.0227361654499117 0.006989961605665525 0.9997186275574034 136.82667153450095
0.9987765638988823 0.04414578491056531 0.022576091657846405 0.9433278350745871 -0.04396865226813136 0.9990010322077199 -0.008252406990550139 -0.6567715481493939 -0.022915834680721614 0.007248093092199086 0.9997129756827182 137.91955455501878
0.998779434896301 0.04397022241581667 0.022774511140102642 0.9717120101130439 -0.043801172617641736 0.999011592326325 -0.007812817201307979 -0.6710450367344047 -0.023093830380605824 0.006804398372454928 0.9997117655354453 139.02416566077474
0.998772321687242 0.044084626004952214 0.02286558131616439 0.9984906824197548 -0.04391944070839413 0.9990074325111845 -0.007620556480904998 -0.6848965818775177 -0.023177139156205638 0.0066058418493698985 0.9997110740434741 140.11479593287808
0.9987767969208271 0.04397586105069674 0.022879836618781128 1.0261207454112626 -0.0438148929634223 0.999013351965688 -0.007431236348750963 -0.6991967489768904 -0.023182406886856462 0.00641844841437036 0.9997120120822399 141.21799792827414
0.9987761396147999 0.04404220200099774 0.02277596861942234 1.053460058570974 -0.04388235775841074 0.9990106899225832 -0.0074066934342961665 -0.7138531957889839 -0.02307807781224538 0.0063968476365240294 0.999714571483343 142.32326371997405
0.9987717219415675 0.04416293005123425 0.022726230768492155 1.0798437592369359 -0.04400287402612022 0.999005077653556 -0.007415155727661104 -0.728188873956678 -0.023029771321860012 0.006404877131873062 0.9997153437627979 143.41376544261104
0.9987369102789077 0.044901902159455546 0.022809209598998383 1.1050503440542767 -0.04473168551862975 0.998969450964945 -0.00784192880418388 -0.7443518402558802 -0.023136546836910337 0.00681074194302428 0.9997101732891127 144.50106037733613
0.9986999634468232 0.0454394032355437 0.02336624899973873 1.1336107577224224 -0.045256399204350796 0.9989426223947563 -0.008236488837425995 -0.7615828599562544 -0.023714307659240454 0.007167299386542842 0.9996941315839603 145.5987416367756
0.9987769733737103 0.04331235659661679 0.024118884576259374 1.1666603382771081 -0.043124514811232015 0.9990375600633845 -0.008196650691615738 -0.7767744465225578 -0.024449243429735104 0.007145490462531198 0.9996766904019574 146.68178880715521
0.9987709274775329 0.04317894452804557 0.024586573019586118 1.1994762038490294 -0.04299772140059762 0.9990458337937859 -0.007781407393152584 -0.792039577010585 -0.024897906720350974 0.006713998228166748 0.9996684538688653 147.82427520752069
0.9987847210296588 0.042657031908331734 0.024928820030582687 1.2330026371960165 -0.0424683403075193 0.9990670018277229 -0.00797171651531179 -0.8093076645978042 -0.025244464452578406 0.006902771754147667 0.9996585555865072 148.94253031130071
0.9988084303083672 0.042136328669593576 0.024860684876005578 1.26617966677911 -0.041921411357044344 0.9990809068417849 -0.009023015843528683 -0.8295949390879555 -0.025217112766095767 0.007969621945708537 0.9996511561429148 150.06587819387795
0.9987651222855405 0.04307184601760595 0.025011952165412427 1.2964133705136707 -0.04282992510417837 0.9990325322654103 -0.010052420026032098 -0.8516714100119819 -0.025419688384946102 0.008968275232528964 0.9996377454433614 151.19413339259108
