1.0 0.0 0.0 0.0 0.0 1.0 0.0 0.0 0.0 0.0 1.0 0.0
0.9999997615814209 0.00016555190086364746 9.238719940185547e-07 0.0025958630722016096 -0.0001653134822845459 0.9999995231628418 -5.960464477539063e-08 -0.0018345515709370375 -1.1324882507324219e-06 2.086162567138672e-07 0.9999996423721313 0.8809440732002258
0.9999991382292079 0.001050784979055308 -4.994117397050246e-05 0.003183775088335186 -0.001050605872020327 0.9999986615584091 -0.00013472783029477853 -0.003851799806274994 4.947165291957489e-05 0.00013509287647917034 0.9999995231923675 1.7568818763583987
0.9999983128951142 0.0016060239199062033 -0.00012400787845372467 0.0031973904029272246 -0.0016056532844845922 0.9999978792706748 -0.0002840788006263363 -0.007042224258080995 0.00012327658135612564 0.00028451929220784733 0.999999320535308 2.6391761754327243
0.9999965747148875 0.0022777852727706633 -0.00015632708402841614 0.0037219735769848886 -0.002277284842714847 0.9999959335899735 -0.0006079483958199849 -0.01263159646493018 0.00015440762976810958 0.0006089403436081837 0.9999988668257014 3.5158538582465333
0.9999955377134613 0.002789564454333123 -9.463752172754568e-05 0.005383718757002897 -0.0027891593308658003 0.9999943622012882 -0.0010795621495939167 -0.019898368088353945 9.127269838497016e-05 0.001080342499786192 0.9999985894181217 4.389765913386623
0.9999937016466761 0.0032819562832981297 4.922138930494232e-05 0.006362412174226323 -0.003281212571618719 0.9999916168864904 -0.001687603477654616 -0.028069935898188535 -5.543929120214399e-05 0.0016885320074349673 0.9999972309897176 5.266617174406837
0.9999935603310964 0.0032504846280403273 0.00019658159732902813 0.00966543371385775 -0.0032491308483106702 0.9999902548816911 -0.0023090190645671258 -0.03717140140773582 -0.0002049033713027144 0.0023096117281022227 0.9999956974087815 6.143770785568018
0.9999931588977806 0.003266948438864732 0.0001479128871623144 0.012555310987261377 -0.003265415479695475 0.9999869798453267 -0.0034462654309647955 -0.04809580163694036 -0.00016020758025243892 0.0034469779613120954 0.9999921855924188 7.005236923612347
0.9999929568104632 0.0033663323555870378 0.00012423038939221885 0.015568641466934065 -0.0033647885278867314 0.99998363662024 -0.0042184530392550485 -0.05947064453255855 -0.00013947981159831814 0.00421922236974288 0.9999892885763103 7.87789037317777
0.9999925991478993 0.003478387847301737 -3.175875916660618e-05 0.01632432501597504 -0.003477341496546789 0.9999797743332466 -0.0049453082757572805 -0.0706198440733807 1.3438935120561933e-05 0.0049465526813460715 0.9999858833679655 8.758950563963209
0.9999891693238241 0.004274213293462228 -0.00023287351834304313 0.014160369139238566 -0.004274033619238368 0.9999751131551975 -0.00517029742550468 -0.07912411467354608 0.00020938420004116713 0.005172815581265919 0.9999842278392449 9.658178136849106
0.9999866121416464 0.004851708388381119 -0.00035439631846911185 0.012777425008691988 -0.00485236506447793 0.9999723581618414 -0.0052023523665907685 -0.08689348020120712 0.00032786810892871803 0.005205330499456974 0.9999841531316067 10.55646791232402
0.9999829482522515 0.005516209775102946 -0.0005871466992087454 0.010356831415655044 -0.00551808306294142 0.9999680423419247 -0.0053419772023596355 -0.09537941998922034 0.0005562076722139329 0.00534653907945799 0.9999830463411105 11.461620243064353
0.9999796107136956 0.006081618334610181 -0.0008570850298962327 0.008717668930860964 -0.006085317369383025 0.9999620605485925 -0.0058309437097347466 -0.1064487710598868 0.0008200874976764248 0.005837628780182673 0.9999802754550521 12.333090637753678
0.9999721565283903 0.0070435054087224815 -0.001610384996484695 0.005784620390228881 -0.007053858049125334 0.9999458397974451 -0.007336222765793709 -0.12071999550277714 0.0015568487672421878 0.007349223484737944 0.9999690630057355 13.199078570450506
0.9999575146024656 0.008810518882993239 -0.001974824614557852 -2.9855517977408e-06 -0.008825264887223674 0.9999242901552611 -0.008285365614778144 -0.13373006492301567 0.0018998835365558575 0.008304473972870933 0.9999609156000148 14.070663749088899
0.9999478812867788 0.009876095667480432 -0.0020379418822897427 -0.0021682018124079116 -0.009891364655846318 0.999914469543624 -0.008277836786320183 -0.14197551372625383 0.0019543908540674924 0.008299193267771454 0.99996109188615 14.94850396581069
0.9999408605517132 0.01060951696272838 -0.0017519704517123614 -0.0037229254110705866 -0.01062003069266974 0.9999163692740617 -0.007019257052588019 -0.14874877086310861 0.0016754044672719862 0.007039395840757296 0.9999709028795426 15.835114503389219
0.9999304612752021 0.011568236790047435 -0.0014716061124862964 -0.004837063035174136 -0.01157577375366069 0.9999103747533924 -0.006325612470395369 -0.15637518760937352 0.0013963356436764334 0.0063443562946259024 0.9999759062690342 16.724090584673984
0.999923186756998 0.012177759095788172 -0.001219627306030275 -0.005766499456879689 -0.012183429822841665 0.9999033123253963 -0.006272915169904592 -0.1657918728268779 0.0011409734022842716 0.006289803892076491 0.9999764908523178 17.61315557084211
0.999913867448798 0.0129202865340682 -0.0008143304056239296 -0.00591851875639165 -0.012923285276511673 0.9998926310673057 -0.006442963482944974 -0.1766275519751228 0.0007284671760787551 0.006455718833143939 0.9999753807078833 18.50653424490392
0.9999075690913123 0.013415129468615125 -0.0002527445587111035 -0.003922138485213545 -0.013414456897707809 0.9998891585489761 -0.005988196189361026 -0.18604438420420322 0.00016986036635401817 0.005993915645427847 0.9999784103857297 19.40044515166685
0.9998945744759811 0.014334687905188945 0.0004397656029774575 -0.0026208299332058363 -0.014329691839827598 0.9998764142123437 -0.005946547791672327 -0.19662821874273984 -0.0005274971044147719 0.005942749077462257 0.9999782967634433 20.308028217760246
0.999886385630373 0.014857423581575258 0.0009514554129713703 0.0020952927986028153 -0.014848753499884314 0.9998673803680591 -0.0061632881151093815 -0.20915008803923119 -0.0010457220968371661 0.006151947559759473 0.9999766020676492 21.198355986090245
0.9998759197383391 0.015466863372991538 0.0014444394228540856 0.005630411155311836 -0.01545342202536218 0.9998527798867944 -0.006927379920761904 -0.22462077354011098 -0.0015548068893477484 0.006908445508605983 0.9999703466221163 22.09039176929768
0.9998630506838025 0.016229825892401555 0.001775811694099289 0.009541911510629943 -0.01621181185966683 0.9998327770064308 -0.007983689844106088 -0.24090962399068083 -0.0019089184316432397 0.007958232386711157 0.9999616505591875 22.958212719159363
0.9998595032882959 0.01641629425626981 0.0021384611155422463 0.014289506814902935 -0.016393779107257648 0.9998238040663376 -0.008692492403568751 -0.2566230609612203 -0.002284485003104426 0.008660796331646355 0.999954985295252 23.841077419218127
0.9998462784714958 0.017179542851181433 0.002433834247887454 0.016449126925315912 -0.017153947510395826 0.9998088804676746 -0.008976074659887716 -0.27005025746630096 -0.0025908603383629327 0.00893733537553533 0.999952124518069 24.729703843849382
0.999838804674783 0.017614687147824458 0.0026273383782732043 0.01901117851645061 -0.017587010972256734 0.9997997798913737 -0.009189465193839081 -0.28359546511376094 -0.002791583383573248 0.009145890369340524 0.9999499748984936 25.623361954695678
0.9998298408842253 0.018090650406616955 0.0028472192815435535 0.022148987916794417 -0.018060196784606204 0.9997888929595887 -0.009468795031538257 -0.29744755972721604 -0.0030207483285207655 0.009419595355762395 0.9999467091528367 26.51598564810686
0.9998203941509609 0.018556418881664757 0.0030388532682932906 0.025636065319828132 -0.018522861795559738 0.999777047869478 -0.009811115556056946 -0.3117402108578457 -0.0032232687660109795 0.009757261558748679 0.9999426220756558 27.38949471265681
0.9998118467783512 0.018979059515898424 0.003152600338790567 0.029631930091735367 -0.018943255577494635 0.9997660601896854 -0.010136974795024681 -0.3268655470027891 -0.003347508256167049 0.010079596452829971 0.9999390774562081 28.289533769210536
0.9998061624439353 0.019235858012392946 0.0032788735611219994 0.035080479807733926 -0.019197686531879105 0.999758655444134 -0.01034368305613803 -0.33919821621049473 -0.0034807308750569627 0.010283374059402784 0.9999361056706929 29.17168443810218
0.9997896396539764 0.020053789662344286 0.003373888964804858 0.038568342545021415 -0.020013565397239228 0.9997400900480982 -0.01058902301560294 -0.35090981379856295 -0.003589171970558243 0.01052390559964779 0.9999331951292841 30.063503273424097
0.9997881782134161 0.02013789658719353 0.00334145765402085 0.04343589137733832 -0.02009889901853867 0.9997406001846749 -0.010391413450276494 -0.36287835703778293 -0.003553531370661454 0.010326443544035904 0.9999355174478368 30.949404054293428
0.99977604561587 0.020694623331216522 0.0034747805616631745 0.04684683419183601 -0.0206541636780928 0.9997293347674503 -0.010348873886579624 -0.375130339583869 -0.00369189118974211 0.010279609065327981 0.9999352156685151 31.835210552957435
0.9997689215084582 0.021020016497810896 0.0035870504298770936 0.05046927243058013 -0.02097940156961556 0.9997256622640311 -0.010066121575278572 -0.38732396120429785 -0.0038013957045645867 0.009993274908302987 0.9999379912664236 32.724224599810356
0.9997656859416155 0.02118809796030047 0.0036673564844948827 0.0542935836326661 -0.021147152277668075 0.9997224157706203 -0.010076006124948038 -0.4005495320364668 -0.00388327583052137 0.010000357847071348 0.9999378417715232 33.60506514803451
0.9997800369176106 0.020508470153261203 0.0035530967316187777 0.06035616862292875 -0.02046706596162342 0.9997325759604708 -0.01043547981857436 -0.4158633016953595 -0.0037697448452584732 0.010364953302146575 0.9999345181665609 34.47704088654648
0.999786372231543 0.020218754317352955 0.0034094221981216693 0.06495503581269876 -0.020177391486535735 0.9997342511157269 -0.010808786923239649 -0.43166836088038824 -0.003630777154056989 0.010742187283532616 0.9999307739615027 35.34951475241979
0.9997913909080808 0.01996719792884989 0.003429418318281006 0.0702519939099112 -0.01992653871017868 0.999741825430748 -0.010559931813441434 -0.4460859276594822 -0.003643132609129121 0.010493920936463215 0.9999332776298089 36.228895566808156
0.9997923200392465 0.019922891766661767 0.0034169986478673384 0.07363597651921497 -0.019885501466498555 0.9997515894279345 -0.009667585985723055 -0.45834663586248475 -0.00361261508446868 0.009602186905419335 0.9999422712206483 37.11116822669737
0.9997958679292434 0.019773154787555466 0.00318457888831066 0.0773273184718859 -0.019741416031989527 0.9997638886435557 -0.008592343394299675 -0.46980226142444426 -0.0033577229314701025 0.008532431800323505 0.9999527515818093 38.003696881488345
0.9997920714800249 0.019986805006914486 0.0031231337015595823 0.08057746657900512 -0.019955754863705974 0.999759571922032 -0.008630626336122642 -0.4828055324781576 -0.0032986652225182995 0.008571173158246709 0.9999528567981266 38.87609870754352
0.9997959998022934 0.01979011640622073 0.0030117372916635306 0.08429850021604765 -0.019758790422329694 0.9997606361356133 -0.008906619801249207 -0.49681861707475444 -0.003191263805978465 0.00885013162016591 0.9999505832953522 39.73722026446641
0.9997981060613526 0.01967603878349258 0.0029456177335965734 0.08810784250537182 -0.019643728342553617 0.9997589855099238 -0.009278789692708529 -0.5113057455251105 -0.003131800094908569 0.009224494692191632 0.999947108297616 40.58526941196841
0.9997918196206048 0.02000746003999679 0.0028655818233983958 0.0902680501826493 -0.01997521857946981 0.9997505546295081 -0.009478799069203583 -0.5247844215957411 -0.0030589198598365043 0.00942511949360108 0.9999454277546053 41.43853923150276
0.9997976469564896 0.019728008676741397 0.0027007633317553694 0.09275774614465326 -0.01969749198173045 0.9997568025095475 -0.009404819268718249 -0.5372089016754616 -0.0028900875818209104 0.00935543562499711 0.9999466024842141 42.29303860241108
0.9998008191061678 0.019629472494059517 0.002377776326285924 0.09635695607600267 -0.019602379366969572 0.9997595049753556 -0.009310616841291211 -0.5476472156623287 -0.0025643419561339276 0.009267956061753279 0.9999484820102827 43.14335481143675
0.9998057112848096 0.019427576208199977 0.0019879157177742596 0.09850431183551173 -0.019404956134873867 0.9997665698665096 -0.008954786483134487 -0.557580533928256 -0.0021657396837300997 0.00892029316637566 0.999952666378488 44.00432889712265
0.999807300686969 0.019373107930304216 0.0016637981676428902 0.09996443378012433 -0.019353967651395913 0.9997711067601113 -0.00854458543357699 -0.5678614040741274 -0.0018332460217898299 0.008516784798317679 0.9999568687320801 44.882422901287896
0.9998152484714913 0.01898143762173576 0.001308635077563247 0.10224954713618899 -0.01896602086158126 0.9997830575118523 -0.00798942832451871 -0.5781595485485649 -0.0014643448770712269 0.007969263966638933 0.9999618507101303 45.75253342343858
0.9998236438497695 0.018563663974071973 0.0008609274594449004 0.10377510376876513 -0.01855240876963448 0.9997932942834774 -0.007691020322179 -0.5887862362085541 -0.001007742923266572 0.007679626642366738 0.999964645749559 46.61386277385396
0.9998382243469872 0.017814997780216495 0.0004727578573181687 0.10577502022161575 -0.01780729556196248 0.999806673409554 -0.007797977104316383 -0.6006386330651521 -0.0006155341736362667 0.007793807718927989 0.9999642774883963 47.47721451120952
0.9998447297156807 0.01744629879864282 0.00010825374236378914 0.10760614065960772 -0.017441189554367593 0.9998109752943825 -0.008028531544072005 -0.6134280500233277 -0.0002523908425794734 0.008031189924456358 0.9999625328131712 48.33861650870662
0.9998478065233513 0.017284254445327146 -2.0837560395961762e-06 0.10920365145388158 -0.017280042825893398 0.9998119253566581 -0.008260433962606752 -0.6265504816770392 -0.00014475886485534076 0.008265021295039896 0.9999608011549187 49.19000237238339
0.9998532044048241 0.01699900588590499 -0.00012728200075343658 0.11080761001038088 -0.016996375673754553 0.9998151159103407 -0.008512752553741022 -0.6395186670643729 -2.105532311117408e-05 0.008518911781432466 0.9999589540006301 50.025256745021466
0.9998546345232848 0.01688623340487242 -0.0002524075981757475 0.1119149219285795 -0.01688433453064127 0.9998139399012038 -0.00883869234151948 -0.6532511982711746 9.926132236076978e-05 0.008847140922147246 0.9999559832174636 50.87389116891687
0.9998554889452379 0.016835675714361713 -0.00024834663205484605 0.11307190220524126 -0.016833791619328103 0.999813135925954 -0.009053567539620788 -0.6668601719086763 9.210871375758031e-05 0.00906155628845223 0.9999540837445354 51.729217078803906
0.9998543810725339 0.01690186410079143 -0.00022772800853563104 0.11457909046687274 -0.01689972185984144 0.9998100570194474 -0.009257572537033609 -0.6806657542633283 6.737041800000534e-05 0.009265280631869014 0.9999521214672803 52.58298339805157
0.9998530391947266 0.016992389299669182 7.599497381054416e-05 0.11709264457386448 -0.016987451017920645 0.9998060969209966 -0.009538225161062985 -0.6951641188725483 -0.00024181886538470994 0.009540528910876242 0.9999495897290674 53.43870545637383
0.999846801658106 0.017342795770213273 0.0006621311778626169 0.12083879187946084 -0.017332177725224357 0.9997985794553581 -0.009712409947619733 -0.7095639066567758 -0.0008340261629908663 0.009704438079246043 0.9999478806367379 54.298984406415116
0.9998443219946657 0.017463763273965774 0.0011527902581785058 0.12562074057619274 -0.017448095487817814 0.9997953396508055 -0.00983894319019377 -0.7245075993924428 -0.0013279534396300643 0.009822139679082803 0.9999462051505035 55.16361842873472
0.999841551142834 0.017562400516374102 0.0018615607764086066 0.13190386928163014 -0.01753874434691941 0.9997893617214021 -0.010272605707849207 -0.740668380687692 -0.00204529244861681 0.01024336051296353 0.9999406991745343 56.033613014368825
0.9998512387604415 0.016910033767025507 0.0024961614744898686 0.14144109687839757 -0.01687845302515106 0.9997946874009722 -0.010828304585029532 -0.7547172275920992 -0.0026825244804086455 0.010789713918505743 0.9999333865565805 56.89137839543801
0.9998539687013146 0.016714103998238163 0.002779507370804844 0.149021384195609 -0.016676234165781092 0.9997851604382082 -0.011968045341788903 -0.7712682085225745 -0.0029824935719186636 0.011924799159614521 0.9999197935153386 57.757154271354544
0.9998463800813012 0.017086613013563724 0.0032492112697623133 0.15507966899827724 -0.0170414127741247 0.9997730486996759 -0.012460880731948287 -0.7883592140922462 -0.0034648187581580617 0.012408446078208929 0.9999123466332248 58.6262209689022
0.999840443388877 0.01736762928363416 0.003543665298634864 0.15980048186283927 -0.017319953904417856 0.9997725664341646 -0.01208958962916549 -0.8025140333387909 -0.0037563935773028295 0.012031450823023317 0.9999158984278933 59.516895763662426
0.9998325138244419 0.01775190524546007 0.0037973293924809365 0.1640076755878247 -0.017704539196550552 0.9997763567695049 -0.011165744936211303 -0.8148694929872352 -0.003998410549628805 0.011102049624182403 0.999925577125982 60.396810773707415
0.9998279358031087 0.01798394533497519 0.0039174882475436126 0.16850556526460497 -0.017939317330916908 0.9997825943172234 -0.010176432991977371 -0.82652301012219 -0.004103468212363041 0.01010985842457804 0.9999356961242816 61.28427292009634
0.9998221176689679 0.018273756195404167 0.0041317170788327 0.17324891525499775 -0.01822754798340885 0.9997786534823571 -0.01010317245768074 -0.8397374379237519 -0.004319031530490386 0.010031280947491988 0.9999358404454809 62.16165760880693
0.999818501328322 0.01842867745820738 0.004350119682663671 0.1794967552219312 -0.01837912665111939 0.9997731173318518 -0.01038980112907332 -0.8545658647846982 -0.00454413823039459 0.010312917249336303 0.9999320396858435 63.02790638979195
0.9998160371197132 0.018519286086163843 0.004587500034564753 0.18621285440005958 -0.01846562483460692 0.9997676472655165 -0.010763486657106245 -0.8704639449626792 -0.004789062504207199 0.010681500009863912 0.9999271215107889 63.900944073693104
0.9998126102034559 0.01863809333344091 0.004958043391121469 0.19304461419667693 -0.01857918819087617 0.9997623555406503 -0.011083112649879977 -0.8864504391916322 -0.005166369348557407 0.01099330553893596 0.9999222167010887 64.76645413874154
0.9998054083395741 0.018903719431613213 0.005364065940864532 0.19971323100015717 -0.01883931850396353 0.9997555301513834 -0.011262664875893318 -0.9019650862166851 -0.005578551677446787 0.01116382378784867 0.9999181517499273 65.62965381375011
0.9998058301131835 0.01880182905130965 0.005611981322972185 0.20724153565680467 -0.01873444570903789 0.9997572357708834 -0.011254250329850906 -0.9169021432517264 -0.005825256450649233 0.011151544134948933 0.9999167967076036 66.4923594836447
0.9998012771350909 0.018932679149110735 0.005942452090395051 0.21476384290098896 -0.018862449787594993 0.9997562802838895 -0.011094033474257761 -0.9315909504962787 -0.006154194484886997 0.010984489164283977 0.9999163277373163 67.36635787847659
0.9997990305912473 0.01885891634322131 0.006574667573789586 0.22400186785692522 -0.018783443897435324 0.9997604693181927 -0.010862193718050308 -0.946138527247517 -0.0067810476474373885 0.010741083609336632 0.9999150227288119 68.24890335621514
0.9997920747774824 0.018942228146196505 0.007321141785367877 0.2344031841765602 -0.018859463815007967 0.9997602264221401 -0.010736248843786378 -0.961157379148234 -0.007526019035562288 0.010600734463140074 0.9999113617636992 69.13915897401608
0.9997931785294863 0.01874154943791161 0.007657633230817622 0.24471908202959577 -0.018654109569205265 0.9997626911974913 -0.010844605385775979 -0.9767990097648465 -0.007862551790638479 0.010704356761496607 0.9999076137883691 70.03895456652252
0.9997909646525376 0.018852361343262125 0.007706153539989702 0.2546408692482296 -0.018764207923710665 0.999760569155643 -0.010906972521859348 -0.9899737940934363 -0.007913145852273344 0.010764286567192104 0.9999068037613489 70.92784259700916
0.9997854316434291 0.019013944490366298 0.007982771468186562 0.2648540602880339 -0.01891915814645573 0.9997529214672176 -0.011329890168210264 -1.0051128441447732 -0.008199639121062276 0.011180732068071741 0.9998999368347965 71.80828179513696
0.9998022077754299 0.01820936179451795 0.007723931940886267 0.2759137801125988 -0.01810100871976429 0.9997422203746007 -0.013399205118832053 -1.023733389699226 -0.007969434874790517 0.013261171559112517 0.9998764016916987 72.68535852556168
0.9997888037487058 0.018928859107002035 0.007761938114448565 0.2848470283473423 -0.018807030484206337 0.9997064351954151 -0.015008767124818169 -1.0445070822645273 -0.008047140389420063 0.01486386802882654 0.9998533389874346 73.54672696433079
0.9997702898179515 0.019613986558543857 0.0083996779968977 0.29372850143070145 -0.019477926111727793 0.9996855977923402 -0.015536132307207365 -1.0642510269680927 -0.008705271472827182 0.015373111049530527 0.9998401098362504 74.41357047328484
0.9997592835542676 0.019880875717167734 0.00905712268429124 0.3031649918168029 -0.01974251013818485 0.9996929782023756 -0.014703621033152857 -1.0794971324659903 -0.009350049379283756 0.014525362149591669 0.9998469278234922 75.29370275190482
0.9997615846807489 0.019559081646899512 0.009500983158547728 0.3142428540547471 -0.019428764780831616 0.999719758177899 -0.01322377183703696 -1.0937933945768383 -0.009760371080076652 0.01304012790008735 0.9998634820086449 76.18404125155746
0.9997669839612336 0.019108326019710107 0.009811425998553 0.3263088627905643 -0.018970234045307992 0.9997236306304443 -0.013567600813868128 -1.1118591669632052 -0.010071493687435535 0.013382748837935048 0.9998558034528253 77.08361877559551
0.9997803891090802 0.018453483996508462 0.009708957207656589 0.33800607875281713 -0.018302744378960956 0.9997158752490606 -0.014998455885790681 -1.1319179251820524 -0.009986469024505302 0.014821655907787458 0.9998365522050828 77.9650417982759
0.9997801440563213 0.018270641131843436 0.010058003188960761 0.3493136662535601 -0.01810526341506818 0.9997050029322033 -0.01591579208633419 -1.152156833009128 -0.0103492647258209 0.015734587170716036 0.9998186814259492 78.84274837525393
0.9997768327439878 0.01829638661459194 0.01036341929926256 0.3604007319127853 -0.018123868294035624 0.999700566870129 -0.016196622494702044 -1.1715867714853185 -0.01065973417842801 0.016009350759109444 0.9998114939537638 79.72995351266003
0.9997701242377363 0.018469745699851773 0.01070447325135086 0.37085116497013765 -0.01829532667024327 0.9997024754531807 -0.015864861845469067 -1.1887553524181405 -0.01099745197666114 0.01566965401796818 0.9998130951366977 80.62190894178094
0.999765580355119 0.018547849933524832 0.010966647148327955 0.3821158006748186 -0.018374826156660206 0.9997087927970675 -0.01533684039091398 -1.2056244508484748 -0.011251225559262265 0.01513638884224846 0.9998182509216498 81.52176218349392
0.9997600263363513 0.018705034652331767 0.011239292931362135 0.3936376765958962 -0.01853306217847128 0.9997124613001187 -0.01492477696313659 -1.2225746847274246 -0.011518134261566034 0.014717147184704925 0.99982158234383 82.44559052415808
0.9997537583020628 0.01893062929068999 0.011452442512696837 0.40481860265734915 -0.018764145748546467 0.9997184805757163 -0.014235975178366101 -1.2390665128984104 -0.011721402779331194 0.014021394932358733 0.999829351462978 83.37031766557612
0.9997564489207024 0.01864042239556019 0.01167661334726442 0.41747409864279905 -0.018471337984463234 0.9997247099875345 -0.014179932748695914 -1.2562823899299693 -0.011940429780087565 0.013964732157382935 0.9998275813149794 84.27062771877556
0.999776581750912 0.017525927924428947 0.011626139909713716 0.43240380338159357 -0.01734663147156241 0.9997314507606717 -0.015068189887265425 -1.2741727271163323 -0.01189004361694096 0.014867398939562938 0.9998149139937306 85.14641565023557
0.9997882491226318 0.016972856021362125 0.011421110633706067 0.44536476234222616 -0.01678485595116687 0.9997253788514519 -0.016062439101092917 -1.2938078441608847 -0.011693594587711981 0.01587169891549233 0.9998015947356396 86.03035145035454
0.999788787217278 0.017015317921272956 0.011331726425918039 0.45696621511022784 -0.016823840471220607 0.9997177892747385 -0.01649432832964026 -1.3134702545972243 -0.011611986971058247 0.016304470155675314 0.9997956755837455 86.92538833028772
0.9997904804252754 0.017004730494525715 0.011219324418334621 0.46721753102990793 -0.01681750475643198 0.9997212643324697 -0.016286472199603226 -1.3310473422179654 -0.011495888203190285 0.01609873266575202 0.9998003799048487 87.8187013849875
0.9997922387522696 0.017089449811257346 0.011008259774918403 0.4763731669687801 -0.016912250455956956 0.9997287491748784 -0.015744513025706088 -1.3480618449118027 -0.011276872279952437 0.015559123485290087 0.9998118181618602 88.72989085642523
0.9997918356967687 0.017153149630283807 0.01094580413019226 0.48622528879105503 -0.016975466368061663 0.9997254079425058 -0.015881292884703913 -1.3674459834338781 -0.011217771233112185 0.015696230040694047 0.9998102322389633 89.63892278682802
0.9997996514232503 0.016906208386187355 0.010602277996651317 0.4970050294593399 -0.016727568960586137 0.9997200234257768 -0.016478426103219913 -1.3878626648634866 -0.01088036929561948 0.016301561465358726 0.9998042083816505 90.52650768614795
0.9997939017181465 0.01764920220462691 0.009923821964779367 0.5042648460204314 -0.01746960478076512 0.9996874005974759 -0.01765042358604546 -1.409915104835259 -0.010234709827513348 0.017477203516740144 0.9997911297685159 91.40672033265784
0.9998096577352089 0.017368592861574977 0.008712937092706421 0.5109794213464794 -0.017197358618301347 0.9996663215869078 -0.019040958109959327 -1.4336512726952286 -0.009043568484387532 0.018891518270502786 0.9997764515831908 92.29199175733694
0.9998202485630956 0.01738960153818341 0.007391454551933631 0.5158302755757723 -0.01723524177895195 0.9996451107453364 -0.020096651775919145 -1.4579845208992637 -0.007740935964603256 0.019969589907089812 0.9997665499830285 93.18662885389912
0.9998186394286664 0.017831536748188513 0.00653546607963518 0.5205115816076596 -0.01769056835904974 0.9996258478565903 -0.02065296042795127 -1.4821684876542776 -0.006903740412066326 0.020537254160531367 0.9997613977938599 94.11142656184666
0.9998099912393712 0.01848931918897673 0.006063866009281447 0.522902459582491 -0.018358926552447495 0.9996168759456836 -0.020514568781865437 -1.5049708765216878 -0.006443139362922624 0.020402888581395467 0.999767460409195 95.10724609182441
0.9997886852212396 0.019712420313537107 0.005712765097121338 0.5253439820633554 -0.019598715378340056 0.9996238314593745 -0.018952059510560875 -1.5260520240699254 -0.006086544551229261 0.01883966789354989 0.9998001079258811 96.14279474621699
0.9997851357695318 0.020076339456232443 0.005000561982021579 0.5300787536550886 -0.019986247000384254 0.9996507604773077 -0.017028512967518398 -1.5449977073634913 -0.0053429622451674685 0.01692849041422752 0.9998384426463097 97.1385721867145
0.9997790988305256 0.020475387034341853 0.004510420956900679 0.5340528880048914 -0.020394167151549417 0.9996446779374357 -0.01689240192426909 -1.5654198828825858 -0.004857083465436607 0.016800366568799633 0.9998429752849656 98.12381278425462
0.999747522344667 0.022042305531944605 0.004141531998891654 0.5357987719917686 -0.021961477877335888 0.9995898329732502 -0.018132783005714713 -1.5890269237998986 -0.004541781548306322 0.018041002405625294 0.9998230831754775 99.03903174764413
0.9996966901721016 0.02428154742711481 0.003838734791035264 0.5366349110230636 -0.02419649507039418 0.9994964139974566 -0.020282673782438417 -1.6145693766938203 -0.004331970233098359 0.0201878420792337 0.9997823587871804 99.95291800327463
0.9996292055322923 0.026924779179871076 0.003821133058678595 0.5351031741102981 -0.026834616066850135 0.9994055463821432 -0.0214194933183001 -1.6390133286016255 -0.004398149092021689 0.021313142722631802 0.999759239573965 100.91011139523748
0.9995574210407112 0.029478064089713228 0.0037523064688378804 0.5328446115319116 -0.029391144760770056 0.9993445382488576 -0.020901729830221243 -1.6606415540946953 -0.004368551202590777 0.020786340229247992 0.999770538264101 101.93686536501725
0.9994416571634581 0.03311853117058441 0.004229057746818213 0.5320079373638147 -0.03303361765739343 0.9992825995158215 -0.01826535349397111 -1.679925869323789 -0.004833826387269875 0.018119600255267942 0.9998207166392191 102.97668923105829
0.9993688004167525 0.035196944186529876 0.004715094748663727 0.5328417884127115 -0.035115771195818025 0.9992525872398942 -0.015870899046504027 -1.6971967612090928 -0.005273131065769139 0.015699308251156743 0.9998597899896152 104.0103712142213
0.9992554494046154 0.03825290518447664 0.004941791021753963 0.5331911866035906 -0.03816748479286906 0.9991397079548315 -0.015933488324061298 -1.7153018942772067 -0.005550065877992805 0.01573707551954995 0.999857666949465 105.01587384634155
0.9991844386109453 0.040051876752909936 0.005010999968808402 0.5386112878662083 -0.03995040400291264 0.9990251740024207 -0.018529633960747447 -1.7429740756625187 -0.005751220007446544 0.018318733214795713 0.9998126039068144 105.99281669712126
0.9991738805380459 0.04035476245661499 0.00471191056719458 0.5458941446331367 -0.040237755420930874 0.9989363923433565 -0.022309317052001582 -1.774499929146954 -0.0056099889219735875 0.02210553113309636 0.9997370622954365 106.9358660760512
0.9992030639230574 0.03971383004151815 0.004048227918513916 0.5527640706431504 -0.03959596724161453 0.9988863325910889 -0.02547502664124327 -1.8073407468273812 -0.005058000110773489 0.025298327258260075 0.9996645267156152 107.88970807965674
0.9992482100701656 0.0385262756899979 0.004321469565807074 0.5598357356304345 -0.03840217712699643 0.9989351238778695 -0.02537442305477078 -1.8358878931869484 -0.005297012171099034 0.025193548656269063 0.9996659240574922 108.83677818284778
0.9993787831232013 0.03494234744680586 0.004548267368112278 0.5688715513456603 -0.034829874674592726 0.9991384604780132 -0.02234824352616251 -1.8599847422875297 -0.005327655012024482 0.022180292537644725 0.9997371783051989 109.81390518791056
0.9995362848741066 0.0300676031545597 0.0047501496101898764 0.580183358223298 -0.029971538095718123 0.9993720297754636 -0.018629520874468845 -1.8804025648408471 -0.005309504200692558 0.018482586375845673 0.9998124292970487 110.79524361006551
0.999637498788312 0.026458022262950714 0.004887726750126034 0.5900789110437743 -0.02636996679812439 0.9995067214699164 -0.016749960313310466 -1.8991650090731351 -0.0053306458918466505 0.016619312601715078 0.9998448378198296 111.72653679164392
0.9997608860064526 0.021296836581216328 0.004917465820559976 0.6030077069399855 -0.021199070511925506 0.9995963162535675 -0.018651389512250743 -1.9223987469929658 -0.0053148720913262296 0.01854700623575803 0.9998110417766108 112.6672829479955
0.9998419020970384 0.017067992414458014 0.005077303635918881 0.6155458493563658 -0.016951431426787313 0.9996138107312392 -0.021812710531216025 -1.9500303409057174 -0.0054496599242567865 0.02172737824921863 0.9997464979204238 113.59429421601365
0.999870282094092 0.015189856301013608 0.005430631118440147 0.6267933564735828 -0.015057876250948272 0.9996118227025911 -0.023248782357120308 -1.9776960083826662 -0.0057836522240359125 0.023168131010838377 0.9997122909690934 114.50262334806678
0.9998967815052459 0.01318809265007045 0.005838494997984952 0.63908563206959 -0.013055691373325731 0.999670798854147 -0.021891560827150637 -1.9999133128713946 -0.006127418818653035 0.021817224731012254 0.9997407488375489 115.43624492336029
0.9999051294375273 0.012397303094363796 0.00610949660732865 0.649800811959277 -0.0122782284614516 0.999741527819906 -0.018894372600586455 -2.019365555751643 -0.006344179437310128 0.018821566379253862 0.9998000388993994 116.38834463387302
0.9999128942971353 0.01161170763165852 0.006450906672381656 0.6610501545340475 -0.011488503942228721 0.9997558293164319 -0.01865117007117097 -2.040735718095583 -0.006667859969791207 0.01857924630739298 0.9998024298095062 117.32348907271358
0.9999192001967107 0.011053521795574778 0.006414822568297285 0.6725717868864033 -0.010916354216625977 0.9997190611882761 -0.020843084804624344 -2.0688817624600135 -0.006645540318423246 0.020775498508674935 0.9997593796769466 118.23126203935546
0.9999245018985403 0.010566888982569213 0.006410128583880801 0.6836886823654621 -0.010405415313978306 0.9996409514902541 -0.024519745712737913 -2.1006478945034748 -0.006669290253175388 0.02445522616325603 0.9996759464302745 119.13056548246543
0.999926532526497 0.010481218084999388 0.006252847247271009 0.6937551045076671 -0.010303528339466659 0.9995619056100657 -0.027596416273158834 -2.133989132798523 -0.0065416537994357924 0.027533754973936335 0.9995967091072728 120.01320316318063
0.9999134303903999 0.011424700884007363 0.006671252351517012 0.7011205194399823 -0.011230987758365578 0.9995357746439048 -0.028170800272256206 -2.1652086856515727 -0.006992419923438109 0.028097385290863988 0.9995779928057466 120.93160999280495
0.9999054409542527 0.011863223662007549 0.007189011392902772 0.7101038856444875 -0.0116555175294949 0.9995323970838881 -0.028130831636676158 -2.1949619859821263 -0.0075213202407838995 0.028047732071359084 0.9995759011259506 121.85955086870004
0.9998971321695681 0.012323231036192534 0.0075193511567161675 0.7180747588708116 -0.01210815342695912 0.9995351942065184 -0.02783969997353499 -2.2236567313865363 -0.007861098869972535 0.027749215543051473 0.9995814804231244 122.77761009636197
0.9998819854342819 0.013304192589444448 0.00787833485574917 0.7264507843132326 -0.013076924155866303 0.999516509092778 -0.028076759528261195 -2.253903963350985 -0.008249979338128152 0.027973808340638874 0.9995721759459637 123.69724480972931
0.9998723661388057 0.013827825211228384 0.00819988985527553 0.736128089876265 -0.013583840936889436 0.9994848218874587 -0.028945186511077144 -2.287282734126457 -0.008597862455672975 0.028833661567014945 0.9995446485631451 124.60974566385102
0.9998600889454976 0.01460888054678673 0.008276787082866366 0.745953616134565 -0.01434567608595108 0.9994174641980272 -0.030830724547108154 -2.3237779481559127 -0.008724837058927747 0.03071154991876664 0.9994871425471881 125.52599958635707
0.9998398924828452 0.01570956160328419 0.008686900081275309 0.7553463450150083 -0.015421454372751638 0.99936099416325 -0.032118480220121856 -2.360829395590095 -0.009188451568649274 0.031983152849927005 0.9994430633006449 126.43493399603794
0.999826995164834 0.016279066613585674 0.009093710270213863 0.7647140781798318 -0.015972027902541267 0.9993340552816657 -0.03269246094420072 -2.3967867882294165 -0.009622423906396537 0.032545263363129934 0.9994207206921661 127.33426420891263
0.9998157567465161 0.016701457565749513 0.009507741526224661 0.7742756603866466 -0.016379922950996585 0.9993253980736477 -0.03275018727506702 -2.4317002665455796 -0.010051199331994031 0.0325925145881583 0.9994148253145974 128.2535629600157
0.99979919357072 0.01733930968994046 0.010041420174624801 0.7837310218561452 -0.01699610635833181 0.9993031114530847 -0.033103432841832446 -2.468115858246995 -0.010611626434776285 0.03293078632871631 0.9993974539789798 129.18083155518303
0.9997814655489871 0.018176879887466288 0.010336358606938857 0.7948716637607908 -0.01781591900699462 0.9992651903046803 -0.03381518478104586 -2.5039677619915546 -0.010946320283391745 0.0336279964130227 0.9993706720914773 130.0862404919579
0.9997735110352788 0.018547480643685582 0.010476925842942249 0.8063768624397307 -0.018175892518058984 0.9992407513337094 -0.0343424676428635 -2.5405395894562437 -0.01110871694496939 0.0341486594923498 0.9993512548106518 131.0108859464335
0.9997548189554629 0.019366404819266585 0.01073710954646982 0.8164371808361283 -0.018980923957432713 0.999212788681618 -0.03471416135858642 -2.5770410751520254 -0.011403985781270923 0.03450648117657306 0.9993352744427257 131.9400071824535
0.999737907666969 0.020129565538230993 0.010879900712230793 0.8253485927668456 -0.01973672194681028 0.999192587039681 -0.03486664114490448 -2.613689676833543 -0.01157621904097476 0.03464767109279753 0.9993280248855981 132.88099193621522
0.9997169603117723 0.021090275906956925 0.010988917488908028 0.8338639104734464 -0.020692192958747937 0.9991705630230433 -0.03493980881733579 -2.64939922026932 -0.011720031725189898 0.03470753593737676 0.9993241651747865 133.8129938924209
0.9996985625672296 0.022000412040066943 0.010927017618575934 0.8421215325744814 -0.02160938564947857 0.9991668070843754 -0.034504576030403425 -2.6837910654290895 -0.011679971096987748 0.03426261570334328 0.9993403040724733 134.74932427403763
0.9996902627969142 0.022454741874635285 0.01076098406300598 0.8520777290781296 -0.022072798385389232 0.9991674032841896 -0.0341811017130967 -2.7186425234462495 -0.011522648444534368 0.03393782917129567 0.9993529323468324 135.68350547360694
0.9996817958746586 0.022824263338287278 0.01079875176540404 0.8632048180823018 -0.02243874161200097 0.9991532033367396 -0.03435613109973462 -2.755773869505245 -0.011576855192480265 0.03410793745484033 0.9993465381193176 136.62400943766778
0.9996645785135976 0.023556157363641392 0.010801244224277225 0.8742802468481203 -0.023163877334003977 0.99911789814196 -0.03489017503035194 -2.794051362060697 -0.011616781143066886 0.03463330396786854 0.9993278505275881 137.55825492981407
0.9996477510153212 0.02421886199513883 0.010857989419962882 0.885671195440094 -0.023821520996051827 0.9990939904698772 -0.035124366002435035 -2.8319497387758363 -0.01170207040843162 0.03485857258346701 0.9993187611389962 138.49845716384073
0.9996405532258316 0.02457734795917627 0.010688500927833971 0.8957223793024965 -0.02419186780237018 0.9991035224472009 -0.034591497387338015 -2.8673253362740563 -0.011532349415862484 0.03432599306254026 0.9993389776280446 139.44662238574327
0.9996407382156269 0.02463105160371807 0.010537613229684434 0.9065342891424046 -0.02425588775603151 0.9991187762037252 -0.03409180641523193 -2.902314588913111 -0.011371621884227866 0.033829593876175755 0.9993575929975261 140.3987198807372
0.9996438685681357 0.02468938108373229 0.010137881570373894 0.9165430129659303 -0.024329040568617614 0.9991202089386919 -0.034005432555784705 -2.9382638666164356 -0.010971714343290737 0.03375185036129919 0.9993647563223133 141.33875603437548
0.9996433875717944 0.024852555592671525 0.009811003591364147 0.926713981417523 -0.02450030075867499 0.999106656581726 -0.03428838983568936 -2.975659253196805 -0.01065738016579324 0.034040785788868655 0.9993585628590687 142.27704111262457
0.9996416967584589 0.025018351512521984 0.009550949622338685 0.935931612168606 -0.024671772759429857 0.9990922489805614 -0.03458045711535561 -3.0124533541092107 -0.010410483696449918 0.03433741146087053 0.9993509749075965 143.19425375871782
