1.0 0.0 0.0 0.0 0.0 1.0 0.0 0.0 0.0 0.0 1.0 0.0
1.0 0.00037086009979248047 -0.00028818845748901367 -0.0006299619562923908 -0.000370711088180542 0.9999998807907104 0.00048360228538513184 0.002014437923207879 0.00028839707374572754 -0.00048354268074035645 0.9999997615814209 0.7242674231529236
0.9999998587987928 0.0007280341586799466 -0.00031879530370204634 -0.0025103683288221768 -0.0007276982927217901 0.9999994115404771 0.0005643481245058979 0.0030955857171644785 0.00031911707262377575 -0.0005637269726914695 0.9999997137072887 1.4594934644288875
0.9999982938882233 -0.0020188882099205067 -9.625865174946597e-05 -0.0014591703808903157 0.002019086678874657 0.9999974554785374 0.0008135123321608847 0.004559931258305834 9.445238249424466e-05 -0.0008133017457314912 0.9999995249034302 2.1750229282671
0.9999724650070474 -0.0075144789161848725 -0.0002234104053923963 -0.0018957748411431272 0.007514660478942458 0.9999707738619936 0.0015072482506428542 0.008760043358037324 0.0002117537086101903 -0.0015083216022995756 0.9999987101827659 2.914429420153133
0.999997975525668 -0.002110208897057864 -0.0011235999252199062 -0.014803493429506712 0.002111493234302087 0.9999973537651736 0.0012057304472680949 0.00850377687970197 0.0011207807248585402 -0.0012077020099167941 0.9999989636602341 3.625495217214789
1.0000005348996668 -0.0001459984605054254 -0.000838282906835302 -0.018716467655214165 0.00014637263424912883 1.0000002703601052 0.0004485474388547239 0.005445989639553226 0.0008377945119908824 -0.00044816118450978926 0.9999998391953628 4.331302543854047
0.9999991746125974 0.0016207825513582497 -0.0009210958218419256 -0.024537763640989228 -0.0016209882894448132 0.9999992180255419 -0.00021647395193125709 0.00312119785913447 0.0009204224564603943 0.0002183589193768916 0.9999999485557294 5.050540205535541
0.9999920836187012 -0.00373568648730862 -0.0019825846825046014 -0.02758967295379026 0.003731058934399471 0.9999922499145913 -0.002019066979729153 0.003020083287663217 0.0019897635241806133 0.00201220559660576 0.9999964344721364 5.776222628482476
0.9999868703013094 -0.00485897547010967 -0.002194316522915439 -0.03129080799051036 0.004852941238755125 0.99998584484685 -0.002557508854203255 0.0007927209350188829 0.0022061943143553988 0.002547572509756418 0.9999948081068085 6.491565075959118
0.9999904132337972 -0.004447854972813965 -0.001435835448171352 -0.034011109844903034 0.004443793416860877 0.9999882560489577 -0.002484685598548047 -0.0016368353583687094 0.0014465325838175181 0.002478742733386045 0.9999965391600603 7.216837052728724
0.999996301699909 -0.0029383664732867292 -0.0012223636581006306 -0.03846276151701281 0.002934399203225867 0.9999931120088038 -0.0027985709286351248 -0.00522875049039667 0.0012303877894899332 0.0027952780738426295 0.9999959463352875 7.917229784044878
0.9999990635155732 -0.0018244851821621613 -0.001251445500887949 -0.0425230696167276 0.0018195801098107162 0.9999943257063157 -0.0032568081633616085 -0.00997428809791093 0.0012574310198081706 0.003254617536549032 0.9999946282371072 8.645455392646266
0.9999975312097169 -0.002209796692744179 -0.00143762620289585 -0.044257122783238595 0.0022044337391758854 0.999992978999929 -0.0033272855650510386 -0.013522542942635395 0.0014448589136015905 0.003324300976107083 0.9999938676663821 9.376852435431452
0.9999968331875524 -0.002574104252676917 -0.0016123467501379775 -0.04655675005661404 0.002567616352358317 0.9999923173703094 -0.003393057673164059 -0.017441489754823306 0.0016212158764104575 0.003388804195535045 0.9999936360643369 10.103186717108345
0.9999957520428905 -0.002868138423312289 -0.0017763897813798473 -0.04906055901721204 0.0028612964055964403 0.9999914366454956 -0.0033601156139540303 -0.020573399574889333 0.0017860352194658377 0.0033550823262531644 0.9999936025254499 10.828887293531555
0.9999960316675987 -0.0028146596003812306 -0.0017053797590689539 -0.05182924149474429 0.0028074710833845998 0.9999907784879607 -0.0036374613617571197 -0.026311494185788695 0.0017157294230189717 0.003632487957843384 0.9999927967307719 11.57683254271703
0.9999962378803817 -0.002848703638181404 -0.0016680046967458696 -0.0503869996963023 0.002840112295028659 0.9999869374363898 -0.004569927741452662 -0.034184647432341446 0.0016810688803047507 0.004565028331910776 0.9999889919529883 12.318219669603659
0.9999967583180116 -0.002859305503786231 -0.0012659186498275672 -0.04992623384708338 0.002851986070036838 0.9999843613348041 -0.0051003365305864355 -0.04120299209995826 0.0012804863185569707 0.005096589627923689 0.9999870599717687 13.057798385911493
0.999997451145601 -0.0027226376110047355 -0.0010269816585617342 -0.05071161930915523 0.0027164412143749314 0.9999840117843378 -0.005291760630964059 -0.04772627442748925 0.0010414036023745981 0.005288601223646804 0.9999866245565545 13.817603243531542
0.999997224705032 -0.0027646421912177633 -0.0007291539582485427 -0.050663859154843456 0.0027601843949001752 0.9999829413337868 -0.005449169191302034 -0.05400570837551371 0.0007440539808665907 0.00544683503544124 0.9999857994827284 14.58476653127064
0.9999972087729837 -0.0027666176248132427 -0.0004158072404749884 -0.05013063719474461 0.0027640973345352984 0.999982507477382 -0.005461147025977972 -0.06029373695553855 0.00043057963829992046 0.005459825252023994 0.9999856050173298 15.372700149379465
0.9999972386625536 -0.0029078088465328963 2.535252087402216e-05 -0.0485262926197915 0.0029080615772588566 0.9999798211611137 -0.005792814975938215 -0.06837377850203856 -9.029939080404826e-06 0.00579294708145808 0.9999837386286963 16.161303532809328
0.9999976836761905 -0.0028751680099270835 0.0003499619963969822 -0.04694406123047606 0.002877064628459429 0.9999783089606957 -0.006110782592875208 -0.07726198445424984 -0.0003326001093890574 0.0061115298135911746 0.9999820074575075 16.941290559626097
0.9999974946652281 -0.0028562658499544707 0.0007060844825711057 -0.04481373508491936 0.0028602525275165836 0.9999771908728465 -0.006301682019516063 -0.0856698204381708 -0.0006881321933483107 0.006303357646609919 0.9999806566234979 17.731917907977994
0.9999982520462245 -0.0025546728496793707 0.001023116680338536 -0.04410861364181898 0.002560333486782866 0.9999794688671927 -0.0060385178759802685 -0.09193713090911944 -0.001007573033985099 0.0060408037111504345 0.999981971861708 18.553298558842975
0.9999986329233451 -0.002325011745863364 0.001225861157926425 -0.04303336000094979 0.0023304286578131315 0.999985835406861 -0.005052297878396681 -0.09647799252501284 -0.0012138566191202287 0.005054458946708069 0.9999872427067613 19.396523151576645
0.99999897914706 -0.0020373514986633495 0.0014897041510967565 -0.04224559175663508 0.002042840966032948 0.9999904174260011 -0.0042074030920947175 -0.1004499752770214 -0.0014808821285744876 0.004209579266837434 0.9999907106275314 20.25070888982329
0.9999990268406922 -0.0020212606227547015 0.0016400035152793848 -0.040191564799655376 0.0020266092294963715 0.9999924628913943 -0.0037858584155148014 -0.10530256408028178 -0.0016320498602113587 0.0037881843895287474 0.999992498444702 21.10561226856169
0.9999988594990498 -0.001494680216665801 0.001953764841460069 -0.038458628741890946 0.0015020275819136956 0.9999920924723114 -0.0040228934397287044 -0.11295523548922384 -0.0019479459232387844 0.004025144338007023 0.9999906099681332 21.96791225107706
0.999991050494424 -0.004086563987122275 0.0021406081567176506 -0.033123003197102735 0.004097916323474635 0.9999773898143132 -0.005478271839014133 -0.12130768656740766 -0.00211855526713699 0.0054863662392482535 0.9999831988688291 22.824381517920717
0.9999974531248934 -0.0018681932335828928 0.002099432376185189 -0.0338850811716335 0.001883339242088173 0.9999714842276447 -0.007363726908033305 -0.1344553118350996 -0.0020862041953415528 0.007367374708759123 0.999970693976362 23.687691722916817
0.9999987326796945 0.0010065586358015868 0.002058604026840002 -0.036250220046103676 -0.0009900939515682771 0.9999670158359238 -0.008114338993242026 -0.1459685321274365 -0.0020672805722658054 0.008112106726080459 0.9999648948275242 24.574253426911596
0.9999989724991747 0.0006476312730256352 0.0019438492364040494 -0.030898000301901624 -0.0006326655775892754 0.9999706103507912 -0.007685396156990655 -0.15383224161243456 -0.001949384449409666 0.007684183415226688 0.9999683137365434 25.46754184666378
0.9999981950158461 -0.0018449702680785084 0.001238539817755483 -0.02823899877593702 0.0018523587206547571 0.9999818226922786 -0.005758223060706149 -0.15808460961345228 -0.0012282086791092588 0.005760309711086002 0.9999821721878539 26.377932574677857
0.9999983049918132 0.0017744155366650415 0.001054581107618826 -0.03171092822098136 -0.001767895610581704 0.9999809619941724 -0.005901938272135788 -0.16487808943179988 -0.0010653798955113846 0.005899887636926563 0.9999811553198443 27.302371493635984
0.999990877888996 0.004198594321918195 0.0011872924698479032 -0.029874436714610944 -0.004188374417751113 0.9999574156663589 -0.008217163603632425 -0.17925333843549468 -0.0012222341645633443 0.008212096461574187 0.9999644900810573 28.223314952751497
0.999987153109796 0.0051383248306856805 0.0003324921652295526 -0.027830572539187186 -0.005133369145562017 0.9999097731533225 -0.012410046884515111 -0.19893813398237745 -0.00039684340260243123 0.012407909284102365 0.9999218712741479 29.097247645805947
0.9999873013655788 0.005098984681040223 0.00013549544840186446 -0.027414167042468206 -0.005096187168560342 0.9998995985787708 -0.01321629474150899 -0.21517513619119155 -0.00020357612046887103 0.0132152918012137 0.999911573113136 29.989155472148596
0.9999885463632332 0.004831840323350509 0.00012246217359235487 -0.02743942089357486 -0.004829708788001414 0.9999330992395238 -0.010500437923134726 -0.22486048886578341 -0.00017391527010154044 0.010499502002340684 0.9999438946320732 30.910204148341972
0.9999825815190797 0.00591510002921127 0.00023368450527940218 -0.029529790627779356 -0.005912866729167988 0.9999585982538721 -0.006904771355775524 -0.23119137395906653 -0.00027526664530201764 0.0069028226936804354 0.9999750218301757 31.864624264091734
0.9999751440115223 0.007036630109388056 0.000110038460973694 -0.031904033077179955 -0.007035195434571748 0.9999578044564016 -0.005850738179611268 -0.2386430874348427 -0.00015211923711553252 0.005849673876971666 0.9999815535075391 32.82587081752117
0.9999819073133904 0.005994644173157574 -0.0001619590368220314 -0.02925085994004186 -0.005995036585140582 0.9999553486491084 -0.007267390110194916 -0.2509635028124936 0.00011745216577140774 0.007268000647058911 0.999972341591681 33.761488066740164
0.9999993812955891 0.0006979628305646917 -0.0003578768387378729 -0.026632521677136072 -0.0007000758612655264 0.999960595782702 -0.008782034491120198 -0.26003799444518555 0.00035085491197066863 0.008782031381443196 0.9999598124249438 34.70901321004293
0.9999990282976455 0.0005805971536267535 -0.0012399487387494456 -0.030149358643734338 -0.00059034880667954 0.9999630031500725 -0.008544225856003429 -0.2699123502731238 0.0012342382900759436 0.008544387899729033 0.999961168740331 35.67953964337119
0.9999950598119371 0.0025176784941095464 -0.0019469827862442575 -0.03786772042475088 -0.0025339142131304963 0.9999586877012968 -0.008704930846220354 -0.27999445973960607 0.0019245937115195658 0.008708703223874239 0.9999591578909056 36.64922360349028
0.9999892540396683 0.003633094175454936 -0.002995577689510774 -0.041495635861849664 -0.003667254968134513 0.9999252002998057 -0.011667103684361097 -0.29888263251051317 0.002952951526986736 0.011676669739428292 0.9999267436674145 37.60598596568232
0.9999854992206272 0.002974721880900066 -0.004521503923244404 -0.04358427562077263 -0.0030428656608460438 0.9998780362160656 -0.015294894589769369 -0.3217661834672214 0.004475215484300923 0.015307400639124398 0.9998715028986523 38.550917054684184
0.9999799780582911 0.0036652891556122696 -0.005261398204338919 -0.05228594526426119 -0.0037446551641488576 0.9998767768014624 -0.015233285460116397 -0.33908761640516943 0.00520495818824367 0.015251607196151913 0.9998692188129602 39.54244958876563
0.9999742055736086 0.004649193775089241 -0.0056026037809264575 -0.058858661233174216 -0.004714337204131547 0.9999200051100683 -0.011738183917759257 -0.3499611200593755 0.005547561222377321 0.011763266313938725 0.9999145879599803 40.54173570411584
0.999971011527415 0.0051425958332215116 -0.005761980090363048 -0.06446038732281163 -0.005189775084859604 0.9999523026118893 -0.00825730753692618 -0.3583958105551426 0.0057192416241025595 0.008286071489212921 0.9999484738534129 41.56049984878475
0.9999578298605034 0.007110190146173426 -0.0059751354971228484 -0.07126847413551307 -0.007167127533272451 0.9999281847454108 -0.009610264728323898 -0.37568375508966123 0.005906488421587041 0.00965165910644799 0.9999352995568759 42.576212746042515
0.9999544673713211 0.00754834538380357 -0.00597791526373306 -0.07400893886138223 -0.0076152635890354954 0.9999066027142227 -0.011335389556253428 -0.39624092061612515 0.00589158130846113 0.011379376096723926 0.9999170356996361 43.614764613051356
0.9999517721139969 0.008071364702032164 -0.005709523543416885 -0.07832306733084682 -0.008136070359406422 0.9998998530550778 -0.011554146193408865 -0.4140920807011268 0.005615124026639113 0.011599345216558888 0.9999159816896336 44.681048577501926
0.9999033521546803 0.013047455571049941 -0.004946593316997449 -0.08604180948802619 -0.013089561400416628 0.9998756267887768 -0.008790474218329049 -0.4260645507786327 0.004830614947564783 0.008853650327347343 0.9999485744032419 45.76110770251831
0.9999037992525671 0.013472299094662191 -0.003588054998997999 -0.08468541189631222 -0.013500494439968596 0.9998753773466323 -0.008195605180843425 -0.44005447024962707 0.0034765938070649427 0.008242371921695163 0.9999595692423674 46.83302870723316
0.9999686064284118 0.007573326247718045 -0.0027575526253253903 -0.07434697099921511 -0.007597147498844486 0.9999304925661072 -0.009029983962654729 -0.45320770791723247 0.0026883669410473696 0.009049914821201504 0.9999548764504859 47.92864122344104
0.9999357440454909 0.011302654284764227 -0.0017378521800815864 -0.07735300006635029 -0.011318890020782351 0.9998846761281075 -0.010149747540593055 -0.4713753359144627 0.0016222127635388734 0.010168314341913133 0.999946026942793 49.02940655174843
0.9999043011736816 0.013905766274663582 -0.0001114512395031823 -0.07343286298630176 -0.013905299836630736 0.9998315702088671 -0.01201035147039069 -0.49433160123025116 -5.636069872377511e-05 0.01201049611190222 0.9999269871040343 50.11718818601374
0.9999470071188998 0.010366875978207065 0.000141226425176937 -0.06247059003096442 -0.010362097009561946 0.9998237611115753 -0.015653170968271797 -0.5208766517418257 -0.0003044068839571089 0.015650906898773943 0.9998765254291786 51.183282585159716
0.999936618856196 0.011304463336838544 0.0006541260305967792 -0.06064901430467706 -0.011291443219685062 0.9998120265680724 -0.015764930669977598 -0.5425696194647909 -0.0008331964432819075 0.015756728847987414 0.9998745836601903 52.269687551144116
0.9999309953580826 0.011661954604735543 0.0019064429484001574 -0.05457405611498628 -0.011636212827726103 0.9998552931732353 -0.01242179436812853 -0.5603928627075765 -0.0020522100889610877 0.012399262050961615 0.9999201558254879 53.3708130160117
0.999923723545997 0.012102664160054928 0.00261382173993649 -0.049101837140692696 -0.012073142477682848 0.9998726455108111 -0.010425359185539875 -0.5766477246204311 -0.002740508475950593 0.010393171340318658 0.9999410454310782 54.486642683228546
0.9999359674521058 0.01107897195313848 0.002443752388809331 -0.03932672165104376 -0.011045229410957268 0.9998585283321224 -0.012660998082551082 -0.5993230268655448 -0.002584588387013376 0.012633564717296455 0.9999155582844251 55.573308934416175
0.9999513692915878 0.009707577752757324 0.0019170676476263993 -0.030695000047977136 -0.009673764996375006 0.9998254733325191 -0.015961584301380456 -0.6264823859111331 -0.002072560517005294 0.015942622066130053 0.9998694491884541 56.664598406100836
0.9999640972289652 0.008254554955448787 0.002168920544160552 -0.02193015283093432 -0.008216265489211451 0.9998317499313893 -0.01640696489480858 -0.6477564226110978 -0.0023047559458002115 0.01638871181335512 0.9998617367853322 57.74059421422834
0.9999610549587447 0.008514740628745954 0.0024166620246075833 -0.017846347886281658 -0.008475559768376759 0.9998510316965665 -0.015022031726139279 -0.6670579219690947 -0.002545070620207576 0.01500133496208406 0.9998827924437333 58.856134428132144
0.9999554061362914 0.008881394796440345 0.003068999231368528 -0.009909851325963963 -0.00883118380321664 0.9998437760876471 -0.015256026992277918 -0.6908470452305518 -0.003205440435455411 0.015229187838740553 0.9998769842855848 59.974796063925716
0.999948547752536 0.009426421326586042 0.003630964385559275 0.0005937289705955934 -0.009361240207729308 0.9998116330426935 -0.01695387305085669 -0.7197173620261456 -0.0037915029464325426 0.01692005699099245 0.9998476822911192 61.08195405821631
0.9999467550166009 0.009353005160375393 0.004201073441441625 0.010538491314073518 -0.009277135868117521 0.9998090803330041 -0.017143453512804982 -0.7458834283933641 -0.0043621808810358756 0.01710475435978703 0.9998420386242974 62.17377156724028
0.9999396743903299 0.009748556927399144 0.0049893821546673 0.018581819958675194 -0.009665909154216036 0.9998264858710548 -0.01589136034171183 -0.7694148433015622 -0.00514485514080496 0.01584316927787843 0.9998591817403993 63.305859654871334
0.9999315433110848 0.01011596804893192 0.005852087702889503 0.028132830363364385 -0.01002326350450144 0.9998317049621468 -0.015339097171058242 -0.79209519462725 -0.0060075476521975505 0.015280223477398198 0.9998632958463182 64.41676684895535
0.9999342783039865 0.009372259881048601 0.006598502287728189 0.04256718405922428 -0.00926928054749851 0.9998413095913998 -0.01520148702081527 -0.8166063951974983 -0.006741242524795054 0.015140119446062743 0.999860918200905 65.56334147547138
0.9999296556977404 0.00955881356830389 0.007051882442452513 0.053736581016854246 -0.009450684278579773 0.9998432348222741 -0.014980312831272711 -0.8403096175283967 -0.007195208685815864 0.014913253345898242 0.9998614076006805 66.70501710691624
0.9999205032991002 0.010171935130282287 0.007501616085847579 0.06395424496989185 -0.010057852623169357 0.9998389863645251 -0.014889204101604443 -0.8633920778874321 -0.007653005957348676 0.014813156433511403 0.9998597194427145 67.84030784091598
0.999910827094208 0.010880914637528423 0.00775790353888785 0.07711213096141542 -0.01075022729041037 0.9998069768931062 -0.01645408212813688 -0.8925303962559605 -0.007937135371703607 0.016370289518813877 0.9998328231674359 68.97226418817222
0.9999247640578312 0.009430411540042467 0.007869353439269443 0.09413029627991301 -0.009279564995896121 0.9997814501556231 -0.018737355517412256 -0.924318725503572 -0.00804597963854646 0.018664030632434412 0.9997917572692777 70.12895319983187
0.9999213456430094 0.009683143224318435 0.007986047606448327 0.1053959188712833 -0.009536570991381605 0.9997939612832933 -0.017916903217000263 -0.9508735311634564 -0.008159540583958244 0.01784057630794246 0.9998057984786881 71.27813775814725
0.9999242385647547 0.008944282174858351 0.008454915791361936 0.12051760134307433 -0.008825778867680373 0.9998672151460467 -0.013683027980465095 -0.969851012334528 -0.008577610441567591 0.013608169625778325 0.9998687496493948 72.41757432525226
0.9999200679835828 0.009168855923482091 0.008710973377486202 0.13484768342086154 -0.00907259657306758 0.9999006871962952 -0.01074744184537755 -0.9881794189908751 -0.008809804435691201 0.010668172555407005 0.9999022288746788 73.59118391728883
0.9999171926230721 0.00944324750356406 0.008724572932645372 0.15033480690339165 -0.009337947577350292 0.9998871374744834 -0.011756589644387434 -1.0124490458290096 -0.008835760442729485 0.011674509425496719 0.999890666820791 74.75507538202554
0.9999228499371449 0.008864006530627438 0.008704597633622226 0.16769709006172243 -0.008738204622376646 0.9998619026879572 -0.014131111943540477 -1.0382637617982038 -0.008829532829657082 0.014054106433077009 0.9998602980447566 75.92020608005437
0.9999149506253354 0.00941683720363465 0.009021551489537285 0.1824282598362321 -0.00928239704907969 0.9998502208353698 -0.014604311023900265 -1.063093162806105 -0.009158438110674115 0.014519651348710144 0.9998507313618482 77.08002246356084
0.9999045996544835 0.010171135526280075 0.009341880198759072 0.1954640950104729 -0.010033290268615018 0.9998447517251882 -0.014473121275665503 -1.0855835015411777 -0.009488303712493127 0.014378426356351857 0.9998496378750205 78.2553380769575
0.999901043658445 0.010311003974593634 0.009595652113090757 0.21078774082621982 -0.010170215312051563 0.9998443108182442 -0.014417230154292153 -1.108707150094443 -0.009743370955080145 0.014318453490152663 0.9998481949319331 79.40495640841606
0.9998962720035781 0.010576134608823715 0.009808015143615605 0.22629934600958984 -0.010426756523263884 0.9998336296134516 -0.014972908646953602 -1.1356334637868655 -0.009965239528425787 0.0148692659697566 0.9998380248197835 80.56540901995713
0.9998901903980033 0.010809278318183763 0.010201003911120261 0.24235157518941133 -0.010650437317620505 0.9998258754010861 -0.015335150893337082 -1.1620427021234754 -0.010365320986275533 0.015224875100028998 0.9998287447937426 81.73693130624943
0.999878667753971 0.011215762192350185 0.010923197068137595 0.25829251783243684 -0.011046585233024245 0.9998226972574739 -0.015275464334900183 -1.186355601380592 -0.011092765898274563 0.01515286728774173 0.9998222916568277 82.89799837946762
0.9998701172356687 0.011253631603346543 0.011634049433164907 0.277611846492543 -0.011077463936329635 0.9998272052275017 -0.014958408984178856 -1.2106526527340185 -0.011800506936819128 0.01482739670338359 0.9998189520684972 84.07956398203287
0.9998618118782271 0.011304507667842393 0.012278167767999934 0.2979363482734725 -0.011118477502290737 0.999826559690993 -0.01497910274506594 -1.2361248323438876 -0.012445524487763376 0.014840357508977662 0.999811028092857 85.24922497809519
0.9998509841195463 0.011621979488013717 0.012838457971252163 0.318312325045598 -0.011426269176329072 0.9998215259903871 -0.015083076592666987 -1.2613213125603615 -0.013011672522393946 0.01493367623116813 0.9998023511901396 86.42146394752271
0.9998440650458619 0.0116925033472348 0.01332289343551448 0.33960918277525143 -0.011487772793775126 0.999819048199844 -0.015192555791099871 -1.286301673324511 -0.013498503185258038 0.015036703985077041 0.9997943000416186 87.57889140982411
0.9998383858196508 0.011624688401633922 0.01378175982232337 0.3616436967590899 -0.01141412538743588 0.9998209062706164 -0.015102101989711446 -1.3109174393255512 -0.013955373529038041 0.014942100118307116 0.9997892019477415 88.73940554203419
0.9998342838520955 0.011531299330736459 0.014136280118303585 0.3836447934800485 -0.011319997058400911 0.9998264287715712 -0.014783728359607954 -1.3341784593030797 -0.014304920071442594 0.014621285744084677 0.9997888257837813 89.88997593111196
0.9998252163550634 0.01176180136077453 0.014564181889806849 0.4045245822044021 -0.011555664869667588 0.9998348169269414 -0.013996018779818691 -1.3563546533701338 -0.01472717551853475 0.013825169863617755 0.999793707687466 91.06539686265624
0.9998162970000187 0.011790731955958086 0.015136366560792727 0.4268194183428097 -0.011590682981566031 0.9998466693731126 -0.013078094082447932 -1.3773260838030357 -0.015289065240507873 0.01290028952909391 0.999797685445919 92.24200450272313
0.9998170587533999 0.011458292650469496 0.015345005940977867 0.4504523403358959 -0.011256824724143886 0.9998513965357304 -0.012994279676911523 -1.400322886992823 -0.015492413321460348 0.012819209005098671 0.9997955037248997 93.43036862980821
0.9998163621937542 0.011573931188453845 0.015319639916697842 0.4736738537594973 -0.011357669802903708 0.9998372442048552 -0.013982604094341605 -1.4244334818290194 -0.01547946495674195 0.013805752337483232 0.9997828093345525 94.61980170964789
0.9998266247695631 0.011210251288948175 0.014920952395615972 0.49730628697147405 -0.010958767659969653 0.9998004177580851 -0.016689773418690903 -1.453532338285136 -0.015105488976005974 0.016522833063563558 0.9997474807627643 95.78869254070409
0.9998305783496083 0.010820392990860201 0.014921253637534293 0.5202832135606147 -0.010555179368829557 0.9997892606539741 -0.017587106546390865 -1.4828723051935437 -0.01510903543068023 0.017426304965538972 0.9997319600794153 96.93314287586378
0.9998279056701477 0.010765139195877479 0.015148207439342868 0.5402643225165654 -0.010509039857242766 0.9998044157802448 -0.01673651690903417 -1.5080970771972544 -0.015326036756983444 0.016574034820578586 0.999743178032618 98.09083556763895
0.9998221147242807 0.011170677134669179 0.015274117490675025 0.5587222699471858 -0.010939158137282367 0.9998270021813012 -0.015039437812307939 -1.5312490587473404 -0.015439943193743103 0.014869120858994524 0.9997685472124027 99.25659017497462
0.9998190033505477 0.011217136158342002 0.015439816355719293 0.5803597012124591 -0.010984683911309683 0.9998278811773523 -0.014947942634749448 -1.5555642436606612 -0.015605305678964523 0.01477512172524411 0.9997672727165964 100.4171010061576
0.9998150192656824 0.011631682590743125 0.015419586772167098 0.602111365006147 -0.011388591762852925 0.9998127884274436 -0.01565704410669667 -1.5832717489245534 -0.015599120813151719 0.01547771324986918 0.9997572218856604 101.5916493090147
0.9998071707501376 0.011922805366248018 0.015724370184529567 0.6242457602932597 -0.01167053445413689 0.9998052171775071 -0.015943147407859938 -1.6108783091381451 -0.015911585421854894 0.015755728213521232 0.9997481598662628 102.77630294877896
0.9997939506899121 0.012474279536315 0.01613156202576307 0.6461532567153817 -0.012216717478769354 0.999799525027201 -0.01588579212742222 -1.6366808830301527 -0.016326632690677002 0.015684541927373036 0.999742431472934 103.95613998705038
0.9997764753391122 0.01350838852918513 0.016400385134987056 0.6661682377627761 -0.013245472210631685 0.9997853363146524 -0.015965819843775857 -1.661547484890023 -0.0166122975770861 0.01574382443044504 0.9997371799425648 105.14309039596743
0.9997713863034327 0.013536177012494476 0.0166658963195244 0.6901798698418903 -0.013266128578607561 0.9997823051243633 -0.016123286997645918 -1.6873085133613872 -0.016880566615833082 0.015897319178698938 0.9997300713275543 106.29865550480692
0.9997579600336366 0.013910348181736365 0.017149507660068838 0.7142495382732701 -0.013627308899444437 0.9997723801036642 -0.016426671052477596 -1.7140486359267364 -0.017374221704897202 0.016187921610609564 0.9997169975536 107.45714776643885
0.9997473284543098 0.014063390751405483 0.01764533940665091 0.7391909664205081 -0.013763620053639862 0.9997624143576703 -0.016905443824960516 -1.7420042031974443 -0.017879066211768713 0.016657155118937058 0.9997002080977467 108.61269047540759
0.999736408725383 0.014360677579250749 0.018027065175793944 0.763839811571107 -0.014045463123701859 0.9997499665803721 -0.017408761406382374 -1.7705580213707852 -0.018272675287828378 0.017149693203439103 0.9996848402914551 109.78106710763221
0.9997376151470925 0.014038050285944586 0.018223957380914733 0.7892838489704904 -0.013711838400357482 0.9997473945665601 -0.01782557900930196 -1.7983569944056188 -0.018469666490759862 0.01756972902792285 0.9996739124667764 110.92969980463121
0.9997361511507669 0.01413452796761539 0.01825613602168431 0.8125012297963231 -0.013808532559779069 0.9997466776640677 -0.017798546357880498 -1.8245025949156184 -0.018502934757184793 0.017540232321672383 0.999673927095296 112.06925731145657
0.999737961066695 0.014081086882595694 0.01818534630402095 0.8370257661412944 -0.013757636445588427 0.9997486310993091 -0.017721396195337767 -1.8485187055949779 -0.018430244643978706 0.017465162852582407 0.9996764740976336 113.21331291857503
0.9997434051009773 0.014226249547244609 0.017793370074902316 0.8595166745924155 -0.01390730437817069 0.9997443398824563 -0.017847154582004827 -1.8739036236890443 -0.018042609810221242 0.017593767536937255 0.9996813754305381 114.37875048349724
0.9997442634929922 0.014729404050809497 0.01733223925234812 0.8802851295124262 -0.01440863362359906 0.9997269478392405 -0.018414158817460825 -1.9017771396309024 -0.01759867432981658 0.01815825859536288 0.9996792226618963 115.53641760835374
0.9997553740325714 0.014684773844588394 0.01673618433671694 0.9018064143885411 -0.014372712952992006 0.9997251531386881 -0.01853980360448637 -1.9293662029802372 -0.01700369791643558 0.018293256883815556 0.9996871830628703 116.69469131026057
0.9997761662810442 0.014776717865185796 0.015357935872986164 0.9204351304241539 -0.014507457925447968 0.9997432179998886 -0.0174147593033988 -1.953393884302675 -0.01561121298724111 0.017186683357654674 0.9997295098978137 117.85156357688659
0.9997836836449057 0.015249184505997574 0.014403350372098327 0.9368585040785127 -0.015007460440425847 0.9997483673600062 -0.01666759346696869 -1.9768546386100097 -0.014653646234952345 0.01644634481734808 0.9997563537618304 119.01212741030234
0.9997988703223811 0.01495438470125648 0.013628364596323102 0.9549221714044376 -0.014725130942820595 0.9997524323297294 -0.01667080865753611 -2.001903087628193 -0.013874140662317748 0.01646531102168934 0.9997669881097714 120.16640156761207
0.9998082574615355 0.015027968558886674 0.012858744334950926 0.9706907609926884 -0.014807366845405403 0.9997461336828546 -0.01699083462538602 -2.0280375484377235 -0.013110407834223285 0.01679538314755136 0.9997720239634736 121.31194578885517
0.9998164569973356 0.01499620159615165 0.01223999935858629 0.9864802541521427 -0.014787275333203256 0.9997483220281234 -0.016879536515374854 -2.0528700267503166 -0.012489636641911463 0.016693554006846127 0.9997815749943983 122.46456488779715
0.999826421871711 0.0146632744465456 0.011814496335156376 1.0020215372882937 -0.014461558815048209 0.9997530531237031 -0.016863375074793227 -2.077707539501291 -0.012058531223405748 0.01668784294988895 0.9997868184678449 123.61826325754882
0.9998320137298906 0.014621734154912152 0.011402980575085894 1.0161017254554636 -0.014428124158330913 0.9997553797658519 -0.016761151825516508 -2.1018737901176325 -0.0116448861411442 0.016592106165832194 0.9997935244776387 124.76673331381339
0.9998403650153705 0.014345197491172733 0.010988772889707026 1.0310263982844734 -0.014155916969987529 0.9997556745589846 -0.0169706639724993 -2.127080784666357 -0.01122933049165705 0.016810809664553693 0.9997944979805261 125.90890671784906
0.9998437422854284 0.014551678268740063 0.010390441374638425 1.0439961994692026 -0.014372735350460568 0.9997533995636626 -0.01693059952045147 -2.152672809962957 -0.01063404816067528 0.01677702400757785 0.9998015156674441 127.09402924290627
0.9998530106713535 0.014329852753666196 0.009774854995784961 1.057960723596103 -0.014160263023542802 0.9997545567857636 -0.017021532818159286 -2.1786186973049273 -0.01001620045024285 0.016879116821869704 0.999805955994328 128.2612177205075
0.9998610332575047 0.014018831931604709 0.009403971402447687 1.0719630459913558 -0.013849221400538923 0.9997476248301777 -0.01767022856794016 -2.205997094584947 -0.00964920392358462 0.01753599775624485 0.9997981812697506 129.4055987481343
0.9998662870102691 0.013976579885538236 0.008894466896652376 1.0857815239180082 -0.01379916505825866 0.9997144198728122 -0.019490837750856124 -2.237484343561451 -0.009164312551558364 0.019364097390681637 0.999768891440357 130.55164691791055
0.9998724165236219 0.01388304540980554 0.00836485983129106 1.0991138495691675 -0.013704802932661827 0.9996898639447502 -0.020774874101458785 -2.2672259512106785 -0.008650675245859541 0.020656169276013794 0.9997476181846696 131.69639888424743
0.999881898269827 0.013594280253514427 0.007711451947251252 1.110109576116771 -0.013435432168330059 0.9997085591333443 -0.020041359108428 -2.292056962247909 -0.007981562505068453 0.019933941051057273 0.9997678498164959 132.83297559508935
0.9998857434407376 0.013649108946619437 0.00710230572105809 1.1193943619198035 -0.01351479904335844 0.9997393194324511 -0.018381758809819702 -2.316320735864134 -0.007351318519868616 0.018282245850422138 0.9998042046547514 133.99524389344373
0.999884169817275 0.013948017956475715 0.006749706003877961 1.1286455319593967 -0.013820526165638364 0.9997365635963941 -0.018313016599818852 -2.3428816911522317 -0.007003225364920933 0.01821634219851651 0.9998082116293222 135.17457404902143
0.9999068421375515 0.01260298610186333 0.0060109472988580355 1.1409828003449276 -0.012473549592815594 0.9997046182226175 -0.020855043753462126 -2.374727454752395 -0.0062715738552913715 0.020776607339989296 0.9997633023465702 136.32520026993964
0.9999146694177584 0.01203200412491328 0.005886140996724174 1.1517690087895973 -0.011903938210155415 0.9997067501889825 -0.021087998702636262 -2.405524485152375 -0.006137685434974479 0.021014579459502223 0.9997591935768473 137.48502049164668
0.9999105764773251 0.01225876376605437 0.0060970686991937825 1.160510111024351 -0.012129624395772315 0.999714227336415 -0.020592239997967877 -2.435247738009685 -0.006347271852081635 0.020514913944683907 0.9997681696892771 138.68245099970093
0.9998991092145579 0.013279459604501791 0.0057692266614475345 1.1663910298241744 -0.013155670289200986 0.9996981850893971 -0.020740077723849625 -2.465720059914704 -0.0060425495897293196 0.02066065434405772 0.9997667663605665 139.87899963245349
0.9999154990778218 0.012483364472188042 0.004591438214553016 1.1750744553575712 -0.012373893052081994 0.9996614267993398 -0.02288396018525634 -2.5015937181830274 -0.004874928318910406 0.0228238032639832 0.9997261098469676 141.05567904751248
0.9999210982843412 0.012196174409636159 0.00407372013623065 1.1836989696450488 -0.01209344228630114 0.9996372402371877 -0.024059095421181124 -2.539335446224169 -0.00436509682141337 0.02400619303128406 0.9997006357966252 142.2483880981471
0.9999123871894139 0.012843031473863944 0.004246132284812892 1.1890710217635452 -0.012736554354829411 0.9996327383782752 -0.023913004163942698 -2.5742200912239803 -0.004551295840519413 0.02385513867365788 0.9997033893290757 143.46232107201672
0.9998921985782876 0.014298393489092986 0.004345675556366995 1.192770763280753 -0.014189716904692036 0.9996162153436945 -0.023795092791692177 -2.6077152570277122 -0.004683896872105186 0.023729109561948854 0.9997060253137882 144.66814263509448
0.9998850404966954 0.014818585329657071 0.004308304345032875 1.1994642533234512 -0.014708703305747474 0.9995986415272796 -0.024224025627999243 -2.6453286060011263 -0.004665005719873004 0.024155976940200198 0.9996959789827343 145.87367793546773
0.9998758470068386 0.015481416614101403 0.004064323443553418 1.2065553516313459 -0.015372837066996077 0.9995646325921194 -0.025184469699363058 -2.685282996889899 -0.004451898251973834 0.025117169471951535 0.9996731629644684 147.08055775026963
0.9998772375116172 0.015281669710667519 0.00445265152813759 1.2150372747418465 -0.015164621843699854 0.9995730867555432 -0.024976287133528743 -2.721596417520903 -0.00483182954213982 0.024903846293875362 0.9996765902005583 148.2874136221027
0.9998740352104429 0.015292649347359308 0.005104880615750985 1.223633278187188 -0.015163853853981432 0.9995921629762697 -0.024194708014494 -2.757496049355488 -0.005472155079334012 0.024112351432492657 0.9996925554750725 149.53920011683368
0.9998679253958199 0.015516561774534803 0.005561055325112745 1.233850135791985 -0.015377777924690821 0.9995938458830153 -0.023976262313089122 -2.790642570741044 -0.005930284928039145 0.02388577047952444 0.99969515504079 150.75687476892824
0.999869189388641 0.015411504971005638 0.005627602933757159 1.2445380079960429 -0.015269854177556464 0.9995914402641847 -0.024145728685841767 -2.8265448078079487 -0.0059970448239397645 0.024054671334682993 0.9996906611533014 151.97845520215245
0.9998764139187162 0.014896228503475705 0.0057966395358991915 1.255327057565297 -0.014755706322019833 0.999618747238751 -0.023333030352810567 -2.8608849304911907 -0.006141543336944149 0.023242657763450376 0.9997090392459402 153.22726453095507
0.9998808678079771 0.01454138543323449 0.006061082924425173 1.2678409440522016 -0.014398020152416929 0.9996329980629234 -0.02298537525671208 -2.896061420882872 -0.006392337689056145 0.02289308551903478 0.9997159773097816 154.46816130007483
0.9998760995285254 0.014725601753339753 0.006347602852672777 1.2805224040185152 -0.014571154798590788 0.9996156566290672 -0.023609787314068424 -2.9352497924930394 -0.00669221992324914 0.02351240777896874 0.9996994084099686 155.7072409364025
0.9998800168165771 0.014417623042060939 0.0064458694274181355 1.2934126454565953 -0.014252953507544224 0.9995921581162668 -0.0247708212303865 -2.9759578717389097 -0.006799801637583723 0.024673791063718767 0.9996705916461659 156.93581432242843
0.9998754935423857 0.014581900533592132 0.006687731873966728 1.3045507369499685 -0.01441288695782256 0.9995961422885804 -0.024510625416730325 -3.013765925143152 -0.0070419929036214 0.024409172975402255 0.9996752405915963 158.1787634583424
0.9998676057909064 0.015052862284846659 0.0068753858144674235 1.3148709094963646 -0.014884200467507658 0.999605112906207 -0.02385866891697118 -3.0498851248128687 -0.00723108455652274 0.023750768486270394 0.999689909431688 159.43779418429492
0.9998647491921814 0.015135507853090776 0.007144479318523576 1.3279687419968975 -0.014960640776008201 0.9996049512684216 -0.023838097636581745 -3.0868185848217324 -0.00750166916839377 0.023725273912678098 0.9996887883274103 160.6777628493037
0.9998662185270338 0.014957088176601163 0.007267533336983243 1.3423673395538025 -0.014773605982671575 0.9995901999378526 -0.024543199127104703 -3.1264046480220817 -0.007631163330017782 0.024430374798841466 0.9996704415093867 161.901634240064
0.9997775773725499 0.02016408433424085 0.006928176352744547 1.3467908248806344 -0.019980400492226214 0.999475805983674 -0.025503657463939396 -3.166866784534393 -0.0074382496308431235 0.025357129824390843 0.999649329999972 163.14214966982988
0.9997747305221542 0.020167687057365314 0.007326747982088979 1.3595900858305336 -0.019989280105336675 0.9995239917765395 -0.02352238384187467 -3.20204963977908 -0.007797013669985655 0.023368187832233465 0.9996949044925627 164.38344234383277
0.9997599959574571 0.020996123898217037 0.007033767518172682 1.369272720384814 -0.020865112287854405 0.9996193657853113 -0.01808782133951694 -3.2280688982042847 -0.00741030378630402 0.0179341684983676 0.9998104232078355 165.65710218421967
0.9997450727334429 0.02150063571587411 0.0075861026218136335 1.3816669668094697 -0.021392687871555037 0.9996749856306043 -0.013904233703641824 -3.2506245840258683 -0.007881764412034597 0.013735478334173087 0.9998729135853829 166.9190335947482
0.9997082909922154 0.023182754933791412 0.007521607545686347 1.3921836518563966 -0.023062548077234055 0.9996135978512277 -0.015573533465870811 -3.2810776352306688 -0.007878561748558046 0.015392103286226482 0.9998494194535934 168.18696933963585
