1.0 0.0 0.0 0.0 0.0 1.0 0.0 0.0 0.0 0.0 1.0 0.0
0.9999997019767761 0.00046116113662719727 0.00013688206672668457 0.00216964865103364 -0.0004610121250152588 0.9999998807907104 -0.00016996264457702637 -0.002723309677094221 -0.00013706088066101074 0.00016996264457702637 1.0 0.9767168164253235
0.9999998813643796 0.0008293367939238294 0.00019788386610208875 0.003715841158061381 -0.000829388379308682 0.999999915257356 -0.00037160353744347674 -0.00593608638446276 -0.0001981586978727634 0.00037131632109410617 1.0000001957782478 1.9345353870161266
1.000000056956209 0.000836510850973125 -0.0001173057224850544 0.004563210810013516 -0.0008367476006116583 0.9999999883444884 -0.0004794948602812069 -0.0107768574039349 0.00011711741970947629 0.00047946759713588373 1.0000003372685216 2.9122103561743753
0.9999997933485816 0.0010755196109918145 -0.0006595089121187112 0.0028816662500764484 -0.0010760521762469295 1.0000001237654372 -0.0002766534338663395 -0.013573118486079006 0.0006595542677054968 0.0002772570728041126 1.0000003111808755 3.8866247460481653
1.0000000031682494 0.0011513699055989352 -0.0011204714783549072 0.0015876248936949587 -0.0011522658450924333 1.0000005703331079 -9.147225168682334e-05 -0.01700791723721388 0.0011210822760781823 9.217506725717932e-05 1.0000002966439532 4.864935047585612
0.9999988685387243 0.0011721267798944215 -0.0017929370931493924 -0.0015693543298803644 -0.00117247335308913 1.000000333889534 0.00018846152401917588 -0.019895406631161405 0.0017938378433042293 -0.0001869306691572059 0.9999992104973574 5.8397528449180225
0.9999969633451534 0.0008474388339929874 -0.0028021501820078196 -0.004815082227939577 -0.0008469007012160009 1.000000620061107 0.00037671419801644856 -0.023258878340671 0.002803150224151077 -0.0003748509492216733 0.9999968283252739 6.8265107048032885
0.999990873966603 -0.0003020268511925707 -0.004557685031908781 -0.008464388528487984 0.00030466920591465407 1.0000005433578032 0.0006338245827233142 -0.026270653024694085 0.004558123616674667 -0.0006358975479531314 0.9999903207312524 7.801518499550034
0.9999791756945662 -0.0014034135625730251 -0.006554591889897127 -0.01511852932397296 0.001408501388995534 0.9999997078933922 0.0008549145109528033 -0.028138142532168797 0.006554088841932346 -0.0008648994626745478 0.9999790512465253 8.814916699515912
0.9999554524058714 -0.0012782562204849152 -0.009509258533084826 -0.026849724723596605 0.0012904105187968961 0.9999992384823317 0.0013223565542930375 -0.029917786638723173 0.009508167383457935 -0.0013353981508611313 0.9999548116942804 9.816450066758765
0.9999230928142201 -0.0012818337353716213 -0.01246015005115021 -0.04228021841611086 0.0013035750164980735 0.9999985125819055 0.0017695563237659399 -0.03166051481038745 0.012458410793115582 -0.001786570168888823 0.9999216259152277 10.879433274292616
0.999858611342454 -0.0016868012343693199 -0.01681820971307862 -0.0599804865715002 0.0017240351153922754 0.9999966346710373 0.0022177990864848977 -0.03285755927432345 0.016814877315861745 -0.002247200726896772 0.9998568071892343 11.908813911460726
0.9997835793338269 -0.0016728940588631863 -0.020809168506936582 -0.08403676279310981 0.0017166171097556715 0.9999969066030608 0.0021007802181827137 -0.035757833965409255 0.020805902226930108 -0.002136593435820534 0.9997820060293987 12.933952116158185
0.9996725100927164 -0.001268677063503641 -0.025628386152320024 -0.11379144884924924 0.0013118485473125165 0.9999984756962851 0.0016847408419127486 -0.03858557074431 0.025626531877884193 -0.001718520119366093 0.9996711265812745 13.98904808764878
0.9994922981883889 -0.001806308266564709 -0.031863740361274345 -0.14976241594854545 0.0018536027714712486 0.9999978859857761 0.0014669697702225648 -0.04183324759380452 0.03186125556013632 -0.00152609155297392 0.9994921399263319 15.061627684215289
0.999253053049518 -0.002129211040065963 -0.03862061307015846 -0.19390764717734166 0.002189260891798723 0.99999712814656 0.001517122804529963 -0.04365712648147502 0.03861733047058511 -0.0016015508341140979 0.9992536369420819 16.140116198419744
0.9989822013664121 -0.002030605039381491 -0.04509037207043187 -0.2453081170874354 0.0021265284045591977 0.999996231483119 0.002086534355564318 -0.04312175489905526 0.04508609052336928 -0.0021812200548914995 0.9989816029000699 17.203902725910197
0.9986507384252782 -0.0020968924399457317 -0.051917856936867596 -0.306464084449699 0.002240636045160558 0.9999944964638758 0.0027195694536151765 -0.040980244002830464 0.051912078963822335 -0.0028332498489532145 0.9986487226534418 18.292110795563755
0.9982407712920144 -0.002088200220900522 -0.0592849893799291 -0.37575707846749334 0.002294954719852142 0.9999920355754087 0.0034302584691003153 -0.03888892718262949 0.059277464636777 -0.0035612518534461016 0.9982366247859278 19.367154608358188
0.9977610648255276 -0.0018282712457512022 -0.06688667732133208 -0.4536786736653516 0.002073084423198644 0.9999917896705298 0.003600865686380449 -0.037826630997343354 0.06687973372575642 -0.003732504979013728 0.9977557354036606 20.45293709571285
0.9972608581782799 -0.001282297473783697 -0.07398177478233335 -0.542717613171513 0.0015655019469676037 0.9999919751949404 0.003779609783933746 -0.036620450860117504 0.07397649877921389 -0.0038863004171728176 0.997254184336677 21.554992436219717
0.9966621446256083 -0.0005041951088811419 -0.08166396419033571 -0.6421053052631998 0.0008373762060116924 0.9999921017297736 0.0040539987644210365 -0.03414839652722806 0.08166180546874198 -0.004110409976845957 0.9966538893793654 22.673900316619847
0.9959724910957355 7.079483675336354e-05 -0.08968628958370926 -0.7498957522077048 0.00032408062162021524 0.9999911703296895 0.004394722167268762 -0.03147589545331847 0.08968638586196491 -0.004407552402999879 0.9959627495947749 23.77452393674737
0.9952108877258731 6.688490505459146e-05 -0.09777864077191184 -0.8649627850279795 0.0003996051400488108 0.9999895562921955 0.0047561075786731145 -0.028463234483245108 0.09777829447686194 -0.004773933811863613 0.9951989201510874 24.87578978460401
0.9944167209716738 0.0009552869737795528 -0.105544208165869 -0.9917107870728196 -0.00042278209032174256 0.9999879426291749 0.005071036919892109 -0.024336635395017833 0.10554792264918555 -0.00499960042117004 0.9944032978104257 25.978706426697183
0.9935685243578108 0.002242022049533423 -0.11322861347926587 -1.1300249100694202 -0.0016413344710960284 0.9999849064910644 0.005401122674259008 -0.019811943209217774 0.11323896939643611 -0.005182142654984448 0.993555254423556 27.108043005558123
0.9925553876508266 0.0029133633402965904 -0.12177609361294008 -1.279168926421247 -0.0023008815090178494 0.9999846164019485 0.0051725429574982955 -0.01734753631149226 0.12178925244223188 -0.004855506415052107 0.9925450263120262 28.23754686395563
0.9915170868149615 0.004528706417349546 -0.1299146776389586 -1.4357271129409899 -0.003940371617362046 0.9999814205857005 0.0047880224071824755 -0.015595043995686834 0.1299338955064144 -0.0042372429558173285 0.9915145130467318 29.35173165561209
0.9904379099600696 0.006098974305701966 -0.13784257191424795 -1.6009879776995086 -0.005491501349129037 0.9999739904467354 0.00478963893430683 -0.01256305844944345 0.13786830307987077 -0.003988692638236004 0.9904437010037036 30.464784369730708
0.9892430201543096 0.007609638881225294 -0.14610154093601446 -1.7787177554719114 -0.0069625063603660515 0.9999640371381725 0.004943438042862213 -0.00934704989167448 0.1461343360852922 -0.0038750428534209086 0.9892586913232033 31.590587113339662
0.9880300257321092 0.00973902432256075 -0.15397007850125474 -1.9694810666389575 -0.009186974489046444 0.999948996669461 0.004299792921829207 -0.008972970008224689 0.15400429019056747 -0.0028355605613693616 0.9880671621474758 32.738535922992
0.9865792336911435 0.01112351541984144 -0.16291797706294267 -2.166280380905532 -0.01075037103086239 0.999937483668487 0.003174966489687497 -0.01106656586800607 0.16294317014008725 -0.0013825231648752544 0.9866352432564961 33.87322238083427
0.9851331474495846 0.012588058519654752 -0.17134292021017994 -2.3745927895748125 -0.01236026795390822 0.9999208517164664 0.0023992177721890097 -0.013688129805759132 0.17135925567118532 -0.000247036414927226 0.9852086360959947 35.02380659092912
0.9836682832700828 0.013963946118054998 -0.1794604512609505 -2.592125739784595 -0.013827462979698783 0.9999025806461485 0.0020138787273648036 -0.015991588925044188 0.1794709783533235 0.0004989333025247935 0.9837636952227223 36.166865701845815
0.9820830243723571 0.014375236480932047 -0.18791216567199673 -2.816486670844672 -0.014239069985106786 0.9998968880005071 0.0020766621270756997 -0.01694489977847988 0.187922699798693 0.0006345920737871228 0.9821844662023708 37.30294814681696
0.9803328628053091 0.01480316620863981 -0.19680643275126505 -3.048024708535809 -0.014611734393867804 0.9998904069104567 0.0024263176336215557 -0.017133740165514534 0.19682066983723626 0.0004953987965830207 0.9804400765020501 38.42202945684084
0.9784621659280642 0.015067530381020964 -0.2058855078306177 -3.296422350156502 -0.014790629486900613 0.9998865107442615 0.0028858577504765597 -0.01705189391681974 0.2059054604245728 0.00021985373963343864 0.9785725815953524 39.564784540296266
0.9764901259041462 0.014447862025201662 -0.2150866889737073 -3.5546450167125645 -0.014116553702055277 0.9998954143139419 0.0030785305027485185 -0.017411131267010133 0.21510845901699496 2.8817665783157133e-05 0.9765907080791315 40.70771384857839
0.9743973109556121 0.015369439240253585 -0.22431632365495724 -3.8300512939616618 -0.015061593625891942 0.9998813124960857 0.0030860612497627983 -0.017699181243242813 0.2243367677052608 0.00037013377420549163 0.9745119137582133 41.86164801929191
0.9722308896975549 0.017017720651390365 -0.23341403951006343 -4.119136226961096 -0.016730705108076324 0.9998543324363202 0.003211861034623328 -0.01751249611807517 0.2334346350776357 0.0007811543669678521 0.9723727322594803 43.024051951883656
0.9701024701259213 0.01975668935970325 -0.24189990525835453 -4.417564145509072 -0.019204943284034458 0.9998043981126424 0.0046407581716393425 -0.014150889772411078 0.24194421688529597 0.00014229258107552084 0.9702908077843497 44.17594752258716
0.9677893528869747 0.022416197432980452 -0.25077007398469825 -4.7329969328012815 -0.021161411136625258 0.9997459725770579 0.007701113251216211 -0.005617005344395427 0.2508790823676123 -0.0021476854033085037 0.9680163126304058 45.35400610989537
0.9653435913908247 0.02422765228106391 -0.25986319940678654 -5.059827131442443 -0.021997445857317593 0.9996914501311921 0.011488440335199983 0.007604486798494537 0.260061783801678 -0.005375528807159389 0.9655768653718363 46.52890843322699
0.9626761127769642 0.025998464081750057 -0.26941215695150333 -5.40503894566112 -0.023259352036640188 0.9996395461157966 0.013356143490988275 0.0213435744166169 0.2696627573730179 -0.006592736535064465 0.9629321030152186 47.730753202564514
0.9601040744310718 0.02555674708517323 -0.2784794162702832 -5.7564762787674155 -0.02302229731187611 0.9996576289302923 0.01236924799623812 0.02819024693713071 0.27870050647883227 -0.00546599408333451 0.9603621968900378 48.916711930941254
0.9572814399203584 0.02580359463710375 -0.28801099408936925 -6.119250968625938 -0.02407247216217138 0.9996638555276371 0.00955234232856584 0.029338282080579696 0.2881610801800121 -0.00221257749848785 0.95757922301943 50.08916515505416
0.9545057618667664 0.02633019395516017 -0.2970339850539641 -6.491172342440978 -0.025139170963050267 0.9996524544567149 0.007830683242051347 0.02981160545393659 0.29713731157586626 -8.61941058018581e-06 0.9548346942056815 51.257328550705516
0.9517667993536088 0.027351778995718064 -0.3056062209261361 -6.88146875650666 -0.026216149479997185 0.9996247753292629 0.007821149427740417 0.033906084920312746 0.3057056441970086 0.0005665851752009827 0.9521253921770919 52.44556300747877
0.9488861037910877 0.02755685193853417 -0.3144188143066927 -7.275175593694607 -0.026133469406750397 0.9996194125946758 0.00874320346583528 0.04288774260193892 0.3145403398118872 -8.076820544068502e-05 0.9492437745649893 53.606455296629214
0.9457805301642149 0.027976880381978056 -0.3236044008498168 -7.685287043318142 -0.02623252403782227 0.9996073043145364 0.009752656961527434 0.052279343580519486 0.32375052230651824 -0.0007363474781059058 0.9461416998465257 54.78273237648692
0.9427374838751551 0.028136253995990262 -0.3323522988075327 -8.10457724885543 -0.026173566977874513 0.9996025835126381 0.010382375170906129 0.060856097554065555 0.33251263352882215 -0.0010903279995649953 0.9430978545815641 55.951776000797345
0.9395110661766797 0.028212978730846446 -0.3413595137685717 -8.53914107043876 -0.02617490776120919 0.9996005194053655 0.010576372580739735 0.06794366710662984 0.3415218167141887 -0.0010026575473421671 0.939872749006559 57.129345054596605
0.9362438982621981 0.028066708158010403 -0.3502324741174788 -8.987868056868106 -0.02600856625443263 0.9996048530899335 0.010579992326411726 0.07480245224864762 0.35039130365425375 -0.0007977688337052081 0.9366023889509151 58.31236520565971
0.9329562898338674 0.028042493937016223 -0.3589001606013009 -9.438595708729219 -0.02578968494504038 0.9996053182165774 0.011063932294608779 0.08316546321700066 0.35906884270256023 -0.0010673195409957917 0.9333096667928429 59.46768099614912
0.9297027086615338 0.028901199161826544 -0.3671800426104484 -9.910286736116646 -0.026386900018989846 0.9995808134899348 0.011866397377287497 0.09397262671871001 0.367369036176102 -0.0013446168873292494 0.9300737656226216 60.645936536729714
0.926171101970477 0.028895644486407523 -0.37600035661924275 -10.379198997981483 -0.025848151924278445 0.9995789386455212 0.013148184775751264 0.10664125533107711 0.37622185073549685 -0.002459748872809574 0.9265263243192509 61.79037112451451
0.9226315452901496 0.029044379298055024 -0.38459227646344935 -10.868470394864081 -0.025658076262404808 0.9995729786790377 0.013934359056022388 0.1196868326855861 0.38483248147967464 -0.0029893518772830877 0.9229811452287445 62.94975829595066
0.919040329132451 0.028862873518935402 -0.3931105544002 -11.360610478837948 -0.024961197767414848 0.9995747342969236 0.01503527344257954 0.13436490734363477 0.3933769845355532 -0.004006625504993553 0.9193682160646891 64.0891380854984
0.9155541279754398 0.02875465836448575 -0.4011705470664775 -11.855004348290537 -0.024571573963886352 0.9995759895729994 0.015569956880167391 0.14847419173891213 0.401447790284535 -0.00439874811321314 0.9158707313961708 65.20268592099211
0.9121800561517396 0.029021440660197958 -0.40876645347559926 -12.365499058953647 -0.02482982645228588 0.9995699940544343 0.015558851667655131 0.1615386813249982 0.4090421822888549 -0.004044225272953832 0.9125066739149194 66.32914236330976
0.908945126503163 0.02994588785315995 -0.41584527600458715 -12.884403133023437 -0.025747925078486087 0.9995448522836482 0.015700659136137968 0.1760199705616749 0.4161262791449343 -0.003565277399122971 0.909300838727363 67.44924478202749
0.9057149712220904 0.03019674830573706 -0.4228169116525307 -13.399399280361855 -0.025808323002078755 0.9995373128333296 0.016101050187741463 0.19099894000696035 0.42310739971456185 -0.0036722935012329294 0.9060733836299334 68.54406530415231
0.9024169533830732 0.030247768943064843 -0.4298078119280065 -13.92713124379285 -0.025924457507242947 0.999537379400664 0.015911791801092222 0.20407273444315482 0.43009025280820484 -0.0032182202607825045 0.9027819706823713 69.64748236600023
0.8989391788462189 0.02918276684522624 -0.43710755036976284 -14.455438846648331 -0.025122409112463773 0.9995711693706497 0.015068289736159065 0.21504589832215057 0.43735985717714787 -0.0025662344767058954 0.8992851148644389 70.73334233203174
0.8956125064513023 0.029272376410668138 -0.44387757265785643 -14.990807292726418 -0.02531948203315303 0.9995695303714051 0.014830980291396874 0.22684238116303876 0.44412054162271114 -0.0020458725208189867 0.8959665039749243 71.81253724914104
0.8927473921873017 0.02994050396092103 -0.44956818764490214 -15.543133643150934 -0.025803494639726372 0.9995495863197339 0.015327611574678615 0.24144677601777909 0.4498245538300054 -0.0020850100769834352 0.8931164378877681 72.90418070672916
0.8901031532118993 0.031151032667941485 -0.45470011491946455 -16.10935909623955 -0.026819027989953125 0.9995127328997798 0.01597509246785545 0.25721203707087886 0.45497630234427844 -0.0020265367251765627 0.8905034498504409 74.0056323193799
0.8874759701821988 0.0317812875858188 -0.45976335175402244 -16.67537377480305 -0.027126222430068903 0.9994920848597167 0.016728130559238812 0.2729533043883927 0.4600615176751305 -0.002375774297326036 0.8878858610099511 75.0948151067507
0.8849070796833609 0.03244231574713501 -0.46464280687361054 -17.249220501043904 -0.02754988589896317 0.9994704757599333 0.01731615615549736 0.28912691663344525 0.46495872072746974 -0.0025239092128170773 0.8853307952310376 76.18442939206444
0.8821758382397725 0.032429728630414344 -0.4698092639808342 -17.81996862240373 -0.027179771409032823 0.999469323701145 0.01795429010553338 0.30604814151732035 0.4701428349205811 -0.0030714148276055286 0.8825876483517655 77.25744954604735
0.8794918216918545 0.03261566656581655 -0.47480183879073057 -18.399354091814406 -0.026846025382998243 0.9994605002262295 0.01892800505565787 0.32497794987956324 0.475163423788238 -0.0039023320054623035 0.879891540326882 78.33135724701361
0.8769016255314714 0.03148187413357834 -0.47964505030561777 -18.976733210091783 -0.025164711668909302 0.9994915742647096 0.019595264265755988 0.3444415774607663 0.48001829902016524 -0.005114912636150853 0.8772464476074118 79.39206341159391
0.874299455408234 0.02960195794005095 -0.48449078664988415 -19.56268256314454 -0.023020401855048608 0.9995447447933721 0.019528959108221063 0.363315346130239 0.4848484885295274 -0.005923025823196659 0.8745811401726487 80.4543785868106
0.8718301993584828 0.029449966660456982 -0.48892888508348664 -20.15415171960832 -0.022457057579547968 0.9995447025864403 0.020161620281861768 0.38275180342931603 0.4893002397905906 -0.006599426262740463 0.8720931104619574 81.51156719519881
0.8697716851723903 0.029052191306194526 -0.49260465566168915 -20.74815914111509 -0.021694171766268457 0.999551569417575 0.02064496728638437 0.40277759359906196 0.4929834765738853 -0.007271397377506461 0.8700108385967225 82.56302229782655
0.8680622373408214 0.029131024788672223 -0.49560641187992954 -21.35474981512211 -0.02163108658640124 0.9995486376076146 0.02086395173740319 0.4221354529049684 0.4959902615624856 -0.007392264721480458 0.8682991143260111 83.62623605039042
0.8664238483821731 0.02905606696536598 -0.4984699947042981 -21.96589399343136 -0.021351295768583085 0.9995486613024263 0.021151240274975874 0.442167897627928 0.4988594469937558 -0.007684507526727534 0.8666515636989781 84.69013370139443
0.8651485002116088 0.02929568005745903 -0.50066645735299 -22.59385511786501 -0.02146613001284535 0.9995412223477123 0.021392323742571974 0.4626813597927455 0.5010633529868045 -0.007761657233430608 0.8653786329215774 85.77598057811984
0.8639910568628479 0.029519309742086004 -0.5026486822431289 -23.22788665894805 -0.02158361534977207 0.999534496256505 0.02159959829995886 0.4831597170262173 0.5030523866322596 -0.007814513939184918 0.8642237973202107 86.86577990758835
0.8631999571995501 0.03013373444372574 -0.5039695936318173 -23.861567120880984 -0.022078549893981354 0.9995161370796553 0.021946622995338092 0.5052104072021943 0.5043872553382936 -0.007818973106508862 0.8634454089705799 87.94855935035534
0.8620989751485257 0.03205671785400803 -0.5057315413044273 -24.49385815444424 -0.022689244541028136 0.9994388746325368 0.024672650535788595 0.5330050278565127 0.5062390527844857 -0.009797263519319333 0.8623403970595348 89.02475834937528
0.8610246939607958 0.03544270954698452 -0.5073324744150954 -25.12524080314305 -0.02318355083469721 0.999267786165252 0.030462108607446206 0.5712746573805284 0.5080413986143091 -0.01446897068424567 0.8612136640470652 90.09529865210341
0.8609438402007223 0.03798419485007641 -0.5072853585376458 -25.737821797444404 -0.02348867848565431 0.999113884550224 0.034945246129966995 0.6108546361285236 0.5081639186579493 -0.01817270577975768 0.8610710680667524 91.13792661477495
0.8611269174673717 0.038184875720121914 -0.5069591819764544 -26.330250129310897 -0.023681019074235952 0.999106305314526 0.03502746283476219 0.6458264610997829 0.5078443849155088 -0.018160114269957547 0.8612596849601997 92.15004481005678
0.8611238275546662 0.03643155412222608 -0.5070930302890956 -26.89397583853654 -0.023078093871204842 0.9992025593058573 0.03259432511613816 0.6715106872624707 0.507876799676334 -0.016367087691185934 0.8612761244231909 93.1175983245471
0.8612108821701477 0.0349520798974302 -0.5070491147715462 -27.431750134600705 -0.02225087633024514 0.9992693982483848 0.03108724280944932 0.6957187753961335 0.5077658453890361 -0.015492147927741602 0.8613576350559426 94.04038476937684
0.8613373332843124 0.03489520236881211 -0.5068388160194055 -27.961816750973266 -0.021992077688568305 0.9992649819016295 0.031422227636802184 0.7239104923083497 0.5075634195390843 -0.01592076745773429 0.8614694777107252 94.94333492552468
0.8614300716401294 0.03586390747149292 -0.5066133052593462 -28.47924589636535 -0.02207503961796582 0.9992053791933014 0.03319681670469458 0.7538321080569671 0.5074022126099953 -0.017415229459774986 0.8615354846320221 95.82556353567799
0.8614972984293018 0.03658339630548899 -0.5064474311238927 -28.96938138826411 -0.022169862574714743 0.999160200809425 0.03445956865532003 0.7840932659489629 0.5072836020333437 -0.018460839748107815 0.861583534037597 96.66129732657053
0.8614968256835994 0.03686583314405463 -0.5064280465373737 -29.42534355830001 -0.022288809710953265 0.9991453065191056 0.0348149308051441 0.8123795678734348 0.507279676423078 -0.01870731903940237 0.8615807145333697 97.43664228442428
0.8614602309953316 0.03684140465479486 -0.5064920825325313 -29.843526866262394 -0.02225539675616803 0.9991458498871502 0.03482067087939928 0.8374274965897439 0.5073432921538145 -0.0187264386950103 0.8615428428717732 98.14802272385754
0.8613696029180096 0.036792766105848286 -0.5066493489504843 -30.22763408187198 -0.02230350628499597 0.9991507234899418 0.034636774213043627 0.8599381172274684 0.5074945967965404 -0.018536608932185738 0.8614574054751991 98.79800159543035
0.8612419064633464 0.03674697162117263 -0.5068698234474676 -30.586019147082396 -0.022263163153951167 0.9991526409888756 0.034605581320071514 0.8817409767055344 0.5077131088318347 -0.01852092855267094 0.8613288535636301 99.40146919956686
0.8611206600444793 0.036822513980832264 -0.5070702162427883 -30.900833932618728 -0.022440354753391234 0.999154241020499 0.03444536887801296 0.900139200606102 0.5079110110917716 -0.018284713118669044 0.8612172264600613 99.93023183397251
0.8610412551727002 0.03729592807633153 -0.507170185535707 -31.20995384819753 -0.02313434272321556 0.9991469013448846 0.034195815150919594 0.9186305770414829 0.508014034728806 -0.017712819554654004 0.8611682097003336 100.44655566885942
0.8609841093274061 0.037530756253103766 -0.5072501712097538 -31.507456202507385 -0.02347932996801202 0.999143575832415 0.03406977021684487 0.9364491522161358 0.5080956509164103 -0.017426133494882656 0.861126385810034 100.94380040020667
0.860916391072514 0.037676162439052314 -0.5073546777646262 -31.770774439217554 -0.023808488098039537 0.9991454778045582 0.03379422478031058 0.9518010143918356 0.5081956603828773 -0.01701755435123395 0.8610760053094766 101.38916093272856
0.8608262486937729 0.03765475748947254 -0.5075093186443184 -32.00643837705695 -0.02399771360035008 0.9991535543797501 0.03342581307856539 0.964854166613499 0.5083395026929045 -0.01659767700040352 0.8609993495122082 101.78473374257649
0.8607617264301946 0.03765126712112736 -0.5076190663657857 -32.22563765492928 -0.02414471905844177 0.9991587229738577 0.03316578265922956 0.9772500531343602 0.5084418256259514 -0.016294399452513812 0.8609446861942455 102.14900637274502
0.8607261204948674 0.03755463485990916 -0.5076866385679809 -32.423311629197315 -0.024126448683381513 0.9991646337029197 0.03300453944444276 0.9885780556278049 0.5085032064833255 -0.01616252997364427 0.860911334142345 102.47665584706562
0.8607124219744036 0.03752432130904144 -0.5077120304945933 -32.593993944183595 -0.02426663392212822 0.999171090212568 0.032706655335055644 0.997317484017042 0.5085195080683523 -0.01583375360982741 0.8609077121905172 102.75801819437038
0.8605861280236863 0.037224106512882355 -0.5079481006492576 -32.76961985951322 -0.0243727663205179 0.999193387317716 0.03192869565541069 1.0047721769314335 0.5087279726600911 -0.015100379896061764 0.8607974965228163 103.04627388037561
0.8604767652521729 0.03666925258823917 -0.5081730632665337 -32.95092854784078 -0.02420986249113191 0.9992226845922836 0.031106759833097235 1.0124696057709188 0.5089197255928049 -0.014466219590272195 0.8606942692181577 103.34486779041556
0.8603985082478307 0.036214008501840644 -0.5083382698113529 -33.101644889062534 -0.024021223864633838 0.9992452059822243 0.030526177951630585 1.018937584552187 0.5090607812896317 -0.014056215634388039 0.860617574021076 103.5916513006711
0.8602897746868271 0.035622350388079455 -0.5085639552544147 -33.2599202088813 -0.023864101565133806 0.999275978679135 0.02962302779721713 1.0245439742629434 0.5092517392657692 -0.013350350800489427 0.8605156836463169 103.85099271070813
0.8599674233398302 0.03400664942398098 -0.5092194162465472 -33.41311318408744 -0.023598145262962934 0.9993598673735845 0.02688427243660329 1.027378224823519 0.5098082888441623 -0.0111049985554221 0.8602180254496827 104.10103593192834
0.8595839346096062 0.03216321847988336 -0.5099860259328909 -33.558371789131115 -0.02324082864671052 0.9994451459975856 0.023856827527793174 1.028770035816866 0.510470778745759 -0.008656374587037175 0.8598532318275052 104.33739744174147
0.8594859061277674 0.031915118309387036 -0.5101667745591317 -33.69514899087098 -0.0233589373130088 0.9994584715995123 0.02316873785162655 1.0317540558317941 0.51063035512221 -0.007998156742196987 0.8597647056279176 104.56001546325955
0.8594019710057599 0.032038132155555135 -0.5103001390373398 -33.84331874371483 -0.023514418099747685 0.9994553817753858 0.023145113097156004 1.0380706776421749 0.5107640539413816 -0.007893397281835026 0.8596860680031974 104.7992031074807
0.8592803241844336 0.03193429271398294 -0.5105111934222198 -33.96928505081168 -0.023306422435697915 0.9994568465092384 0.02328776789008009 1.0439345447284858 0.5109778433706834 -0.008114332866041846 0.8595566008789035 105.00341915538816
0.8589984631185047 0.03196340464956791 -0.5109834437217793 -34.105117929774075 -0.023361369361216123 0.9994565926215845 0.023243723186948763 1.0490997748576747 0.5114490917476961 -0.008031020667020322 0.8592770366087658 105.21889783944378
0.8587970564681563 0.032003365337544366 -0.5113196144025112 -34.236619835710485 -0.023505113539214743 0.9994571724849152 0.02307453011522642 1.0529126717465938 0.5117807956838372 -0.007799764365027833 0.8590817045954049 105.42767442243921
0.8585476761205737 0.031850665730374934 -0.5117481740547061 -34.39190903439929 -0.023580867750262056 0.9994655016712136 0.02264190813334333 1.0562209014753043 0.5121962559558706 -0.007374152074527265 0.8588382505022626 105.68213275951098
0.8582866048975974 0.031494388755278435 -0.5122080776656303 -34.558703477041185 -0.02355431145511138 0.9994810390627408 0.02198426415856943 1.0598142889643525 0.5126353207152486 -0.006806848447866051 0.8585812745399434 105.95316907348325
0.858029832559472 0.03081912643993429 -0.5126791587592513 -34.738259283023154 -0.023239620510097845 0.9995055079863951 0.021187417264811253 1.0640373874736027 0.5130796842786923 -0.00626791037901953 0.8583199515970111 106.24471801481957
0.8578174602211265 0.030592653478713688 -0.5130486553251344 -34.92770320042018 -0.02328163090257775 0.999515719659366 0.0206712964344321 1.0685739272316161 0.5134338639750495 -0.005790839927320254 0.8581122693189267 106.55049801121854
0.8576578177265242 0.03057579668113921 -0.5133170604005093 -35.12824455725906 -0.02348092629989416 0.9995185972576621 0.02030228561745381 1.0734847854463274 0.513692013903068 -0.005362379804054499 0.8579606161907818 106.87384536260298
0.8575652189916564 0.03032985455885633 -0.5134865843474001 -35.344847050918524 -0.02344388834971778 0.9995277943225124 0.01988399996646894 1.0792919410310935 0.5138487735672521 -0.0050168357330259835 0.8578689508192512 107.22458196222459
0.8575325532225985 0.030385365242585147 -0.5135379897696626 -35.57594540923892 -0.02363730960403661 0.9995274265063618 0.019668456363194132 1.0858258288154259 0.5138944653762699 -0.004730588787350539 0.8578431782704801 107.60034830153405
0.8575153295635809 0.030542079070357147 -0.5135576672591489 -35.82337366545536 -0.023853758611319404 0.9995236581351639 0.019611817043157447 1.093462893847005 0.5139137147801135 -0.004570540299003815 0.8578326973705084 108.0044836600354
0.857606117536468 0.030565636486156365 -0.5134045170700259 -36.08634691996236 -0.023922329526439013 0.9995232183352871 0.019544561006849245 1.1011563003655411 0.5137589273097873 -0.004483157240106853 0.8579259215971303 108.43815583069515
0.8577317659884268 0.030597559025135744 -0.5131930186257283 -36.36276040828863 -0.02402248398451951 0.9995228336575851 0.019441976772059257 1.1086651705315662 0.5135449855763076 -0.004351182205241218 0.8580549641408851 108.89528208679593
0.8578496120889975 0.030604383031720604 -0.5129960251640808 -36.65706648318857 -0.024089394100061817 0.9995234596977988 0.01934549936918043 1.116757055427647 0.5133457232149428 -0.004241493333986353 0.8581752481523632 109.3818117196127
0.8578925369549125 0.0304245419163165 -0.5129353877710372 -36.9653265605397 -0.023874259833243074 0.9995286896826028 0.019355334516668998 1.1262368267357294 0.5132847830816387 -0.004362955089419366 0.8582112740269011 109.89189991339535
0.8579932399801529 0.03049038247216883 -0.5127627651729156 -37.279511461820775 -0.024077485335682228 0.9995280198074256 0.019144846601846538 1.1339804746308824 0.5131064371958669 -0.004084359154524702 0.8583190565384614 110.41141162823718
0.8580887776343724 0.03052352608964426 -0.5126005066528637 -37.61267818918148 -0.024298428659158794 0.9995281558316962 0.01884099092920287 1.1416333651478905 0.512935735021936 -0.0037157112611162016 0.8584222834655436 110.9652301121098
0.8581243602934099 0.030457564716080698 -0.512545255012616 -37.96395474697308 -0.02429982426337849 0.9995303425778709 0.018710480223344525 1.1508722183943711 0.5128766074713491 -0.0036050284332162924 0.8584580028656349 111.54956080844178
0.8581248343918795 0.03065745568791615 -0.5125323911673826 -38.32411826741196 -0.024605094886274277 0.9995253085936231 0.018588831981402074 1.160229511591723 0.5128611187780748 -0.003344798622477786 0.8584681963576741 112.1470749522475
0.8581964577255452 0.030757658673783297 -0.5124065384282316 -38.69691567602734 -0.024790646318130428 0.9995228664734136 0.018474313926156092 1.171056000833165 0.5127323758787393 -0.0031559520928923705 0.8585458148000062 112.7753094468522
0.8582442141514787 0.03103805367077018 -0.5123100972214033 -39.08012193731275 -0.025178638572899543 0.9995154862287159 0.01837212709701471 1.1817623291448143 0.5126346135949278 -0.0028737192700910106 0.8586058510692789 113.41654434471364
0.8582146639772176 0.03126101228188714 -0.5123460405439341 -39.47180020076884 -0.025423900775933258 0.9995091070287142 0.018396049700354036 1.1924079961961416 0.5126720404337268 -0.0027672750748986793 0.8585838924337114 114.07055800905732
0.8582456493977463 0.03157472776517822 -0.5122748613614668 -39.881293433507125 -0.02585968664033035 0.9995001841605246 0.01827849626513916 1.2022666321953481 0.5125984444427031 -0.002445720044865776 0.8586288870244503 114.7536028248936
0.8583097224742172 0.03179670494463953 -0.5121538489882606 -40.29734306812428 -0.026177985998174794 0.9994935302829006 0.018178723305087977 1.2121923064813849 0.5124751095340164 -0.0022013085004315065 0.8587029325464741 115.44874664673948
0.858279799631696 0.03176321521660278 -0.5122066648032727 -40.74851082428555 -0.0262980840220776 0.9994954758117951 0.01791201910856539 1.2222423150796287 0.5125200214284021 -0.0019092446024862257 0.8586772183553515 116.203021866654
0.8583215564436586 0.03168887999573575 -0.5121414461015495 -41.209156968111046 -0.02640674768583714 0.9994988307803455 0.01758511265274941 1.231586196255073 0.5124449839336969 -0.0015758315926933885 0.8587229433630558 116.97470027174445
0.8582749437863559 0.0317204790957789 -0.5122168166140166 -41.6667754085639 -0.026638280669679177 0.9994976264960783 0.017258256756508963 1.2405091508164372 0.5125097321678046 -0.001173152518791701 0.8586839245436352 117.73975187748263
0.8582354289990946 0.031722954048123884 -0.5122830357003544 -42.13959068163031 -0.026891933285628875 0.9994981240913648 0.01683769021828318 1.248991278400317 0.5125627225396227 -0.0006800257927946096 0.8586528793352667 118.53033614278597
0.8582369253291611 0.03171035197213426 -0.5122812010942197 -42.63398854441735 -0.02702598668987923 0.9994987147737522 0.016588332700207323 1.25840425884002 0.5125529516018293 -0.0003973595909019539 0.8586585876737745 119.35840157153568
0.8582246566256367 0.0320736622832283 -0.5122791436858882 -43.142516462843695 -0.027371746396720013 0.9994872149292587 0.016717584831616675 1.270178280297256 0.5125552642300819 -0.0003312944083370973 0.8586572478372128 120.20731478659205
0.8583504310878537 0.03270601621564471 -0.5120279948521684 -43.668265467332375 -0.027873338641523367 0.9994661792332186 0.017111306268336672 1.2841791427540972 0.5123168345159995 -0.00042078992549629156 0.8587991387587369 121.0854900825724
0.8587295030019566 0.03313252511143209 -0.5113647759975513 -44.19421809647015 -0.028375753965334906 0.999452203800947 0.017101994757183336 1.2963890487845007 0.5116539259508553 -0.00018083014008958228 0.8591944676678358 121.97026391353597
0.8591294603954455 0.03335490532804957 -0.5106786029094618 -44.70064911940511 -0.028907265364179306 0.9994449444178901 0.016643342817781452 1.3052738456019002 0.5109531836323576 0.00045770841005050264 0.8596119887212188 122.82866916062144
0.8593630065039077 0.03263224348818533 -0.5103323108706288 -45.205581749070134 -0.028775506620826723 0.9994680260438468 0.015449359089190012 1.3110564428339193 0.5105679461477458 0.0014024872811840112 0.8598400082742687 123.68959179008216
0.859650426602746 0.031681849664833686 -0.5099080467578474 -45.70651258051012 -0.028531517895722378 0.9994964193417365 0.01399647581625748 1.3148724056187482 0.5100979236746437 0.002510332550057017 0.8601165474819159 124.54595401004275
0.8600470669091795 0.030298636319564066 -0.5093225953085802 -46.195275974993905 -0.027823455671473867 0.9995363176224289 0.012473801533655043 1.3200600314923874 0.5094676773405582 0.0034372332173710747 0.860486682119691 125.3869646240001
0.8606116477504526 0.027795360515350576 -0.508510970251471 -46.691944438637535 -0.025729444886549258 0.9996086412941771 0.0110902180763278 1.3235434183232415 0.5086235621676538 0.0035335913449398206 0.8609854892720401 126.2432285538672
0.8610947372297527 0.026543436854232084 -0.5077591194521286 -47.19972955406425 -0.025115690331713493 0.9996387274911552 0.009659803113839956 1.323422884401521 0.5078354406157948 0.004429495545679752 0.8614460418159856 127.11870716743402
0.861736590633688 0.023691027812099977 -0.5068099420758123 -47.70325802791146 -0.02287973658676557 0.9997075908904767 0.00782380005506941 1.3218647145664149 0.5068506357525466 0.004849178227123123 0.8620230694087969 127.99034174249971
0.8622067866363025 0.021914972994292077 -0.5060895677619388 -48.217360954039606 -0.021839714108322205 0.9997426366122495 0.00607857918475489 1.3175620894053217 0.5060960476290969 0.005807623640209102 0.8624601694400963 128.87934468750353
0.8626422901668532 0.02038881906885167 -0.505410786719754 -48.73590011643356 -0.020902610155951316 0.9997703443106352 0.004649744529391189 1.3128197728690074 0.5053928944812195 0.0065492403308071 0.8628671049145211 129.77762476417
0.8630694790138295 0.01977513872479185 -0.5047053431643935 -49.25517506243478 -0.020810396607660278 0.9997764483905142 0.0035806566697194004 1.3067047569581214 0.5046667234138453 0.007408799373899227 0.8632849010097682 130.677978954579
0.8633390607140413 0.01908524838755176 -0.5042706505455276 -49.78254038073008 -0.020473600671738326 0.9997855939794664 0.0027819185576543563 1.3007501625067879 0.5042191060879533 0.007918984790847516 0.8635415953219536 131.59117398544868
0.8636537032160273 0.0185050122787137 -0.5037534856611757 -50.30493244532303 -0.020216710333302208 0.9997929755008587 0.0020613537245833154 1.2943647141515806 0.5036907962561136 0.008400093215302043 0.8638457844514509 132.49557549974463
0.8639328644010851 0.017925861426931297 -0.5032950377970228 -50.834369588762996 -0.019881986831929325 0.999800943645494 0.0014762658467038377 1.2877038600053419 0.503224619816429 0.008727217739183255 0.864113977139832 133.41456033724816
0.8640641817632229 0.017578420651453798 -0.503082370314321 -51.36499988697472 -0.019938936806852166 0.9998011027387267 0.0006836181527038331 1.279587174776792 0.5029978719729759 0.009435878611313408 0.8642391330898888 134.33467332732366
0.8642077561477078 0.017226826824732352 -0.5028481792711248 -51.897941634421954 -0.020089043384800612 0.9997981041902256 -0.00027892988178696324 1.270021414309661 0.5027455216943073 0.010338597660702109 0.8643755358290756 135.25947565219988
0.8642893824021224 0.01660743204268607 -0.5027294244504275 -52.43403352945195 -0.02000784355427836 0.9997991312014441 -0.0013747251862270401 1.2591431384637122 0.502609400843403 0.011242006778720098 0.8644439291879852 136.18933678989885
0.864336123674009 0.016095583654705394 -0.5026652114194898 -52.97647878143517 -0.02019589284874703 0.9997923830215418 -0.00271853054239104 1.246692506952724 0.5025208265964459 0.012496906356866073 0.8644777656511796 137.1296717944762
0.8644221074126556 0.016215313852634118 -0.5025136772804083 -53.52166092547749 -0.02083081829130728 0.9997763817943893 -0.0035772037791688975 1.234368432284447 0.502347297971758 0.013555719546988249 0.8645623556582419 138.07111330471358
