1.0 0.0 0.0 0.0 0.0 1.0 0.0 0.0 0.0 0.0 1.0 0.0
1.000000238418579 8.130073547363281e-05 0.00011137127876281738 0.0004063297528773546 -8.14199447631836e-05 1.000000238418579 -0.0001074373722076416 -0.0006107029039412737 -0.0001112818717956543 0.00010731816291809082 1.000000238418579 0.04228520393371582
0.9999998607128822 0.00017834921266413062 0.00022079658593732177 0.0010868481431519084 -0.0001780868863887619 0.9999998611966525 -0.00021601614946042957 -0.0005131688486514907 -0.00022099458224644764 0.00021614543345904735 1.0000000357750496 0.05312072949937043
0.999999697317621 0.0002988940424183241 0.0003235354085744324 0.0020053655577798976 -0.0002985256251787282 0.9999998160038477 -0.00032576658518559227 -0.0004515030905284154 -0.00032383860890997855 0.00032597016331220737 0.9999999893478949 0.08223180983587476
0.9999999950845383 0.0003787088987565662 0.00043478587657615756 0.002961785448651012 -0.0003785981952402935 1.0000002348694423 -0.0004308828139144924 -0.00023782100945797532 -0.0004348784874626299 0.00043078905168118515 1.0000000382658978 0.11656033547088948
1.000000269403904 0.00046985654128039035 0.0005469849691327627 0.003793696629112653 -0.00046998363240179623 1.0000003973181975 -0.0005274551537057876 0.00013860551472414943 -0.0005468853610439614 0.0005270110394762726 1.000000186291714 0.1515201819953541
1.000000176758413 0.0005410473901818814 0.000655122115431904 0.00455652101758421 -0.0005410945137207706 1.0000003130793707 -0.000623946351241401 0.0005299273940972998 -0.000655164922413791 0.0006232932589678142 1.0000000763032157 0.18581388751787434
1.0000001918060288 0.0006237877076452972 0.0007458134152896884 0.005221667456279302 -0.0006235307361118044 1.0000000836822946 -0.0007288101807977774 0.0009432959607158366 -0.0007460837056329204 0.0007281432039145655 0.9999998323086255 0.21993674376103844
1.000000059508412 0.0007127949232992705 0.0008487457713886923 0.005813847949442886 -0.0007125050828832951 1.0000000722020275 -0.0008322586674989644 0.0013835395534475855 -0.0008490559482521661 0.0008313121688343795 0.9999996801858282 0.25385187585272617
0.9999996105499694 0.0007980535098608075 0.0009549803151134557 0.006383762665948244 -0.0007970546270226787 0.9999992138374213 -0.0009307414874725644 0.0018569946692694567 -0.0009558779409601829 0.0009302723414835648 0.9999992697013714 0.28771757301697387
0.9999997886325636 0.0009066790507225593 0.0010523031191036032 0.0068503585440860375 -0.000905683271950576 0.999999401876571 -0.001020256036882285 0.0023510140790386535 -0.0010531349209997644 0.0010194268134937818 0.9999993318224573 0.32074926437092166
1.0000001194299033 0.0009658787255533904 0.0011401110350391726 0.0074667958908089666 -0.0009646622041643279 0.9999994306597031 -0.0011736091843065962 0.0026245520268641195 -0.0011410826288807236 0.001172429506651459 0.9999993213702285 0.35322930201401753
0.9999999377804731 0.0010348179440466507 0.0011364441664844988 0.007618270523407674 -0.0010331814367190053 0.9999989284461259 -0.0015450917302089835 0.002463807239189756 -0.0011378845692549355 0.001543956230429754 0.9999988896039084 0.3847294623663601
1.0000001216401124 0.001073052142748009 0.001044748513523908 0.007468485504796604 -0.0010709328631456467 0.9999978605030072 -0.002172574111241761 0.002128796948688852 -0.00104680737324972 0.002171430447097011 0.9999979050428077 0.41572355021114205
1.00000030091829 0.0011113045504127198 0.0008337063814371792 0.006809883273402815 -0.001108880576163022 0.9999955695309722 -0.003043795650941823 0.001322663716631492 -0.0008367828503774704 0.003042868265876293 0.9999956366460778 0.4508549062338553
1.000000524706299 0.0011550829644775597 0.0005066271069568862 0.005643591046216008 -0.0011532058057332198 0.999992882096737 -0.003792868475234611 -4.0160288662825e-05 -0.0005107297104336103 0.0037925350180800614 0.9999932715726931 0.4947634924596128
1.000000814654957 0.0012668552037686256 -8.599166827781828e-05 0.00395046713296964 -0.0012674189546530844 0.9999912110315141 -0.004230127205705427 -0.001676078228109755 8.113295862465105e-05 0.0042305696896534776 0.9999917938514404 0.5480197865230275
1.0000000620951632 0.001572097213551613 -0.0008727274937667114 0.0013986863727035261 -0.0015761565125682702 0.9999895040301496 -0.00449856892669609 -0.003751712843943736 0.0008661984838898367 0.004500391910789992 0.9999901133192042 0.6268318969344255
0.999997694267407 0.002007792642694196 -0.0019806010620385794 -0.001802660549461473 -0.002017321299858994 0.9999882458540376 -0.004649958872845315 -0.006125764506262964 0.0019720656300732334 0.004654250404707873 0.9999880474741237 0.6891769562341524
0.99999443900489 0.0020363115117690684 -0.003173911258176945 -0.004740363454076774 -0.0020512407900782734 0.9999885340285658 -0.004573295502054664 -0.0090201187401956 0.0031654112743378514 0.004580024955090682 0.9999851454158571 0.7802808861060688
0.9999901689176599 0.0018495509937179167 -0.004507299588574283 -0.008356354499112793 -0.0018709865248084051 0.9999891155325017 -0.004605872605193365 -0.01279981691154616 0.004499718763934858 0.004614199655518211 0.9999800478982457 0.8887422508897282
0.999980748822092 0.0008185143969451001 -0.006464369695390814 -0.013171042794506963 -0.0008510805198377469 0.9999891274793989 -0.004929310253418674 -0.01775771596811394 0.006461191908277088 0.004934612350910979 0.9999678871721895 1.0181352667435417
0.9999685409738406 0.0004854800294129052 -0.0082101850409816 -0.019572943174479683 -0.0005271860610628184 0.9999897229568011 -0.004938024527626532 -0.022841967378310925 0.00820894658543913 0.004941701082533091 0.9999551260666971 1.1633819472747686
0.9999376418210183 0.000760837332835241 -0.011405129775414538 -0.028562323759465234 -0.000813909456652615 0.9999917286163699 -0.004524511329590231 -0.02815973477512851 0.011403189684029244 0.004532889443700355 0.9999259842072112 1.3262786588493438
0.9998775513172654 0.0016622967119818385 -0.01578673852751973 -0.04151676152897646 -0.0017236444280691768 0.9999938540339094 -0.0037814233509014124 -0.03285249260041827 0.015782407146247714 0.0038073180358811245 0.9998700635175956 1.5045895724870972
0.9997537196801144 0.0022032259374382135 -0.022225727316548666 -0.05926997127966593 -0.0022700539034469294 0.9999951324191887 -0.002919908857960697 -0.03790267464587045 0.022220571530572903 0.002969216501380088 0.9997499448355155 1.7097872076910101
0.9995318715777937 0.0028563942322647863 -0.03057118857315131 -0.08259955743807593 -0.002930465054054513 0.9999951463397738 -0.0023314390607663254 -0.04367705565245393 0.030565894285693656 0.0024194153895665364 0.9995316611881142 1.9316403663321597
0.9991574378216703 0.002585377207471325 -0.04103616141024807 -0.11148130027565972 -0.0026549412653039564 0.9999972799413824 -0.0016027111667456647 -0.05009691991363949 0.04103334024215238 0.0017100131470946978 0.999158286576795 2.172459382891002
0.9984627231876806 0.002919640678803965 -0.05541079954082008 -0.15027222900874515 -0.00293585513513621 0.9999979142315222 -0.00018382791234728096 -0.05459061833884389 0.05541165662872737 0.00034565090609445064 0.9984658870577731 2.438614964650475
0.9972744508675244 0.0031997390154595144 -0.07375368067115133 -0.19926953065195882 -0.0030484998778415318 0.9999947923614272 0.00218382566954649 -0.05566262196899774 0.07376169453258097 -0.0019528800495827447 0.9972753371019295 2.718837490542815
0.9955087264071432 0.001302591066048242 -0.09469505423453237 -0.26017881631993595 -0.0008375599825105407 0.9999893360232667 0.004966993885092291 -0.05279910632498304 0.09470178389021042 -0.004865437144194141 0.9954954056896934 3.02775378575545
0.9927186144009743 -7.3314726089101655e-06 -0.1204806977003744 -0.3386408409690074 0.0009125257111786266 0.999973631967184 0.007469955988701498 -0.048322895382902756 0.12047866491458405 -0.007525442037492459 0.9926890169279958 3.34805480933778
0.9885607597698376 0.0003239914526141691 -0.15084291292080362 -0.4370788994052149 0.0013058535651776372 0.9999440666346264 0.010714411249714305 -0.041012024109526646 0.15083880886392909 -0.0107889775411258 0.9885013144743549 3.6667013051127095
0.9827183203793151 0.0006631206207617811 -0.1851226821551088 -0.563889276298898 0.0018659427600729926 0.9999092537339753 0.013495396580900935 -0.030723612885509864 0.18511563032771045 -0.013607556248483746 0.9826245430919798 4.013552237639617
0.974975284141823 0.0012569259986245798 -0.22232200985729272 -0.7065861846620232 0.0023666170783264873 0.9998701923412575 0.016039614125162634 -0.02055255625295441 0.22231416076070362 -0.016164137543283493 0.9748430175760753 4.336765186783843
0.9653871509147537 0.0020738468153583094 -0.2608236064725132 -0.8668476856120737 0.00266212955366326 0.9998397484443047 0.01781034407601763 -0.011884285998354324 0.2608191639268189 -0.017887804434150986 0.9652239113987705 4.675699959366995
0.9540808345509337 0.0029623124588881076 -0.29954683466700593 -1.0439537762831064 0.0030976858361097645 0.9998028870447557 0.019757696382119168 -0.0018326885155352975 0.29954624056192447 -0.01977839363183967 0.9538790538947161 5.018430872433547
0.9404719928523949 0.004253037114117459 -0.3398549351395137 -1.241758334126935 0.003825002738105306 0.9997282783728358 0.023100304518268576 0.013422612943043874 0.3398607187907481 -0.023025001677099248 0.9401961136335611 5.354647748565672
0.9248181878379629 0.0043212901197027705 -0.3803945495765937 -1.4631965591846456 0.006260388185801329 0.999629598982879 0.02658014939677059 0.03243888017161816 0.38036818142818074 -0.026963021392781318 0.9244444804812267 5.70887158425808
0.907548177693267 0.004566003190762691 -0.4199321907989011 -1.700937519335944 0.008894480424534201 0.9995104222363916 0.030093218482097485 0.05367750221812557 0.4198632278526964 -0.03104591843281942 0.9070589792194392 6.055815559120045
0.8881853673685359 0.0052962904511149956 -0.4594625481676668 -1.959941433995319 0.011129261876288654 0.9993947093674355 0.03303734243143909 0.07617349941851723 0.45935860862039074 -0.03445645264481015 0.8875850233034314 6.399784254863883
0.8660602423303759 0.00832326189253081 -0.4998765758930632 -2.234418287994017 0.011468529606115368 0.9992691017458359 0.03651203868308799 0.098436057969572 0.4998146391929198 -0.03735398628591006 0.8653288488099239 6.718078459977809
0.841728539673447 0.011615310734437567 -0.5397813924749584 -2.5301374475201444 0.012739507912445974 0.9990643060111213 0.04136815735931076 0.1253153121625486 0.5397561610928292 -0.04169668721333381 0.8407903294421812 7.033321673757485
0.8163848637747623 0.013964536109464241 -0.577344147597425 -2.842312627536689 0.014285369020306794 0.9989147347134216 0.044364816745083455 0.1524833463424914 0.5773365190114528 -0.044465787537114373 0.8152966662229174 7.341141188248437
0.7891593052989089 0.012514058097413397 -0.6140659977177896 -3.1744385041470196 0.01846938591844621 0.9988586662306412 0.044094049128258365 0.17598350909806307 0.613915833423928 -0.04613803469528414 0.7880242567698029 7.656484138622256
0.7599017892164243 0.010293724926041276 -0.649961332014874 -3.5135274110305508 0.023030899338200756 0.9988228508400051 0.042747468992620496 0.19646393878629487 0.6496346037911563 -0.04745239942372416 0.7587667407573284 7.952413166520373
0.7297193193707776 0.00737925832965504 -0.6837119869892944 -3.8623594549404956 0.029247253623699968 0.9986925757040911 0.04199555439531613 0.21944681876090005 0.6831257872980591 -0.05064092781790966 0.7285454871762379 8.234424085594664
0.6995272862895602 0.005671434911811019 -0.7145879517504551 -4.231561203128492 0.0356325338239207 0.9984502716120055 0.04280749509315832 0.24598717625014216 0.7137214605984084 -0.05540695949196937 0.698237243230786 8.512979783086013
0.6694310154572921 0.005902186088368108 -0.7428551515485997 -4.619854981707969 0.03999093513462249 0.998234879174765 0.04397059715384321 0.27279371853057016 0.7418012579566655 -0.05914210150893747 0.6680093489883423 8.781155957943106
0.6402160122234595 0.007675951134061941 -0.768160632479084 -5.035210626777468 0.041274411350835004 0.9981646836966543 0.044375395745426906 0.29551271320451133 0.7670890697199179 -0.06011457552368131 0.6387203398196892 9.038279637606683
0.6115616640370294 0.008985955047248903 -0.791150101237966 -5.44925188402924 0.04206426475464772 0.998155406984469 0.043853340828398174 0.31410509349761073 0.7900817830610122 -0.06009734670385608 0.6100511795022853 9.281656285472488
0.5842842734782228 0.009915466969921223 -0.811492908490434 -5.893351024439813 0.041762040635467915 0.9982364483989052 0.04226674805980173 0.3304048507571058 0.8104777611001622 -0.05858458923461416 0.5828354769492115 9.535252287881448
0.5583886354595701 0.009488345995654792 -0.8295294176400552 -6.344292122885217 0.042578923652459966 0.9982918442079984 0.04008062990877495 0.3451171724713618 0.8284892015864966 -0.05770078156070434 0.5570267055675165 9.78696046655567
0.534240086289067 0.00926068753826419 -0.8452858000600996 -6.795344399101317 0.04302007347522791 0.998349302508943 0.0381279492624178 0.35873033584616143 0.8442393620530859 -0.05673379543748626 0.5329553575723477 10.026718277608346
0.5102365368452043 0.008774897099183401 -0.8599929875664851 -7.248700488583805 0.0439619364395717 0.9983775088726884 0.03627044864067583 0.3718159953603134 0.8589113520285577 -0.056313594664303246 0.5090181382790164 10.254554246032045
0.48824448262958725 0.008657109102049993 -0.872667833992713 -7.7083488358080166 0.04438798571010591 0.9984131750766344 0.03473952146670992 0.3848515129007111 0.871579149898424 -0.05569750982344401 0.4870812356158188 10.473896078783989
0.46910683109938117 0.009187653616302678 -0.8830974947242329 -8.167215995595589 0.04438557645355644 0.9984399665961863 0.03396589584381649 0.39697819219250396 0.882026856598848 -0.055130503784817646 0.46796334207322415 10.68340464008101
0.4513722521928128 0.009991160992406935 -0.8922839265532639 -8.631964153746972 0.04367096009809348 0.9984950469828411 0.033272085520425286 0.40871582471952944 0.8912681090116015 -0.053985002219044426 0.4502530103806743 10.885573664800337
0.4356721758090802 0.010870347633448192 -0.9000437007837947 -9.114373065183663 0.04323738203468699 0.9985232732999487 0.03298950570940847 0.42078891508274613 0.8990678722497374 -0.05328807157196754 0.4345551496813917 11.089739104570869
0.423225049200099 0.011676754249303539 -0.9059537015895586 -9.594888818991462 0.04235657780262858 0.9985722387374617 0.032657941286315294 0.43254444031065503 0.9050355002265575 -0.05219485501149938 0.42212299999852915 11.289925458979305
0.4132965418640834 0.011720328367370168 -0.910525414440456 -10.073133197954611 0.04320785976220486 0.9985417185583718 0.03246591173486932 0.44503594484291953 0.9095724079235794 -0.052759873128496955 0.41218413911535257 11.488573136879184
0.40302593901324074 0.01161492807857585 -0.9151193092409138 -10.560417663573505 0.04434908661311922 0.9985001126840622 0.032204895871715294 0.4580686527045529 0.9141153794904461 -0.053563949112630474 0.4019028825745747 11.683953003577665
0.3923555208677716 0.01197765267149527 -0.9197398002474416 -11.055743136221546 0.0445500559122323 0.9984974673555453 0.03200823146152272 0.4710744277040546 0.9187360182900428 -0.053532381745049075 0.3912286581974548 11.873670143934397
0.38384982116972444 0.012343556905010883 -0.923317641716965 -11.564978607195924 0.043904178710963 0.9985392276127488 0.0316015352256907 0.4852127855095275 0.922353557814458 -0.052667145744594204 0.3827437512902291 12.066192222936776
0.37748160073768866 0.013181115804691737 -0.925927757290928 -12.085312222602415 0.04310243929450876 0.9985683104096903 0.03178711244013383 0.5020641261242714 0.9250155537960207 -0.051908141606067514 0.3763693244795392 12.2617630021579
0.3720325121747624 0.014240290630415195 -0.9281150827039888 -12.600015519960612 0.042652050682022644 0.9985676587755 0.032417940045537205 0.5200023445185019 0.9272415694708582 -0.051645980784116814 0.3708886872517839 12.456850631953124
0.366664362419429 0.01487411265658816 -0.9302386603538498 -13.119494005333312 0.042783307267211364 0.9985485829880042 0.03282946669559842 0.5387858310991442 0.9293708365715315 -0.05183542990320992 0.36549225814597047 12.651807397531693
0.36289139662489756 0.015361459572904987 -0.9317091037044187 -13.648320399691828 0.04300294781020737 0.9985264209576715 0.033211771449414305 0.5572960840712654 0.9308404730875574 -0.05211791220897702 0.3616925966798081 12.849006337258587
0.3618340826647819 0.01575915154191119 -0.9321137768421023 -14.182641112043902 0.04276201479144299 0.9985279796271603 0.03348104863717579 0.5764907314715648 0.9312634133057784 -0.051973124555804946 0.36062413562539397 13.048729046238527
0.36190419063109946 0.015892760997567548 -0.9320843063974635 -14.711419971982174 0.04217772981330713 0.9985554027681919 0.033401957297076554 0.5936379624816344 0.9312632587383382 -0.051401166549524265 0.36070765100326835 13.248429325323613
0.3621820345693191 0.0159236752806152 -0.9319757872332451 -15.235749764578143 0.04194206256383041 0.9985667559787381 0.03335993212465062 0.6095495362141907 0.9311658303319147 -0.05117105406433181 0.3609916282332624 13.448789250387922
0.36199913283824126 0.015906594154812118 -0.9320468572043408 -15.748569103472374 0.04202989665858488 0.9985624499545436 0.03336504822086854 0.6256790360998986 0.9312323740624168 -0.0512510793093748 0.36080668410042255 13.642674989309754
0.3611870759235954 0.01599508298709372 -0.9323604539608159 -16.274433348793846 0.04197766353494794 0.9985639910912008 0.03339180052135753 0.6425437787493469 0.9315501445632851 -0.05119824226843159 0.359993463770405 13.83897084593169
0.3604838735868086 0.015999608767785698 -0.932632388196071 -16.803220816938506 0.04179872667118339 0.9985749300444792 0.033286508728190375 0.6592553486107511 0.9318302159754397 -0.050981150937865344 0.3592979503336207 14.035200386165016
0.3596077847338112 0.01599541003076588 -0.9329708755517847 -17.33660532891301 0.04178216691877278 0.9985780324371211 0.03322428204890258 0.6763195373024006 0.9321697478787512 -0.05092871746832715 0.35842477687469637 14.233625702552223
0.3584204592004438 0.016029945665304628 -0.9334269218796228 -17.89899795615882 0.041624263099517694 0.9985875563958547 0.033131771558218726 0.6945702172784095 0.9326337752414954 -0.0507276220399415 0.35724362353349454 14.441027011107762
0.35708135555063525 0.015992258594324436 -0.9339408359656719 -18.46305410631422 0.041513430107043586 0.9985977374883177 0.03297149501625337 0.7123769972595952 0.933152581445679 -0.05054381563461245 0.35591337855226274 14.648544117804763
0.3555783691289622 0.016051971296722204 -0.9345130883422949 -19.03164199728369 0.04167221895721797 0.9985902754891332 0.03300836246299501 0.7313079635072183 0.9337192423811574 -0.050679423375737116 0.3544046616787956 14.857012289929695
0.3538103859247657 0.016217255842701596 -0.9351809494170545 -19.603322882608424 0.04153866548102258 0.9985950255838871 0.03303218106018822 0.7497499267658964 0.9343965645323979 -0.050532302883653714 0.35263602390127574 15.06606533574765
0.35221058858820575 0.0162111144273404 -0.9357845608073416 -20.166066600084463 0.041329335368735905 0.9986094349984105 0.03285485599325099 0.7664891907886072 0.9350095889892113 -0.05024598858706048 0.35104715405857206 15.2703696213562
0.35102558798295574 0.01613474917519171 -0.9362311303986318 -20.735789401374834 0.041314961885939284 0.9986152229034582 0.03270020807776305 0.7840171680112196 0.9354560905375977 -0.050157969955846454 0.34986935214919396 15.476483593311508
0.349945939002384 0.016135459052178645 -0.9366355216532574 -21.298788057294786 0.041205770810347125 0.9986232903592802 0.03259830797890358 0.8019181601193499 0.935865915486779 -0.050001879708300195 0.3487960746386158 15.683283784456728
0.349060670089307 0.01616455136790135 -0.9369651450408486 -21.870083388491416 0.04099493062370884 0.9986348378474007 0.0325009723964542 0.8204624366083706 0.9362055857759902 -0.049754718666355 0.347918147387997 15.89052596089443
0.34842152811217847 0.016090952927538767 -0.9372039806682224 -22.440637424816032 0.04086361504858973 0.9986450773479818 0.03233785793423626 0.8380618497210518 0.9364488716593081 -0.049563530584715645 0.34728847698594123 16.09713154860946
0.3479401379412173 0.015991629921586103 -0.9373845785129785 -23.005634386892684 0.04071796854581351 0.9986572039531322 0.03215091075035156 0.854747588526874 0.9366344621599793 -0.0493538504117724 0.3468183494112431 16.300854639071982
0.3475160713126724 0.015805210659826322 -0.9375450166957406 -23.575468577445907 0.040646417052414355 0.9986681295529731 0.031902011647673964 0.8707649614535177 0.9367949759857515 -0.049193182859929824 0.3464074480478345 16.507558561619362
0.3472662422434714 0.01566830312923004 -0.9376400209641303 -24.163735436642117 0.04010502534237719 0.9987016537572612 0.03154188272245778 0.8867749225758189 0.9369111423864029 -0.048556610775601326 0.3461838319628538 16.71999218539867
0.3469638379658175 0.01554657340678057 -0.9377539825501763 -24.75774865059151 0.03983830367003592 0.9987200912501675 0.03129700725036829 0.9036848693502159 0.9370345175128335 -0.04821667783416923 0.3458973077655801 16.934418434593002
0.3466984770455102 0.015381740465275467 -0.9378550619369669 -25.346558190820964 0.03983643400774391 0.9987264708198177 0.031105980157172496 0.9202666931241835 0.9371333626880465 -0.0481451016406637 0.34564124911982524 17.14747981835109
0.3464193468459265 0.015138920459995158 -0.937961894248937 -25.93150926552325 0.03956847392104072 0.998748279265301 0.030733371199018915 0.9358236958188265 0.9372480187428716 -0.0477603765871096 0.3453838729949315 17.357798233531906
0.34626357866429597 0.015001219286374946 -0.9380214484542824 -26.535213949191863 0.039035802045040084 0.9987797805684828 0.03038211875352246 0.9519523657499912 0.9373278262323241 -0.04713654128407071 0.3452525351113148 17.574452102647435
0.34595001257365127 0.014903374045196444 -0.9381388728270044 -27.137404457969367 0.03838529711290465 0.9988159342599068 0.03002186272078394 0.9682333259216631 0.9374704981657369 -0.04639655812857029 0.3449652077941512 17.790261542110567
0.3456796718087004 0.01473389375322313 -0.9382412656882843 -27.735781100124065 0.038187308136839834 0.9988314559063103 0.029754364287856046 0.9839647309844067 0.9375786210747394 -0.04611428122278666 0.34471003059347755 18.005997545419515
0.3452109157050013 0.014646394758023222 -0.938415332926103 -28.343409619806135 0.038163904631001805 0.9988362291911725 0.02962820611958528 1.0009462299765128 0.9377524008485597 -0.04604143318757296 0.34424714212411484 18.223994108031977
0.3443593249414578 0.01480243339811655 -0.9387258206093141 -28.966298694451723 0.03811085822725208 0.9988351124377294 0.029730453261155237 1.019355063544336 0.9380680504266656 -0.04601343431584951 0.3433909207854055 18.445832680764962
0.34300388751728117 0.0150325868909089 -0.939218313848444 -29.58157106399717 0.038033413298912584 0.9988337497889004 0.029876466026157556 1.0374227276528674 0.9385675598002396 -0.04596897514095218 0.3420288365499418 18.663435642361904
0.3416384788710884 0.015143015320664484 -0.9397141169412819 -30.182555584257265 0.037753938416403676 0.9988461592647645 0.029821584800750922 1.0542918940097943 0.939076923987173 -0.04566582024330421 0.3406693652460981 18.87409115922711
0.3407587424653875 0.01525013165558545 -0.9400317137209943 -30.786956969985365 0.037545653543375954 0.9988540616675948 0.029814477786966942 1.072559059611668 0.9394053460779441 -0.045453535751051724 0.3397925229157154 19.08939380925627
0.33960182192904137 0.015583620197546649 -0.9404450312899186 -31.39102336974145 0.03658400683980212 0.9988913067232196 0.029762618155933358 1.0916620934802406 0.9398621694463009 -0.044512684610946915 0.33865223819630097 19.300148127893646
0.33843873951516107 0.015966572269336007 -0.9408579232609711 -32.000854653502095 0.03615899500933629 0.9989012981600498 0.0299575838140355 1.1109868044638163 0.94029852535895 -0.04415975790817506 0.33748709058885606 19.51354619735407
0.3380597899962445 0.016168476678889602 -0.9409907772693643 -32.605935680831394 0.035466256580894244 0.9989279560211508 0.029904562775205604 1.129054661421282 0.9404613683421046 -0.04348374424675081 0.33712177659302595 19.725202180556792
0.3382032089472179 0.016194573953238943 -0.9409385781287679 -33.215718919790696 0.035135553230892916 0.998941919692947 0.02982102723973781 1.1462233764942236 0.9404217793466393 -0.04314639988126807 0.33727418029132167 19.941214987633945
0.33839597942116545 0.016128444867942283 -0.9408703180447717 -33.835906164435954 0.034665192393875985 0.998965142848022 0.029591400645814562 1.162403689411818 0.940369900398351 -0.04262939658752517 0.33748438753079363 20.16189297359904
0.33880145469698725 0.016070571891653986 -0.9407254457132226 -34.46357854098729 0.03364933414318222 0.9990119674755072 0.02918441576056107 1.1781646755150164 0.9402608032226449 -0.0415428174766964 0.33792378472428464 20.38461802358285
0.3390979044214467 0.015960524416931243 -0.9406206647073494 -35.07853503057327 0.03242206332913838 0.9990682491030433 0.02863982123444063 1.193226201543616 0.9401973350133508 -0.040208967233771375 0.3382625120605663 20.602160258064103
0.33922980115124607 0.015787941615792635 -0.9405761137648605 -35.67956579908621 0.03177420926761865 0.9991009187071157 0.028229360275833868 1.2075516059427904 0.9401719151593839 -0.03946275488972892 0.33842115025759356 20.81578596214226
0.33937412148230056 0.01563747949312365 -0.9405266892785988 -36.28981122915973 0.03176549872619656 0.9991057349649713 0.028072918493896766 1.2226378833318663 0.9401201364161167 -0.03940403210428363 0.33857191807859244 21.03444551212169
0.339577623485234 0.015564796454325151 -0.9404544628702157 -36.90089732402602 0.03128136137908779 0.9991279390204086 0.027830048607845496 1.2370377439839353 0.9400630329336268 -0.03886987267943668 0.33879269549006785 21.251904212319573
0.3399242240893339 0.015431721613720922 -0.9403311242118898 -37.502350568114444 0.0309491140560876 0.9991448481174517 0.0275841533106199 1.2508612229680172 0.9399483797472548 -0.038479309093162495 0.33915368733117396 21.46764521555941
0.34065415016051565 0.01414908051676658 -0.9400869391412466 -38.11462482613776 0.0340200687143349 0.9990505353050823 0.02736326995754364 1.2672302321181466 0.9395773948966702 -0.04130321101837267 0.33984744410688567 21.689857966726503
0.3411762829516485 0.014273787650534378 -0.9398958313109094 -38.71973591449971 0.03401958533879755 0.9990467168484742 0.02751988027272761 1.2827454713505926 0.9393881077758955 -0.041364399926932326 0.34036347602836625 21.908324383857195
0.34181989194172896 0.014750384471799594 -0.9396548651696175 -39.31803842004547 0.032210134599024616 0.9991100478047764 0.02739953149947917 1.297452844249629 0.9392182985668298 -0.03963287060552348 0.3410386214183435 22.122047447628027
0.3423795417516531 0.014894932061642495 -0.9394483136232123 -39.913511916193364 0.029989312433431052 0.9991960109204681 0.026770467009174462 1.310520934784321 0.9390876731602463 -0.037339779390767394 0.3416554729926401 22.334460950765195
0.34309871696656685 0.014817400306283413 -0.9391866953820556 -40.49033337887925 0.028320455827994695 0.9992617001857403 0.026110179254648883 1.323151113305577 0.938876862150799 -0.03555697725973304 0.34242344142797143 22.544781748105
0.3438108446348344 0.013679085674331768 -0.9389435002800405 -41.06494251778621 0.030083335995761035 0.999223826515411 0.025571977179341236 1.3369216330356666 0.9385611644574027 -0.03703870909714458 0.3431302879741213 22.758226132755695
0.34426297781772386 0.011569525832018614 -0.9388059702798467 -41.63872950090499 0.02976851198349469 0.9992902875464184 0.0232301849435766 1.3430180370887452 0.9384055048330906 -0.035944315906753815 0.3436719471923142 22.971432090810794
0.3462694405274975 0.009134887783942355 -0.9380943047877476 -42.2245500636239 0.029379055987692734 0.9993597176147789 0.02057557627725591 1.3468332959514562 0.9376789768457954 -0.03468490223682489 0.3457768774885012 23.19225108698755
0.34818085357785666 0.008766605239145204 -0.9373903825546664 -42.82707537497754 0.02717334505505105 0.9994451184580221 0.019439688687075064 1.3530075308876903 0.9370378483822845 -0.03224051066834258 0.347746966958212 23.414167602875427
0.34889743789805017 0.00852348189503605 -0.9371255017628825 -43.44371660744209 0.02617687058009613 0.9994826511197485 0.018836386634257834 1.3594392645594078 0.9367988267135448 -0.03110244062458832 0.3484909354936411 23.64358366175653
0.34942572206374706 0.0084442665686608 -0.9369294073058893 -44.08813773221822 0.026112477397787725 0.9994860277562191 0.01874654379177683 1.3686501641149165 0.9366038751052016 -0.03101564162035833 0.3490227635035066 23.88467443248865
0.34973421661049625 0.008498665848855896 -0.9368136508202629 -44.751925427157126 0.026229062099558 0.9994805220486912 0.018859064088370393 1.37945505429022 0.9364850238933368 -0.0311667214849688 0.34932677615654584 24.13217405469921
0.3499863015267088 0.008524007672135802 -0.9367195144201371 -45.41193176231164 0.02637536813655224 0.9994754397878038 0.01894959945010862 1.3896470224229713 0.936387039201432 -0.031338089745949774 0.34957502165359994 24.37874747827255
0.3504212013592654 0.008644844249506319 -0.9365557993545387 -46.102736577955625 0.026750882814190916 0.9994600151574266 0.019234338880503632 1.4015182859695352 0.936213850064551 -0.03179335727556814 0.3499977630216105 24.63796556116313
0.35096924561211085 0.008394118422776988 -0.936352918144335 -46.810943216426814 0.027173868664632235 0.999450418615368 0.019144978028166306 1.4113213752947178 0.9359966343073762 -0.03216320408925004 0.3505452184197851 24.90542821239973
0.3514670222547812 0.00786923996298284 -0.9361705257847442 -47.52754821567376 0.027808170246589794 0.9994384837190908 0.018840797344065168 1.420298407468311 0.9357909330869566 -0.03265437196818719 0.3510478327367372 25.1764607369766
0.3516093053866409 0.0074943145951499165 -0.9361201972234708 -48.26160475761144 0.028468907321758278 0.9994226338527673 0.018693681897199603 1.4306667365946428 0.9357176053447601 -0.03322251896704953 0.35118994336154225 25.452970578775794
0.35132805865809924 0.006096956497390436 -0.9362359090827039 -49.009999792393465 0.031017907174493722 0.9993570065323718 0.018147282992761027 1.4416746235221714 0.9357424240920067 -0.035415046989614285 0.3509099131308057 25.734773426355783
0.35076031191808327 0.005998117563116542 -0.9364495163265397 -49.767833411321284 0.03126271662783652 0.9993501838633859 0.018110572728831865 1.4524899821007065 0.9359477256534595 -0.03562794969641257 0.3503417356399474 26.017423578515313
0.3503549697881258 0.005755398219786424 -0.9366028259737911 -50.524311761712184 0.03194936290033848 0.9993292640702055 0.01809184808628179 1.4625593404180401 0.9360768250588588 -0.036262288835754906 0.3499329149884815 26.30034504856137
0.35007982447411495 0.005534471561783978 -0.9367072911260529 -51.270209177796936 0.032595674068702056 0.9993092778625796 0.018085933325092087 1.4742650723865802 0.9361580014832392 -0.03686457637533411 0.3496543000717066 26.582255316534116
0.3496809033983912 0.0051232666906248945 -0.9368587714838805 -52.02780273960547 0.03364156599826758 0.9992755684484338 0.01802083929216129 1.4862926177597509 0.9362701254085629 -0.03781908217288442 0.3492518598593924 26.86706776704836
0.34956715152165263 0.0047532080948544005 -0.9369032368252761 -52.79722796660087 0.0336185224790538 0.9992837020461075 0.017612725528601804 1.4949705370120727 0.9363133102923962 -0.0376542988598402 0.3491536416752097 27.154290433678977
0.3493665020713756 0.004553022785631032 -0.9369792473276857 -53.61395520646177 0.033586791328659826 0.9992895874739576 0.017378435315174953 1.505122694247118 0.9363901245453685 -0.037542372502622 0.3489621808918512 27.45816091312051
0.34882074709590355 0.004262299089339891 -0.937183935882536 -54.421575080069964 0.0344934722366552 0.9992584362331604 0.017382433519058035 1.5168071433831158 0.9365607138066716 -0.03839094383493465 0.3484118725064094 27.758961840017577
0.34801502583574867 0.006093557057798814 -0.9374734611044566 -55.27992088686683 0.03468744969085081 0.9992152937814996 0.01937128074288872 1.5334321539972262 0.936853149423571 -0.03926093103481313 0.3475273575621636 28.075138829658766
0.34685087129250314 0.010073394693549257 -0.9378705055572251 -56.13306916243915 0.03478382463297536 0.9991209543916721 0.023595109639359464 1.5556762563894777 0.9372814585519431 -0.040807473346650545 0.3461923947409421 28.38768565710548
0.34598375104148393 0.013994945239826227 -0.9381406548722583 -57.004321292981636 0.03432793353604429 0.9990353773604443 0.027562966580213517 1.580881352895626 0.937618755233756 -0.041741905249473965 0.34516633658903 28.70526422420749
0.34533910974479143 0.014223630435685825 -0.9383748474997391 -57.852642192520584 0.03454577782646302 0.9990200510528934 0.02785585120352983 1.60270497396483 0.9378485258823976 -0.04203777036468573 0.3445059104066111 29.016877432989347
0.34383924952142314 0.010094758987420162 -0.9389789032645728 -58.63698293235385 0.03492067041958639 0.999118324551421 0.023528236513477428 1.6122173525384214 0.9383856023122603 -0.04088090810708194 0.3431800492347671 29.304485622167878
0.34280709781989877 0.00760906317986359 -0.9393793120702161 -59.39278906716528 0.03462870613135953 0.9991902731107627 0.020730325310861497 1.6210272500552452 0.9387737739827704 -0.03963709203313426 0.34226242395941536 29.57988260250906
0.3421252139528122 0.00832860925960388 -0.9396220337391402 -60.196727871351904 0.03488107154655884 0.9991642616946104 0.021556610843441893 1.638740857744143 0.9390135907783738 -0.04015168099826672 0.34154498083915047 29.869795858817767
0.3413692482657791 0.011891878342324734 -0.9398584946175803 -60.980353396057914 0.03572788376989955 0.9990383737759048 0.02561693782208738 1.661874396592132 0.9392570570351765 -0.042325649392972446 0.34061235261403305 30.152673710073472
0.34118378635719865 0.014924821250514647 -0.9398827766464206 -61.755107654606746 0.03330968711538861 0.9990594331008419 0.027955521449043844 1.6837469503572573 0.9394134047933932 -0.040846837388874256 0.3403619381194804 30.428611352511464
0.34121581519709626 0.013356252314060787 -0.939894202721695 -62.4833852415753 0.031153163408072927 0.999194333584378 0.02550836192716454 1.6944506721983943 0.9394755771080296 -0.03798608369040147 0.34052053246141506 30.689978776834042
0.3405459379810991 0.009098907526046555 -0.940187791275438 -63.164371961135636 0.03298952486737067 0.9992270738171987 0.02161919214256137 1.701233206920824 0.939655693090436 -0.03838015626363755 0.3399784212593785 30.93991632386434
0.3403205882351435 0.006939160820945546 -0.9402877567483177 -63.86722749032317 0.03434907504579299 0.9992187796637111 0.01980607895669037 1.7116864557227924 0.939688614695507 -0.039039803523903446 0.33981236433886547 31.19806840349006
0.3408835042689804 0.007261079480002787 -0.940081543124972 -64.59031096386855 0.03408668983674903 0.9992226219033864 0.020077843036077177 1.7261138487619532 0.9394945932509428 -0.03889034250051173 0.34036713158419224 31.46071760469214
0.3417604208775765 0.007855175615261367 -0.9397583843331347 -65.30192943406293 0.032770567706309386 0.9992625537412142 0.02027019837919175 1.7396412790692555 0.9392227110571535 -0.03772579108464125 0.3412469339141565 31.71679863830988
0.34191354380836764 0.00721828495515244 -0.9397081499756483 -66.01335505873024 0.03087583760925106 0.9993498184992984 0.01891044397330245 1.746977636561157 0.9392314567250907 -0.03548208181059803 0.3414646482185606 31.97285733063497
0.3413586016220392 0.0038808496315277012 -0.9399297855449616 -66.65288058046605 0.0308523521294119 0.9994118361463806 0.01533087556773888 1.7485764411753721 0.9394343739456811 -0.03423448070809732 0.3410344533279306 32.206925745088405
0.3408962444193605 0.0007432747083908572 -0.940105353829482 -67.27277552554673 0.031227227162624095 0.999444561367827 0.012113126615046217 1.7484591886372254 0.939590193200783 -0.03348848385559474 0.34068019746077044 32.433325757471856
0.34129883246670645 0.00022522777482016673 -0.939959676235568 -67.91069823525892 0.03112235443983706 0.9994549116592337 0.011539362375358447 1.7504199229465889 0.9394478683037231 -0.0331946151802361 0.341102246415122 32.66632346636501
0.34180833847252984 0.0002559016571297133 -0.9397744556737591 -68.55764587471114 0.030248441628140926 0.9994847825760484 0.011273237372440948 1.7543722125342487 0.9392912121812975 -0.03228238243797142 0.34162095487476074 32.899201612646216
0.3426278583444251 -8.845820514470626e-05 -0.9394761764380869 -69.18719293720787 0.029149486207946333 0.9995254091429655 0.01053586248326214 1.755167663974744 0.9390277470333258 -0.030997635269036622 0.3424642645858605 33.12757485106683
0.34305609090262656 -0.0018238322116957725 -0.9393183222384892 -69.81129619389843 0.027789893168479674 0.9995861098892221 0.00820771081416578 1.752155306518684 0.9389128785856182 -0.0289217007750468 0.342961107175347 33.35526562317021
0.34314904103099203 -0.0045327501067746944 -0.9392749776753584 -70.4412746665731 0.02780519548081917 0.9996047710067649 0.0053338788986198905 1.7475905670069434 0.938877892563579 -0.027949129070022165 0.3431354020472589 33.58883679433603
0.3435353715518707 -0.005559023850693356 -0.9391282004511964 -71.07204063917706 0.02814307993362481 0.9995999548348591 0.004377349181488067 1.744437671394083 0.9387266227617413 -0.027935734467403862 0.3435501399348132 33.82208301196836
0.3443329923072962 -0.005470689693275923 -0.938836473202281 -71.73483275405641 0.02801193773984703 0.9996032214956319 0.004448374053407495 1.744441626148824 0.9384381510950223 -0.02783215007585485 0.3443453098309309 34.06570297606786
0.34517737067228677 -0.004438564727392054 -0.9385318413817063 -72.42080669714703 0.027434714203022376 0.9996149348613547 0.005361876393771562 1.7469018851015075 0.9381452448817278 -0.02760148804032552 0.34516198617592775 34.31674724841869
0.34561474291995076 -0.0023335198926290853 -0.9383781129711941 -73.12668631339783 0.026331245778385262 0.9996328904730125 0.007211638940907561 1.752048872697221 0.9380158297323168 -0.02720334820022473 0.34554502958512484 34.573924230444206
