1.0 0.0 0.0 0.0 0.0 1.0 0.0 0.0 0.0 0.0 1.0 0.0
0.9999996423721313 -0.00035572052001953125 0.0007816851139068604 0.008148863911628723 0.00035572052001953125 0.9999996423721313 -6.096065044403076e-05 -0.0045579103752970695 -0.0007816106081008911 6.140768527984619e-05 0.9999995231628418 0.9983930587768555
0.9999969116955811 -0.00013088986419385051 0.0023946129558289897 0.015687897095876813 0.0001306618480640953 0.9999993855862026 0.0002802238527515044 -0.008594808840254098 -0.0023948668682396423 -0.0002794831630699157 0.9999968527906287 2.0197801207620687
0.999991810086344 0.00011954661666440633 0.003941535076784269 0.025144425253312435 -0.0001230616028085286 0.9999986668481738 0.0010482074152028595 -0.012674434170572332 -0.003941699678901571 -0.0010482545252687324 0.9999913835589711 3.048378739624532
0.9999880176633621 0.00024393343777063056 0.0048395192653097946 0.03614353988498341 -0.0002491723296798623 0.999998602356237 0.00120850732064209 -0.01792673262392471 -0.004839444161694816 -0.001209320973891282 0.999987318239683 4.127637188755907
0.99998326865097 -0.0009621787882367889 0.005634979105617011 0.049684843372530416 0.0009544447516717672 0.9999978830332574 0.0015102756503502209 -0.023310459057542705 -0.005636577929703803 -0.0015045546152985378 0.9999827461593637 5.143661276033753
0.9999790956653738 -0.0012133548125215518 0.006311419725297669 0.06341323129404591 0.001202032711623661 0.99999694138019 0.0018982613370595708 -0.02824212473758439 -0.006313884478535443 -0.0018903509298555654 0.9999781695926709 6.242545405505887
0.9999744189700763 -0.001281727608927484 0.007039386423720382 0.07612290657405042 0.0012680037422558054 0.9999968900580162 0.0020088682578929566 -0.03373126599617085 -0.007042036839990431 -0.0019996985081084558 0.9999733053202821 7.255331800269329
0.9999702583669665 -0.0019385696593674435 0.007443014366503415 0.09070845641757055 0.0019246593520163135 0.9999956688324148 0.0019656449911437074 -0.0398949420123535 -0.007446935398949733 -0.001950814464774467 0.9999704315241007 8.336809627386838
0.999968413534815 -0.002180934236452567 0.007603356627852707 0.10318150483225517 0.0021687221212696355 0.9999953366419428 0.0017446115400572648 -0.046001174191390826 -0.007607593551841154 -0.0017274527579471419 0.9999694936039204 9.378246811487905
0.9999680262956611 -0.002508841996347718 0.007544457477909503 0.11437541841660498 0.002496558978821395 0.9999942588547158 0.0017843893184772183 -0.05049857038082104 -0.007549405307467499 -0.001764655349099257 0.9999699913147625 10.419141296813656
0.9999680634294497 -0.002652870711452708 0.00752322108146841 0.12484431519022837 0.0026398260979375366 0.9999938375244771 0.0018868267495813285 -0.054312863093617755 -0.007528709454977907 -0.001866061144537543 0.9999700880534453 11.449185558422545
0.9999668182472847 -0.0025822975634859084 0.00769752660024474 0.13644582581747053 0.0025689249689649276 0.9999938013954781 0.0019107711503230345 -0.05843294250305339 -0.007703123847034997 -0.0018899577942830415 0.999968731423859 12.490962969738035
0.9999627998748882 -0.0024055830090867958 0.008248093639658303 0.14941480761114775 0.0023908478769481306 0.9999944628561703 0.001928248796006149 -0.06272185811587995 -0.008253219121933702 -0.0019076814824719032 0.9999643403056193 13.541838766546006
0.9999574882470595 -0.002318328622387897 0.008888758837243906 0.1640834899240981 0.002301486744838619 0.9999946244291499 0.0020168330746224298 -0.06683506518132573 -0.008893805922539192 -0.0019955168807968457 0.9999588251550869 14.574302569675208
0.9999471970728177 -0.0024436708223991225 0.009919727861176396 0.18077842481680684 0.0024228147876538997 0.9999935366128113 0.0022409935025095662 -0.07037931065209704 -0.009925713987544403 -0.002215662166380267 0.9999485526942604 15.59640365525446
0.9999357287421812 -0.0025433995095209576 0.01102139707719178 0.1991789444331667 0.0025186620497193997 0.9999932903209429 0.0023532297734700468 -0.07462168242632888 -0.01102772364464601 -0.002324320668999556 0.9999368353723275 16.625192587751833
0.9999201941915902 -0.0027845706646164 0.01228853254862836 0.22113448902364086 0.002756060865478744 0.9999923882692993 0.0024322218467161877 -0.07637723887404602 -0.012295684571290353 -0.0023970798286072318 0.9999219076338803 17.660162994083247
0.9998997274037464 -0.0029413153979459695 0.013782440593658782 0.24327024481601145 0.002907063956249065 0.9999913285932706 0.0025989823736413914 -0.07856468884263641 -0.013790593897201657 -0.0025574522074751846 0.999901771093792 18.662489195306
0.999878875347005 -0.0033559991704598733 0.015146184334937127 0.2666852816329199 0.003311085846281953 0.9999885652429269 0.003072540111172835 -0.0806212209576933 -0.015156913825495884 -0.0030207592956593386 0.9998808482027536 19.681166457704506
0.9998565043815865 -0.003726036991068235 0.016469944557513327 0.29186741593576 0.003673993202981323 0.9999863641065642 0.003282407970469525 -0.08403506644302415 -0.01648271052167964 -0.003219689911884125 0.9998592563036688 20.690754600708875
0.9998305590006339 -0.0038767476375720523 0.017945666652363156 0.31843450913614674 0.003817257733083502 0.9999851374335393 0.0034415172858239685 -0.0876956022131683 -0.01795963716945821 -0.0033705727510198536 0.9998332323876266 21.693894481760303
0.9998074330728207 -0.0038039884666484667 0.019203266708272954 0.3453555458902032 0.003741103663915816 0.9999855653526736 0.003401880206223562 -0.09239786669542908 -0.019216858161600753 -0.003327363007257638 0.999809841563189 22.697333058835568
0.9997873214645774 -0.003522402854008814 0.020290726242007607 0.3719642652299285 0.003453955731862187 0.9999863155130418 0.0034966361495769507 -0.09584729747454604 -0.020303636192834318 -0.003423927049818659 0.9997881546760182 23.700714423374254
0.9997705070537405 -0.003641378231902816 0.021080984128926252 0.40037157353321046 0.0035662833967467604 0.999985519115531 0.003681248522635781 -0.09867689604995405 -0.021094928274320073 -0.0036035956720091578 0.9997711723045856 24.692444331604882
0.9997560294661618 -0.0036382489608559735 0.02176524034663197 0.42882966736131845 0.003561349965912931 0.9999855130566253 0.0036555691656463447 -0.10222719491229361 -0.021779112448515724 -0.003575372747895991 0.9997563612033493 25.688608488136335
0.9997418950417085 -0.0036983023189002275 0.022393544117521744 0.45716853751675623 0.003623575730985342 0.9999860213641414 0.0034559260578587193 -0.10658110960682993 -0.022406851734116013 -0.0033721668627641425 0.9997432329105302 26.656479117096662
0.9997297346148416 -0.0036687652971718544 0.022941512747347338 0.48490752165078116 0.003595726774797953 0.9999869253366994 0.003292211157815625 -0.11062790974997266 -0.022953943316982455 -0.0032072968254896685 0.9997314643753956 27.622509380258357
0.9997198066979454 -0.003872424938375907 0.023331271249145757 0.5126875334785734 0.003802611519293028 0.9999866369829014 0.003099971623412564 -0.11431389969954787 -0.02334357034461923 -0.003008482442352596 0.9997229143563572 28.57432740621132
0.9997117050555752 -0.004165807819044992 0.023650306808922807 0.5405309144854579 0.004096843305757713 0.9999860131673912 0.0030168299019054995 -0.11749375962508901 -0.023663057578002047 -0.0029173589381951697 0.9997158454907371 29.530100594435147
0.9997037320910038 -0.004301582480280451 0.023963428305334145 0.5683270722473713 0.004233763150904609 0.9999855237332841 0.0029341593323250546 -0.12056411126094935 -0.023976205865911208 -0.0028299447662615516 0.9997085678994578 30.485117642043107
0.9996964890394884 -0.004932529441803253 0.024147739807826994 0.5971487578742471 0.004878739328154591 0.9999842498091116 0.0023362084916868594 -0.12537094354884004 -0.024159383657495277 -0.002215853802405172 0.9997057247723015 31.437831388221014
0.9996942828780547 -0.004813198926175775 0.024288459700888353 0.6239433967589588 0.0047718488663939405 0.9999862757508501 0.0017931776704665165 -0.13139054489694274 -0.024296927293037156 -0.0016753144862485198 0.9997038321239051 32.36841035574225
0.999689302792478 -0.0046307828061252325 0.024529634475506733 0.6508014419001578 0.004592904297878662 0.999987425749241 0.0016274641253445205 -0.13306987494567038 -0.02453697235414774 -0.0015131934404691472 0.9996982695942341 33.304895189767464
0.9996865208567894 -0.004420350856684276 0.024680170529664196 0.6761134585886593 0.00438079626610751 0.9999880045013309 0.0016878503090633089 -0.13382387787905842 -0.02468758330973332 -0.001577801602068163 0.9996944776337409 34.25371526864523
0.9996832511120796 -0.004564745114476093 0.02478448424239233 0.70249824829634 0.0045266204284247795 0.9999877197135214 0.0016189867163580258 -0.1364311151098781 -0.024791701147829664 -0.0015048650571851555 0.9996920185133836 35.18534259149718
0.9996814626883004 -0.004410901905159065 0.024909362827724216 0.7272677685812579 0.004376578460999112 0.9999890416783667 0.0014416313550339192 -0.14016932889989006 -0.024915251146155372 -0.001330944944842363 0.999689567203972 36.1091537380661
0.9996788186018138 -0.00407348524019182 0.025065758811783197 0.7518299017898809 0.004043405291496487 0.9999910130577891 0.001250149072615989 -0.14424682936269348 -0.025070292102065593 -0.0011473682600638157 0.9996859462041222 37.044010730599304
0.9996773920273844 -0.003951455364553424 0.02513775230055735 0.7765280659797785 0.003921394627806786 0.9999915106723949 0.001246953367162131 -0.147381887795629 -0.025142099230118387 -0.001146910787379482 0.9996841450833751 37.97717222605305
0.999678944981811 -0.003989117612672736 0.025070062355958087 0.7998793855127511 0.003953723821486776 0.9999911123182906 0.0014648124324160927 -0.14925908024928475 -0.025075310718247583 -0.0013642750249048565 0.9996854564079698 38.89351217833167
0.9996785455612349 -0.004087555155731701 0.025070314478255293 0.8244199522363305 0.004055349186848491 0.9999910190087169 0.0013351427943199526 -0.15245574120029365 -0.025075211020365158 -0.001232304076893652 0.9996857592108978 39.818863481348664
0.9996782506798516 -0.003915286700752803 0.025110164759188845 0.8477008771800782 0.0038879883262094113 0.9999919658946175 0.0011342564581483842 -0.1561922312166172 -0.02511403361731684 -0.001035455793373376 0.9996850279989037 40.73377960627346
0.9996798724836496 -0.0034812480344795995 0.025101174312016583 0.8700375964280567 0.0034620969917932352 0.9999936389479331 0.0008037111122520353 -0.1610273614853658 -0.025103544907702717 -0.0007157472122361388 0.9996853900990913 41.64351029340087
0.9996801685395917 -0.0033200125398844447 0.025097262631495185 0.8924993083753018 0.0033055188209547286 0.999993968050955 0.0006247930342158434 -0.16496468073414453 -0.02509910388006272 -0.0005406869202627129 0.9996853935229675 42.54820068932003
0.9996885014341291 -0.0038244126296369026 0.024684518000790148 0.915100060092758 0.0038140515376531643 0.9999925022257842 0.0004703628423323083 -0.167990603880969 -0.02468599259244049 -0.00037514842602361846 0.9996959711235515 43.4543663937462
0.9996975760361883 -0.003961688418468428 0.024305445998243098 0.9363442471484784 0.003942647424330105 0.9999916040006949 0.0008304659854270238 -0.169191889865481 -0.02430829788983408 -0.000733564861034807 0.9997050427845195 44.371083965920704
0.9997034531553672 -0.003896157307859799 0.024084421781079782 0.9571869268890196 0.003876552248957317 0.9999919668334687 0.000849770706915785 -0.17164582849181242 -0.02408712747009893 -0.000755340536938021 0.9997105196328212 45.28254151025246
0.9997121388642953 -0.0031432464742927203 0.023830352834586517 0.9761276421849894 0.003136365202728302 0.9999948071498072 0.00032330687648435144 -0.1764920528204595 -0.023830929690196737 -0.00024767474001407934 0.9997166105046251 46.17968209800821
0.9997209160166136 -0.0019432244803408113 0.023599793993093015 0.9944672185950021 0.001955900545484394 0.9999978291155903 -0.0005257733179630875 -0.1828572655131321 -0.023598084727853092 0.0005723141060320774 0.9997223801992742 47.08001569725109
0.9997328196853257 -0.001590015494843947 0.023119172926077788 1.0158232853021514 0.0016240370936187998 0.9999975082604778 -0.0014620308977406206 -0.18915067224217 -0.023116263580645325 0.0014997327922957626 0.9997326364966959 47.973395848901994
0.9997397097494661 -0.0008596493685976037 0.02286614643887159 1.0356800542986437 0.0009056402774309047 0.9999974454261242 -0.0020174207406942024 -0.19533023838933172 -0.022863608952627915 0.002037852235182583 0.9997376155501009 48.89171126599294
0.9997412999848164 0.00045370319097339705 0.022798194930418923 1.0540896543180638 -0.00039497761477269225 0.9999962659673403 -0.0025946321963954706 -0.20230461101737435 -0.02279869047907462 0.0025855037178180267 0.9997375874267448 49.81405017724973
0.9997394013397942 0.003053646916485905 0.02266043065490184 1.0685648410266024 -0.0029791791804834196 0.999989393089603 -0.003333417568169824 -0.20968802144152482 -0.022669897875542733 0.0032657888613259745 0.9997380957155745 50.7128113218024
0.9997347284885368 0.005074787712286425 0.02250344264563094 1.0838338183422773 -0.00498428641597419 0.9999785586943407 -0.004094159521994843 -0.21823373469035867 -0.022523105820366714 0.003981621095669327 0.9997391168820414 51.60906146264098
0.9997512356002753 0.004976607101001355 0.021789817856913474 1.1019647543520361 -0.004891101010665519 0.9999796256494193 -0.004005694048980622 -0.22445771433935682 -0.021808397518897262 0.0038986678020758716 0.9997554227290939 52.530593100504795
0.999785113885385 0.004438594456619623 0.020297624879267583 1.1176386000819742 -0.004421716746288429 0.9999894214851162 -0.0009083198190662422 -0.22468187776122323 -0.020300525446753544 0.0008188722976982276 0.9997945130472653 53.44361020324478
0.9998125282530981 0.004099267536438563 0.018957217980594035 1.1327725463230187 -0.004159568858734444 0.9999858706025732 0.0031200123700253417 -0.22052554035082594 -0.01894294713178145 -0.0031981815892743633 0.9998159070780289 54.37311868378555
0.9998399595703765 0.003140232692102253 0.0176648610843666 1.1474175702321594 -0.0032592057929666774 0.9999721740124733 0.00667847054311099 -0.2138365682310729 -0.017642541599457443 -0.006734481071940988 0.9998226283500128 55.31621734547469
0.9998760885462233 0.001802088116690229 0.01572905247182361 1.1617967425756446 -0.001915834616376322 0.9999725252501127 0.0071625654894824035 -0.20911017221014505 -0.015714874025006063 -0.007191313874385317 0.9998514490345717 56.26338708125177
0.9999019187152206 -0.0007467127624759685 0.014133754436634186 1.1765800558161676 0.0006702250776620508 0.9999867059872559 0.005296505747789506 -0.20859034450793104 -0.01413627955982208 -0.005286697549201632 0.9998872282227245 57.20671111479216
0.9999139503994952 -0.0019892872493332404 0.013109377098564957 1.1895940463339694 0.0019410573773038125 0.9999927261730709 0.003569977362541953 -0.21063536730058036 -0.013115300487338097 -0.0035443675352835975 0.9999087068531639 58.11426053686734
0.999917116219005 -0.0026753261835371286 0.012750946155638158 1.2035462230978264 0.002638999264878697 0.9999937822506069 0.002726979713920911 -0.21309628701334798 -0.012756953781338835 -0.0026934729280128846 0.9999159387208179 59.03447170209079
0.9999201992388991 -0.0023481080932153727 0.01256822153175141 1.215772505500282 0.002323928403088402 0.9999964072449301 0.0018069740677950615 -0.2185245650603195 -0.012571194397528896 -0.001778022680996393 0.9999201223104512 59.95175958366405
0.999923724438028 -0.002072971406695403 0.012329456451336264 1.2270963932567578 0.0020581688400218945 0.9999980543991709 0.001072117830322127 -0.22393499476934417 -0.01233050226811634 -0.0010469455932674535 0.9999241533439196 60.85734388007877
0.9999248428564141 -0.0016382361406828737 0.01231170621094469 1.2383847082600188 0.001629095742976742 0.9999993763923174 0.0006069553693679559 -0.22969449115412297 -0.012311487591599534 -0.0005872355712942637 0.9999248710802621 61.76474036061233
0.9999220859994761 -0.001551210515436745 0.012532617525250327 1.2531224357322757 0.0015416703581856426 0.9999993795166449 0.0006403362179022015 -0.23116057122151 -0.012532431548034777 -0.0006214497106452955 0.9999219522441831 62.675602022064794
0.9999222544461541 -0.0018326466159224745 0.012503115504009106 1.2663347161994098 0.0018080612557119927 0.9999980833883149 0.0018366471453715606 -0.2293612537632189 -0.012505213876844685 -0.0018144534175188643 0.9999210187871479 63.59070159516401
0.999936746600754 -0.0017048020247449798 0.011296067344354102 1.275090384777804 0.0016676092937533565 0.9999950892952181 0.0031526203083343148 -0.22724626502085665 -0.011300131855964027 -0.003134093373864399 0.9999321425701169 64.52992030408919
0.9999494395000065 -0.0011863058822092034 0.0102142348265431 1.2803606193578012 0.0011463505547270423 0.999994065067477 0.0037158351275038606 -0.22539806059468442 -0.010217149088114101 -0.0037047104194924325 0.9999419307852475 65.46199730029645
0.9999491619653791 -0.000277800878090047 0.010293692362836098 1.2884001570786694 0.00024245309990553166 0.9999962764680461 0.0032555118045431547 -0.22777259926767002 -0.010293393387779935 -0.003253315402244315 0.9999427109889703 66.36107683213646
0.9999456659445575 0.0006242876650667302 0.010598689114761115 1.299859781837978 -0.0006495243020544704 0.9999988418433892 0.0022041609515417787 -0.23411749970654783 -0.010596242907120804 -0.002211359252945992 0.9999421604990705 67.25538104340771
0.9999397707108603 0.0011555167085605328 0.011100669768155356 1.3122288090122778 -0.0011747951587294538 0.9999997233580578 0.0015677936723521545 -0.24074649782345467 -0.011097906768324497 -0.001581329640401385 0.9999380049773487 68.15707818729577
0.999933344249692 0.0012940796060631349 0.011649025980287771 1.3253929965416358 -0.0013128051983109955 0.9999997671538439 0.001436495716300686 -0.2448884819636859 -0.011646195443071466 -0.0014521763088002238 0.9999320047185796 69.07087925165015
0.9999314167041936 0.00038475301430205563 0.011874599444606938 1.3394389951763004 -0.00040308518917405535 1.0000005474850597 0.001392687675396856 -0.2478208660592799 -0.011873129474449582 -0.001397966071630988 0.9999291419578141 69.98359039825266
0.9999317370933303 0.0005246309326215607 0.011843033197114062 1.3494503173161068 -0.0005416222345223512 1.0000007465384075 0.0012950977257626787 -0.2511928946608169 -0.011841466720744185 -0.0013021369062385844 0.9999296527728941 70.90325029189492
0.9999323016375548 0.0007312384570303289 0.01177620227525584 1.3600937180455483 -0.0007432082947996919 1.000001135278128 0.0008646089772363863 -0.2561256020887826 -0.011774539598879497 -0.0008740886975560526 0.9999308829123064 71.81544222740786
0.9999331868702505 0.0011492200083703505 0.01168524451167461 1.369934478219518 -0.0011565184307170391 1.0000009488417851 0.00044917180199674023 -0.26118371959291076 -0.011683467665557829 -0.000463745726576628 0.9999321943626254 72.7212597212741
0.9999382426041891 0.001136453328845701 0.011254071863940427 1.379369530370539 -0.0011409765596130071 1.000001020341902 0.0001982277000750624 -0.265056987389483 -0.011252353819649338 -0.00021213705566279246 0.9999372859111064 73.65586189867288
0.9999451566062001 0.0008822685498196994 0.01061752950255165 1.3876177142544333 -0.0008865463310814223 1.0000008276526577 0.00022690855479112485 -0.267665548115061 -0.010616102450362363 -0.0002371733639284282 0.9999439069045488 74.57399825115549
0.9999714223690154 -0.000320826972573255 0.007839854325031823 1.3939878228829596 0.0003175661994335727 1.0000017987165897 0.00012582199025824707 -0.2702180863037239 -0.00783851937131582 -0.0001244676051107495 0.9999696052817871 75.49495891252616
0.9999997525448854 -0.0007003786056836934 0.002006011815148285 1.3927601630790305 0.0006980962220102496 1.000001458745752 -3.219729183936672e-05 -0.27345061455998676 -0.00200471445789033 3.244140916697359e-05 0.9999980692224135 76.41867390237228
0.9999988934498792 0.0008263250160263307 -0.002203038920657188 1.3851127514347576 -0.0008286540949424381 1.000001214023582 -4.84863146361432e-06 -0.27506428893770174 0.0022040518588093173 5.680416457783755e-06 0.9999971501605873 77.33201664195242
0.9999841357604811 0.005206547828443831 -0.002797111318610028 1.3751579286459301 -0.005210506355233722 0.9999875072959594 -0.0005753699271827276 -0.27804182709159897 0.002795050715512714 0.0005891794950766282 0.9999951829367343 78.2338970283568
0.9999724334331472 0.007655366748030305 -2.339980639852685e-05 1.3784248096680882 -0.007657681642860482 0.9999702692990137 -0.0017212070077740726 -0.2864685140320274 1.112355729769414e-05 0.001720630896255643 0.9999975172223908 79.13709084407802
0.9999728527549794 0.007288761046765535 0.0019718201928868103 1.3894019392181924 -0.007286352321663663 0.9999715854944842 -0.0023250356594871086 -0.296311703780108 -0.001987810439368559 0.002309905855434379 0.9999943214470061 80.0272650842934
0.9999748976182662 0.006776082227341825 0.0028811997226855374 1.396745559819118 -0.006776802829039322 0.9999782511680859 -0.0008049897533455594 -0.2996602108504685 -0.0028859035296297233 0.0007849281744128217 0.9999947509182416 80.92859699853392
0.9999778209490148 0.0057816374373019334 0.003983223079566949 1.4051622614247024 -0.005797540790846273 0.999980004040931 0.0031612476254619473 -0.29708826035336594 -0.003964687487207245 -0.0031843635165024545 0.9999865417384934 81.8520830078661
0.9999679092752146 0.00646262410839158 0.005239076052015446 1.4135859136788298 -0.0065026022955209815 0.999956052566948 0.007001562243924282 -0.291996912225187 -0.005193598036220354 -0.0070354516546324315 0.9999613520560136 82.77074431541615
0.9999560381049141 0.007523009214877899 0.006104415949866204 1.421777321725908 -0.0075811901830768495 0.9999342900562972 0.008836879636498114 -0.28733210257597924 -0.006037702934640747 -0.00888293166351426 0.9999422389750088 83.63653083454622
0.9999473831128144 0.00812274910922127 0.006763623548110838 1.429664644521141 -0.008185891599652696 0.9999317923441794 0.008627023510455878 -0.2865500756518095 -0.006692554874154776 -0.008682711356906198 0.9999401883693465 84.45704969566853
0.9999400269250178 0.008479442224299798 0.007440200646563627 1.4374272970883692 -0.008548175530221873 0.9999304669221367 0.008505434270055285 -0.28503209829869625 -0.007366558650455309 -0.008570098324153085 0.9999366018196646 85.2359354374153
0.999934309661736 0.00866415626728216 0.007966056413482414 1.445255631552521 -0.00873740722057919 0.9999282614201382 0.008539380938013869 -0.28217304861671455 -0.007890742398337716 -0.008609782034640535 0.9999320431393728 86.01925944494815
0.9999285253127526 0.00891093694093461 0.008386358278078827 1.4523016309941852 -0.008988359468764006 0.9999250088482846 0.008628452004149327 -0.2789662509497581 -0.00830822806435501 -0.008704441452351639 0.9999277554430502 86.77191256868102
0.9999215871766993 0.009303062500605032 0.008796926257389596 1.459154796637854 -0.009383982717878582 0.9999215610710454 0.00861582170296211 -0.27649888353597274 -0.008715461306563272 -0.00869884828674681 0.9999245404776094 87.5196864396003
0.9999169499980343 0.009388657286203183 0.009226817303250303 1.4668240635171783 -0.009471824282834546 0.9999220632979585 0.008454725072421537 -0.27542456649789 -0.00914608500014203 -0.008542654609136672 0.9999218489518715 88.1944265235152
0.9999113127674416 0.00962062844840647 0.009595288092890722 1.473774688719961 -0.009702175097689412 0.9999240954381913 0.007955853004320827 -0.2766126589792835 -0.00951741816975316 -0.008049637536940357 0.9999224294564032 88.82727704480494
0.9999075384677629 0.009679097742753068 0.009917702924591036 1.4804716172426833 -0.00975868279466663 0.9999271705337732 0.007492745135172734 -0.27735794496503335 -0.009843829576219548 -0.007590248018544818 0.9999227230640841 89.42605500101124
0.9999017928388987 0.010004625192352226 0.010179279666524937 1.4888168450123935 -0.010083813197356366 0.9999255468343544 0.007261961132271239 -0.275505293815571 -0.010105285558724107 -0.007365220579800809 0.9999218584551978 90.01418158114448
0.9998990302489034 0.010086743724712832 0.010393354798008583 1.4957899435382365 -0.01016306127053539 0.9999281509888083 0.0068097152142948215 -0.27509971563762425 -0.010323179702239593 -0.006916174175454728 0.9999229047386785 90.54948310463409
0.9998997121551291 0.009880037978732902 0.010528792746121642 1.5027323930958874 -0.009947369453178022 0.9999362897314829 0.00586613744271753 -0.2766174233633625 -0.01046935750685676 -0.005971956982980326 0.9999276861219865 91.08334220115593
0.9999012812385584 0.009483991978804998 0.01071778924657097 1.508714850058479 -0.009544275067344553 0.9999442606100309 0.005129602450536795 -0.2778902988271459 -0.01066812133895029 -0.005232795370802175 0.999929660776746 91.59045311665285
0.999898099418996 0.009349647593938266 0.011111360750835087 1.513625828055559 -0.009410377710215372 0.9999465469649512 0.0049793324114879595 -0.27784012681938886 -0.01106371287719085 -0.005085027407587127 0.9999262135165397 92.0739452753909
0.999892694746658 0.009475237104688498 0.011491996245324643 1.5176150559970294 -0.009537230594238687 0.9999456992356466 0.004909943715966225 -0.27787331525521475 -0.011444310424769573 -0.0050206698803888705 0.9999222104356087 92.544547798398
0.999890409834705 0.009395364651860237 0.011777500968514308 1.52097873592538 -0.009457373435422882 0.9999475283963087 0.004765476139000833 -0.2783861683282108 -0.011731278027046257 -0.004878367638250494 0.999919758153378 92.98770213944155
0.9998886263335065 0.009294600188621426 0.012029592054201652 1.5238983234815529 -0.009355386118852713 0.9999498237686367 0.004536795070163601 -0.27933353146825135 -0.011985769109955862 -0.004650824796748493 0.9999179986716994 93.41072915464305
0.9998868103430039 0.009165901951626112 0.012289984109575717 1.5264723680097974 -0.009225779738893594 0.9999520385544818 0.004368384045790667 -0.2795969916627912 -0.012248290010426923 -0.004483184486719843 0.9999157499435675 93.82333153205126
0.9998849122775445 0.008982852224027537 0.012576062699912764 1.528764351752733 -0.009042922591660696 0.9999542503099761 0.004275737873132203 -0.2791814565630846 -0.012535997504384373 -0.004390889020714607 0.9999125793594082 94.2346160724062
0.9998869679969961 0.008377207955052457 0.012864164110752163 1.530920067559836 -0.008438303789266926 0.9999601173855854 0.004238769520517583 -0.2781145976202938 -0.01282689861353219 -0.004348842906869826 0.9999092335329467 94.63604734600739
0.9998838341124171 0.008305690802146165 0.013154374813208712 1.5326010550509723 -0.00836569305054798 0.9999615266748574 0.004051004324932505 -0.27842037960445015 -0.013118898430740948 -0.004162571053664176 0.9999064158001895 95.01883530388051
0.9998809006926951 0.008145459962379517 0.013496796234664049 1.5351838537854958 -0.008202827923269306 0.9999642673779504 0.003740003383097275 -0.2793020322635472 -0.013464395746268723 -0.0038526167321139074 0.9999031124965353 95.396619770923
0.99987850785346 0.008207871325108276 0.013654015847186732 1.5370499213015176 -0.008256990980166324 0.9999658762140979 0.0030953797335750545 -0.2814178978212739 -0.013626808146746609 -0.0032097604487335797 0.9999031648137454 95.74886688765947
0.9998788959632082 0.008055060522506385 0.013708758882033423 1.5394604337186946 -0.008091666531519588 0.9999696160943197 0.0021738841668273966 -0.2839680424026757 -0.013689678229693924 -0.0022865534205248937 0.9999047950702324 96.09920268300647
0.9998808329813639 0.007622461215982732 0.013800270954380927 1.5419400150343767 -0.007647657219038103 0.9999746253926224 0.0013303930394387735 -0.2860289807128256 -0.01378867062016845 -0.001437742024452159 0.9999049588624689 96.45587837537181
0.9998791082563055 0.007555564480844453 0.0139881677614128 1.5496021120894483 -0.007577878479595809 0.9999759702596099 0.00108057533621322 -0.28746147178414166 -0.013978330799817121 -0.0011886325520808494 0.9999028179148494 96.83850085251504
0.9998771714511313 0.007416925410685377 0.014175993389269892 1.5546740127246292 -0.007435301604513798 0.9999769807561055 0.0008119648622891317 -0.2885758622826879 -0.014168496658253125 -0.000919162026644572 0.9999002430216954 97.19590422532349
0.9998738657766223 0.007413807225534733 0.014394040951498911 1.5585289556894366 -0.00742871342062424 0.9999771265260798 0.0005467333468081483 -0.290409143573621 -0.014388388897676635 -0.0006555193525512248 0.9998973082134655 97.5616572977329
0.9998704759423939 0.007472495402856642 0.014582638570305066 1.5617546551972141 -0.0074831146503070885 0.9999768819728099 0.00025236582866518297 -0.29256927903119 -0.014579303543099938 -0.0003634062669378191 0.9998946954288084 97.91864212645821
0.9998670197328455 0.007604666825831051 0.014735428307353861 1.5641064954791477 -0.007611865162887363 0.9999760906623542 3.37476350207445e-05 -0.2946886498763144 -0.014733940855329683 -0.00014772340535152903 0.9998924632955146 98.28244356237576
0.9998640675202385 0.007698908306486922 0.014895260155524528 1.566640899895406 -0.007703571060878533 0.9999757578692222 -0.00015296506870488542 -0.2966418319275288 -0.014895023094701839 3.604016653501504e-05 0.999890353088917 98.66207744752384
0.9998593310060079 0.007984704756728028 0.015061364977684509 1.5688569282304017 -0.007985587213930518 0.9999736652704311 -0.0004123718106595622 -0.2990701510908865 -0.015063218236462061 0.0002898997429208892 0.9998878397109776 99.03351824987858
0.9998571023246504 0.008222203094007697 0.015071388931302316 1.5711654227420648 -0.008213799729720079 0.9999712910801488 -0.001026313213804004 -0.3025703494197781 -0.015078389788394615 0.0009003497196988338 0.9998871984591734 99.4083387123828
0.9998559974462253 0.008301261727681655 0.015125302210036627 1.5735547231797553 -0.008286340100098126 0.9999705976901808 -0.0014719309028904328 -0.3058960429723572 -0.015135883142000645 0.0013441574511718587 0.9998861678687809 99.78901568135865
0.9998575356916019 0.00806136124764385 0.015163257248187467 1.5762980125952037 -0.008044266122030684 0.9999721718715023 -0.001602397325497263 -0.30766963041340617 -0.015174566426361167 0.0014781889017602616 0.9998854020104136 100.18474484458382
0.9998562881774209 0.008117793536715073 0.015195800346572898 1.5781192990591537 -0.008098090383193304 0.999971196086542 -0.0017534344152215127 -0.31003371506665744 -0.015208612306743287 0.001628477003925397 0.9998844879656213 100.59307754025012
0.9998566114106251 0.008127265675621078 0.015161551377942962 1.5798789578348336 -0.008102555217269521 0.9999704601429164 -0.0020843321791548645 -0.3132981602072261 -0.015177150059397114 0.001959594026025732 0.999884130678664 100.99517432963606
0.9998538878763444 0.00843471571809936 0.01520782961544055 1.5816387258155615 -0.008405210243398352 0.9999675604970512 -0.0024146907371615403 -0.31698982045317114 -0.015226531335528754 0.0022846087952546087 0.9998828601119001 101.4089207399804
0.999852950851472 0.008567841058791048 0.015175954992656532 1.5833691137326729 -0.008534557694647355 0.9999656398763047 -0.0026604203437701787 -0.32044314068664814 -0.015197142521525554 0.0025288358563568584 0.9998826327153791 101.84013683776503
0.9998538191508959 0.008656304969183928 0.01506100733026251 1.5846911400252086 -0.008621462442689114 0.9999645279992845 -0.0028004392752393106 -0.3231196604409803 -0.015083409015946465 0.002668472215895261 0.9998839453230639 102.26678650295936
0.9998581120390085 0.008374814080877448 0.014937829195151846 1.5872531062695023 -0.00833988691126649 0.9999669987815868 -0.0028278692804755787 -0.3254394938402585 -0.014959676783211587 0.002701049268506919 0.9998857237928784 102.72553375028728
0.9998582621153014 0.008472933712053167 0.014888770309400865 1.5951707166241318 -0.008434551904334876 0.9999659417266578 -0.003092532345190641 -0.32939631739265457 -0.01491285339970449 0.002964285902974697 0.999885947088731 103.20210954646572
0.9998626422924858 0.008237847393715492 0.014720375706407633 1.600599087303835 -0.00819516271777972 0.9999667856001407 -0.0034150150391446038 -0.33287012449723713 -0.014746488249109816 0.003291539445942833 0.9998872788167475 103.68029639729133
0.9998647090935113 0.00815152210315368 0.014620193786010434 1.604617460951634 -0.008103585913753975 0.9999660405325661 -0.0037827710985211017 -0.33683302483947597 -0.014649128742004752 0.003661415594707031 0.9998872599812367 104.1723266114254
0.9998662785111522 0.008138191755850564 0.014528522042837475 1.6085384396838196 -0.008085087952099203 0.9999648442002287 -0.004170811468791684 -0.3417952407599925 -0.014560379812985629 0.004050153842784518 0.9998870139689333 104.69225467281206
0.9998750227172819 0.007531962279494181 0.014258501008921011 1.6125572609708283 -0.007470618127663507 0.9999665599760993 -0.004822331483540869 -0.34707757594272554 -0.014292674114864458 0.004712787910431054 0.9998880422818968 105.2205676294817
0.9998831497224424 0.007059829177354882 0.01391722036476939 1.6156912316809706 -0.006990589291282152 0.9999662680012973 -0.005490763303685369 -0.3526104938985638 -0.013953999119136029 0.005390505149202457 0.9998890306162572 105.74944391285825
0.9998898364609846 0.006727281963679436 0.013605608123335175 1.6191280158467143 -0.006657387356127628 0.9999675811863384 -0.005654019972564121 -0.35761199555125484 -0.013641658201402158 0.005560651474823264 0.9998924712964254 106.31397809376053
0.9998929045712468 0.006759637069563081 0.013372922106787704 1.6219115867668568 -0.006689155751577399 0.9999664691001658 -0.0057920367234132195 -0.36317054676773336 -0.013410051655676587 0.0056999633779608655 0.9998948569915543 106.88217568610152
0.9998974972139854 0.006751961359130379 0.013010746550985794 1.625526867219155 -0.006670798299275288 0.9999604876507213 -0.006753070137604832 -0.3714182489971999 -0.013054575969333432 0.006663971646861541 0.9998933604167992 107.46074274572969
0.9999120971076945 0.005622387584783601 0.01241142672652205 1.6298821054501789 -0.005535363556554691 0.999961801758085 -0.007531085873890751 -0.3784738309537432 -0.01245210611702405 0.007460089310903965 0.9998954279688556 108.06301107230395
0.9999219287383977 0.005076224235559237 0.011842772582054812 1.6320016436261489 -0.004991834105857235 0.9999636211774183 -0.007665712161993874 -0.3842773689764612 -0.011880087407343054 0.0076042850205307 0.9999013528489317 108.65587282149154
0.9999288685587089 0.005088672488025779 0.011210960842249955 1.633595810265132 -0.005003000953716378 0.9999593629921244 -0.008182659685789401 -0.39298177966576353 -0.011251214046573131 0.008124446121315049 0.9999045153368862 109.28390755795171
0.9999292325782646 0.005912029257260381 0.010782720920106282 1.6340837222687827 -0.005820719588675325 0.9999475216261177 -0.009042472662230234 -0.4023688567857133 -0.010834525443151081 0.008977383469276939 0.9999018046425128 109.91493145603138
0.9999251189665737 0.007196039762034376 0.010337022824571322 1.6336180712059736 -0.00710032297920806 0.9999315543585106 -0.009825264777620727 -0.41182767773996537 -0.010406452422940285 0.00974995585308502 0.9998984597653783 110.56155878913594
0.9999278971992461 0.007349049051815043 0.009921203320987435 1.6348150200738496 -0.007255178120687355 0.9999279845856952 -0.010039922561667664 -0.42005480167090875 -0.009993857150513761 0.009966335438722055 0.9999004108259658 111.22542714092779
0.9999328495804161 0.007151534814379897 0.009580432113246332 1.6380542994919143 -0.007059073944706101 0.999927170017162 -0.010232769609056936 -0.42890480254119195 -0.00965254454482254 0.01016389907558543 0.9999017364656686 111.90809615148196
0.9999281686472905 0.007509468163144126 0.009795611666692369 1.6459332468851309 -0.007414110747068218 0.9999240406125726 -0.01029374237827666 -0.4369934902123638 -0.009871833441855013 0.010219720352478114 0.9998989912860777 112.60720935625058
0.9999221876945665 0.008203882001075921 0.00985551333137301 1.651186478281436 -0.008105790887826841 0.9999168206206852 -0.010520565251609321 -0.4462867546093054 -0.009940443058886642 0.010438827412985246 0.9998965464319476 113.3201804392554
0.9999108887736973 0.009502223109096115 0.009835847261060033 1.6539970271218412 -0.009400411111782216 0.999901384948989 -0.010905056746304815 -0.4559942157378422 -0.009938125141719037 0.010810626989146303 0.9998925759720646 114.03477272569424
0.999897477241274 0.010724103084139078 0.009945731507774988 1.6584193238401985 -0.010616066999600486 0.999883852337053 -0.011393708290160003 -0.4675604247650086 -0.010066329377009936 0.01128591633453581 0.9998859278239355 114.77546637774734
0.9998789325706392 0.012291876348616114 0.009986776765655526 1.6620549228357306 -0.0121758552733217 0.9998575382625082 -0.01213463664706578 -0.48070802013740527 -0.010133990648112217 0.012010486824060081 0.9998767198349642 115.524666459297
0.9998699286019948 0.013057018126874365 0.00995817815609329 1.666747795469187 -0.01293793856916459 0.9998437983161468 -0.012492516326089404 -0.4932545038877088 -0.010118916301402783 0.012360946510919783 0.9998727818233077 116.29035862145635
0.9998623911837804 0.013634092669314138 0.00994060208771457 1.67107586544683 -0.013516946535624408 0.9998383752176868 -0.012297824791373145 -0.5031982751332584 -0.010106045019337826 0.012160855512927775 0.9998752698986045 117.0792662245469
0.9998450938558795 0.014875474908128438 0.009858917284176321 1.6730836623494971 -0.01476800783966194 0.9998308786488459 -0.011420203444782898 -0.5107210879588808 -0.010026803696882757 0.011272213840726719 0.9998859810826289 117.85239018371536
0.999821324498656 0.016469978621942792 0.009738830982801367 1.6751744687719639 -0.016374150307071903 0.999817332768005 -0.010361460652182686 -0.5173779362309926 -0.009907433961161338 0.010199606273347572 0.9998987202940045 118.64065929776264
0.9997950132153386 0.017995260136523656 0.00975191178355252 1.6777140050961088 -0.017908941777159515 0.999800413628469 -0.009384427608276407 -0.5240199613054302 -0.009918610271475808 0.00920740770806526 0.9999083591565153 119.4298842131899
0.9997884514057161 0.018418235278625485 0.009632255197911194 1.682696143893833 -0.01833817835973155 0.9997975389114352 -0.008858682032525187 -0.5309069744184234 -0.009793220649578648 0.008679729938643167 0.9999144005084948 120.25058163246382
0.9997807406155456 0.01892278938673922 0.009493018948787945 1.687372440842464 -0.018850172428751533 0.9997935442642757 -0.008208912924863289 -0.53761226100882 -0.009646303137080479 0.008027740631007295 0.9999214980109721 121.08324638600722
0.9997701775817924 0.019363461249202484 0.009707965900296302 1.693605468176826 -0.019297324492461715 0.999791361131108 -0.00739071228105158 -0.5441118970173857 -0.009848998610506367 0.007201257893725552 0.9999258164012962 121.9297503114054
0.9997629080102405 0.019730226957862668 0.009749496699261142 1.7004011931242364 -0.019670402799542942 0.9997890357765188 -0.006748422629785869 -0.5509075106438823 -0.009880357352810797 0.006554229529220352 0.9999301602243837 122.80839135295744
0.9997554103750534 0.020151566405078484 0.00964140561708357 1.706105981337 -0.020093169268508765 0.9997813037669094 -0.006661403873580875 -0.5585393715156061 -0.009773456782256284 0.006464977671499363 0.9999318013095968 123.67650972171802
