1.0 0.0 0.0 0.0 0.0 1.0 0.0 0.0 0.0 0.0 1.0 0.0
1.0 -0.0002016127109527588 -0.0002174973487854004 0.0018191458657383919 0.00020173192024230957 0.9999997615814209 -0.00033283233642578125 -0.0031825811602175236 0.0002174675464630127 0.0003330707550048828 0.9999998211860657 0.7323331832885742
0.9999998642245256 0.0002242993995800191 -0.00041474003589758723 -6.698804510003875e-05 -0.00022444722517001026 0.9999994094596092 -0.0005743602971257644 -0.005748495504483905 0.000414438106622228 0.0005748004560759412 0.9999996978489314 1.4921976636041685
0.9999997372326616 -0.00021103020209342524 -0.0009561304871904547 -0.0010613382419609307 0.00021020643519786497 0.9999998181841446 -0.0004482197313835215 -0.008051206771137898 0.0009561216530260798 0.0004482434442742099 0.9999995459002006 2.2678658961869025
0.9999995423168673 0.00018941271247446557 -0.0012483660040960446 -0.005414999712824041 -0.0001899610138447094 0.999999953164201 -0.00033485348436164777 -0.010086381684182627 0.0012480943729549158 0.00033522842765926127 0.9999991981441593 3.076559592784881
0.9999986861234251 -0.000374779325466186 -0.0017335624587361646 -0.007756502660883678 0.0003747200139585642 0.9999997815091881 -9.975504535291615e-05 -0.012450955691257024 0.0017333603895529725 9.936873999666699e-05 0.9999984924840544 3.862330553068869
0.9999987718111724 0.00013240198012563948 -0.001725132798564739 -0.011526314675498051 -0.00013284242808575823 0.9999998220268158 -0.00040585151003117044 -0.017351185991181316 0.001724845900190795 0.00040622875933644454 0.9999984168753906 4.642185379455916
0.9999990250916445 0.0006199440171651672 -0.0015409859401483402 -0.013952580051279289 -0.0006211083983752679 0.9999993309560894 -0.0008686761143009247 -0.02348737776857142 0.0015403502522117766 0.0008697512977921958 0.999998427394193 5.401443043361961
0.9999988279021085 0.0014177359641272093 -0.0013479588413306688 -0.016906883428383042 -0.0014196421389849618 0.9999981763356114 -0.0013530241054771502 -0.02926780969051105 0.001346298416325705 0.0013547316553880284 0.9999984232375649 6.167199553164198
0.9999990058315419 0.0015513480035666651 -0.001251967302498764 -0.018757974665382385 -0.0015535035126851653 0.9999976068270511 -0.0015014567635018977 -0.034278875928722016 0.0012500644815289553 0.0015032672915262283 0.9999983518522579 6.940511958784963
0.999999702707565 0.0012465665377143444 -0.0011679139944946518 -0.01963164639423372 -0.0012484416170441717 0.9999985060364442 -0.0011392506094347978 -0.03739736355601777 0.0011669723598016976 0.0011404153997733872 0.9999989413059156 7.725266695016031
0.9999995037187329 0.0011874118489275183 -0.0007894151909742064 -0.020427477719326674 -0.00118828598555243 0.9999985166121069 -0.0008814706945440723 -0.04064017092619172 0.0007887442563922246 0.0008823024736436924 0.9999993195146157 8.513605573282513
0.9999999694265659 0.0004717453194019255 -0.0003702942928395741 -0.019030506004316803 -0.00047191605450823464 0.9999991832429983 -0.0006845059018259147 -0.04413192519600436 0.00037036250445321157 0.0006847294395486632 0.9999997049216235 9.318271889613637
0.999999651895046 0.001077843308819612 -0.00013381886903454258 -0.021618327510991218 -0.0010778731813872496 0.9999986830207821 -0.00082358572672685 -0.048825124362287683 0.000133346864725967 0.000823683622723943 0.9999998165811694 10.129406837998603
0.999998842846534 0.0017482898090164665 0.00010962371538374494 -0.0223100200048395 -0.0017480738504694112 0.9999969555739366 -0.0016096754454165895 -0.05650766203656056 -0.0001119419778998059 0.001609421422874029 0.9999989634645365 10.909965603549654
0.9999952906998572 0.003010019387908133 0.0004341144550438507 -0.02314051632338777 -0.0030087298457097383 0.9999918964215572 -0.0024946399733050137 -0.06437527857352057 -0.00044164781164270593 0.002493437373453506 0.9999965499235324 11.707486122760486
0.9999950190380053 0.003166642525248336 0.0005226742384453106 -0.022419254414899326 -0.0031649060201721815 0.9999897512553394 -0.0031425410146672514 -0.07235100306480843 -0.0005325770400434748 0.003140821396398496 0.9999947759057761 12.515764032967745
0.9999909432755937 0.004174060335994351 0.0010764388821193401 -0.022814847594105958 -0.004170454111136363 0.9999853285130417 -0.003348021891712367 -0.07613086191574397 -0.0010904780141966623 0.0033435040243303318 0.9999937215543019 13.330349390072493
0.9999892561372711 0.004551451547302792 0.0014000551020526683 -0.02178588232997024 -0.004548769436075637 0.9999871431701425 -0.00208645501914212 -0.07684952625919898 -0.0014094449572297936 0.0020800513627577087 0.9999968816980035 14.15669086850555
0.9999888234449401 0.0047011869444019165 0.0014773110283611722 -0.02111423437310092 -0.0047002240596045785 0.9999882507000613 -0.0008830649305530099 -0.07742399248402 -0.0014813979153070877 0.0008760871484642025 0.9999986287022439 14.9803198463332
0.9999869935311925 0.005088436049429059 0.0014027781193268034 -0.02244790547906202 -0.005088731409542025 0.9999869283536769 -0.00017859749404051234 -0.07834822992123554 -0.0014035964668976536 0.00017122430854849306 0.9999991820674313 15.804059097672374
0.9999855493715847 0.005285826597631587 0.0015470338904083093 -0.02268130034969107 -0.005285993293967571 0.9999856423663186 -8.274098643938234e-05 -0.08084994471947136 -0.0015475154081323738 7.459617592953861e-05 0.9999988180020684 16.620539149685467
0.9999832785249767 0.005649390940021405 0.0017727593246741713 -0.022739074187397696 -0.005648931725305106 0.9999836941517422 -0.0004380203888068628 -0.08594536228961315 -0.0017752617599460611 0.0004279365536950779 0.9999984393739235 17.42571176476136
0.9999849593883053 0.005339635972473677 0.00181242231889605 -0.0211554170624038 -0.005338408272496647 0.9999849550773627 -0.0007447660903724962 -0.09085333805739669 -0.0018164944401147512 0.00073515268631695 0.9999981751118756 18.250210559686067
0.9999849028140466 0.005322579452694254 0.0017301468120524655 -0.021148141495886667 -0.005320764740827482 0.9999843319103909 -0.0009046652533123625 -0.09550529943627191 -0.0017354187156934772 0.0008959371887416632 0.9999978475117319 19.053430760171647
0.9999833366212316 0.0055597912522090094 0.0019061070985053289 -0.02165083205084668 -0.005557739141785229 0.9999830022246324 -0.0008477246683789761 -0.09867190232981472 -0.0019113452901960643 0.0008377982652870195 0.9999975945303109 19.869638303030555
0.9999818119579168 0.0057651172828209 0.0021073375994109574 -0.022006910766706946 -0.005763381312959035 0.9999819809021369 -0.000563183792310455 -0.10091462293357491 -0.002111073592191909 0.0005518395020676877 0.9999973926553122 20.711490192023934
0.9999819097384567 0.005804978272631927 0.001895491405138846 -0.022415433463403887 -0.005803762861660927 0.9999817444778066 -0.00035776903683162013 -0.10336852607329616 -0.0018979797074852567 0.0003475493947778712 0.999997835842454 21.544411715071515
0.9999784241911721 0.006369668651857015 0.0021934502773089206 -0.0232292261852672 -0.006367894849784955 0.9999781888136653 -0.0006468865815366125 -0.10784481384551907 -0.0021976891818898444 0.0006332955022068007 0.9999971672658918 22.369312253845234
0.9999717690768326 0.007176575354747168 0.0026124909390009186 -0.02347513729601297 -0.007173037158715031 0.9999720931134589 -0.0012203395629013895 -0.11363391152276196 -0.002621598346729992 0.0012022671586203511 0.9999954596327104 23.190363625503778
0.9999743651698217 0.006817270774282113 0.0024469014430045658 -0.02213635663699797 -0.006813113254309181 0.9999742202124657 -0.0013953025284331542 -0.11769064762226876 -0.002457028733611559 0.0013795197926775025 0.9999956786646774 24.00510731240471
0.9999744870913241 0.006973869468271926 0.002057816275392398 -0.023141928805264753 -0.006970743111942833 0.9999734120427585 -0.0012915003242337424 -0.12059414347696973 -0.002067194915613799 0.00127789652143364 0.9999967163093506 24.832258757297797
0.9999731818607139 0.007230356911478482 0.0018233281303288648 -0.024303300230770337 -0.00722793752397698 0.9999719660779176 -0.0010219965522413829 -0.1223587640086939 -0.0018311915616509484 0.0010095921718864121 0.9999975472176732 25.68140680317289
0.9999698471729538 0.007653242526947187 0.0018449822427687263 -0.021941317091333436 -0.007650587811662594 0.9999686524306137 -0.0010401836723760568 -0.12403291935056196 -0.0018536119258546404 0.0010272055718935308 0.9999972507029036 26.50194952022925
0.9999684753575263 0.007819299919281377 0.0017705795637975822 -0.019321173788226856 -0.007816237953952606 0.9999669847707003 -0.001252259663974474 -0.12776753790015363 -0.0017812429171064417 0.0012397160973388781 0.9999970479702084 27.34889154745293
0.999970810343489 0.0074550378782072425 0.0018258828773604727 -0.014690887090491902 -0.00745070627609131 0.999968664513201 -0.001810099999267119 -0.1340413823370104 -0.0018403637665665054 0.0017980553306300574 0.9999958930580028 28.18700021227799
0.9999727968492326 0.007196161550553073 0.0019251691703771564 -0.010562115072473144 -0.00719125272058746 0.9999703263366719 -0.0020923297380830955 -0.14069283338379793 -0.001941136078559499 0.002079895718720294 0.9999953195550283 29.02230515353973
0.9999659071136993 0.00801387016268674 0.0022302138502074058 -0.010148221189036712 -0.008007942001989031 0.9999632908177126 -0.0023061537950886204 -0.1456274455207584 -0.0022496487620373637 0.0022898733812558836 0.9999939862658958 29.857891466864974
0.9999640812417374 0.008134417905907453 0.002482326061564375 -0.006705728587465638 -0.008127664285926811 0.9999621109650023 -0.002375914894170815 -0.15145697033922204 -0.002502675566957607 0.0023572830510742984 0.9999930839300041 30.713386378389714
0.9999615106943363 0.008375965531955208 0.0025822428638902013 -0.004798952658417099 -0.00836857217144777 0.999959588267121 -0.0025130461223246414 -0.15707512527631506 -0.0026044511420997753 0.0024929340692594554 0.9999922713331012 31.545440088582353
0.9999647584908478 0.007903765454382587 0.0027186621020949694 -0.0006693869704432927 -0.007895759573166098 0.9999631172998759 -0.0024922821462907436 -0.1621486265691177 -0.002739631806380931 0.002472451769419989 0.9999918518978701 32.38441885775642
0.9999593982091577 0.008455032221325142 0.0030218513468429943 0.0018234487336639656 -0.0084455451516678 0.9999579317700921 -0.002759744761254174 -0.1684309529360584 -0.0030462552704642243 0.0027355854398737577 0.9999903601493505 33.205903462654945
0.9999448577504659 0.010026222302038753 0.0030820022592746832 0.0008604911769210556 -0.010015835400135899 0.9999426592095706 -0.0029914361870794323 -0.17280630267741037 -0.0031129836057442353 0.002961763112158641 0.9999895385490254 34.04278420946348
0.9999412143942975 0.010328846985251631 0.003241269099941867 0.003524142193010227 -0.010317683130986948 0.9999392768651963 -0.003051207399429977 -0.1780433031056049 -0.003273766494548729 0.003019024344522606 0.9999886301944461 34.87484197467952
0.9999432685060718 0.010017989335654663 0.003452473759961632 0.008167083742443336 -0.010005286240376138 0.9999417977080867 -0.0031622144806093557 -0.18413552451235987 -0.0034854608687078683 0.003129072701734459 0.9999874872900396 35.70822432004949
0.9999446487054224 0.009868834252900839 0.003554540324681217 0.011821392123568735 -0.009855543157381751 0.9999428092129112 -0.0032406205402361623 -0.19043504371195294 -0.003587870455593013 0.00320712255566729 0.9999868270810484 36.55226079238623
0.9999322160877782 0.01098607909784925 0.0038157274764116177 0.012616487235611554 -0.01097083376998684 0.9999301193777561 -0.003543793476400023 -0.19617035228152546 -0.0038559109119413694 0.0035034889662593194 0.9999850344721165 37.39394861649119
0.999934550566917 0.010871448805886393 0.0034869672274644935 0.014483980569950636 -0.010857595503191963 0.9999314375551451 -0.003488863424241535 -0.20141245513039793 -0.0035262582541209396 0.0034526109914685375 0.999986245781526 38.255489912046045
0.9999574357214738 0.008685348389545027 0.0030570416235293205 0.017204794207308662 -0.008671446815940937 0.9999510860100873 -0.003944558278106261 -0.20716737178537759 -0.0030928084116514064 0.003919706190920305 0.9999857972531477 39.09537955350049
0.9999729411664521 0.006706235825256071 0.003022738214063863 0.023730938825274307 -0.006692097952727177 0.9999657963295979 -0.004174625567600484 -0.21225651841595616 -0.0030522205223891506 0.004156143781195832 0.9999849346197239 39.93699889274726
0.9999753014192824 0.006273779272318305 0.003201228719228317 0.028682669497982642 -0.006259477021922146 0.9999691362156901 -0.003996661254475895 -0.21675477016108446 -0.0032277913531727617 0.003978426118618953 0.999985078476386 40.77952588177649
0.9999731835052099 0.00667912553686567 0.0031432693026647463 0.02993966546339113 -0.0066672029840425945 0.9999691718057864 -0.003349462932336126 -0.22013573508485917 -0.0031668889408776363 0.003330112262812616 0.9999877328158774 41.635411571337926
0.9999719973738531 0.006879929686810361 0.003037862621290748 0.031536797046359984 -0.006871390817804262 0.9999704369878918 -0.002279644799771198 -0.22263518281724065 -0.0030549455169543984 0.0022606153046412537 0.9999910534239757 42.49257937355296
0.9999754873378992 0.006499320093798527 0.0027313202220966824 0.03335059040721828 -0.006493861323479508 0.9999746185786805 -0.0014787463965664411 -0.22488410858781377 -0.0027422862463165913 0.0014628366092217567 0.9999933355991555 43.35680756224128
0.9999782878019247 0.006144452953763229 0.0026374587706908424 0.036886247348177456 -0.006139183983710015 0.999977316425816 -0.0015357609665648635 -0.22984092143038956 -0.0026480699698645514 0.001520971387933472 0.9999937460994451 44.21543242738446
0.9999760520125733 0.00649583581948255 0.0027574691187652327 0.03945429064373679 -0.006489495963323744 0.9999745815102435 -0.0017597203187407892 -0.23558984272598396 -0.0027701368200990237 0.0017432898748816214 0.9999929659449884 45.07466313945858
0.9999729725081068 0.006995610514879277 0.0028691741700752607 0.04158552268785013 -0.006988983815672841 0.9999715778898718 -0.0019658773379335635 -0.24127490566489604 -0.0028835718350590585 0.0019464697118155446 0.9999930099393292 45.929599265108585
0.9999667101806102 0.007838524884076912 0.002871621988800879 0.04195390358157419 -0.007830683054134738 0.9999642347553899 -0.0023443614218494305 -0.247318214157658 -0.0028908716206601666 0.0023225872202203815 0.9999920201668385 46.78323082456185
0.9999680153911426 0.0077223036667551145 0.0026519193180046595 0.044845199096514465 -0.007714342868037341 0.9999647325453744 -0.0024689458668809444 -0.2536678831953852 -0.002672031037473807 0.0024491656107250358 0.9999921206914436 47.66122403734953
0.9999693288605008 0.007593546523091289 0.002441819380209102 0.04759441915827855 -0.007585458382257527 0.9999649770001011 -0.002675677548435053 -0.26045540749493473 -0.00246333727799653 0.002657976155739875 0.9999919291064807 48.53058013432953
0.9999685827679801 0.007705086466045884 0.00240024009824038 0.049360233964866156 -0.007697535895986896 0.9999646704737288 -0.0025623789856537276 -0.2655022640987398 -0.002420988105340761 0.0025443640259309205 0.9999923339465892 49.41629443438623
0.9999605299603204 0.008646746161312913 0.002484214008972388 0.049894114274008146 -0.008637715349688192 0.9999559605229115 -0.0029970169214738824 -0.27236669570706207 -0.0025111168538345194 0.002975914893051047 0.9999908991288747 50.317629546852885
0.9999602081181497 0.00876299321874477 0.002208644738788976 0.05247218606794359 -0.008753980561230956 0.9999539075134605 -0.003387293816565803 -0.2804822658014174 -0.002239159094244226 0.003368178395738098 0.9999902949281514 51.22650463841387
0.9999596680643479 0.008854691420993276 0.0018726393528246468 0.05418857044764115 -0.008845480475228313 0.9999504400754494 -0.00403349456861947 -0.2898671076611173 -0.00190946456455555 0.0040175695746678475 0.9999882521798154 52.1015705379687
0.9999682103201563 0.007824228235370418 0.0016439951905478061 0.05694606188953242 -0.007815611491784821 0.99995851973921 -0.004051886000541571 -0.2966499134597635 -0.001676881620346132 0.004039932962358882 0.9999883084023447 52.965543718453894
0.9999710151167049 0.007556829939479068 0.001354074010464037 0.059136675575917716 -0.007550348629803339 0.9999624153448506 -0.0036913890548283088 -0.3000669775938788 -0.0013829117292586675 0.0036818789873852187 0.9999902464820571 53.843766585463435
0.9999568543029366 0.009295522276189846 0.0009666656972080643 0.05464319646748638 -0.009291031513512628 0.9999500632741474 -0.0030560156253179025 -0.30180422434237636 -0.0009960458981379122 0.00304766448218974 0.9999928789912403 54.76849927903542
0.9999570799366811 0.009359516248709449 0.0006090841965048602 0.055005193188562326 -0.009356564730046174 0.9999505819202873 -0.002844188900824922 -0.30589693033855475 -0.0006365014702972503 0.0028387488070204065 0.9999939917423055 55.6729067277185
0.9999775309104115 0.006812058678241138 0.0002147845738285418 0.05803668272117982 -0.006809574871312247 0.9999678786222815 -0.0036335422502176223 -0.3122971162924269 -0.0002403326189914378 0.0036323503949396885 0.9999915696039827 56.538591843408646
0.9999930265117326 0.003970987822229984 -0.00015216913471301062 0.060417370729838604 -0.003970268201114574 0.999981526660641 -0.004085262912773732 -0.3184985285528366 0.0001350919096690074 0.004086118020569536 0.9999898879825047 57.40185682822365
0.9999918474136412 0.0042702122564721645 -9.23348450195302e-05 0.061264340052907276 -0.004269314033275623 0.9999781856055281 -0.004597949044537545 -0.32774004789140015 7.185090948840021e-05 0.0045985145561451635 0.9999875639894278 58.262831500976006
0.99998562546535 0.005519608720873458 -1.2695064788452435e-05 0.059743460005683834 -0.005518379421740217 0.9999695136834952 -0.005168553627703047 -0.3366143871189596 -1.671451810928848e-05 0.005168920992978802 0.9999847686918049 59.1456114048639
0.9999861857982667 0.005395393840984653 -0.0004790040112740738 0.05910244964213282 -0.005396606148524583 0.9999701093699642 -0.005160347374162983 -0.3441308930511079 0.00045017762498582043 0.005163230296131583 0.9999847459974945 60.0304517462989
0.9999908675580775 0.00438860340210029 -0.0010447956307960997 0.059591225262930765 -0.0043932179601993 0.999975190147421 -0.005203308112158748 -0.35197223700581853 0.0010210873049787618 0.005207970982365126 0.9999841346065819 60.91106945246842
0.9999897072247107 0.004708198703336889 -0.0010398597573921596 0.05829897654617575 -0.004713287571809333 0.999972789523582 -0.005463862120893868 -0.36104261010357597 0.0010136090811223297 0.005468320595797371 0.9999831415940671 61.79032176587417
0.9999922504551614 0.0040635498242371304 -0.0013415747329328389 0.05847893693685458 -0.00407000484000388 0.9999768010660589 -0.005262943640126414 -0.36885660329950576 0.0013195943753570034 0.005267934507856942 0.9999838065225772 62.67761703620674
0.9999921944477441 0.004056253474147864 -0.0015831064326441893 0.05705772005596386 -0.004063975820198819 0.9999769683412133 -0.0052584147726200126 -0.37732781359487105 0.0015612068674528744 0.005264438685479527 0.999983625667393 63.57347192819913
0.9999908963421481 0.0042992676389069775 -0.0017054205576931035 0.054603975083413414 -0.0043068257842488415 0.9999779338399988 -0.004818722796065368 -0.3838779231842851 0.0016840264544229254 0.004825923503478274 0.9999855652402565 64.46413513153576
0.9999896784589876 0.004557832360358226 -0.001767980157933765 0.05296674249613427 -0.0045654791441421955 0.9999769615003454 -0.004764183523892618 -0.3912505230717194 0.0017456020352783787 0.004772386981062847 0.9999857213973615 65.35323315343007
0.9999865207820686 0.005185000198729432 -0.0018029019304900272 0.05049045143482503 -0.005193111228840306 0.9999728926309508 -0.004991563742831628 -0.3994860191084259 0.001776134137978537 0.005001108800527531 0.999984457127205 66.24443768343936
0.999990060694912 0.004432851656282406 -0.0021330772138795115 0.05059273899224777 -0.004442961716359655 0.9999777912095451 -0.004863279834755191 -0.4071593975779398 0.0021108590580549724 0.004872818324428764 0.9999847409263665 67.12481175165244
0.999990259931316 0.004134256564688572 -0.0026040370753513363 0.05053197049395238 -0.004146168538967038 0.9999804099031919 -0.004571747929831736 -0.412340279882955 0.0025845864437764134 0.004582571592535386 0.9999851544675324 68.00160105159833
0.9999886810727374 0.0044985984142242915 -0.0028142634041915205 0.04773187833038859 -0.004511757248119931 0.999979104633704 -0.004578537104496202 -0.4181906744934806 0.0027934372066534927 0.004590726468225593 0.999984933722111 68.89257228414054
0.9999878332380672 0.004703641104868863 -0.0029141883137216084 0.04532954878922777 -0.004717402994438059 0.9999783335903493 -0.004544559764475806 -0.42461778182746873 0.002892839146801223 0.004557742075353112 0.9999850464966202 69.78384879261858
0.9999869260442683 0.004772812870299076 -0.0031141810562123474 0.0427753214595777 -0.004787835034875905 0.9999772636425418 -0.004706605292988635 -0.4326409086188548 0.0030915987889950057 0.004721079029160244 0.999983727299171 70.6657538366417
0.9999867061887723 0.004510207960906788 -0.003587111846236367 0.03978614971779006 -0.004527183300473253 0.9999789735554752 -0.004595890285097076 -0.4392965821721313 0.003566331488909147 0.0046117871363443455 0.9999827755716145 71.53715461166554
0.9999803506280788 0.005663498872268637 -0.0036760333674341404 0.03315663208263298 -0.0056810178933729945 0.999973103636438 -0.004606962152675642 -0.445211451421852 0.0036498780223757654 0.004627311708356829 0.9999825249219404 72.40604533571076
0.999978395042066 0.006057501981955067 -0.003665353303687058 0.02897123144415196 -0.006074682242799627 0.9999713400676878 -0.0044787827573286665 -0.45165692768150567 0.0036383118453174146 0.004500391169073072 0.9999831546563832 73.29222283717954
0.9999573961865377 0.008853589812076495 -0.003604259448762021 0.020320453061191856 -0.008872216556246025 0.9999475131248451 -0.004979057554366716 -0.4588589119100183 0.0035599318111714825 0.005010789001579585 0.999980124917695 74.16993139378714
0.9999594110723956 0.008703896237659478 -0.003544254657149253 0.0191494709912483 -0.008722090548278022 0.9999500889299607 -0.00484985825620922 -0.4663288729240206 0.0035020345509875193 0.004880232431120208 0.9999812229148493 75.0508959027934
0.9999566070168574 0.009144470608441809 -0.0032205728856681114 0.01711264041166278 -0.009161739146093516 0.9999449897522622 -0.0050978418324921435 -0.4759331642794831 0.0031737898269925597 0.005126957257165822 0.9999811675704992 75.9457301980527
0.9999484013765415 0.01019971955482746 -0.0025515188420597917 0.015200613663365845 -0.0102143637717772 0.9999327811678678 -0.005460296782065182 -0.4859124241533054 0.0024954491093640055 0.005486228966071592 0.999981116996659 76.834875552784
0.9999493536629607 0.010260758734135164 -0.0019116379157103104 0.01698890978391748 -0.010271925657481733 0.9999317245311848 -0.005545900926220585 -0.4960125346503523 0.0018544357157460217 0.005565326658049924 0.9999821629023231 77.70486696587005
0.9999505041614206 0.010179746215046255 -0.0017449338732093771 0.017765807399718322 -0.010190753745429725 0.9999302025484049 -0.005992161329611133 -0.5074790157583011 0.0016836709217983733 0.006009582959048574 0.9999800065561697 78.57783067761574
0.999949514221064 0.010291245565021446 -0.0016300161679859077 0.0170757291218835 -0.010301446944459005 0.9999278468900784 -0.006136239114336348 -0.5176667464137449 0.0015662679845612512 0.006153145081110512 0.9999792841128468 79.45558618753344
0.99996128295617 0.009060532441461726 -0.0018107817401104185 0.01794166717969828 -0.009073062658470498 0.9999378256084616 -0.006534858776363227 -0.5279401441089728 0.0017510634173634155 0.00655127500348379 0.9999764836810268 80.34173525473796
0.9999587114859222 0.009370103548429154 -0.001812565461624812 0.01571509555760829 -0.009383226160116016 0.9999335023499748 -0.006784294590035042 -0.5384221244136121 0.0017487337273073976 0.0068011688403632215 0.999975088743306 81.20990130671483
0.9999485089658321 0.010413505196499003 -0.0017852849932491186 0.012820340671820966 -0.010426815669182922 0.99992108948009 -0.007082221337562747 -0.5460182096262985 0.0017110271275870986 0.007100857239363597 0.9999729380452229 82.0902430613801
0.999939324120898 0.011246168861283197 -0.0017395696685785932 0.009687725959399731 -0.01125909432583169 0.9999118265266183 -0.007114109760815912 -0.5529686887272958 0.001659040244482408 0.007133660581840112 0.999972674573072 82.96233279816462
0.9999367825164355 0.011471697723311096 -0.0017420481269689498 0.007497709136947849 -0.011484354976489678 0.9999105203163515 -0.00690784142696451 -0.5605019158139275 0.0016622910621174037 0.006927746435697148 0.9999740781992874 83.84440991610005
0.9999368379425172 0.011493201163800376 -0.0019065699824814507 0.00483010868046376 -0.011507184188541193 0.9999125702860578 -0.006661147733178414 -0.5683128915654638 0.00182977567231833 0.006682280422101802 0.9999758535365617 84.72775079881201
0.999930656232432 0.012037703255095985 -0.0019891939982108467 0.000773666334814023 -0.012052795107885376 0.9999054280487569 -0.006791304790538498 -0.5771639668322183 0.0019074322744462532 0.006814374509672628 0.999975067464721 85.59275077110227
0.9999284853444179 0.012255458573080594 -0.001941619323437988 -0.0015305987338698765 -0.012270684397502047 0.9999019376135436 -0.0069714479277987905 -0.5868675595005144 0.0018563559430808962 0.0069942879142759545 0.9999741771709615 86.44731728802381
0.9999143013674427 0.013378256313752505 -0.0018507440847455956 -0.007249244264257124 -0.013393220208896967 0.9998870628888489 -0.0070613207372639385 -0.5947054781551631 0.0017565604029086705 0.007084909783868305 0.9999739655601212 87.30507467927646
0.9999118686542879 0.013555065095120673 -0.0017902713350728353 -0.010000335231789309 -0.013569815481701678 0.9998838652779862 -0.007170617950158737 -0.6033641040579617 0.0016932886476091324 0.007193846955072406 0.9999732461652279 88.12663359973297
0.999912692161515 0.013528077345518858 -0.001668036537522259 -0.011500634175078524 -0.013541858796911953 0.999884514355805 -0.007132964870771955 -0.6117152925359576 0.0015717745065219743 0.007154492922264342 0.9999737350447586 88.94201080729214
0.9999095806056222 0.01375630000910682 -0.0016845622349894837 -0.014525852854684778 -0.013769572087607073 0.999882634872855 -0.006904885597872098 -0.6192849369961217 0.0015896661499867476 0.006927253737003781 0.9999751554838934 89.78121536960705
0.9999102419318949 0.013736683240497656 -0.00141607256021338 -0.01569439163782033 -0.013748170585931873 0.9998829921433857 -0.006895945824726503 -0.6278715618430694 0.001321497842870051 0.006914646248800523 0.9999756695891417 90.6034823901598
0.9999063333751339 0.014042696247935716 -0.0011652468145368195 -0.017420540866438742 -0.014052751009180044 0.9998773314676376 -0.007109694003600431 -0.6374830617387478 0.001065499531360464 0.007125182136357789 0.999974431647937 91.41165557456158
0.999883195574226 0.015614974499859293 -0.0008488792069558961 -0.021914733997218196 -0.015623178238952491 0.9998485422982026 -0.007785810883047832 -0.647514595173096 0.0007270990022679981 0.007798273982708586 0.9999693377326013 92.22370081455591
0.9998795032664602 0.015891166150411015 -0.0005374944429333498 -0.022900737625876424 -0.01589711563389865 0.9998431069358797 -0.007949924812852699 -0.6571853960003959 0.0004111944608455589 0.00795734716033223 0.9999683242258283 93.03132815802894
0.9998795971846991 0.01587211627121518 -0.000491226975301345 -0.023314900144342097 -0.015877472583459066 0.9998416869351191 -0.008121949345829856 -0.6672977272830964 0.0003622944912389858 0.008128873254602008 0.999966802677784 93.85139474386895
0.999884466147002 0.015544560150659924 -0.0006819661686868744 -0.02366183122433434 -0.015551347237453222 0.9998476471466126 -0.008010801983241923 -0.6763169267914352 0.0005573559364427878 0.00802075355005645 0.9999675521369064 94.66096300076775
0.9998790167060417 0.01588389644994956 -0.000683955244825831 -0.022936007871803384 -0.015890403628749505 0.9998405669671274 -0.008198182893477757 -0.6845733490744031 0.0005534139782412804 0.008208480315834814 0.9999658111758105 95.4645139368725
0.9998790688274596 0.015862905516355132 -0.000751684242019524 -0.022461423482737067 -0.015869838231483805 0.9998393864457467 -0.00833760675655419 -0.6935108406513689 0.0006188519002191226 0.008349336580201486 0.9999645025247393 96.2854388385379
0.9998701116230144 0.016413930635241134 -0.0008751705990937352 -0.02441339829266264 -0.016422259728862656 0.9998279853280951 -0.008624994130868011 -0.7035388338882441 0.0007330050244442705 0.008639135452661383 0.9999620132983206 97.08537553593676
0.999878477815782 0.015883135551831074 -0.0011396475600219684 -0.02436459163495645 -0.015893530026917024 0.9998365446576088 -0.008569862144831264 -0.7123449428001947 0.0010028685394117354 0.008588108929702855 0.999962257521694 97.86195185821639
0.9998791022905217 0.015830735579648154 -0.0013194382672476153 -0.025824540005895378 -0.015842812777267443 0.9998378272199557 -0.008528555870494947 -0.7218360239058524 0.001183882924080403 0.008549584004868658 0.9999624067506955 98.64327573428903
0.9998707114327562 0.016353664508639856 -0.0013100946983560572 -0.02874367466354819 -0.016366318386296264 0.9998268883613892 -0.008853311825586341 -0.7326830254671112 0.001164892041822678 0.008874471569110125 0.9999598873084637 99.4144162776752
0.9998738058097837 0.016162176622979883 -0.0012469816300410214 -0.028766743470744247 -0.01617449988392082 0.9998288977857409 -0.008994667490890507 -0.7428226658265829 0.0011012652644712458 0.009014434248283977 0.9999587183399616 100.1621883160277
0.9998628334312544 0.016864544035730768 -0.0011292225960752745 -0.031877574983997015 -0.016876140746023748 0.9998168902463785 -0.009081668966276057 -0.7525006953436474 0.000975874565784309 0.0091000527369592 0.9999584401696552 100.92146267818576
0.9998585003275545 0.01709915459558094 -0.0010436027255604605 -0.03377614456894533 -0.017109527564411087 0.9998141693691874 -0.00888111999638412 -0.7610596547723789 0.000891283390694547 0.008898641949319932 0.9999600007382872 101.67021813111346
0.9998472108276591 0.01773037949098404 -0.0009550290614914976 -0.03727115049853558 -0.017739383121795526 0.9998030591774751 -0.008829577092855236 -0.7700168292360844 0.0007974883526885464 0.008846807309973127 0.9999600145206212 102.43042905587245
0.9998485613303564 0.01766017395570564 -0.0008440330345663266 -0.03787583922649008 -0.017668057115020706 0.9998064177466179 -0.008619805264451297 -0.7783347604861546 0.0006908866383940223 0.008634867218310702 0.9999619134637976 103.17728928425981
0.9998518295936584 0.01747744163725418 -0.0008002716583021709 -0.038993473153567486 -0.017484658270052425 0.9998106441125367 -0.008491308514552353 -0.7865159212412977 0.0006508650149651596 0.008505432496769253 0.9999628197952777 103.89099125816244
0.9998475518046434 0.017723589079625294 -0.0006189036884536755 -0.04125647717221643 -0.017729299764139533 0.9998064204416527 -0.008471290731683534 -0.7949741178621844 0.00046781769863611867 0.008482078546342529 0.9999630752013021 104.60026691028558
0.9998532776396769 0.01740657775360517 -0.0006354209079358412 -0.04254387952502737 -0.017412382919484996 0.9998157262129393 -0.008022568802327433 -0.8018031349781871 0.0004947961478474949 0.008033510093634904 0.9999669861197077 105.30206265328805
0.9998442457292487 0.017920525132580536 -0.0004893200744035365 -0.04652390257409576 -0.017924868110971284 0.9998095069425168 -0.007655221400534604 -0.8077945819008477 0.0003511095559165255 0.007664136399234874 0.9999699071973722 105.99008083848067
0.9998408536566703 0.01809515234813237 -0.0005411201412092554 -0.049894176109416565 -0.018099719342339213 0.9998078483577646 -0.007438762142928818 -0.8142121285719082 0.00040541162705216345 0.007448791611834747 0.9999713008653799 106.67475118961457
0.9998400402257723 0.018162311453375587 -0.000670080913272837 -0.049920308235642544 -0.018168050155101267 0.9998079783119869 -0.007288023536269327 -0.8190952295643479 0.0005369008177819023 0.007300170866986164 0.9999725911925496 107.34450432015069
0.9998309589113259 0.0186639485687417 -0.0006215917748263226 -0.052306742073296275 -0.018669504821524737 0.9997977043481813 -0.00748041184706592 -0.825351413006271 0.00048114360612216213 0.007491827315078509 0.9999713404679826 107.99463968823203
0.9998218583881903 0.01914161466433685 -0.0005448695482301169 -0.05460818091865794 -0.019146367110025216 0.9997863669379692 -0.007788733137146546 -0.8328928539713844 0.0003948366520061723 0.007798892296961095 0.9999689621110777 108.61207569714755
0.9998232627145063 0.01907263266334844 -0.0006081410233634915 -0.056621588066956774 -0.019077963957500776 0.9997875802683431 -0.007862902636805088 -0.8395349558976555 0.00045736097247531997 0.007873819301238007 0.9999682902885716 109.21193474350467
0.9998305734761422 0.01868232585778992 -0.0008341368103588067 -0.059538337706577134 -0.018689409462487424 0.99979289176737 -0.008084377131402072 -0.846482567528796 0.0006821272051590858 0.008099472846301787 0.9999664113431362 109.78027328171385
0.9998361344415371 0.01838232739489737 -0.0010317671396397083 -0.06311283675920906 -0.018391207284385425 0.9997956107029562 -0.008437199147676537 -0.8539153957712926 0.0008756416730801881 0.008455900790279912 0.9999633938714659 110.32108675157691
0.9998187632508392 0.019311692438764395 -0.0010183589551967201 -0.06987831053268091 -0.019320636015765582 0.9997760587382079 -0.008643377059630211 -0.8593859339003981 0.0008501668173279012 0.008662665174391728 0.9999616082206135 110.84666995335336
0.9997917815755173 0.020660304475170525 -0.0012891162247839732 -0.07801610472919969 -0.020671729034401364 0.9997481344357273 -0.008784350214222185 -0.8637171940674144 0.001106451726288226 0.008810100884449978 0.9999604716931526 111.35743050561807
0.9997567504329304 0.022272987708760822 -0.0016384201781773663 -0.08701723266029644 -0.022287848025145704 0.999711462863955 -0.009012430870166522 -0.8678662592495052 0.0014364382182395247 0.009047452995452777 0.9999582562530414 111.84471482354637
0.9997569294006626 0.022241895130325057 -0.001914761811276112 -0.09238002011364378 -0.0222595816071636 0.9997101066148194 -0.009193257547257963 -0.8736763472041159 0.0017087999715468716 0.009234347702278984 0.9999559949635252 112.29842580209228
0.9997594418690259 0.02208520703092801 -0.0023604739728473787 -0.09883004980992055 -0.022107315177149423 0.9997121411736091 -0.009353838054042858 -0.8793355279800442 0.0021522523627091773 0.009404424120868088 0.9999536654533718 112.72750345946397
0.9997841339437485 0.020856557419429326 -0.003192838731478314 -0.10553598194478077 -0.020886545627430125 0.9997403419186357 -0.009188684162981622 -0.8831714634329563 0.0029993414241343466 0.009254029405694607 0.9999532463924923 113.15149615175726
0.9997788080858689 0.02106831790724941 -0.0034773336933827136 -0.11376547992392287 -0.021101273904616476 0.9997346863578602 -0.009302982290931112 -0.8880422592556841 0.0032793243776455495 0.009374851887133814 0.9999510494800895 113.54024519303542
0.9997645169401983 0.02171532041966268 -0.003630297557392119 -0.1207186191917954 -0.021752112813306072 0.9997146118791559 -0.009952899455250599 -0.8944255884305323 0.003412253982370663 0.010029736875108169 0.9999444708332496 113.90371170203996
0.9997404320417569 0.022748329295426552 -0.003855166597100725 -0.12843297889909633 -0.022789251579039417 0.9996852003869905 -0.010526007685556768 -0.9000712789983369 0.0036133324076592075 0.010611719243788153 0.999937532805742 114.25493604638788
0.9997210314013301 0.023515924838994003 -0.004204345639579727 -0.13650943561208398 -0.02356178972176603 0.9996625438553172 -0.010947195752870524 -0.9055290460220031 0.003943939062568047 0.011044364901618727 0.9999313953376683 114.59130612977194
0.9997245253466505 0.023250158896728414 -0.0048857608566027074 -0.139030284593038 -0.023304150914080387 0.9996686981504295 -0.01098482284527975 -0.911107594698062 0.004627357632943087 0.011096396841723396 0.9999282385150913 114.91956805056692
0.9997307535068922 0.02282035615647341 -0.0055962088157668205 -0.14282589397608647 -0.02288182055718149 0.9996794553639383 -0.01091284638451701 -0.915561098041325 0.005343967866054304 0.011038636447501103 0.9999254397150984 115.2323775247605
0.9997341311540577 0.022486948227743397 -0.006394606143366386 -0.14814467496804992 -0.022556395009901344 0.9996891171760761 -0.010732638239191312 -0.9187973691184881 0.006149818375549608 0.010874530846653454 0.9999228797725757 115.52500811354182
0.9997288523705397 0.022534144266226706 -0.0070179211891764 -0.15492849333830275 -0.022609285239669184 0.9996888768242097 -0.010609384162740508 -0.9212079956599888 0.006775055480087847 0.01076613236831186 0.999919919494254 115.79700441021461
0.9997275471422932 0.022363110938171813 -0.007719970924672339 -0.16166454382627884 -0.022444931127309914 0.9996934068339541 -0.010509995385164181 -0.9242870728697747 0.007480734023640581 0.010681348166251006 0.9999156902893755 116.05247565668606
0.9997139273480705 0.02288111161488389 -0.007915088554155892 -0.16893988818979855 -0.022965171430582087 0.9996806040873523 -0.010581444171844402 -0.9260303882498148 0.007668295763617552 0.010761542209263526 0.9999131947144083 116.29682263521772
0.9997110369656732 0.0229642707426985 -0.008040254027855543 -0.17465813418996343 -0.02304834321159824 0.999680395692115 -0.010431435586225966 -0.9280188182729213 0.007796000927581765 0.010615140520609979 0.9999139110906295 116.54734560120555
0.9996996498088901 0.023425690290512738 -0.008137204861585296 -0.18187962108380892 -0.023511431469330605 0.9996693282493447 -0.010481157997868983 -0.9303455976674269 0.007887138864471009 0.01067041605001759 0.9999127321440968 116.79815512390665
0.9996915069740286 0.02372362278757996 -0.008280012087411023 -0.1885894472138739 -0.023811025495670515 0.9996620461980085 -0.010503525728382437 -0.9328399905781143 0.008026161196149732 0.010698545005141056 0.9999114549884613 117.03864954374009
0.9996794241106958 0.024165664990941964 -0.0084287645401591 -0.1959699776406763 -0.024254178204017464 0.9996520969605982 -0.010434549181760039 -0.9344393822551412 0.008171891059442788 0.010636797301907874 0.9999107096929192 117.27836681423825
0.9996818119350563 0.023936608272860073 -0.008781765435917745 -0.20180289179464891 -0.024027191995698135 0.9996591376687056 -0.010252820457759323 -0.936179662811351 0.008531493397000737 0.010461877485100173 0.9999095121375792 117.49835135566691
0.9996822388013549 0.023865165619260508 -0.008913709562795757 -0.20767642499564123 -0.02395722306240387 0.9996613094779259 -0.010240500238588468 -0.9382949598283555 0.008664519339240036 0.010452003068766999 0.999908718363683 117.6954911786498
0.9996815848493388 0.02389012997818422 -0.008959828981441495 -0.2131850462985446 -0.023983312258778488 0.9996602307011062 -0.01029683746385648 -0.9404548644098232 0.008709102954088001 0.010509589329052896 0.9999077302641687 117.86997952160252
0.9996787618052093 0.023988754905596175 -0.00899762062977049 -0.21909848595955833 -0.024084203904960695 0.99965618644801 -0.010478603312395711 -0.9433747823966201 0.008741628949807742 0.01069277901028223 0.9999056388937648 118.03836696093502
0.9996748996312648 0.02412971334359388 -0.009031304297338392 -0.22452982651325254 -0.02422636538698818 0.9996516678585115 -0.01058292793269935 -0.9455384934250414 0.008771191089638466 0.010798973746014063 0.999904123243075 118.19106367775048
0.9996729356882587 0.024208723436757167 -0.009036412248932982 -0.2291752334502733 -0.024306308690357336 0.9996492275432184 -0.010642660713759732 -0.9471529559913167 0.008774231659437352 0.010859361304800938 0.9999033852480455 118.33094706744241
0.9996714563810817 0.024265814365389708 -0.009072943505804737 -0.2312701436474167 -0.024364687812025842 0.9996470341014231 -0.01072685113121455 -0.9501010158521369 0.008808230588432815 0.010944977627067884 0.9999023974448213 118.49759699914962
0.9996647251268245 0.024461778175225053 -0.00922690468625917 -0.23464969297204422 -0.024562938916399896 0.9996400037944652 -0.010863018268913373 -0.9519851050613796 0.008956142033085016 0.011087241883593302 0.9998990032355101 118.62210078941726
0.9996558634780704 0.024818419963728886 -0.009266111125522029 -0.2385017069756509 -0.024921002713462304 0.9996308332929131 -0.0109313944766488 -0.9531975239550535 0.008989903339144968 0.011159432087696701 0.9998981370156493 118.78395655955727
0.9996502198633115 0.025023397202589892 -0.009301368363028414 -0.24240046649119046 -0.025125871748340724 0.9996255292502587 -0.010915460934610386 -0.95362252412693 0.009023049739114872 0.0111466090656519 0.9998979249361403 118.93115461971043
0.9996432446509508 0.025313133585060585 -0.009295916797048576 -0.2469828212397391 -0.025417083662061645 0.9996169462588947 -0.011042948537066348 -0.9552700707866302 0.009011370492933534 0.011276568604242535 0.9998968221773122 119.05752081353417
0.9996402563929369 0.025397343146900602 -0.009387874367945507 -0.2505945328408671 -0.025503012422447506 0.9996139597173849 -0.011115582780314177 -0.9570929761614346 0.00910049548829484 0.011352279106917138 0.9998951651102804 119.16439054976755
0.9996333318472059 0.025591586160282072 -0.009624971096403949 -0.25506901550846434 -0.025699892537334755 0.9996091579107949 -0.01110652580783542 -0.9587703600574059 0.00933558279789257 0.011351008998466588 0.9998932785248341 119.27581906677372
0.9996242691392411 0.025908229467407222 -0.00971223761290372 -0.2600538156193118 -0.02601871454677639 0.9995993441682706 -0.011240813339372728 -0.9615131505834856 0.00941558822251686 0.011490814768570279 0.999890946812587 119.41398563503932
0.9996188568600287 0.02609388628758176 -0.009798210745772674 -0.26549825470667376 -0.02620546072349786 0.9995944748068816 -0.011241912991700478 -0.9625317854216042 0.009499484852543467 0.011495782088048277 0.9998899802733267 119.52990164824308
0.9996285843677092 0.02539944686944429 -0.010618293253109267 -0.2690322113472711 -0.025519285586735288 0.9996140291934626 -0.01110385324913243 -0.9619614506084231 0.010330871404792887 0.011371838095518519 0.9998833784086778 119.56910986119458
0.9996338054299989 0.024289871260350235 -0.012542904907209516 -0.2739523108536019 -0.02443779603645293 0.9996348265207887 -0.01162958450274012 -0.9614329423824155 0.012254389559043866 0.011933126587313214 0.9998549573944236 119.5657896697214
0.9996005938042315 0.024618211894116202 -0.014399622943259145 -0.28138398861503666 -0.02479708596717976 0.9996187541141927 -0.01224754353556384 -0.9613439115045255 0.014091252645625569 0.01260121142583955 0.9998225719342596 119.54231930220767
0.9995600421475366 0.025712097995811388 -0.015289915449815325 -0.28993956605137966 -0.025909069233203273 0.9995851062637006 -0.012689404827642373 -0.9613899340881579 0.014956133649659687 0.013081224055187532 0.999804099144413 119.60774060670741
0.9995322545827772 0.02651391668146391 -0.015719402671083505 -0.29529701502113614 -0.02671828334391015 0.9995622825825938 -0.012811219432754319 -0.9612099000403692 0.01537163551892729 0.01322634900813484 0.9997956276111126 119.66815514628574
0.9995232787093405 0.02681982460337053 -0.015796238874418864 -0.2987989818355913 -0.0270287190574288 0.9995515646912163 -0.013019630115165213 -0.9621124057750323 0.01543899689188819 0.013441111188310671 0.9997919872988243 119.7321031503605
0.9995180767215993 0.026980327389619127 -0.01584532851771056 -0.3017207933663083 -0.027192567644694354 0.9995448953048692 -0.013191503679305496 -0.963154492408628 0.015481225512138768 0.013616807702355323 0.9997890926388456 119.79644075544783
0.9995163960285078 0.027017268530340567 -0.015903022298445438 -0.3032955345710538 -0.027231619211825583 0.9995432188524213 -0.01326586339125043 -0.9646446456035304 0.015536545101357387 0.013692936087427894 0.9997873163673205 119.8807411877156
0.9995127362015314 0.02717250069665643 -0.01589876726791147 -0.3041938836681117 -0.027387219295020734 0.9995390492484935 -0.013279248322346098 -0.9643862828758157 0.015529980683385004 0.013708406058142835 0.9997874449079098 119.92614118383538
0.9995068407381802 0.027385223392341094 -0.015898122572348156 -0.30608122581581854 -0.027601502949416778 0.9995321498320124 -0.013374990017840552 -0.9645148472707826 0.015523880995252263 0.013807174544951475 0.999786302710832 119.98264682141748
0.9994965504293338 0.02772774028896093 -0.015954734052115806 -0.3094707679441908 -0.027948147999049853 0.9995198604069493 -0.013578525795701278 -0.964702680931866 0.015570142467101304 0.014017421937249235 0.9997826796351938 120.05309596188825
0.9994901586566585 0.02796899501318299 -0.01595038130238707 -0.31229838175266766 -0.02819185583701493 0.9995112325287271 -0.013730028374246557 -0.9645535525859986 0.015558354248770142 0.014172375340678793 0.9997806914674994 120.11226031455315
0.9994848252060448 0.02816300684279583 -0.015929409361428507 -0.31521209723916255 -0.028387691651462245 0.9995040669944579 -0.013866917026665938 -0.9642601955795405 0.015530838309750647 0.01431162902379234 0.9997791461709101 120.16942148850657
0.9994745364705792 0.02856569042436573 -0.01589166657782891 -0.31900097566514213 -0.02879376134821097 0.9994899561328379 -0.014088749114887366 -0.963770446429145 0.015481521086337973 0.014537929291173889 0.999777147697825 120.23138525591204
0.9994623006898402 0.028908209864020297 -0.01605289218624759 -0.32251243543765884 -0.029142858178126476 0.9994758470959557 -0.014355030901868931 -0.9624344106985967 0.01562995425759301 0.014814318841969916 0.9997707134930038 120.26270436533397
0.9994543710697108 0.029107365583436882 -0.016202268625010872 -0.3251741987995714 -0.029347566971577907 0.9994668690885942 -0.014548506557077031 -0.9609602105892191 0.015770628300563413 0.01501526200682181 0.999765537095167 120.29233226730919
0.9994484661580091 0.02927286510507711 -0.01626546033640722 -0.327470957942544 -0.029515807122058212 0.9994605365931326 -0.0146607429761711 -0.9601726857837803 0.01582803133443463 0.015131783824108609 0.9997629990307934 120.33329649240396
0.9994478074340174 0.029258375068303578 -0.016317419624682226 -0.3293193864981531 -0.029503825078642232 0.9994590835052339 -0.014767632078482992 -0.9599212662283966 0.01587690512422415 0.015240033538865267 0.999760407444946 120.37865115512831
0.9994456373627827 0.029304590706767747 -0.016360217090713575 -0.3312074781893427 -0.029552420944460443 0.9994560099698482 -0.01487822309982504 -0.9598626340571278 0.015915709286338838 0.015352856439290637 0.9997580754353045 120.42620814856247
0.9994432060748668 0.02936543093389148 -0.016375321865729965 -0.33273636959102676 -0.029614746484663064 0.9994519375400418 -0.014978743996121103 -0.959776091253095 0.015926457216517698 0.01545523383420359 0.9997559746448321 120.4707441200887
0.9994418866775139 0.029431642435284407 -0.016336927363769266 -0.3341803320594194 -0.029681634429559015 0.9994489362512493 -0.015055005870173494 -0.9596737542797046 0.01588489222488305 0.015531215029186436 0.9997553416896393 120.5194427293748
0.9994400366389646 0.02944632274708724 -0.016410073087318004 -0.33596782310448414 -0.02969780427581583 0.999447442956562 -0.015105270938277576 -0.9596715312385707 0.015956072453738437 0.015584136059354027 0.9997532702580767 120.57120971173212
0.9994366824235553 0.029503153984860253 -0.016498733411301713 -0.33805741917843196 -0.029756158362722485 0.9994450711722724 -0.015134624648473002 -0.9597704057686363 0.016042627475116065 0.015617376681307023 0.9997513714802531 120.62681676966234
0.9994330800973178 0.029589079045110503 -0.01655624938648245 -0.3391654708289176 -0.029843505662693504 0.9994418269433573 -0.01516936946531861 -0.9606284592329297 0.01609761612195344 0.015655024130752745 0.9997497174710606 120.69695377972296
0.9994310723397725 0.029628842868595705 -0.016613425379820114 -0.33961798545595084 -0.02988486767034902 0.9994401076180596 -0.01520954805225523 -0.9598782994622823 0.01615299786784299 0.015697241326938994 0.9997481609961371 120.7328982057996
0.9994262515988935 0.029780403983572224 -0.016639951929709327 -0.34093491012425364 -0.03003842365064791 0.999434615628037 -0.015300728746332171 -0.9592780092945697 0.016174578652445423 0.015791192798570584 0.9997465715116391 120.7817461529952
0.9994162736084721 0.030073488013522557 -0.016714386882155704 -0.34314009207665735 -0.0303354093546983 0.9994235188989603 -0.015458497118480052 -0.958900591440654 0.016239622861117572 0.01595583167778459 0.999743156591707 120.83506481592244
0.9994088319369943 0.030280127941371922 -0.016808182466648523 -0.34539677406224667 -0.030544892519307386 0.9994161580574159 -0.015524041554622801 -0.9585315241749974 0.016328342884806744 0.016027378111691172 0.9997406942718663 120.89178070819987
0.9993990508826198 0.03056212086377592 -0.016902366233407334 -0.3478852670569154 -0.03082985617953874 0.9994065692525843 -0.015596950226499361 -0.9583042100028925 0.016415897036039698 0.016107360242685758 0.9997382172039366 120.95360148633031
0.999393357529113 0.030702573116129117 -0.01701268147867633 -0.3504194527585834 -0.03097339635525692 0.9994012624672179 -0.01566152213367217 -0.9585300384364954 0.016522011394913806 0.01617750030007986 0.9997354640296819 121.01870079331557
