1.0 0.0 0.0 0.0 0.0 1.0 0.0 0.0 0.0 0.0 1.0 0.0
0.9998277425765991 0.008155115880072117 0.01668494939804077 0.025577718392014503 -0.008169878274202347 0.9999663233757019 0.0008186101913452148 0.0025141898076981306 -0.016677945852279663 -0.0009547676891088486 0.9998607635498047 0.6370478868484497
0.9995119476419847 0.008108100855160838 0.030162913332678544 0.06962501745843262 -0.008148874622340596 0.9999659238944761 0.0012177665405236349 -0.0009534631001177907 -0.030152037778519047 -0.0014625858517637313 0.9995443152501513 1.3119559823240576
0.9990730063540618 0.007819186896304809 0.04233957673727877 0.11909497341037198 -0.007849160106066361 0.9999690165344184 0.0005371410618677425 -0.010707165235694701 -0.042334282739484516 -0.0008685176991509612 0.999103331929713 1.9834659692742096
0.9985607621387099 0.004342565605574281 0.05346108144858575 0.17637735732260987 -0.004299866280833651 0.9999902827322449 -0.0009185108305583608 -0.02191541976917278 -0.053464830753186095 0.0006876746302447197 0.9985696908191753 2.6741194336170433
0.9979124131991811 0.005992642506588846 0.06429833116383968 0.23511744621281333 -0.005805979035190255 0.999978144079816 -0.003098429895410325 -0.0369403519992517 -0.06431582043546052 0.0027191595180269803 0.9979259405831805 3.3660789039601022
0.9971679037519123 0.00960832456166377 0.07458551707078567 0.29851276925847936 -0.009120629472473482 0.9999345242097137 -0.006887926542395127 -0.05445904096862435 -0.07464716527460985 0.0061886737363618955 0.997190781114205 4.06670222718952
0.9965176832913245 0.010110778813930146 0.0827624665900536 0.37033288175906554 -0.009440451613971267 0.9999192941729487 -0.008497198056180919 -0.07300641670128555 -0.08284210576549297 0.007686435556116483 0.9965330348419238 4.770705281538236
0.9959839965766442 0.010240935691594137 0.08893938341221255 0.4446930286077736 -0.009504299141615984 0.9999168859297529 -0.008708707760796677 -0.08942684047821081 -0.08902152726098611 0.007828499832037157 0.9959989140615549 5.478311945654221
0.995414496688439 0.008439973638450232 0.09527812140377372 0.5259863110350461 -0.007710869788224768 0.9999381046690017 -0.008024681102542964 -0.10243198040931667 -0.09534026512322703 0.007253558390794745 0.995418278079106 6.207366128526388
0.9948432632009683 0.00917470659307119 0.10100661524758446 0.6104476511020117 -0.008388507257209533 0.9999316146294153 -0.00821490910168383 -0.11794594460037228 -0.10107573585965603 0.007326140709015753 0.9948519634461332 6.962354665258195
0.9943094711822735 0.009799730369125018 0.1060774321250569 0.6983615917276063 -0.00890557488810475 0.9999210993033352 -0.008908040506629623 -0.13592229191400196 -0.1061570074735807 0.007913528547799899 0.994318158457632 7.708507931383465
0.9938841887707275 0.009814638792910222 0.10999054286304642 0.7900357698034178 -0.008873233647908632 0.9999200807627138 -0.009054278488369975 -0.15147388196002415 -0.11007124521446951 0.008023775564118629 0.9938918875441949 8.465203778085588
0.9935965936419271 0.007160923496560372 0.11275452561482117 0.8841760717770251 -0.006281015071219593 0.9999470421176022 -0.008164814427375894 -0.16226249227910028 -0.11280772179806756 0.007405001579159953 0.9935895510552852 9.22846438260282
0.9933690017960102 0.00494129046449458 0.11486235868576357 0.9823299440495916 -0.004457959686526619 0.9999805373522683 -0.004474509393907124 -0.1676589848256362 -0.1148831822556692 0.003933635179326211 0.9933720370639502 10.027198975781634
0.9931488529202389 0.002876307309133827 0.11681844459882264 1.0845352532811081 -0.002790238939345356 0.9999959566483673 -0.0009091113965813114 -0.17074074867496233 -0.11682138305031171 0.0005772527777756437 0.9931533372310225 10.842818244756529
0.9929598156104493 0.0023418506283148397 0.11842716565842315 1.1855424437967834 -0.0026050390021220473 0.9999947728355065 0.0020569903290254287 -0.17165639458569285 -0.11842270043988558 -0.0023505210164071516 0.9929610661194365 11.660630411161128
0.9928857220944584 0.001549643116797284 0.11906242383786309 1.2875348960499466 -0.0019747829423734154 0.9999925582087956 0.0034409218281831414 -0.16975352164772078 -0.1190573252157166 -0.0036510495216355025 0.9928813533742634 12.46668992260453
0.9928108216474929 0.00024189854383831468 0.11969520465729713 1.3911474828610575 -0.0007011755120280082 0.9999929497021222 0.0037819736622891607 -0.16929374333622152 -0.11969456703069058 -0.003838153388877702 0.9928039299901642 13.288089560312027
0.9926600830033562 0.00157538846207322 0.12093122317546998 1.492708881398045 -0.002044503723969493 0.9999915609875029 0.0037405386561350103 -0.17075996340901586 -0.12092508378844237 -0.003960075202165761 0.992654708267303 14.124605906910208
0.9925395345902291 0.0020784757824757276 0.12191178117211897 1.5991399760598477 -0.0026983808074186803 0.9999851450129125 0.004906982807734792 -0.16956024400944855 -0.12190065614188056 -0.005199169184402174 0.9925296535499645 14.983508264025417
0.992513542961318 0.001689684366021081 0.1221295568683317 1.7092142565308535 -0.002483679419856647 0.9999777599114564 0.00633581832547872 -0.16719071507742456 -0.12211703675014689 -0.0065916598046476 0.9924948190927368 15.861302454764783
0.9925009508596888 -0.003055537305256933 0.1222056719337136 1.8194772319696033 0.00241760164042956 0.9999838101660962 0.005355334181629358 -0.16574557712693794 -0.1222208923990758 -0.005019596348646052 0.9924915319452784 16.722364022784934
0.9925282338729571 -0.0035965355058829706 0.12197569656089627 1.9232012225740804 0.0034008001473020332 0.9999939191988643 0.0017983747175312707 -0.17381221500752025 -0.12198182720701681 -0.0013704732981727826 0.9925330966295575 17.54414853327287
0.9925654546664501 -0.0024281777258981932 0.12170093190641951 2.0251459359978488 0.0025732131695201063 0.9999976811210336 -0.0010502763532521384 -0.18474688924506943 -0.12169814714238787 0.0013550251231331288 0.9925680631274846 18.365341347438687
0.9925748652723239 -0.001426788563080173 0.12164356788587481 2.124371273252172 0.00166060541937077 0.9999987230696784 -0.0018396536339065368 -0.193644939844586 -0.12164021474605706 0.002026930438285909 0.9925745022635789 19.18695256530698
0.9925855087863351 -0.000914303602084122 0.1215627740716577 2.2236850761437874 0.0011372170385048708 0.9999996963470928 -0.00178295644301815 -0.19908811159529197 -0.12156051911677404 0.0019069871721230707 0.9925848691217225 20.017720230397646
0.9925966708230546 -0.0018989139268682466 0.1214632190066119 2.330020469713184 0.0018607946702880556 1.0000001535908085 0.0004063037167020124 -0.2005350518325344 -0.12146357613608133 -0.00017787652189136735 0.9925985894313362 20.87504767555248
0.9925933256628072 -0.0015670806618990657 0.12149671764344976 2.4364395018678064 0.0012052175300864337 0.9999969694352111 0.0030289949936426674 -0.20006111309716126 -0.12150096917738053 -0.002860460473194956 0.9925904118303184 21.75323540531646
0.9925871054800799 -0.0018017174602462372 0.12154417595961947 2.5451927868007003 0.0010637943578146875 0.9999830913639483 0.006112398747840293 -0.19670284472939056 -0.12155319058765512 -0.005938022588090809 0.9925704473681639 22.633258187407876
0.9926368074610993 -0.005709005165394096 0.12101563863216569 2.6526280057369824 0.005049768662361419 0.9999730682542994 0.005729993974446912 -0.194804200543412 -0.12104517382495976 -0.005077090414686632 0.9926372239604381 23.500504012996952
0.9927500965341947 -0.010087962605602949 0.11979343059204389 2.756403661762136 0.009789997236550463 0.9999498877598822 0.0030507483308742896 -0.19668252281384777 -0.1198183139622872 -0.0018563376514287157 0.9927973123765834 24.350955674382643
0.9928425000753661 -0.012455025093317968 0.11880043831868069 2.8567051141882573 0.012434458537062706 0.9999244815657974 0.0008897127654203855 -0.20009335949133103 -0.11880274144991339 0.0005935274307163464 0.9929208904748428 25.1921330031566
0.9928551073369473 -0.013001069856853573 0.11864033509284001 2.960853192099291 0.013055973406076263 0.9999171053327461 0.00028761944405549943 -0.20436747939316596 -0.11863432209248176 0.0012627987945769482 0.9929404663734894 26.032891782558178
0.992859209141916 -0.012586801196634263 0.11865050969212515 3.0637082972608485 0.012609566227576292 0.9999228634513053 0.0005316173159264543 -0.2064767903835859 -0.1186481288980206 0.0009675406287021863 0.9929391797518138 26.894004812276446
0.9929228442308393 -0.012050008496334126 0.11817256511263621 3.165304013018703 0.01188352129179426 0.9999296529029534 0.002086589171450097 -0.20633259728084385 -0.11818978937093592 -0.000668193087545829 0.9929941966354983 27.763670959131154
0.9930044135930586 -0.014709443570351219 0.1171829200319619 3.2671032989191366 0.014233676937938441 0.9998890288683089 0.004869795101580389 -0.2026892631357405 -0.11724192759979098 -0.003168856285662962 0.993101438022302 28.61779775468746
0.9931046974723422 -0.01586350746397505 0.11617806490623549 3.367673404713086 0.015244412177368607 0.9998667993361875 0.006188772125681094 -0.1993086595203921 -0.11626117191168388 -0.004376157041966434 0.9932122183818539 29.483797054891028
0.9931465108446175 -0.016905666589708424 0.1156732448205624 3.4651547618309935 0.016404237263386162 0.9998537900301547 0.005258298050186954 -0.20059044371770357 -0.11574573792292854 -0.003326020492280728 0.9932764076840658 30.319235643836638
0.9932309017163684 -0.016624580899368233 0.11498984850974374 3.5573498097483522 0.01631828288702675 0.9998626552725633 0.00357588602051903 -0.2052340022272364 -0.11503380873609483 -0.0016766141505172797 0.993363463112259 31.12982532146969
0.9933403791544736 -0.0136891199071101 0.1144276413333307 3.645140542751403 0.01329409147690705 0.9999047137181343 0.004187141521493811 -0.20340808033290705 -0.11447462708429211 -0.0026390892066767728 0.9934252619146346 31.961510864033276
0.993461719973132 -0.011560618462820157 0.1136048274769185 3.735090297591995 0.01100366391002346 0.9999258708396905 0.005501431608851003 -0.19990347150271084 -0.11366067641509067 -0.004216308543901783 0.993512756878395 32.80764995989231
0.9936688066726083 -0.010876961356592338 0.11184732714139538 3.8269246604228497 0.010034546592730353 0.9999187408061873 0.008063776828409096 -0.19340218891369582 -0.11192662155162925 -0.006891227204616756 0.9936945509825351 33.66701617626508
0.9937479098837504 -0.00917290738512739 0.11129628974014377 3.9147205514545993 0.008347486761823735 0.9999359008580949 0.007850959673875854 -0.1900447559442647 -0.11136180062828197 -0.0068739200368435225 0.9937581218543986 34.50745363598732
0.9938593133019263 -0.009458659626459203 0.11027463411437437 4.00612303379571 0.008563270284624112 0.9999282992803896 0.008559677654268997 -0.18432975751429204 -0.11034828290371199 -0.007563947089862393 0.9938659834646033 35.350828714963896
0.9940561224682704 -0.009637863621417843 0.1084728440152876 4.0974922658580795 0.008380886708449988 0.9998942717902082 0.012006355075722005 -0.17311879525139945 -0.10857797335628104 -0.01102713594688962 0.9940286561970662 36.215223254807576
0.9942334848855864 -0.008979093549005276 0.10689493629144088 4.18338358029476 0.007390997282583793 0.9998585667788186 0.015209180338881908 -0.15979684002731842 -0.10701742971257099 -0.014332573219699414 0.9941560990840336 37.06351621436765
0.9942585073532754 -0.013035663063400132 0.10624481407925951 4.26987591873898 0.011672468605924951 0.9998438662006806 0.013405731078959222 -0.15080176136781928 -0.10640390430392214 -0.012089816857476005 0.9942519174786587 37.87707281410669
0.9943740871486556 -0.013922968854153615 0.10504397925761769 4.348719499603925 0.013567229352329804 0.9999015278327437 0.004063680236269776 -0.16801299240899759 -0.10509132305194915 -0.002616779663647026 0.9944614931428846 38.62548786075362
0.9944205535004129 -0.01089599943326133 0.10496199529797826 4.418440104091864 0.011723835642585993 0.9999060947002231 -0.007309307986689693 -0.19405595906113626 -0.10487382204975251 0.008497860069730728 0.9944514930002502 39.3393886574395
0.9944529487334459 -0.008701778801336706 0.1048596506621928 4.488714795743258 0.009790251176202414 0.9999044082118244 -0.009906551759941325 -0.20897953822971302 -0.10476468251344193 0.010877156169658113 0.9944398530447996 40.03319353148403
0.9946211318907651 -0.010158871105588229 0.1031227736973316 4.565265418680024 0.010666629268758833 0.999935101106396 -0.004412633275999213 -0.20669763652624495 -0.10307264240117597 0.005488145707197364 0.994661540754726 40.7681607070896
0.9949545154125623 -0.009179870882572778 0.09995281289096686 4.634607955027453 0.00834338568048756 0.9999286403029367 0.008744189660169838 -0.18733120581095195 -0.10002724475395666 -0.007866833971246405 0.9949566229363666 41.505441779091534
0.995009015996263 -0.00328676033785509 0.09978145016232663 4.696633606518357 0.0009717454288783326 0.9997324428285224 0.023200581817455587 -0.1590227060199136 -0.09983214607487755 -0.02298855328632501 0.9947426525472698 42.243619807595046
0.9950599125351969 0.00016193386107473252 0.09932677927875505 4.760411654881809 -0.003071249996379933 0.9995739899973488 0.02909757764640379 -0.13318489403850914 -0.0992807867836398 -0.029259795431541454 0.994632979868278 42.95959303141444
0.9950708088501988 0.002977005312368576 0.09917844951810362 4.8232130583524375 -0.005737442223274875 0.9996071967721416 0.027517818538058455 -0.11984321946546359 -0.09905798099429654 -0.02795251484662672 0.9946936506783346 43.65866872506104
0.9951207192621104 0.005074952112488941 0.09859465198089476 4.884801406770747 -0.007257465037388442 0.9997395518651243 0.02174906062315904 -0.1186815515463269 -0.0984590041677656 -0.022359883102378592 0.9948948030706994 44.33366714428312
0.9951234111321106 0.0057997386386482675 0.09852630849013076 4.947610024703428 -0.007452568715480022 0.9998404870669559 0.016375760478900877 -0.12031714593172667 -0.09841621302836512 -0.017031495230017835 0.9950043124119594 44.98516424517565
0.9950983612773593 0.006072055051363319 0.09876422957405241 5.009579329866848 -0.0074478816670413 0.9998831575103427 0.013528566910600424 -0.11957632918123079 -0.09867106940887953 -0.014198994324661176 0.9950236636455151 45.61157457492717
0.9950631311304771 0.005509055196565832 0.09915401904986439 5.071850063766481 -0.0068723813808722846 0.9998895811522254 0.013370777042733812 -0.11412696463813342 -0.09906978653481492 -0.013987540176564171 0.9949870592843142 46.23980180344106
0.9950303120097317 0.005185170261649241 0.09950357403863647 5.135437989944446 -0.0066091463645565245 0.9998836927485252 0.013942191486147733 -0.10708963667956618 -0.09942008181977985 -0.01453192497089674 0.9949443052397361 46.88023958632404
0.9949709834176268 0.005625086456867298 0.10006590417980635 5.196691664601506 -0.007034882136666001 0.9998840309832827 0.013698889923239204 -0.10417387910339442 -0.09997778785796788 -0.014335125026340722 0.9948911171761775 47.502918314446994
0.9949341235540653 0.0047912404027798654 0.10047605286187386 5.2591773355950515 -0.006109609254685089 0.9999023540373879 0.012776055531416891 -0.10269162985034963 -0.1004055123216636 -0.013326223965585533 0.9948620932367878 48.101040087066735
0.9948513013769713 0.004709148835649422 0.1013001638853473 5.320075954137585 -0.006005750724051881 0.9999071883089724 0.012456524154187186 -0.10125323057344388 -0.10123253083373826 -0.01300195394030263 0.9947827259147916 48.686608558447716
0.9947528713710303 0.0045757587433044354 0.10226539541824657 5.381611385763568 -0.005859759774817746 0.999910796050788 0.012218024330491512 -0.10041232704788133 -0.10220084662197881 -0.012754496538615483 0.9946869419397203 49.258039365745084
0.9945097844543477 0.005395050669993379 0.10456745476147447 5.444944729430683 -0.006670318495092129 0.9999107298273467 0.011807875221175422 -0.09860392566690486 -0.10449479721982814 -0.012442094706351688 0.9944526640188005 49.809728373840855
0.9940985672860565 0.0068104518939460556 0.1083261857013933 5.5108808638993025 -0.008081592097221155 0.9999065290520226 0.011259093363921533 -0.09780277116351024 -0.108239749309265 -0.012069597653884377 0.9940565734269101 50.37049398062643
0.9937751334786449 0.007150143975294943 0.1112310971798683 5.576937438442045 -0.008455101518917265 0.9999033602376818 0.011228854428162264 -0.09665950417725587 -0.11114052708771219 -0.012100815689136494 0.9937360377475869 50.91450658737186
0.9934078637766784 0.00721202267898708 0.1144585950672516 5.644094712048019 -0.008611639281608376 0.9998962150835063 0.011705341638291367 -0.09386144457901549 -0.1143627451766885 -0.01261530247060877 0.9933638714085768 51.45498952516809
0.9929765088704503 0.007461184966004638 0.1181271843336058 5.712515414477635 -0.009010246414452016 0.9998829145605093 0.012549766147905374 -0.09040329232138115 -0.11802029101277108 -0.01352710534867015 0.9929241301879335 51.990087780519
0.9926477118779642 0.007564848070867086 0.12085403850293282 5.781361002915863 -0.009362588713173447 0.9998570316457948 0.014276706513988735 -0.0849090158092635 -0.12072948603042218 -0.015303933013225747 0.9925727242565247 52.520410131717085
0.99242150486251 0.007741829611444196 0.12268546884650569 5.849556477245375 -0.009733971440435156 0.9998331968247379 0.015611322380584143 -0.07895262740554511 -0.1225448064882682 -0.016687995484987873 0.9923278898710771 53.04740214511212
0.9922952938672377 0.00794794821873003 0.12368998199277505 5.916297139068845 -0.009970942431094743 0.999829092647504 0.01571121176773526 -0.07500403801035718 -0.12354470542802014 -0.01682393597040961 0.9922015246999141 53.57117496670545
0.9922474707373432 0.0077199619915200475 0.12408500197198123 5.97915913112648 -0.00965735041647546 0.9998429797414097 0.014988556196871766 -0.07472974432362921 -0.12395073917747675 -0.01607094489376732 0.992163183471062 54.06738440453012
0.9922676618581621 0.007363616762632518 0.12394362388005803 6.039224151505632 -0.008974943796867264 0.9998844486505595 0.012415344233432614 -0.07767263459901567 -0.12383888628202293 -0.013432230956763968 0.9922161962082079 54.548649382076604
0.9923117934878529 0.008158615523218313 0.12354037820291364 6.094756390596841 -0.009433377208156403 0.9999101134966295 0.009705781493293625 -0.08207871822678849 -0.12345110268761349 -0.010797152249602773 0.9922967509968447 55.00999762541944
0.9923570731222285 0.00793687158616297 0.12318901596214313 6.150727509843334 -0.00891902255991546 0.9999343122177573 0.007394133018710806 -0.08633978071978188 -0.12312352910613472 -0.008436563332948828 0.9923601055903758 55.46893868260622
0.9923750031562825 0.007962784020638812 0.12304238526427984 6.202875820586237 -0.008826439164117489 0.9999415395871185 0.006447964536410191 -0.08928804726545764 -0.12298523422035076 -0.00748487540907891 0.9923846980796627 55.90815695777821
0.9923645888385587 0.007955174409131743 0.12312387232845808 6.254249209650678 -0.008813737229447526 0.9999416983736087 0.006403606831851875 -0.08968316325322365 -0.1230672722010547 -0.007439907091206303 0.9923746426464993 56.342763017734775
0.9923778565378407 0.008049728088613211 0.1230150592547804 6.303801556325203 -0.009093234528785701 0.9999287367613765 0.007894312755393726 -0.0854707126959947 -0.12294415042613824 -0.008952667657075954 0.9923775022407566 56.766754361374055
0.9924110131629333 0.007265526427483107 0.12279338784780258 6.352336305971912 -0.008424300764872968 0.9999259713876205 0.00889354965690954 -0.0817530175561812 -0.1227211234793274 -0.009860431100074032 0.992396491050301 57.17847531770368
0.9924199403049924 0.007318161811783173 0.12271989613976249 6.400473774870691 -0.008479161744436081 0.9999251868411778 0.008916226361454324 -0.08002920552672733 -0.12264710960555919 -0.009889099753761883 0.9924053213021578 57.566415325753475
0.9923281423704854 0.008347374110284977 0.12339665245427334 6.444976348749001 -0.009459871807932316 0.9999209774109572 0.008407712631259489 -0.07986409451659625 -0.12331825164961838 -0.009510588991738232 0.9923259618282879 57.931924522205584
0.9919493222047701 0.009479978187041781 0.12632112491748418 6.491687292624545 -0.010540755568349349 0.9999155113049586 0.007708607153794791 -0.08087581342296385 -0.1262392520258741 -0.008978028777567511 0.991963174733907 58.27941721762213
0.9913265551806266 0.009854858106157799 0.13108988915337746 6.540144057378978 -0.010897189532439257 0.9999149310785728 0.007214329351844311 -0.08218366323434304 -0.13100959011801555 -0.008580301368406184 0.9913477134552868 58.60787310772553
0.9905364512957024 0.010096199704547693 0.13691654323181113 6.590386220396785 -0.011154057559710516 0.999914580349008 0.006938231646816283 -0.08304898329871092 -0.1368367651416933 -0.008399474512385471 0.990561914261373 58.91801777309816
0.9894660364734106 0.010506589649723098 0.14442124785507834 6.645966971558903 -0.011579418019696744 0.9999123614931941 0.006567489201330165 -0.08352454652676675 -0.14434165640815697 -0.008170181989795163 0.9894981851620835 59.21601605585327
0.9878471842852312 0.011064455730849299 0.15506763265927828 6.7078356215712525 -0.012142083730064158 0.9999093514989141 0.005981682903730177 -0.08405138243746148 -0.15498926253182446 -0.0077917830734596785 0.987889437735974 59.49612710405548
0.9858659406489286 0.010863392053825114 0.16721393468946757 6.775463640456125 -0.01200141969497338 0.9999122244091263 0.005775766585723747 -0.08382483023956913 -0.16713821832983441 -0.007701057545774823 0.9859074480531742 59.76504889585104
0.9841048971451721 0.01047325891335202 0.17730563353700304 6.83778641803889 -0.011684058168953081 0.9999159338688631 0.005766444180434532 -0.08308438994550009 -0.1772319439070038 -0.0077467107366912605 0.9841425693306695 59.9984035786238
0.9826669450148241 0.009870867366240854 0.18514061059615167 6.894534779986553 -0.011087683734059918 0.9999234921805427 0.005520142636055575 -0.08292241756758963 -0.18507346400279434 -0.007478060208035616 0.9826998465602335 60.21174494898418
0.9812274269243019 0.010092792511378162 0.19261369353057145 6.9452133441895825 -0.011214880589487707 0.9999264380439251 0.004718913521725657 -0.08377677297098103 -0.19255329299797302 -0.0067910420021481815 0.9812670529962066 60.40460980620959
0.9798594143514255 0.010535785223538771 0.19943413441393495 6.990387677796606 -0.011501371870894466 0.9999275628452235 0.0036676360030122477 -0.08421333663157801 -0.19938250943713273 -0.005887761646859127 0.9799079810938418 60.579890201492574
0.978815922909587 0.011088094248790216 0.2044651071777636 7.030383544313136 -0.011945841947799275 0.9999247449410604 0.00294679756583823 -0.08394177112215685 -0.2044184517142236 -0.005327068358839233 0.9788730056830725 60.748724570546365
0.9782283636775307 0.01131791054175242 0.20724734612721682 7.060332418674539 -0.012120560962493853 0.9999240658497396 0.0025872246533083744 -0.08319603992153968 -0.20720358938853223 -0.005043180884240364 0.9782887346872311 60.88361277307289
0.9778734996044977 0.011573888937360883 0.20890146197453213 7.086395557269109 -0.01232780632722741 0.9999225534325363 0.002290555874367938 -0.08259329641900676 -0.20885992213621896 -0.00481567477745479 0.9779375753649414 61.00712218808121
0.9777071358196571 0.011772307282956213 0.20966636706330488 7.107559875406127 -0.012488610797630745 0.999920691538347 0.0020786882518309836 -0.08218189061633517 -0.20962677689004258 -0.004650978769195183 0.9777742497415919 61.1147146868577
0.9777272533692665 0.012125576443001431 0.2095532869302216 7.130690138828176 -0.012797850440838653 0.9999173313655215 0.0018379119798474582 -0.08317870294081209 -0.2095150968691013 -0.004478983202975969 0.9777990100057928 61.22866238528325
0.9778187563942281 0.012600729110993402 0.20909890697667285 7.144030549785628 -0.013256483053916718 0.9999116824235582 0.0017194253767394236 -0.08352640214695144 -0.209060075927202 -0.004453431141627874 0.9778966121166083 61.307526447108266
0.9778518907460296 0.013390555236694957 0.20889322776895655 7.156276105007195 -0.014007936375162528 0.9999016817941556 0.0014624938590872844 -0.08332299754919273 -0.20885460863649147 -0.004356425085833133 0.9779407999363666 61.38076924796348
0.9778445007401214 0.014208962124584846 0.20887218935109275 7.167056548181782 -0.014780720664818104 0.9998906933631719 0.0011641469842356524 -0.0826657386918811 -0.20883453364504137 -0.004225594141997627 0.9779454964870278 61.44406495520894
0.977819147658668 0.01469387302683982 0.20895645304019375 7.177345481290165 -0.015239637008004493 0.9998836920377117 0.000990388799460385 -0.08174956804646777 -0.20891963027234323 -0.004152707041383219 0.9779276450762269 61.5017716798526
0.9777751521428458 0.015027318614450344 0.20913710313101755 7.186031015113006 -0.015543944368094217 0.9998792268887474 0.0008152368593055237 -0.08080766569669329 -0.2091016406026491 -0.004047774344266014 0.9778892221983257 61.549758283430954
0.9776881812348309 0.015208206448205938 0.20952835280117743 7.19430343469025 -0.01569978458439025 0.9998769157312685 0.0006726839041196744 -0.0796401443765102 -0.209494463377775 -0.003947029062306061 0.977805360626213 61.5914980130761
0.9774492470147131 0.015375594444918853 0.21062906041980614 7.202224325675024 -0.015862252091313818 0.9998748874658172 0.0006091209881800202 -0.07801830844420292 -0.2105951043055288 -0.003936599063273979 0.9775691719637987 61.62848543122492
0.9772461527987982 0.015566174778243536 0.2115554083489675 7.208947335307982 -0.01604277621559389 0.9998721920020255 0.0005249075033379182 -0.07621518270858366 -0.21152188745664108 -0.003907023661439563 0.9773694470660717 61.66059439454832
0.9771421149113967 0.015728033529543058 0.21202223323210634 7.2143748015128395 -0.01618915401312164 0.9998697119299911 0.00042809239933202625 -0.07422602119336763 -0.21198976273610856 -0.0038509761625211253 0.9772680862993626 61.68949337712476
0.9770247861676212 0.0159371795514446 0.2125456305838446 7.21890073346949 -0.016383008525465204 0.999866375398273 0.00032633463637222755 -0.0721207895848843 -0.2125140914848058 -0.003801050949641374 0.9771542107886234 61.71473156926437
0.9768344147821619 0.016144242928712294 0.21340043894639224 7.222978380642992 -0.016548481714333263 0.9998633682353525 0.00010061189155957542 -0.07031973189074515 -0.21337208190922943 -0.003629697243616212 0.9769676188941007 61.73572225344158
0.9767040471883378 0.01636821973922607 0.21397942594268776 7.226611772037558 -0.016732930307336327 0.9998604547547062 -0.0001144738145318359 -0.06833849038687015 -0.2139537798048071 -0.003468806956310362 0.9768410486723192 61.75639093178142
0.9766425938044676 0.01653810667971624 0.2142456364229087 7.230888559882314 -0.016893030300104125 0.999857287489923 -0.00018088434321974546 -0.06597250568742868 -0.21422068461778168 -0.003442563043344705 0.9767823600949624 61.78126984502876
0.97658546395815 0.0167874139262977 0.2144861226943055 7.234269528472402 -0.017125080553117723 0.9998532263954171 -0.00029044100344596206 -0.06378545245286722 -0.21446229122547472 -0.0033896656854813605 0.9767293472966914 61.80294873001695
0.9764795058213758 0.01712061891620903 0.21494269739396715 7.23642342671077 -0.017417410583490122 0.9998483935046591 -0.0005211925617368169 -0.06180494947317037 -0.2149214516712055 -0.003235215187359803 0.9766291374869508 61.81761218308803
0.9763760959246831 0.017330302876299258 0.2153955605163029 7.24072807814806 -0.01760316545168265 0.999844603269869 -0.0006580968849553467 -0.061325261510681704 -0.21537623944028236 -0.003149447060930264 0.976529028253877 61.83223748355574
0.9763165950250909 0.017479635742781226 0.21565167980586963 7.239303437884714 -0.017724739115796962 0.9998422427072508 -0.0008025097090243638 -0.05950524826416848 -0.21563466143661456 -0.0030391936569874227 0.9764723153739492 61.82603859321101
0.9762498829077303 0.017618976949130453 0.2159411833248816 7.241234784418813 -0.017791357710057746 0.999840717562597 -0.0011498323319324162 -0.0578794524507531 -0.2159301325875186 -0.002719836729150954 0.9764078489199104 61.835295240974474
0.9761392341641681 0.017828861766895607 0.2164243963071454 7.243636435287635 -0.017939919392034938 0.9998379588652754 -0.0014562033856387313 -0.05590885105364599 -0.2164181573277762 -0.002461887519736912 0.9763005590190817 61.84734145721996
0.9760608671941899 0.017994134300525846 0.2167648407055888 7.246343479221142 -0.018080859129686835 0.9998352397140378 -0.0015888731071554494 -0.05352828068893083 -0.216760498714337 -0.0023692215414853205 0.976224769130916 61.86210731904361
0.9759797594441245 0.01811703175975464 0.21711878334800674 7.248845435268303 -0.018195921021754304 0.9998330741289646 -0.001641124024562145 -0.05097721276728251 -0.21711502965905088 -0.002349653120729175 0.9761462144599229 61.875979372184474
0.9758879834532121 0.018208025254956177 0.21752306785040626 7.250301028174243 -0.018252176560154963 0.9998315291936084 -0.0018107251733051341 -0.048829056094670586 -0.21752232444599565 -0.0022038994383742523 0.9760556392282852 61.88449933702491
0.9756853009593358 0.018230876171662455 0.2184275489815997 7.268255762840216 -0.018199373216089984 0.9998314327924384 -0.0021588635544933753 -0.04727829555917772 -0.21843333720896058 -0.0018694131046000258 0.9758528084104977 61.95485589139236
0.9754485502031367 0.018311852413600112 0.21947513374905664 7.2830201511536465 -0.018235949417772793 0.9998300599930745 -0.0023747471091711096 -0.045316143569378735 -0.21948453434228882 -0.0016863292868863579 0.9756170501628533 62.01206923523677
0.9751551738499954 0.018421326452097146 0.22076766745849705 7.293630270100081 -0.018299857849245944 0.9998288374670965 -0.0026001870574470566 -0.04333913267445531 -0.22078064150132726 -0.0015050712277693615 0.9753249957124858 62.05217152390239
0.9748605569911419 0.018537455840372745 0.22205379287896848 7.301008703960461 -0.018384270821882653 0.9998267485315211 -0.002759948134650753 -0.04090696995649387 -0.22206953966622878 -0.001392071812615192 0.9750325926065577 62.07898223962164
0.9745296530696016 0.018657033160366245 0.2234910406185245 7.311945670899477 -0.01846908569635782 0.9998245827042058 -0.0029330364119821 -0.038664025991087425 -0.22350980034929957 -0.001269569914193306 0.9747036794945007 62.1185728573191
0.974096105652353 0.018810540180323933 0.22535788653933844 7.323982554511501 -0.01859386602178878 0.999821226923091 -0.003083267938602595 -0.03614256242746526 -0.22537916732787172 -0.001186938706756015 0.9742730909131976 62.1611688905536
0.9737036688515355 0.01886735689901537 0.22704494396007974 7.337913023386703 -0.01861433183206091 0.9998207919385462 -0.003257729795552773 -0.03375019974293612 -0.22706886844160487 -0.0010546603437432826 0.9738810170518246 62.20883925931614
0.9733874362565459 0.018918424802124016 0.22839307878388523 7.342815591575569 -0.01862829918728859 0.999820091929192 -0.0034287859911630437 -0.031076927717315583 -0.2284198543184846 -0.0009176450693358562 0.9735652264146364 62.22334401179707
0.9731081053045352 0.018932708799364092 0.22957719433909482 7.346387259466591 -0.01859244778016777 0.9998197627750274 -0.003645317686165385 -0.02841812734539237 -0.22960817485150536 -0.0007218375875230366 0.9732856326146856 62.23437064102509
0.9729691979948487 0.019050862944928748 0.23015522335776717 7.34563328435589 -0.01866413025711394 0.9998176536798098 -0.003856490850587131 -0.027652866776936534 -0.2301900466183111 -0.0005439769872204396 0.9731483727875184 62.22146808756897
0.9727942588865891 0.0192088721248985 0.23088068571762013 7.343574723901482 -0.01880078178496979 0.9998146768390849 -0.003967491113213917 -0.02528704169726576 -0.23091737502816248 -0.00048164507608366086 0.9729762932391885 62.21000259327712
0.9726858489165054 0.019352117701994367 0.23132502353980391 7.347920193146491 -0.01891915857458807 0.9998120839512495 -0.004090093718436428 -0.023109787392199817 -0.23136392966568475 -0.0003986092553901969 0.9728703535195781 62.22819684862456
0.9725842127165696 0.0195009733590882 0.23173893342800744 7.351738299650162 -0.019041357903728198 0.9998091790381792 -0.0042202974303021815 -0.02085896201901222 -0.23178020498874655 -0.00030841862724189354 0.9727712645117649 62.2455572120839
0.9724614435435399 0.019646319416052403 0.23224418324943052 7.355355145958393 -0.019163239997285707 0.9998068444396502 -0.004338183623818013 -0.018521165129775634 -0.23228741405007772 -0.00023245595385597 0.9726506331276035 62.26273479133093
0.9723256114293253 0.01978595871251046 0.2328016915703196 7.358751812413896 -0.01927862133404439 0.9998041184892759 -0.004457432867058142 -0.016203396458712185 -0.23284707112690434 -0.00015467773409567393 0.9725169808671426 62.27940713300992
0.9721667392111921 0.019888417974486476 0.23345781899842108 7.361954894238569 -0.019354898069039967 0.99980258134613 -0.004580762144818407 -0.013853758243185979 -0.23350520838122257 -6.613280650078988e-05 0.9723595947588163 62.29531028154487
0.9720334203713985 0.020008027666103694 0.23400404105206318 7.366111055769068 -0.01943869582909107 0.999800687316264 -0.004746103177124589 -0.011774971085824523 -0.23405434436195238 6.366068052886645e-05 0.9722279150850754 62.3153657312882
0.9718959272664537 0.020126870088683062 0.23456549557464423 7.370484050470937 -0.019534603006712063 0.9997984234360539 -0.004855400450007456 -0.009548283803433541 -0.23461790650832937 0.00013568206093370354 0.972092122133696 62.33631190650441
0.9717936576972354 0.02028636161667687 0.23497821527086046 7.375640429755646 -0.019664657638610646 0.9997956759179868 -0.0049974162879705 -0.007589945794233941 -0.23503327096053672 0.00023425540518999598 0.9719920682060338 62.36104926415719
0.9716910224632342 0.020447284536992162 0.235387202647911 7.380518083731235 -0.01979315825004664 0.9997923846774074 -0.0051497565990049855 -0.005680397219967878 -0.23544536882358144 0.00034336816499033876 0.9718922281206787 62.384475020221274
0.9715690643584592 0.020615361741863018 0.23587821411580134 7.385713680804471 -0.019936049001387644 0.9997893972703533 -0.005274968529745476 -0.003719526926964672 -0.23593871208031908 0.00042045753881889814 0.9717728887786198 62.40911523823309
0.9714705502159412 0.02078312015391012 0.23627082813082667 7.391421726424502 -0.020082685538015774 0.9997859118948061 -0.005382138518312496 -0.001800650435202902 -0.23633351178261838 0.0004816290392712617 0.9716770074754593 62.435860053182495
0.9713822228342204 0.020942137428954656 0.23661752591387192 7.39760207606896 -0.020219947139810745 0.9997822771375668 -0.00548850894375052 3.1359198216076266e-05 -0.23668265937661748 0.0005450471327713218 0.9715917476364907 62.464379014280816
0.9713005842597915 0.02110881415699483 0.23693579648875562 7.403884240248327 -0.02035998146785753 0.999778441441332 -0.005616187422601358 0.0016912064588283583 -0.23700374246120487 0.0006289390565153476 0.9715132089817338 62.49315476641318
0.9712217438498915 0.021295406311723216 0.23724132106279758 7.410877721179299 -0.02052222083980492 0.9997743964270586 -0.0057369982006332644 0.0032113065766325305 -0.23731191068916205 0.0007008686958210222 0.9714378751856803 62.524775695523
0.9711499849297379 0.021467735859830653 0.23752014257904966 7.42331104341019 -0.02067114972532148 0.9997706155954421 -0.005853123503282558 0.002866790343501079 -0.2375932176736413 0.0007722718889213958 0.9713690962025381 62.57363694633159
0.9710764522331119 0.02162022554149581 0.23780671373838294 7.427999037399253 -0.02080053720111384 0.9997672863754181 -0.005963883000998526 0.004081003008743008 -0.2378822742698144 0.0008426855620488788 0.971298355795853 62.59274389875784
0.9710083054623044 0.021781250825053156 0.2380721245036191 7.436920715864901 -0.02094293591160612 0.9997638775604004 -0.006060605590902037 0.005295623138574506 -0.23814951632777906 0.0008965782427346075 0.9712330254769761 62.62939437186549
0.9709281018302612 0.021995403056916628 0.23838024880038353 7.446056416579871 -0.021133925188437513 0.9997592732304135 -0.006180675732001223 0.006540061608090898 -0.23846023968734908 0.0009604754445806076 0.9711568701971804 62.667803601410625
0.9708386016486298 0.022178919787162844 0.23872550574285648 7.455636458091493 -0.021294410691512874 0.999754816754992 -0.006293149505108181 0.007815126843782348 -0.23880843439927774 0.0010235749990290964 0.9710711004627279 62.70805929231157
0.9707677312065228 0.02231518112170753 0.23900173235074776 7.465185022012273 -0.021406962075871273 0.9997519538289545 -0.006406164804042923 0.008999813130312147 -0.23908701335934285 0.0010998070192911433 0.9710024609756424 62.74842786664261
0.9706994270870878 0.022464337874328534 0.23926469129893105 7.474963949481996 -0.021537083070027684 0.9997483261511901 -0.006499991063825492 0.01018476429325246 -0.23935220318405365 0.001153796822516919 0.9709369944939472 62.78985281037509
0.9706258914328942 0.022581888190330725 0.2395524257655824 7.484803257420751 -0.021630933611336542 0.99974559568762 -0.00660918851079388 0.011287764132549968 -0.23964248531755505 0.0012305846191928572 0.9708652350395018 62.83107693747565
0.970537685746955 0.022744436625722085 0.23989374741551428 7.494408315610558 -0.02175809941115146 0.9997417191357156 -0.00676998714711506 0.012268478848226422 -0.2399875245649288 0.001348079274583138 0.9707797993551701 62.87128695794402
0.9704596562366173 0.022925851502315454 0.24019219417117535 7.5035640228654055 -0.021918203435341743 0.9997375134347686 -0.006876272436141436 0.013500367161890837 -0.2402885729420036 0.0014058175200305466 0.9707052459910912 62.910593688075394
0.9703880845460222 0.023138549020365985 0.24045998073746255 7.512888223787174 -0.0221223499011796 0.9997323953585896 -0.00693415962237183 0.01484019351709223 -0.24055802120280495 0.0014069099666515663 0.9706383286114693 62.95139093646062
0.9703202671606792 0.023274940144645293 0.240723359565825 7.522411103709146 -0.022237858830425422 0.9997297437354781 -0.007036123282472114 0.015982536346866114 -0.24082344827567023 0.001471324439060124 0.9705728433347534 62.99199772492643
0.9702186418426308 0.023437063267365138 0.24111556806566753 7.53209601887482 -0.02238139963379409 0.9997257833063219 -0.007127924307894776 0.017120962518867723 -0.2412179311477404 0.0015162950717424607 0.9704747169471633 63.03253876092049
0.9701193607393155 0.023566258622099184 0.24150104565510905 7.542410170436571 -0.022500558137125395 0.9997224964574549 -0.007180011266555617 0.018291712258633124 -0.2416049681809504 0.0015289461332074787 0.9703782544476567 63.074980830471304
0.9700413847082976 0.023739719479889402 0.24179898730628943 7.551976715846684 -0.022655064129098106 0.9997184508501814 -0.007276889122428466 0.019405498191050925 -0.24190516082425448 0.0015782209639355457 0.9703033262509676 63.115651776295614
