1.0 0.0 0.0 0.0 0.0 1.0 0.0 0.0 0.0 0.0 1.0 0.0
0.9999998807907104 -0.0005238950252532959 -0.0005501657724380493 0.0003016251139342785 0.0005238950252532959 0.9999998807907104 0.0004269927740097046 0.0002963235601782799 0.0005500167608261108 -0.00042717158794403076 0.9999999403953552 0.7558660507202148
0.9999973550172191 -0.0019194780312705717 -0.0011042408753410005 -0.0009491143309497754 0.0019208158102722583 0.9999968727630009 0.0012907834355204706 0.0021758720267953807 0.0011018723844822276 -0.0012928019737135088 0.9999986111315705 1.527847200764597
0.9999626090478266 -0.00850290945491861 -0.0017708090637380356 0.003808535710058394 0.008511044194064897 0.9999511282777154 0.0051266641943539856 0.008377594878785005 0.001726896615453388 -0.005140584803149724 0.9999857715174711 2.3351737040348697
0.9999903254308163 -0.0036805276124822115 -0.002493793945564762 -0.007835264797353195 0.0036971613583156667 0.9999686804391184 0.007038217938348066 0.01391396994966175 0.0024676248120454785 -0.007046517565642162 0.9999721897713695 3.1046206756070323
0.9999970933025064 -0.0010103160414121626 -0.0024072184623626274 -0.01361622046364736 0.0010252087609041326 0.9999779151573329 0.006621062946765779 0.01634125417525005 0.002400687136770647 -0.0066229330903285625 0.9999758182656249 3.870001912756715
0.9999970026340177 0.0004219142078057173 -0.0026506289003920287 -0.019675634697268716 -0.0004069099294439256 0.999982008912832 0.006017921949773958 0.017057642874509147 0.0026534212165708437 -0.006016148754016305 0.9999787485937869 4.64291123749449
0.9999798906615639 -0.004479622780558506 -0.004563031175985618 -0.021642002646333865 0.004491707294023523 0.9999859316907884 0.002776490411396756 0.015080617129218373 0.004550750948772577 -0.0027962137288222535 0.9999860310484752 5.418279340843153
0.999983829106038 -0.0028703635902225222 -0.00498171089718746 -0.03120869754971154 0.0028776994053429997 0.9999944068746939 0.001583565330138715 0.011351866516915134 0.004977375342375423 -0.0015972751968112463 0.9999865973399921 6.165730278108411
0.9999859804562687 -0.0022729471659815458 -0.004774765442381227 -0.03610608705222887 0.0022791812950627203 0.9999959814542604 0.001376407942161963 0.009319278165962975 0.004771502507892754 -0.0013863974584040763 0.9999877178494821 6.928984558659575
0.999987117153363 -0.0004033650909661589 -0.0050285726489663705 -0.046347353768960785 0.00040739644577116746 0.9999989348440587 0.0008586088938625814 0.007678132524431183 0.005027763185674904 -0.0008593550147373958 0.9999867414106304 7.688478601874322
0.9999849325821695 -0.0002180786757201852 -0.005477720305047026 -0.054324800248495786 0.00022279937497282718 0.99999894269208 0.0009373722938331043 0.006998819627397805 0.005477186205064465 -0.0009370130956220879 0.9999845347013744 8.466784993956672
0.9999827979725083 -9.069553916342168e-05 -0.0057856309938266815 -0.06182043847681641 9.50272906403686e-05 0.999998804128401 0.0007977392758076005 0.005443733689590441 0.005785037609481592 -0.0007966593921106301 0.9999826807710775 9.235568112301095
0.9999789788269129 -0.0019547877789875567 -0.0061581942179252565 -0.06700509447369768 0.0019567758379265316 0.9999971396101568 0.00034555842664971153 0.003530628252898002 0.006156917974451821 -0.0003560114313575297 0.999980825805201 9.999709406545492
0.9999776261227464 -0.0017210840801853726 -0.0064905576905086165 -0.07552989941942158 0.001724672028209607 0.9999977402041555 0.0006109835284053181 0.0027478813748797034 0.0064890830261017576 -0.0006206229068188763 0.9999789263272096 10.788746846962376
0.9999768562675503 -0.0014121361027547453 -0.006709080842398133 -0.08312986622829416 0.0014211499444961434 0.9999976401991328 0.0014359078142068401 0.0031433195491470277 0.006706765020762423 -0.0014441895065131138 0.9999766476620006 11.577147723420381
0.999977134309124 -0.0011179739974941797 -0.006658301264551625 -0.0886928937509139 0.0011328870289229803 0.9999959677158611 0.0023052084212025455 0.00308251299998988 0.0066553231914790595 -0.0023112252141051955 0.999975264289615 12.380292530547365
0.9999771649790488 -0.0008249610210499927 -0.0067384539825860006 -0.09374172738482764 0.0008467602858343281 0.9999936768358579 0.0033616209580014573 0.006330489139423254 0.00673525872387692 -0.0033660559007861303 0.9999718796294422 13.158996094137386
0.9999775101045971 -0.0008362846731608046 -0.006738824424929067 -0.09868872521021708 0.0008587423488978274 0.9999932497739014 0.003485538003816476 0.007835124452148706 0.006735608224743684 -0.0034901119719727273 0.9999714607077999 13.952064396834622
0.9999784990759305 -0.0007120459092295375 -0.00667801302716229 -0.1038362029970475 0.0007338695108890541 0.9999940316899827 0.0034625846370056283 0.007852716903001355 0.006675519735432132 -0.0034665972568945734 0.9999724273327332 14.739094447961762
0.999979377160187 -0.0007164958372152065 -0.006581735281952668 -0.10872721695385504 0.000737142741327494 0.9999945238906285 0.0033537877963333847 0.006705131772055603 0.006579339383545594 -0.003358115274497657 0.9999733873284986 15.51475288826933
0.9999796286166486 -0.0005141283769763438 -0.0065295000099412255 -0.11508159021492335 0.0005334483070248718 0.9999951563845006 0.003156893129676276 0.005291574631052846 0.0065277493763930446 -0.003159637549968843 0.9999742721957324 16.290918544403507
0.9999800190454677 -0.0003637527016742719 -0.00648167980988141 -0.12132338558496027 0.000383272669565762 0.9999950471318695 0.0031793894882034203 0.005714641793201969 0.006480242896092362 -0.0031808884471350185 0.9999745134357283 17.049024394726487
0.9999798868296937 0.00013005163072373063 -0.006511256801775542 -0.1287666398470976 -0.00010872670143181099 0.9999943344007589 0.0034627670714242223 0.007064565969450534 0.006511430179352667 -0.003461172784002111 0.9999734210009504 17.81998240601224
0.9999803504578897 0.00043721895693502483 -0.006433674619098127 -0.1350983625312956 -0.0004145558785847503 0.9999931671476128 0.003755713809437321 0.008574370534377778 0.006435182616898858 -0.00375225290713175 0.9999729119597859 18.5848015170296
0.9999815267349077 0.0006879206682258826 -0.006270873261068479 -0.1410388729775041 -0.000663656952031493 0.9999916618878582 0.0040811742488953695 0.010532831245320444 0.006273459885687795 -0.004076382939218505 0.9999725584306528 19.342765928660683
0.9999833821570105 0.0006556195226573444 -0.006054363444001761 -0.1456508439735247 -0.0006309525025087252 0.9999909728654057 0.004343051483321428 0.012171238526683196 0.006057175650135488 -0.004338567474551713 0.9999730859099133 20.10226251253368
0.9999852543154469 0.00080478742385904 -0.005787604155769486 -0.15030811921612422 -0.000781864918616279 0.999991519685063 0.004304409735836033 0.012441334417670268 0.005791461557457793 -0.0042998464778597045 0.9999751072438376 20.853318567048856
0.9999867499384509 0.0008319059931089931 -0.005545870668252231 -0.15425218227862425 -0.0008105615663877361 0.9999917650265069 0.004241814388110771 0.012701985001829896 0.005549920150311858 -0.004237700054084056 0.999976597066568 21.604941682208022
0.9999874108132208 0.00026368278211354326 -0.0054372399065131605 -0.15790664704252674 -0.00023965684745592175 0.9999894040713272 0.004781173336263209 0.01539239668651774 0.005438810013391025 -0.004780135865811963 0.999974732625587 22.349616614806802
0.99998812705492 0.0001909266778474001 -0.005309176864704022 -0.1624454329626931 -0.00016278348264141566 0.9999848659409489 0.0056344165714891144 0.01920431728484798 0.005310471680763449 -0.005633847966774752 0.9999708722628126 23.099595627186922
0.9999903187090946 -0.00021093609636966472 -0.0050007066284249784 -0.16464810823540654 0.00023974086616706177 0.9999819265014134 0.006209975290831699 0.021970239877518713 0.00499975157356442 -0.0062116892419436225 0.9999693860918476 23.844121487121388
0.9999927746191657 -0.00042521817884469187 -0.004572040065190629 -0.16602693464511367 0.0004523073630608336 0.9999806396252325 0.006447107300235417 0.02406236504526912 0.004569752923245095 -0.006450061750652669 0.9999701764236113 24.579074579194398
0.9999935973078481 -0.000706359134405359 -0.004313838075483066 -0.16554704732326164 0.0007318218406609498 0.9999803937570639 0.006456655573173125 0.027346570045094158 0.004309708751752298 -0.006460510252595947 0.9999711763217493 25.280240414053115
0.9999948175880896 -0.0013846248940035946 -0.003919996600701627 -0.16564480452165709 0.0014077444694786199 0.9999793155766161 0.006491661299478626 0.03067138521522848 0.003911364981790823 -0.006498135539137186 0.9999724110572086 25.980793338799675
0.9999958297735891 -0.0014462096432355403 -0.003670444402766381 -0.16723123972560497 0.001467992309269477 0.9999786977854578 0.0065646395059784715 0.03318676791630824 0.0036613162439267594 -0.00657094379940979 0.9999729155970603 26.692490023504455
0.9999967097398471 -0.001542304299352895 -0.0033279301997321065 -0.1678528549290104 0.0015614968604453843 0.9999791001059024 0.006464262215008626 0.03435349654182405 0.0033182667614271694 -0.006470445168338337 0.9999746531919114 27.38604224038178
0.9999964266183481 -0.0023328015726534887 -0.002903801482501349 -0.16777104871917045 0.0023506381931565467 0.999974309681149 0.006959616296200532 0.03731965187374685 0.002887939878845454 -0.006967449600032408 0.999972444921168 28.070279052286175
0.9999979728568616 -0.0023544183657019774 -0.002395289088040388 -0.16819731830261012 0.0023699482652720697 0.9999698259866135 0.007613840161649826 0.041020562910076705 0.0023779964792699456 -0.007620931151902571 0.999969129418291 28.751819858591496
0.9999928725045695 -0.004329695913006237 -0.0015920278114820523 -0.16664963540386335 0.004341723410342063 0.9999489344698586 0.00927526199129003 0.04624511535195509 0.0015526462030097134 -0.009283671198340698 0.999956672890194 29.40958383047786
0.99999015189773 -0.005099820076587603 -0.0009112999037712699 -0.16552692727158408 0.005106640809417675 0.9999305738472387 0.010768132407437923 0.05244476253318687 0.0008571403440307147 -0.01077419589206046 0.9999426557634373 30.06312380423359
0.9999920633992817 -0.004818653844550909 -0.0005204580911697559 -0.16521556485994354 0.004821886359980037 0.9999172096245206 0.012055256995091789 0.05880147420463608 0.00046317373096287366 -0.012059186478399838 0.9999281362228882 30.70126447007718
0.9999916840847017 -0.0049590222453888624 0.0002654255680503958 -0.16334135729473384 0.004952071357923181 0.9998945621176392 0.013762447989076068 0.06655530924073719 -0.0003327760872914559 -0.013762598084502005 0.999906292115276 31.32973999822482
0.999995933139344 -0.00398918932062198 0.0010605980563096339 -0.16293807434912408 0.003969323828201182 0.9998772508087032 0.015302938948099675 0.07468692686150905 -0.001120367804486069 -0.01530045926648491 0.9998834456399459 31.92303139962709
0.9999959882114633 -0.0035993665763269173 0.0016879706216882235 -0.1614693030898028 0.0035696995083088893 0.9998746945742891 0.01555019201185928 0.08128168333350354 -0.0017427076095568265 -0.015545718172314682 0.9998785193773784 32.51177263645617
0.9999892603265478 -0.004751903407393841 0.0026513051419601247 -0.15776328534573414 0.00470641151590646 0.9998655747251615 0.015819146232228028 0.08820223985562185 -0.0027251144715485275 -0.015808178607384288 0.9998721742949745 33.08230655821439
0.9999734949515086 -0.006781770995494685 0.003902785698991768 -0.15400873700226952 0.006711872178192967 0.9998357729266388 0.0169425360585216 0.0968616429228453 -0.004016056465702912 -0.01691756954802775 0.9998497106574114 33.64831084782815
0.9999625179671212 -0.006953794800332286 0.005902721042063752 -0.14893793111853532 0.006839659628860808 0.9998034215364789 0.0186873278092342 0.10650741535130699 -0.006030484658215979 -0.018648053699608952 0.9998087605890001 34.224283236645675
0.9999300323178213 -0.007651401264409994 0.009484756035591159 -0.138526897946379 0.007467186240376589 0.9997930992823024 0.01900547734337098 0.11289761552682985 -0.009627203865690707 -0.018935079521841258 0.9997751711030315 34.791040233591396
0.9998559261014829 -0.007753680321542988 0.015404140587690511 -0.1191203860293682 0.007460025232470359 0.9997965541402055 0.01883994757897918 0.1184236593373631 -0.015546073771413576 -0.01872391670808643 0.99970475887345 35.3421048024092
0.9997323131332064 -0.007546580716176825 0.02208154438898389 -0.0955424478707766 0.00712329539354443 0.9997950244813619 0.019052223365625096 0.12481945135352394 -0.022219738172041092 -0.018891338402197498 0.9995753970493679 35.8741272187723
0.9995706144087055 -0.007262512330177867 0.028552193363994435 -0.06672588203626455 0.006651342742768207 0.9997514722663129 0.021346567504564106 0.13452745809304104 -0.028699153877243443 -0.02114898068647751 0.9993647553181977 36.41915092480806
0.9993083186497919 -0.011170951737437394 0.03559676428793125 -0.028390996762301092 0.010262103999989985 0.9996225944379588 0.025537225336046257 0.1479155022613693 -0.035867452583973794 -0.025155898311064854 0.9990402786523077 36.98835146061313
0.99896667425344 -0.013045711601002818 0.04364475705708016 0.008635210585450692 0.011951608435665473 0.9996132844729336 0.02517320045094413 0.15315842361378199 -0.0439550253230654 -0.024627154161346154 0.9987305592520817 37.51105204603673
0.9984448684378772 -0.016880943835331928 0.05322360862965897 0.05667036608026986 0.01580532409236113 0.9996665050265134 0.020508425462030522 0.14910953028008417 -0.053550712939849164 -0.01963671054012064 0.9983726832338214 38.02996625727942
0.9978179912131979 -0.019463301933649854 0.06316612495427155 0.10695491709609678 0.018447118391449437 0.9996933928035593 0.016574126526009418 0.14609695503851705 -0.06346797719379531 -0.015374193007555405 0.997865989665469 38.5238338348392
0.9970160833355657 -0.0197393544638665 0.07469192220826776 0.1614778220504104 0.01873350564456893 0.9997258286675995 0.014095332734002342 0.1444887620965583 -0.07494832865643906 -0.012655645896531132 0.9971076401587098 39.003903640957
0.9959456178289889 -0.019498819451972384 0.08787496585368401 0.22395463004491203 0.018499695098324227 0.9997562431056657 0.012131666961130673 0.14234075423662956 -0.08808866113483006 -0.010458331941300929 0.9960582342295365 39.48731325592291
0.994647657415424 -0.01954116388884154 0.10151531482298831 0.2928179444306932 0.018865901111033267 0.9997943251595419 0.007575455162842279 0.1364602742672053 -0.10164101333765098 -0.005621197494312798 0.9948058890192901 39.949284263428304
0.9930738709451564 -0.020399553952046273 0.11575528961129647 0.3688581834947331 0.019874709620460968 0.999787615736503 0.005659664198071108 0.13228208645379444 -0.1158445436142107 -0.003321426565314632 0.9932625316732494 40.404312000565675
0.9911494621925097 -0.021982739682545903 0.13096375247669348 0.45810858230794627 0.021278714747295785 0.9997523144626 0.006747395966884175 0.13318959079391218 -0.1310784479167426 -0.003902686354669933 0.9913654435593948 40.88241602904504
0.9888835489094361 -0.024499084197863133 0.14670297830855342 0.5605967415524012 0.023513460815411006 0.9996896423965215 0.008426483021409546 0.13518358206397935 -0.14686280882285524 -0.004885114572216642 0.9891460311978074 41.36698871988186
0.986184132978195 -0.026523914324057315 0.1635543556148197 0.6688611665440567 0.025531133311244972 0.9996425196446364 0.008148907406726415 0.13330649046170504 -0.16371084361938348 -0.003862281331060067 0.9865022384928127 41.835340513026786
0.9827239022894967 -0.024505427478336998 0.1834800524493997 0.7815352650169423 0.024219215361221687 0.9997011463873597 0.0037820036207475366 0.12759483474694322 -0.1835164778081238 0.0007253499545602409 0.983017861390837 42.30316337448299
0.9786137480846736 -0.02432598641549434 0.20429300855146046 0.9054184712557845 0.025010339090472098 0.9996885024539106 -0.0007852515871210296 0.11991056897916014 -0.20420877899132195 0.005876014455426758 0.9789112453028443 42.750494954088396
0.9738472247949943 -0.022690548706030253 0.2260952332838466 1.0403642957545234 0.024413384000335533 0.9996918232227442 -0.004841722363857501 0.11648063316103033 -0.2259140543812107 0.010233034948684647 0.9740950744465751 43.19059108490458
0.9684644050438768 -0.022655359037623793 0.24814485602349026 1.1871409293311488 0.02529328044153816 0.9996538057698436 -0.007460992936184371 0.1110432870878411 -0.2478881911106069 0.013500289449530432 0.9686962103388311 43.62212463507486
0.9623606651937823 -0.021571078450306275 0.2709396287040482 1.3502245229167895 0.024957076086285356 0.999648713546166 -0.009070213176751628 0.1039559508211322 -0.2706467783957742 0.01548888222156369 0.9625554896824681 44.07702847757512
0.9553639777081638 -0.0222381380952178 0.29461295725059056 1.5254667841457787 0.026200917724409203 0.9996125397337386 -0.009521286274100576 0.09647024910390589 -0.2942848992930285 0.016813719840660813 0.9555712023982716 44.521594526112054
0.9477864745421503 -0.022690544310315943 0.3181167368014456 1.7133436115439329 0.027250868188314306 0.9995809218488088 -0.009902523521668592 0.08916646159092732 -0.317756926567642 0.018052544716059576 0.948002021385178 44.967526555500264
0.9393341927886194 -0.02351754114396924 0.3422128044803419 1.9146187866321782 0.02877296594525266 0.9995339608220266 -0.01029759034106144 0.08121617456712055 -0.3418088074488636 0.01951760213589093 0.9395678625776446 45.40901268161675
0.9303098753392883 -0.02512071635533335 0.36592975595541016 2.128250537629766 0.03131081304811793 0.9994502174981951 -0.010999278645158253 0.07243375784679958 -0.36544991188079845 0.0216883313380949 0.9305794871751712 45.848303719311815
0.9207790858581676 -0.025995262999749538 0.38923170249504857 2.3532287614501124 0.03329480830164703 0.9993738785044821 -0.012026098503525078 0.06293213155419168 -0.38867246342847617 0.024031053924373828 0.9210628261323291 46.289705591041646
0.9110677656013763 -0.02729645411141663 0.4113660305256658 2.58625674225635 0.03597508852026774 0.9992639776843522 -0.01337529889020152 0.05278569007041144 -0.4106951571883703 0.026983067242605956 0.9113738460905191 46.72014539240783
0.9009936382088487 -0.02554374931183047 0.43309357364906637 2.8249149171748535 0.03543138407970117 0.9992636369953173 -0.014780303257907893 0.04211453586515909 -0.4323944741002177 0.028660215136985648 0.9012298588493101 47.1446392426663
0.890067017269588 -0.023877849686366692 0.45521747831822446 3.076091258153701 0.03475148250133933 0.9992762790334211 -0.0155383149268535 0.03189092783342391 -0.45451423756172715 0.02964780740803812 0.8902471587405061 47.56233479517955
0.8786283201143198 -0.022007290734640614 0.47701119102870115 3.340433505732372 0.03392255025243231 0.999291132915234 -0.016386167930436183 0.021754017332070642 -0.47630904035349253 0.030577040759170893 0.8787467889053671 47.98239554583975
0.8668597113428066 -0.021524436316321633 0.4980992094888504 3.6115100797268873 0.034934544322786386 0.9992352103109232 -0.017623542497932094 0.010482386752229383 -0.4973353817395477 0.03267599955136781 0.8669435719768053 48.38582396371637
0.8538004884299156 -0.022289933020887078 0.5201348030713965 3.898182235906188 0.03681936607339327 0.9991673884055492 -0.017626189192001537 -8.355230476745842e-05 -0.5193051812033452 0.03419830994532886 0.853905395889677 48.786975667027384
0.8393005413303595 -0.024161572030045382 0.5431415971914534 4.196003318421731 0.04001719948894579 0.9990483115756164 -0.01740027621241685 -0.01109802225064618 -0.5422002562818123 0.036337259026215846 0.8394640630460094 49.17604158417648
0.8242341570593051 -0.02409832667172647 0.5657467966708454 4.500322203233804 0.041026201558674646 0.99901067752755 -0.017222772328946322 -0.021760365933859833 -0.5647680960464226 0.03740412017801877 0.8244028222879106 49.551225612730775
0.8091487318301264 -0.022717970594532795 0.5871747598785925 4.832224193371503 0.040893284957953954 0.9990075733978072 -0.01770612599679688 -0.029929660458234492 -0.5861858139969768 0.03833634840441357 0.8092703978203858 49.94025247269385
0.7933019475779727 -0.021281056248373044 0.6084659671571199 5.164650140488197 0.04005819564485 0.9990485592004842 -0.017290575656296967 -0.03850554525551739 -0.6075152800541694 0.03808859471736105 0.7933955640927189 50.310309654219616
0.7768931992406244 -0.020679154959276982 0.6293016935071365 5.504871551676933 0.040285504727744496 0.9990459616753858 -0.016909588803382062 -0.047552189916856086 -0.6283476025804055 0.03848669003047525 0.7769811244399285 50.670263074374375
0.7595081608355481 -0.022340793971292884 0.6501224664898346 5.852780081234129 0.043139876883497914 0.9989406313569926 -0.01607577496492362 -0.05632442293761125 -0.6490702858075178 0.04025379047226599 0.7596634771402668 51.01885114016024
0.7412265960809279 -0.024647628063806284 0.6708098612239461 6.212128593131592 0.04636947700584669 0.998819195828097 -0.014542059773875586 -0.0633339741199074 -0.6696546919544492 0.04188204151714629 0.7414906277418375 51.36086193261466
0.7223043204224381 -0.027435152159980738 0.6910388808702915 6.588874719698504 0.049887307261686914 0.9986776430052978 -0.012500460105309358 -0.06819435869606852 -0.6897776206934725 0.043500840900297266 0.7227140427816127 51.701110414845424
0.7029445228017338 -0.028830685059422066 0.7106676345539819 6.974460074237445 0.05097211726971958 0.9986518319190747 -0.009908869352643604 -0.07074601010257878 -0.709419082338423 0.04318736330207716 0.7034629129310824 52.032761421349946
0.6840154719463281 -0.028517844373150303 0.7289169922700378 7.375429027840247 0.049613489862911316 0.998741306584928 -0.007487401550440954 -0.07242922219877743 -0.7277807153901159 0.04128312274406919 0.6845659347042952 52.3621812379556
0.6644593973502784 -0.028159188338155876 0.7468005583367168 7.784559582036089 0.04773657861131331 0.9988493502714139 -0.004814413297609854 -0.07167504119434809 -0.7458002618386858 0.03884639316157703 0.6650358890788223 52.68123755596759
0.6444673834866057 -0.02862750689842403 0.7641021872952919 8.193728093483086 0.047279919455327696 0.998879463854237 -0.002457301221846093 -0.06980546625866693 -0.7631701664272619 0.03770816450600188 0.6450956069689854 52.980291519964034
0.6232803596735066 -0.03130539324110546 0.7813779310272833 8.618506440295935 0.050655570086700526 0.9987166756289432 -0.00039655108460999325 -0.06880525175200616 -0.7803573066004695 0.03982622879122961 0.6240632428189092 53.27299275100347
0.6014640285969765 -0.03328137653264322 0.7982126372050222 9.041355241213333 0.054214982291490826 0.9985294614193857 0.0007787416361271634 -0.06893986583943543 -0.7970593602270654 0.042804608881825246 0.6023810179570905 53.54688762312196
0.5795998207574616 -0.032468970669364876 0.814260347417521 9.456011537812726 0.05437770306436956 0.9985203781119855 0.00110679566334666 -0.07034269862731715 -0.8130858387443418 0.043634147545051356 0.5805049590857964 53.79871388171515
0.5574843936553655 -0.030684843436298136 0.8296262552654867 9.899231250579412 0.052359978304552454 0.9986270287737329 0.001748799306382669 -0.07182119620716387 -0.8285354116014167 0.04246236569285239 0.5583228082142324 54.056833643786895
0.5351665580365811 -0.029212471968969932 0.8442472787250926 10.345725456445125 0.05052554300627319 0.9987198381279393 0.0025273279426394554 -0.07211741361761402 -0.8432347719596431 0.041301529129917594 0.5359547411921796 54.30036418703317
0.512727908046038 -0.02983988877721539 0.8580385213082623 10.78661951830664 0.051520781284106726 0.9986646396443616 0.003941684912267993 -0.07045377764243098 -0.8570046977860961 0.04218385665510694 0.5135781309931042 54.52312356748519
0.48937944283051904 -0.031782156975267484 0.8714973676773504 11.265239255194285 0.05410340743159125 0.9985172497088312 0.006031287605756915 -0.064447300945193 -0.8703908782247016 0.04419753903447294 0.4903710184081925 54.74673096526229
0.4654963761932736 -0.03326744494074115 0.8844297432301481 11.736312424940412 0.056862959231118615 0.9983530206401905 0.0076224589241947124 -0.059326849291425524 -0.8832206063720351 0.04674128610615022 0.46661915215896327 54.95246007016245
0.4415364824973331 -0.033316801814531394 0.8966298026610693 12.199777947110839 0.05706585722223508 0.9983302669830478 0.008992208497528282 -0.05482207083801345 -0.8954260960839986 0.04719469182420208 0.44269845198570995 55.14218334657617
0.41778325222072427 -0.033311606090157674 0.9079414398565022 12.684363548743098 0.05536885198135853 0.9984044115467523 0.011151297033262418 -0.04772686181024217 -0.9068580143640826 0.04561106029274424 0.41895986365502585 55.32902908377796
0.3942675641618092 -0.03437210762986278 0.9183583344847911 13.174166383360388 0.054412263112590724 0.998421074063407 0.014006709945273059 -0.037785758372609016 -0.9173832911775802 0.044445744601128954 0.39551425177415833 55.5038453139766
0.3698980759251486 -0.035295862843309635 0.9284072403044563 13.669991308214595 0.0550820506652999 0.998353868186298 0.01600747267174053 -0.029340853278734355 -0.9274378730314842 0.04521558990015249 0.3712325330700842 55.66530631208581
0.3454065417806752 -0.03506860751396935 0.9378032937673434 14.156189405655645 0.055499716244658645 0.9983163843936613 0.01688820586256748 -0.02280159856876597 -0.9368105294070959 0.04621267009484751 0.34677073468058817 55.80776235484333
0.32057986093627155 -0.0351524483691183 0.9465746289749084 14.647721353705055 0.05753764176423599 0.9981891893086228 0.017580763590971184 -0.016619400058860794 -0.9454724550880284 0.0488257711630444 0.32202153186269133 55.938546560096235
0.2958645079597133 -0.0351421997062817 0.954588685353632 15.131311551512281 0.0579757765393051 0.9981418458744846 0.018774772786810022 -0.009407629219164859 -0.9534688675040424 0.049786352447254885 0.29735171693010076 56.05406026055485
0.2706404174355731 -0.03448936306969326 0.9620678750268388 15.628861980631005 0.0575254345227665 0.9981517799376272 0.019598745374191758 -0.002569915779467191 -0.9609604909587968 0.050037191222308784 0.2721241636374769 56.1595553671264
0.24545014727762302 -0.03381814450192879 0.9688246643953229 16.120791405390946 0.0569099609269477 0.9981704134060662 0.020422916393360524 0.004932140970730499 -0.967737971829099 0.050120965902282454 0.2469258416376953 56.249370813029536
0.2208769853498147 -0.03353241118947014 0.9747308464836609 16.606321988339506 0.05589954852104544 0.9982013211616158 0.021671184708658683 0.013929770557804465 -0.9736996730066626 0.04969822812697936 0.22235495099898456 56.32585710395908
0.1959205147133436 -0.03382715945596286 0.9800418160404712 17.0927481679743 0.05540314039770526 0.9981902000056371 0.023376400942015967 0.024272048386846445 -0.97905434266361 0.0497155411494917 0.1974409127417458 56.38902501872919
0.1709858075259129 -0.0347241658240214 0.98466702987317 17.579709644519628 0.055759319947884245 0.998117971332616 0.02551478518298897 0.036130080313695134 -0.9836951695529382 0.050539834433245646 0.17260106454151491 56.43903810805124
0.14556562799844844 -0.03601151064384947 0.9886984942906617 18.063681173899504 0.05714917729953913 0.9979746456373736 0.027934326602005746 0.04866222300445505 -0.9876973026208722 0.05243517135730241 0.14732984545491545 56.47504192127749
0.12056284968270894 -0.03582503841880189 0.9920646980349025 18.549022200325627 0.057169164619124115 0.9979407168931587 0.02908848912402372 0.05980479039481417 -0.9910589623573155 0.05320668683605789 0.12236392481172371 56.49895793738515
0.09578362706557662 -0.03508647919780045 0.9947890125192875 19.055559108451238 0.05666735910180742 0.9979500802270884 0.029740386411723305 0.07547626742617611 -0.9937884502522292 0.05352160432182135 0.09757676053264967 56.51004182470194
0.07147888654164364 -0.0343307559520057 0.9968563800440665 19.53807604033108 0.05514806991937048 0.998014699428566 0.03041494108319747 0.08946859927096257 -0.9959168633565525 0.05279878467273756 0.07323145079284558 56.50841862781431
0.04713512291131321 -0.03386977267780588 0.9983195526516421 20.026151237646182 0.05340282173785447 0.9980808208427948 0.03133905002889022 0.10331972916814135 -0.9974605225530441 0.051834021478442384 0.0488546947578339 56.49618227667575
0.023479389990192022 -0.03362137591200482 0.9991645730996517 20.51633556357408 0.05367286685173439 0.9980350506709987 0.0323208965522756 0.11641731879234342 -0.9982839286490642 0.052867262423439226 0.025239624851894855 56.47160362603999
0.0009440823206445272 -0.0336907799800494 0.9994375477616344 21.00562450786174 0.05582203401844589 0.9978755708087051 0.03358409163094206 0.12946003253448088 -0.9984420047685644 0.0557570604494934 0.0028246771175912677 56.43632396789616
-0.022245068355917517 -0.03319993904011413 0.999206683919423 21.488857876704767 0.05578395521632954 0.9978499241928008 0.03439552832281701 0.1426466864283668 -0.9981966912679688 0.05650298649552674 -0.02034341776439302 56.39087041428457
-0.047171427057703955 -0.03302783603895476 0.9983462215664816 21.96368626701852 0.05603837972365938 0.9977915302393263 0.03565583379960239 0.15636077547105315 -0.9973155131394182 0.0576258281734318 -0.045214242570320966 56.33180589560372
-0.07199247049556366 -0.033845195630362 0.9968366543012572 22.457818267188703 0.055024920450781056 0.9977670617255268 0.037848888060026946 0.17383895593055368 -0.9958885812399375 0.05757382173938678 -0.06996670179281805 56.262183606756125
-0.09608742889279241 -0.03462231303677292 0.9947762948588708 22.938403556370993 0.05489224046757462 0.9976894543828703 0.040023989152136216 0.19198317343682186 -0.9938604220000067 0.05844952398156158 -0.09396237437674072 56.18086186025245
-0.12055867482441039 -0.034961774896315516 0.9920958597147449 23.41881336354049 0.05479313228346802 0.9976211970600076 0.04181322346518051 0.21081668273702217 -0.9911948036721331 0.05939926088446591 -0.11835396509051356 56.0866155157365
-0.14644337720241063 -0.034357100955749696 0.9886279726042551 23.924814447454764 0.05674640504872707 0.9974586186477852 0.043068156660872846 0.22923647906998007 -0.9875926663163653 0.06240634157450111 -0.14411881320511044 55.97451849608031
-0.17129978395631118 -0.03406815807959993 0.9846359994757009 24.414933290322008 0.05724202941769437 0.9973691172702307 0.044465803468852455 0.24818356639089645 -0.9835579505211479 0.06397775495702186 -0.16889563965309026 55.853245743124084
-0.19479338152933365 -0.03381426695770493 0.9802675397544216 24.906141730801803 0.056540531255782456 0.9973562177330073 0.045637656772033075 0.2683074604091813 -0.9792165655873774 0.06431310218705676 -0.19236321805895235 55.72084867971918
-0.2175861672316188 -0.03277240099190443 0.9754969331893347 25.396711452886347 0.05582283378393614 0.9973817884036145 0.04595738179877836 0.28752062019727853 -0.974446537224585 0.0644531925285034 -0.215183943514914 55.57710165041872
-0.2403693659283579 -0.03177865565969885 0.9701677564041009 25.890849755092066 0.05346366115862915 0.9975130750223482 0.045918856754950624 0.3070811675771974 -0.9692115084713984 0.06290468302139623 -0.23806921225319816 55.42332071501454
-0.26407478018191316 -0.030853358994888686 0.9640162445447552 26.37532729784456 0.05377669074240409 0.9974625445760528 0.04665341946595423 0.32723216157716745 -0.963006809828823 0.06416010695334698 -0.2617410840308466 55.25537679634202
-0.2865207733317496 -0.029910072068756687 0.9576141388226954 26.878178529806927 0.053569558031716945 0.9974486508764421 0.04718081810513772 0.35277808327934423 -0.9565797179619211 0.06481574521886824 -0.28418363803628066 55.06638529225341
-0.30937216776453264 -0.028532615373655132 0.9505202754819355 27.35130901786252 0.05337156646415761 0.9974531794370454 0.047310831877926895 0.37437005541738766 -0.9494469876191561 0.06536602295625965 -0.30705743674558883 54.87397973437751
-0.33162820976397783 -0.026486308069461586 0.9430457218958834 27.818267863992034 0.05451346415156814 0.9973975842563314 0.04718078729066473 0.3943968689051188 -0.9418385448678074 0.06705372382084025 -0.3293175852059376 54.67153305907638
-0.3527105729194736 -0.025417124854732895 0.9353941805208297 28.290722696049194 0.05381480763965265 0.9974250942757307 0.047392927447858293 0.4151898710183009 -0.9341879495621452 0.06705259532418636 -0.35043141450183796 54.45724399813874
-0.37207869668137755 -0.024594175505755135 0.9278820900877695 28.760812928418886 0.05330109126909992 0.9974325559107509 0.04780946386181929 0.4357884708609056 -0.9266736191717446 0.06724463631226249 -0.3698096738329125 54.23434420785243
-0.389070856965419 -0.02323643894577793 0.9209216911936055 29.235800681170893 0.05338549679446021 0.99743232232979 0.04771935464797083 0.45509673661524586 -0.919664431278236 0.06772868347507656 -0.3868280651762683 54.00275701540046
-0.40510981378481625 -0.02272174572688856 0.9139926625158803 29.735450956249558 0.052506828173356127 0.9974621755329084 0.04806720379925916 0.4759766561131915 -0.9127639406492577 0.0674620886532084 -0.40288536303687744 53.75215343140536
-0.421119765502908 -0.022227676316316905 0.9067396735489581 30.214661699949446 0.05244199885955666 0.9974298265785215 0.04880432431118382 0.4975527162357398 -0.9054927029277906 0.06810235197073024 -0.4188683077329565 53.498555378721484
-0.43602713703849233 -0.0217820544244861 0.8996766411883955 30.69778603965452 0.052014178825738944 0.9974247072758677 0.049355262412941914 0.5190812673096199 -0.8984336787575842 0.06831488070686569 -0.4337682506125445 53.236644132588935
-0.44988850972061944 -0.02130151812766394 0.8928374399784991 31.16627238107932 0.05167110739276666 0.9974188438579747 0.04983101034567054 0.5399028685008029 -0.8915934716325892 0.06855107366561133 -0.4476234732781679 52.97472405230336
-0.4628899155172401 -0.021199495701723185 0.8861690717615858 31.652933666626694 0.05043778724217665 0.9974631952097052 0.05020620405094447 0.5617259051026359 -0.8849847138933162 0.06793485700466433 -0.46064325316889 52.6973980447305
-0.47501568732722194 -0.020967449806775652 0.8797343562037914 32.1338474395952 0.04921778646904978 0.9975170324815831 0.05034805744539247 0.5822757452088285 -0.8786049884732692 0.06721328792826302 -0.47280119433740453 52.41628235183825
-0.4863190117325747 -0.020171169289493814 0.8735554558578894 32.63040325336192 0.048835352204102726 0.9975426647164236 0.05021920982893215 0.6028276354874402 -0.8724206515461392 0.06708126074501838 -0.4841359307906986 52.11849829381595
-0.49670011732165437 -0.01989931001194155 0.867701111531868 33.11353408481454 0.047774865334889664 0.9975935469988965 0.05022393345269913 0.6236178665736913 -0.8666114123314311 0.06639924892184419 -0.4945513180398181 51.82193553868133
-0.5063622446513628 -0.019579539219584646 0.8621058553796832 33.614196981550585 0.04709791582484821 0.9976213343141652 0.050318502306872466 0.6454718086385884 -0.8610391085634816 0.06608118438169631 -0.5042326774372164 51.50843350335667
-0.5145577978908498 -0.019577105135364366 0.8572394585344689 34.109687759137685 0.046394606689739194 0.9976384562791109 0.050629696004189394 0.6675625291229952 -0.8562048627895538 0.06582161655451016 -0.5124316196203158 51.19309513267441
-0.5213041687501723 -0.020040112875322254 0.8531429075768905 34.604612064897125 0.04482974378191076 0.9976997294176843 0.050826223256129587 0.6951636251624634 -0.8521979057788377 0.06474074749792713 -0.519203904171955 50.87729839611516
-0.5271960337299836 -0.020128974795624227 0.8495127719821751 35.10484999167521 0.04415919091982437 0.9977191051815453 0.05104354038264352 0.7199334776406181 -0.8486012188001016 0.06442201852878231 -0.5251016058538368 50.553130258826904
-0.5323140162896494 -0.020012444522600863 0.8463178508940647 35.60146016917754 0.043683680359915183 0.9977389876736653 0.05106698576533262 0.7424166446282071 -0.8454249352082894 0.0641523561541506 -0.5302330851542669 50.22974472871346
-0.536605923477598 -0.01794862395860543 0.8436493310664652 36.13415072575047 0.04721060355636372 0.9975691054286834 0.05124980803316701 0.7714523893670903 -0.8425169603279292 0.06732854434989576 -0.5344508992902276 49.880826712119735
-0.5382851890400382 -0.018689366820116193 0.8425629478664679 36.66855455121045 0.04705130547315146 0.9975285261556586 0.05218440034354402 0.8022760642531571 -0.8414542350412877 0.06773232830627188 -0.53607203071903 49.538041071902775
-0.5387834301620472 -0.02017497736287579 0.8422100670913351 37.20735200487515 0.04594860334792618 0.9975214800993472 0.053288190540085136 0.8344531744802683 -0.8411961036969872 0.06740773490469815 -0.5365176533760442 49.19732133908738
-0.5389213472345271 -0.021954804725399672 0.8420778157169889 37.74611518920622 0.04377042168208479 0.9975802977242795 0.05401982356010077 0.8673709146877608 -0.8412243347686503 0.06596932403596989 -0.5366530319454312 48.85907711439161
-0.5390513116707115 -0.02307930084317668 0.8419644676615544 38.285811611134214 0.04290950011250272 0.9975742864360577 0.05481468612423516 0.9017775435879887 -0.8411854439429182 0.06567518033947117 -0.5367502089545663 48.51847019637247
-0.5386940653325845 -0.022576281651843992 0.8422065796309556 38.83933098613846 0.04372845262971646 0.9975444310160455 0.05470776098393636 0.935390537528754 -0.8413720329034817 0.06629816008691551 -0.5363807914131362 48.169416526394336
-0.5378031049256556 -0.019285070327089003 0.8428573588628423 39.37234962153167 0.045650024808322434 0.9976054059436817 0.0519513981223721 0.9634650867120887 -0.8418395588317509 0.06641504667599722 -0.5356318854514166 47.833783183505105
-0.537058004619579 -0.01702972096632553 0.8433811204586861 39.91066200661887 0.04649122706285758 0.997679134296071 0.04974809858232928 0.9907660628449386 -0.8422691639805232 0.06592651248087253 -0.5350169680883406 47.49616177178442
-0.5356778038812461 -0.0174401074402581 0.8442496368495138 40.45223444034936 0.04600899767105378 0.9976984648410312 0.04980041768647216 1.0220033558588588 -0.843173287222538 0.06551894528640224 -0.5336396736463804 47.1634745229276
-0.532451211617052 -0.018803770645902735 0.8462591441010328 41.01789607588333 0.044616604504985884 0.9977395929115932 0.05023943370098294 1.0561654082400511 -0.8452894520928256 0.06450607536409143 -0.5304060540503368 46.823115204768854
-0.5279647890576393 -0.019898856457128133 0.8490408231964008 41.59351996512165 0.04404951570402456 0.9977379885211805 0.050773215606122614 1.0919131489334413 -0.8481288054865933 0.06420523787338529 -0.5258917567597282 46.481361994608065
-0.5224804859752039 -0.02080585786568575 0.8524047556102732 42.2011671142881 0.04488196656180079 0.9976449831422255 0.05185881504761195 1.1323116971389484 -0.8514746768026186 0.06535180590466008 -0.5203142749317804 46.12315298600922
