1.0 0.0 0.0 0.0 0.0 1.0 0.0 0.0 0.0 0.0 1.0 0.0
0.9998828172683716 -0.0010661333799362183 -0.015260398387908936 -0.029270261526107788 0.001057058572769165 0.9999991059303284 -0.0006210207939147949 -0.004493176005780697 0.015260666608810425 0.0006052255630493164 0.9998828172683716 0.4813363552093506
0.9995214423142258 -0.0017337607643952424 -0.030880387044211144 -0.06796078775911499 0.0017375678871367484 0.9999982475995477 8.497820440567239e-05 -0.005756818135004282 0.030879795339268767 -0.00013827583322267856 0.9995226632235568 0.9686527481605912
0.9989014251278054 -0.0021901559575110085 -0.04680358682140215 -0.11556192529639686 0.0022581915549628713 0.9999961948918674 0.0013935876082573132 -0.004688125604592053 0.04680002067189381 -0.0014974889597366078 0.9989026965400865 1.4820607822897816
0.9979885027093286 -0.002764320957195601 -0.06332557965280833 -0.17416400229987467 0.0029094725439715004 0.9999931511652674 0.0021925225794116434 -0.005377477403719575 0.06331827190271222 -0.002371582624541654 0.9979894331693836 2.00643334207956
0.9966967287315285 -0.001964736101004917 -0.08118137032763698 -0.24741227274463415 0.0022153659647348 0.9999928333700164 0.0029916432007693807 -0.006401241641976394 0.0811741708107816 -0.0031610221476078364 0.996693908627944 2.549684037511106
0.9951084361139273 -0.0017204847162716852 -0.09877122339136805 -0.32899076442587283 0.0022399797838564823 0.999984455572509 0.005144567482468593 -0.0023409771723321045 0.09876017254643266 -0.005340539447954916 0.9950967589007201 3.113025648259984
0.9931334050687115 -0.005733233970290638 -0.11684154214012499 -0.41881860319603037 0.0068017999406189845 0.9999385318772231 0.008742118028510002 0.009652787741795513 0.1167838747805345 -0.00947667129019914 0.9931118626198762 3.674894295846176
0.9906092039172992 -0.00361460680249115 -0.13667083817449516 -0.533718570031123 0.005032813444745789 0.9999368001175539 0.010027005916366146 0.015638091838672274 0.13662557714657914 -0.010620519590483084 0.9905653426989963 4.260092214422274
0.9878349330403635 -0.004696810216294092 -0.15543263928504883 -0.6485118454798194 0.0060335239789032855 0.9999483425992441 0.008124887591094025 0.014185196278313012 0.1553861189759321 -0.008963367460282472 0.9878127051785853 4.8224672472040435
0.9848775428012176 -0.001608544528461132 -0.17324252896731318 -0.7819065783231269 0.0025126561738089887 0.999984110133488 0.004995980150486123 0.008889787825181805 0.17323129727826575 -0.005354986129607995 0.9848664996851574 5.404940781728157
0.9815757182503442 0.0005850503820162425 -0.19107001355226264 -0.9200103175123522 -0.00033735367040741777 0.9999984955490464 0.00132556562878505 -0.0005688042110280865 0.19106978454664023 -0.0012358481251974044 0.9815747073566129 5.963944744513789
0.9774328190683766 -0.004891615430504911 -0.2111862888118117 -1.062789123794758 0.004501601303392389 0.9999863308215796 -0.0023312371466733582 -0.00874888821198704 0.21119409358856361 0.0013288083595247454 0.9774419510235581 6.519967182449646
0.9734324592477978 -0.005449478950777786 -0.22890701062789184 -1.2203806401764836 0.004846789802844882 0.9999822268438568 -0.003198341468656049 -0.01665606990785041 0.2289196227834043 0.002004880514924414 0.9734421205291566 7.082166996815267
0.9692085508697615 -0.004213926827818289 -0.24620417856698565 -1.3915725869900992 0.004359938800800192 0.9999899097314344 4.446371508644905e-05 -0.013671379721998545 0.24620062050785793 -0.0011157752934922252 0.9692176190893564 7.655509570813582
0.9639065149281142 0.0007839562036676775 -0.26623886473585706 -1.5906836887820428 0.0011774790129402415 0.9999727653057295 0.007204524312893475 3.928307455291699e-05 0.2662363449204576 -0.007257340532839922 0.9638799511110331 8.246515341999618
0.9584252417979157 0.005576397108145229 -0.2852892003905214 -1.802806452581832 -0.0022819625514776142 0.9999263382882305 0.011875839409442483 0.014070080287493392 0.28533348323020724 -0.01073053502078644 0.9583679813572638 8.834145947251479
0.9530466293960944 0.006696434458051398 -0.3027493963976373 -2.015963698367988 -0.002844075675578649 0.9999090536320052 0.013160779268460637 0.022311449946337533 0.3028089172279834 -0.011681428315086173 0.9529795972262695 9.402795942870457
0.9469260533856477 0.0041202671395850635 -0.3214255712500378 -2.224996979307922 -0.0008905981260666838 0.9999477683506662 0.010191536700895367 0.02097755501777497 0.3214499123287917 -0.009364559243423894 0.946880666305446 9.944173070399758
0.9401674071613635 0.000811661453833679 -0.34071190755498315 -2.445703530339289 0.0016060531463659 0.9999754789878202 0.006811563387173759 0.01727841954649699 0.34070776569880895 -0.006950799858083295 0.9401434324023265 10.485661470820554
0.9336041535569412 -0.00028023138289411966 -0.35830565563417766 -2.6790490255660124 0.0021584113643849387 0.999985875696678 0.0048395420537868175 0.012176920003707195 0.3582979151428904 -0.0052909929019763855 0.9335918762688172 11.028690517946881
0.9265967932137942 0.0014657466457777153 -0.37605311850501116 -2.932465582993042 0.0003540992525077278 0.999988556365042 0.004767902667787995 0.00938299868742459 0.3760543418060908 -0.004550495321042427 0.9265862012223021 11.57620040916927
0.9192102722653405 0.0023682695963145426 -0.3937593785499721 -3.1982865835022376 -0.00020788533457146476 0.9999844824487996 0.005527094000277511 0.00853408583057651 0.39376493579648586 -0.004997975270263776 0.91919711243565 12.127740175082762
0.911187158424259 0.004249336104936579 -0.41196999217489494 -3.4833622983401646 -0.0014686807574173005 0.9999734226107112 0.007063791713309072 0.010964486624808804 0.41198789312179596 -0.005830694456725617 0.9111699273924946 12.684880436246203
0.9031128076664448 0.004755316267109736 -0.42937722697019887 -3.7759891874719766 -0.001599205772901411 0.9999689210529078 0.0077085258360880815 0.011908303740250255 0.42939939804922495 -0.006274884214601136 0.9030934158480202 13.23578505188422
0.8947392097269447 0.0053688792452423586 -0.4465569495134261 -4.083788325484125 -0.00230544732024726 0.999970049657817 0.0074008467871258645 0.01035408220995902 0.4465820833019091 -0.005592170524992594 0.8947259666691452 13.791979095464413
0.8862063952135969 0.005880683330272078 -0.4632538550884656 -4.402992847451722 -0.0026048888456499603 0.9999670030642033 0.007708231968323695 0.010268017183422268 0.46328277442372373 -0.005624360807416348 0.886193833413223 14.344576154076691
0.8774347506330159 0.006234450981314843 -0.479655549726714 -4.731498623358193 -0.0021467173133104325 0.9999564670629996 0.009068134971680202 0.014261905813808328 0.4796900904211599 -0.006926409370222812 0.8774108928574754 14.89310193378699
0.868552255412362 0.006916285392320182 -0.49554939078547444 -5.082750497028184 -0.0019883246540563612 0.9999431444172371 0.010468617853449562 0.01974965832483558 0.4955923164407359 -0.008106979257473803 0.868518053403384 15.458356246571219
0.8597451825286969 0.007658290321472845 -0.5106654995564925 -5.442656787557652 -0.0021248798911901175 0.9999324315432219 0.011415890323807486 0.02420238126243355 0.5107171678184622 -0.008729241139992195 0.8597047340031172 16.01512356089083
0.850452191392963 0.0073293593131003336 -0.5260015808541134 -5.80783891481418 -0.0012417361660559084 0.9999279214447808 0.011923195954236774 0.029389088894312153 0.5260499586022652 -0.009486568623516874 0.8504015801124375 16.560905132622523
0.8404598726301132 0.007899626697818775 -0.5418165930898019 -6.196799691238187 -0.0011500472068759768 0.9999172359873391 0.012792871719664594 0.0351555731221016 0.54187183733628 -0.01012833938131225 0.8404012179582205 17.11585478511987
0.8303991404615292 0.0061419389475449275 -0.5571351316380369 -6.583418338369745 0.0008848062220984347 0.999923021138944 0.012340422996946739 0.04022855800654372 0.5571670591422853 -0.010739591396002711 0.8303315611943063 17.650103162122825
0.8204772533432786 0.005159486835596322 -0.5716561786582857 -6.981777822799806 0.002036021133580137 0.9999261666583134 0.011945505291641366 0.045449048965175515 0.5716748309442973 -0.010964081018521183 0.8204078355915682 18.180744941035872
0.8108371737434362 0.005224480141195643 -0.585249191744776 -7.39276436665612 0.0022390509528852774 0.9999250020911301 0.01202682968023903 0.04979639384187681 0.5852671931845262 -0.011061448661673754 0.8107664807004131 18.71048113289303
0.8007877939793995 0.0045979949477042165 -0.5989307774513078 -7.8172363606886055 0.00265390318208271 0.9999333448356458 0.011223370050007685 0.05196571258715612 0.5989414983808952 -0.010576222251615862 0.8007239620702453 19.241993849027246
0.7900990181915053 0.0042886435480936754 -0.612964662304265 -8.25496994895685 0.0020278252469211537 0.9999515281887401 0.009608373714973866 0.050619915664690485 0.6129752847113019 -0.008833866101312041 0.790053664234673 19.76881319662914
0.7795819928276768 0.004045500950834984 -0.6262874734189526 -8.701744231711478 0.0017549762881615234 0.9999606745718501 0.008642204315347395 0.04980152772339948 0.6262970641242931 -0.007835659449260329 0.7795457816167377 20.288326051647243
0.7683851310303083 0.005686169141764781 -0.6399623539927201 -9.167549596786317 0.00027015036714027557 0.9999570412079799 0.009207680017154418 0.053012706301352346 0.6399866720059508 -0.007247152975979048 0.768352091730859 20.804630357426674
0.7572308417367144 0.006658147330080806 -0.6531132123502676 -9.634392423946865 8.598740368595916e-05 0.9999464379123476 0.010292542226912263 0.058561972509718736 0.6531463323883818 -0.007848935788205174 0.7571913056774524 21.305630138234502
0.7452773240224141 0.007408212822197759 -0.6667129747211253 -10.1253352779884 0.00038839491474398295 0.9999325437412302 0.011544074736167878 0.06628631994850179 0.6667532047862819 -0.008861198989904348 0.7452258048237274 21.814910589199258
0.7327964742087633 0.008266431154143248 -0.6803971611610767 -10.614975404312093 0.0004296683829950597 0.9999197651816647 0.012610501118791285 0.07419939775128624 0.6804466348274318 -0.009531837247626497 0.7327353979617137 22.300550999458828
0.7196705753552545 0.008217441298782508 -0.6942665229650696 -11.112510531115547 0.0004246969468856567 0.9999239092262189 0.012274685229254036 0.07857512952911318 0.6943145050790445 -0.009127152173378115 0.7196134012258287 22.77677118469437
0.7063635516722859 0.007570747496760089 -0.7078081829020366 -11.608760918100854 0.00011753486286850736 0.9999409461735703 0.010812053733471404 0.07950716025544904 0.7078482551905501 -0.007719010684333664 0.7063220303874792 23.234848168208956
0.692579354534955 0.00702386620854726 -0.7213067355575856 -12.108879678220758 -5.823122615894092e-05 0.9999527168646197 0.009680546194110216 0.08026983622094225 0.721340347931425 -0.006661246850980728 0.6925479202703678 23.677868197416338
0.6785107010220164 0.006310094333098455 -0.7345627379979119 -12.612422225240348 0.000390160698327149 0.9999596344052905 0.008949322570749409 0.08132126696496852 0.7345891363108159 -0.0063575510582457705 0.6784817651594699 24.107253037996053
0.6643343200592311 0.006344437944914981 -0.7474077799992189 -13.130487535608099 0.00038780465113879073 0.999960640386288 0.008832175094591015 0.08332510957656002 0.7474341993418885 -0.006155904728959504 0.6643063982426762 24.531797795824424
0.6503694203818234 0.0068556288455215286 -0.7595859958937412 -13.652444517349993 0.0003222391709162294 0.9999562621113431 0.009300450589200412 0.08719061177356546 0.7596164491328965 -0.006291865144728151 0.6503393061663151 24.942431492419704
0.6365728662301802 0.008009484008839558 -0.7711736784932023 -14.171489569883907 0.0009545362606765215 0.9999367174379128 0.011172959772423297 0.09593055081651686 0.7712143184093366 -0.007846824271427745 0.6365254358116514 25.337100620293434
0.6230299942190689 0.009450992348147851 -0.782139305303519 -14.694578369322741 0.0009065827353100383 0.9999170443266574 0.012804472438383556 0.10666122322916312 0.7821957255660859 -0.008684797294050774 0.6229699537075681 25.715566499687917
0.6097907689376332 0.010851868794974713 -0.7924866490934552 -15.20921503559639 -0.00011914675151652513 0.9999069681357964 0.013600061257346944 0.11495754940668855 0.7925607026048505 -0.008197038085740613 0.6097356567673067 26.076293747925586
0.5974538219754669 0.010553848351567688 -0.8018325309884528 -15.707466974926692 -2.115945062946379e-05 0.9999131130841764 0.013144791054192365 0.1182124903660352 0.8019016651771407 -0.007834789422509925 0.5974024778932487 26.41912594100531
0.5846865305881296 0.009199839390781011 -0.8112058100956873 -16.20637613014366 -0.0005971097767651631 0.9999396444878449 0.010909570190805996 0.11672734392859942 0.8112575543170333 -0.005892609050341957 0.5846571495337413 26.751115588287618
0.5731207298482413 0.007059115610851511 -0.8194393342565494 -16.694222914548433 0.00030349141989297887 0.9999602962606281 0.008826059953465826 0.1141562170474726 0.8194694902144674 -0.005305579276600594 0.573096542227177 27.06841555002359
0.561956566484189 0.007238755918545447 -0.8271334799713725 -17.190225109529546 0.00016085614827374074 0.9999600042102796 0.008860185427600472 0.11520982344241863 0.8271648723655114 -0.005110443480929875 0.5619335773729566 27.380373329780046
0.5516479322379212 0.00826529047586609 -0.8340342662989496 -17.69356676402334 -0.00024581261958088246 0.9999516731005912 0.009746617954130284 0.12102120164941328 0.8340750093445003 -0.005169950076523809 0.5516237295678809 27.68939801206086
0.5427587271614254 0.009243177358673454 -0.8398358701163958 -18.19517053000235 2.1244541793557204e-05 0.999938718950278 0.011018562575287973 0.12944648380022952 0.8398861338589431 -0.005996606512053759 0.5427259387907467 27.991692310885913
0.5352028154764589 0.009932419136669758 -0.8446633617657587 -18.70060276015507 -5.237436317079565e-05 0.9999308347646066 0.011724497832247691 0.13797869950571912 0.8447212230092508 -0.006228997268672639 0.5351671126416618 28.29084324808734
0.528793133468094 0.010231639014470035 -0.848686900995239 -19.211092273130724 0.00014715673980007446 0.9999257706397027 0.012145868057624506 0.14638116204542306 0.8487478122832076 -0.006545606457567948 0.5287528844962891 28.5915591981511
0.5240653255587857 0.010937705277402898 -0.8516054425898273 -19.712216007726813 -0.0001457678744298452 0.9999180571045093 0.012752025399305042 0.15566883903611348 0.8516745943374429 -0.00655659699241495 0.5240241675866817 28.884588140707475
0.5203170893227139 0.011111071866039126 -0.8538981332134166 -20.20807609496204 -2.1168496590054408e-05 0.9999147639958887 0.012997344547287409 0.1640153060221558 0.8539691365108548 -0.006742288783117244 0.5202731829976859 29.17442883998394
0.5169300691372463 0.012385410647938556 -0.8559355504354033 -20.702803657702336 -0.002200178927776406 0.9999104841649333 0.013138903782656156 0.17281701784419873 0.8560208933579764 -0.00490642629914777 0.5169116515793757 29.45591920265542
0.5135998235717014 0.013909052283877657 -0.857914249851701 -21.20764069752526 -0.004794352934306514 0.9998983940626482 0.013339586305006656 0.18220883896601678 0.8580124577560345 -0.002735820846597651 0.5136145305218335 29.74072540898302
0.5106045193305166 0.013998230477347792 -0.8596988095291256 -21.695907148913115 -0.004319878155854008 0.9998955264559527 0.013713998433552387 0.1913887105964223 0.8598008485793576 -0.0032865031242166718 0.5106117944173092 30.020622926147706
0.5091069338321407 0.014381682516287481 -0.8605802129500064 -22.193220205649848 -0.004800399087384933 0.9998913396771842 0.013868522305659593 0.20022837138283267 0.8606859903881844 -0.0029274204896465165 0.5091207415924576 30.3029181954227
0.5083251664574988 0.012592042404765526 -0.8610701992551593 -22.709296536051557 -0.0022818149159710547 0.999908429900221 0.01327384994577008 0.20650682016743352 0.8611581753984121 -0.004780639407323533 0.5083074175217894 30.6076592798558
0.5073292844631 0.015261274642023578 -0.8616141856966122 -23.24229860033768 -0.007807170854862566 0.9998827913948864 0.013112006687556192 0.21512770743332324 0.8617128885097259 7.6582383444599e-05 0.5073889627789886 30.907504841738962
0.5067093958133826 0.017852990867828742 -0.8619292536902501 -23.772575717836325 -0.01308597494302288 0.9998289434783358 0.013014904358519442 0.22324266026620024 0.8620135420347977 0.004686325443831038 0.5068564456572642 31.209036362016356
0.5059832611184603 0.020548181002751846 -0.8622959381088774 -24.29980659818941 -0.018500098174647494 0.9997443395907121 0.012966466331959381 0.2313217789464487 0.8623408186698227 0.009393624270781428 0.5062341294134001 31.507768994849954
0.5060445968636328 0.02048727497906793 -0.8622614137493871 -24.8308262055899 -0.018940330146101636 0.9997402308783252 0.012636770957158408 0.2359715822557329 0.8622953841034416 0.00993885337186372 0.506301145738609 31.817874771732843
0.5055883978452155 0.020970837111056958 -0.8625178052039973 -25.398659392868343 -0.017960527296142188 0.9997436391461821 0.013778172975283455 0.2462263197326343 0.8625844239672052 0.008527029293785088 0.5058349491990343 32.14914347089532
0.505751299970744 0.021113539609227246 -0.8624188246154295 -25.95117276158412 -0.018608070951720734 0.9997348650026457 0.01356191332036824 0.25173201772909104 0.8624752502971046 0.009190965817649959 0.5060096147012405 32.469589757293264
0.5062012186045752 0.01833671953409337 -0.8622183438902519 -26.51677839159337 -0.015634845108165086 0.9998047957935623 0.012082844265416311 0.2546755870420669 0.8622703234806189 0.0073660223302383825 0.5063887061763107 32.805660541681135
0.5061228296593757 0.019331948424914425 -0.8622427146055441 -27.079912775282246 -0.01893139999725937 0.9997572597156155 0.011301504234879753 0.25865989437812115 0.862250202152333 0.010605171308483336 0.5063656181956829 33.12708268258737
0.5057969249796664 0.02001800596732494 -0.862418284476422 -27.65677664194492 -0.018775164671416763 0.9997497767922268 0.012193216852227094 0.2678606877695453 0.8624449316171188 0.010026241364217784 0.5060459313368728 33.46245060727194
0.5058665640723158 0.020591859476073244 -0.8623640207869843 -28.24603396095968 -0.019390125652213475 0.9997342859227778 0.012496649220760686 0.2759587944303937 0.862390563630826 0.010401475507892569 0.50613097996775 33.804126640634664
0.5058922758494117 0.02096499923838892 -0.8623396630544903 -28.838391222527395 -0.01962123249178631 0.9997256164777084 0.012793276015695921 0.28394364627024815 0.8623700082772425 0.01045022364886281 0.5061644511089838 34.148786470667886
0.5057639377088818 0.017570735223370684 -0.8624905818966706 -29.451073681659388 -0.012967949643784506 0.999834019060569 0.012763039239740436 0.2931743611963266 0.862570841840717 0.004731983720222513 0.5059076282073507 34.51175466705941
0.5060346953561733 0.014237665798700387 -0.8623931990608596 -30.050883127784527 -0.007489906099769862 0.9998982593090554 0.012111727335684684 0.3013925738143826 0.8624769064401719 0.00033249721523378046 0.5060896094399874 34.86461422975013
0.5064989313811762 0.014177981156965403 -0.8621217650784986 -30.62808869789111 -0.007489064037467513 0.9998991002673111 0.0120426443119637 0.3061940632313917 0.8622043984085381 0.00035926433640450547 0.506553558446548 35.203247779674555
0.5064763933249081 0.01691146377521581 -0.8620849300338955 -31.21526521260332 -0.013518966741913274 0.9998398227056311 0.011670246097801375 0.31035924335959914 0.8621438837356349 0.005746257260833047 0.5066233372204746 35.538698706570216
0.507080207767125 0.018516527952423534 -0.8616969829042238 -31.79940933841743 -0.01795107019129458 0.9997784836924634 0.010918914088631326 0.31518258887571793 0.8617079028217285 0.009934038205106207 0.5072998427152658 35.87842626519637
0.5072930368110092 0.01855067234089023 -0.861570786883944 -32.38565888699974 -0.017215072863177455 0.999785849197671 0.011389148626067611 0.3234331240507133 0.8615975812760371 0.00905691197003456 0.5075034898637855 36.22650893789058
0.5078276276937449 0.01522843295984562 -0.8613210508276773 -32.969756152418604 -0.01260648848108888 0.9998666980935313 0.010243845605368061 0.32777909465632515 0.8613626063658987 0.005658748299033015 0.5079516313901282 36.575348453601514
0.5089842299005746 0.015458958659027713 -0.8606338775980296 -33.55575024875046 -0.013013766575332132 0.9998610150545666 0.010262123324350097 0.3320527736195917 0.8606736490879382 0.005979529265359282 0.5091143700807199 36.92186556711441
0.5101602832597366 0.018261937579880625 -0.8598824036193338 -34.144575938704605 -0.01735185585257951 0.9997879148207952 0.01093721312101846 0.3380482756354916 0.8599005693115636 0.009343495970631884 0.5103686321674582 37.26795067448067
0.5126167793779209 0.02435882104387404 -0.8582683159980045 -36.56817490772876 -0.018338200612398343 0.9996782608655886 0.01741787534577504 0.37116682211574975 0.8584174592153054 0.006812897983008957 0.5128985204625085 38.709273976407914
0.512692383027215 0.0244488626641704 -0.8582209998866039 -37.1464188250079 -0.018057939871023748 0.9996791501912391 0.01768963034436449 0.3803983552637263 0.8583789938791978 0.00643033820602079 0.512969166238306 39.05580473221016
0.5125176986468648 0.02227925075142597 -0.8583840971935991 -37.733810474244486 -0.015080558972402871 0.9997408324237423 0.01694229568368915 0.38858688058801505 0.858540209447731 0.0042641312794063566 0.5127210233476139 39.40738179578745
0.5122720924900402 0.021668790594052915 -0.8585463731676582 -38.33019244567789 -0.013939736790147176 0.9997581636567731 0.016913857620253367 0.3979886335084505 0.8587061755479422 0.0033056856343112503 0.5124502854354862 39.762123340245545
0.512172750870291 0.021453674978651586 -0.8586111912728114 -38.93224558737194 -0.01321932094083419 0.9997649269829469 0.017093469012911616 0.4082705779881729 0.8587769970484318 0.0025976105989462817 0.5123357628499164 40.11986682757389
0.5122327090547865 0.021683498200998644 -0.858569721418791 -39.51363146175408 -0.014343218109618625 0.999756243139557 0.01669038688980125 0.4159678578012262 0.8587233098923226 0.003767463876039718 0.5124184767085016 40.461187625465605
0.5119578586030871 0.021613780791986236 -0.8587352380081252 -40.09640311616733 -0.014012792393486715 0.9997589648731846 0.016807761333229265 0.4258369015567459 0.8588925708863516 0.0034304281752564492 0.5121369783271134 40.805426005142444
0.5111029593319781 0.021867838819817114 -0.8592380024165441 -40.685877371223704 -0.01322135447573027 0.9997568436741977 0.01757844608869275 0.43838889297146927 0.8594145063058992 0.002377878063276765 0.5112673878013784 41.15129893205755
0.5103763893625018 0.02068712571138858 -0.8596988938682849 -41.2582408582294 -0.009661416802957021 0.9997842399100018 0.01832149494606152 0.4519113816389569 0.8598934039646166 -0.0010429225284922816 0.5104657506027896 41.486869178148865
0.5084197062407468 0.019709679500857447 -0.8608806805162001 -41.81436789632094 -0.007367054272737579 0.9997999488114787 0.01853888408966262 0.4636982718900531 0.8610749298578884 -0.003081491390125472 0.5084623966497421 41.80829066328245
0.5068532626430045 0.02186189390521309 -0.8617519357014197 -42.3740975615202 -0.011552218228863414 0.9997598254817798 0.01856786214378606 0.4756789646656574 0.8619519706542303 0.0005458370746339251 0.5069831685557451 42.120765929284545
0.5057379214946851 0.0210492248575552 -0.8624272020958588 -42.911659571374614 -0.011438221744016439 0.9997770356648162 0.017693335758504694 0.4829907002241174 0.8626085207479007 0.0009180707107703496 0.5058650541530677 42.4331615558047
0.5037635114598475 0.020018980166029682 -0.8636065563963289 -43.43581311059745 -0.012365819183784257 0.9997950609723245 0.015962039347889197 0.4885121698665681 0.8637503363231207 0.002639813068198801 0.5039068522864135 42.73159581912082
0.5003211034767062 0.016205981790629015 -0.8656849512499779 -43.97581196817725 -0.006859945364422509 0.9998659578364019 0.014752263591144421 0.49977399147973894 0.8658098246779624 -0.001440412166832536 0.5003646128708241 43.039092382216374
0.4955463458408816 0.015627451258947232 -0.8684374883362121 -44.49981135176077 -0.005220736462633847 0.9998716740539618 0.015012270925212174 0.510400832593436 0.8685625606298285 -0.002903354526847968 0.4955640383092874 43.32828818643786
0.49083288402205316 0.016137705667626852 -0.8711008248554135 -45.02925398928321 -0.006197339202612531 0.9998657963444585 0.01502979795119044 0.5192143659677819 0.871228588396939 -0.0019766283024748124 0.4908666403976147 43.61172591463213
0.4848855492993068 0.016870150535060777 -0.8744111049301153 -45.57253999428928 -0.005778470976153243 0.9998516221598102 0.01608413213198266 0.5322846246171778 0.8745550106345908 -0.002744185466295584 0.4849113184520268 43.89865796641737
0.4786533652353587 0.01861409901111352 -0.8778029992839562 -46.13198684001056 -0.005610216074230316 0.9998173333538581 0.018140558138113445 0.5481938469353447 0.8779827091559205 -0.003756352577774666 0.4786704227611745 44.18622190522993
0.4716891077172657 0.018917619540739575 -0.8815587559443862 -46.68000805636842 -0.004220233072319347 0.9998045672064017 0.019195438303054594 0.5633887165556501 0.8817519319445922 -0.005332137600397899 0.47167652213636907 44.464292689618105
0.46440378330268 0.018877997392962663 -0.8854191552689941 -47.22225977609521 -0.0028956288797100066 0.9997979252325525 0.0197963462474384 0.5773988840096952 0.8856164444913845 -0.006628248068294557 0.46436399621921526 44.732379821844575
0.45689516578505834 0.019509141144242136 -0.8893035159354752 -47.769065257922165 -0.003291596049035774 0.9997879401347035 0.020240226841639588 0.5913552394319372 0.8895120954938326 -0.006319029582608717 0.4568618853641876 44.99199839097287
0.44959024872055836 0.02061447243166033 -0.8929933912921788 -48.32812331080063 -0.004996108914979601 0.9997741837722279 0.02056256686443825 0.6055729303366958 0.8932183891712218 -0.004781722704370481 0.44959047644649314 45.25036377087081
0.4416738639422746 0.01974594197488347 -0.8969549442373271 -48.870272288050096 -0.005619066237146955 0.9997972963608269 0.019241425409418568 0.6140356237779026 0.8971555939011018 -0.0034569573527187415 0.44169405000293915 45.49751314443802
0.43351810924885914 0.017307894541462195 -0.9009755344606374 -49.39744662086326 -0.00469458943110579 0.9998437036832308 0.016946528523351198 0.6192759937926762 0.9011305130837792 -0.003115647028180039 0.4335304648074436 45.733430607745355
0.4254248024975984 0.014839574542840211 -0.9048692656487529 -49.94536744926189 -0.002902071305678481 0.9998812952197302 0.015031450366801195 0.6247081229778438 0.9049874866615691 -0.003767735356157073 0.4254162243767644 45.97504634807365
0.41760703944834876 0.014566033730647653 -0.9085081032603992 -50.49732439173918 -0.0034709715919557173 0.9998881295706353 0.01443359836128485 0.6309809679719798 0.9086193348476369 -0.002873329348560242 0.41760964026841774 46.20982063532446
0.4102149264046058 0.015067881718568639 -0.9118613443869097 -51.07884816575158 -0.0046958357758247245 0.9998833278579701 0.014407939451554488 0.6402514708697855 0.911974711362903 -0.0016275036695804945 0.4102363759427378 46.452260332697065
0.4029458638117914 0.015694699850163897 -0.915086403439176 -51.65499830993265 -0.006380450046985041 0.9998751446954185 0.014337231045875165 0.6483163219622232 0.9151995059069156 6.226441654857699e-05 0.4029944814033978 46.68728867948929
0.3964246691794876 0.0162025961889642 -0.9179215540511838 -52.24327277909599 -0.008153509231646159 0.9998653324606847 0.014125397746949734 0.6570090251471098 0.9180290533427536 0.0018852971951935998 0.3965023952590093 46.92472498137848
0.3902494861124982 0.01608644490796961 -0.9205660582401227 -52.82963235543919 -0.008086521250106398 0.99986718331481 0.014041726500408473 0.6651696442881736 0.9206718687437394 0.001965052214704928 0.39032687442742664 47.162655955334394
0.38530101587751825 0.016434162678641194 -0.9226418891566498 -53.44217735070819 -0.008725428240710324 0.9998599964640636 0.014163455603420175 0.6739839386446369 0.9227475314751724 0.0025939887775635654 0.38538950759638657 47.40664948499958
0.38161263925947797 0.0170845439083179 -0.9241618705309094 -54.056381722370546 -0.009089582700396087 0.9998487646188429 0.0147278932632898 0.6852797551714669 0.924275797584862 0.0027804636772008817 0.3817094472272931 47.6496591059762
0.3791894417093657 0.01803539675021743 -0.9251409264072574 -54.67445372267217 -0.010296186269417229 0.9998290279412643 0.015268632989219494 0.6977862412340997 0.9252603479813636 0.0037360742912314047 0.3793097494953491 47.89176525860194
0.37755447817202836 0.019010922634549413 -0.92578980999244 -55.301462213715496 -0.011085852217196875 0.9998089697163708 0.016007210296236644 0.7109616866931378 0.9259195364311587 0.0042199253130949825 0.37769235464464995 48.1383265819821
0.3768235850741122 0.019726769554039233 -0.9260725780144554 -55.918149114418284 -0.011756942254460875 0.9997932373399361 0.01651056626631699 0.7236107823098834 0.9262090151993294 0.004666364973440446 0.37697695988793056 48.38131279895264
0.37684804262217314 0.019950944762563243 -0.9260582520245166 -56.54520262006087 -0.012238846185455706 0.9997871735738565 0.016556236425194458 0.7341921491533248 0.9261932045651016 0.005094638792024446 0.3770114171072549 48.63204334645253
0.37719207794599885 0.02022857607086412 -0.925912224069461 -57.179875240752 -0.012790247911598898 0.9997790925204849 0.016629371431027523 0.7441301335092264 0.9260456799808287 0.005569993548836901 0.37736689493444775 48.88902551534202
0.3781595535998965 0.02030506475163826 -0.9255157813839138 -57.82065652577627 -0.01293849937366514 0.9997766907510316 0.016645366665325467 0.7523619807009155 0.9256486645856115 0.005680536197612517 0.3783371680006129 49.15285459206993
0.37911979159727466 0.019934456354572305 -0.9251309793072824 -58.46160493781878 -0.012976392424627716 0.9997832273632012 0.016222830170495455 0.7571295059204288 0.9252553300610699 0.005854699656958475 0.3792956708504645 49.41944255647633
0.37981606089634296 0.019506435607980023 -0.924854508673778 -59.10411662369754 -0.013014502905196663 0.9997904481985582 0.015739921359528404 0.7613562319852663 0.9249693735728063 0.006058460614580519 0.37998971657722247 49.68672354080461
0.38044666405730926 0.019645328654170673 -0.9245923254062784 -59.758245831476486 -0.013373963707814598 0.9997856222789865 0.015737799059172213 0.7685904220147146 0.9247051808733016 0.006378201621355172 0.380627302101195 49.95704678133147
0.38106560959112323 0.01962876905669169 -0.9243377173548297 -60.432110928463054 -0.01299550014530589 0.9997884079748932 0.015871466127519364 0.7768210068019104 0.924455683449272 0.005964499566601421 0.38123946632291145 50.23823470679236
0.3813808122139637 0.019874822347944823 -0.9242024310001906 -61.11450701442963 -0.012658172479452171 0.9997862158360017 0.01627463330978594 0.7862208887512542 0.9243304977878557 0.005492279430521817 0.38155022052474724 50.521246610462555
0.3815369696676842 0.021691074224114107 -0.9240971357684443 -61.806345646493405 -0.011734894823590282 0.9997564577923165 0.018619843074458048 0.801407452731997 0.9242781959442421 0.003740466558040713 0.3816980411179962 50.8095095882901
0.3816388656173311 0.023936969966986566 -0.9239995740476337 -62.49611181947826 -0.011761211733172803 0.9997081269442268 0.021038650283116665 0.8192856969243432 0.9242357997637705 0.0028386849610010046 0.3818084280845201 51.09397883757861
0.38132872387996697 0.02463501848061309 -0.9241091729966749 -63.20083296287466 -0.011470032240003645 0.9996925680825814 0.02191492851655828 0.8358745372762335 0.9243675701245205 0.0022432068531592487 0.3814934990384398 51.383684445908536
0.38099472802034207 0.025005197576548458 -0.9242369669178224 -63.893971775554306 -0.01125758073746813 0.9996841659857666 0.0224037929739749 0.8517155812196804 0.9245077315253847 0.001869382975127684 0.3811553849983771 51.6679486258645
0.38066740877609756 0.022647622035461362 -0.9244325479807962 -64.57461565609212 -0.007639673262425783 0.9997418163566105 0.021344758114240425 0.8646501465824865 0.924679588349753 -0.0010625556283100825 0.3807415110380786 51.948312895088684
0.3796838683700033 0.01855558615720255 -0.924928215713522 -65.27391129213512 -0.0018318946382629838 0.9998110453524272 0.019303942487400274 0.8775423483388758 0.9251137187166233 -0.005634883878294038 0.3796454152474481 52.235211975984896
0.3777018408879173 0.01744294718848663 -0.9257608380802227 -65.94797569028475 -0.00012486744692255172 0.9998223864657295 0.01878553714030663 0.8894863697712834 0.9259264366397184 -0.0069793712520132304 0.37763620108273804 52.50575265465635
0.3740656747566312 0.017710925279357605 -0.9272306785143487 -66.62081981146989 -0.0004921615031182663 0.9998199191217266 0.018896867841084245 0.9017712042180184 0.9274008862344446 -0.006611938977373956 0.37400594473602083 52.76819381334194
0.3690733699048905 0.020601494021575177 -0.9291691384423055 -67.3056397945847 -0.0024882044733848113 0.9997710444450607 0.021176386403750514 0.9201180673452347 0.9293955897004369 -0.005503369119505183 0.3690392328240995 53.02582414717397
0.36376856975767813 0.02292243623919581 -0.9312044730010095 -67.9963634925192 5.106810329956162e-05 0.9996950612379217 0.024625983348739406 0.9424178534886306 0.9314878811510562 -0.009005453765006092 0.3636556549638661 53.28668532318974
0.35821955125092897 0.023796711152586657 -0.9333309959570758 -68.6726307177968 -0.0014193135967819172 0.9996859223202013 0.02494161546846779 0.9602126666615459 0.9336346964394966 -0.007609517672640682 0.35813978464796054 53.53068623490385
0.3513449014325292 0.02238756054569066 -0.9359757117619226 -69.32717413031172 0.00022936822984532767 0.9997101465233494 0.023995621194594426 0.9749606609281971 0.9362450667113439 -0.008645440234133881 0.3512372012535294 53.7676316311969
0.34411491571122516 0.02137036068053958 -0.9386815305387358 -69.96445600229707 -0.002689263509562347 0.9997574528701478 0.021772522623255176 0.9849452990457688 0.9389225563567124 -0.004967885037343456 0.3440882004450302 53.98174955263191
0.33551730470897234 0.01920423871969014 -0.9418355723328828 -70.60558930839139 -0.0031367063412442546 0.9998076559912545 0.019266595223077967 0.9922083050325936 0.9420281067281171 -0.00350995108750697 0.3355122273737698 54.195744939059324
0.32657964857179106 0.01981456881443847 -0.9449590382262747 -71.27320761488993 -0.003235536826066687 0.9997960606216302 0.01984414044943701 1.0060437455246571 0.9451630895845922 -0.0034229709150240583 0.32657617897910346 54.410351955363254
0.31735884681802484 0.02225167434218043 -0.9480416183672203 -71.95871135760905 -0.0028942588871497393 0.9997409808043966 0.022494028136417103 1.0251577506766354 0.9482999009041513 -0.00439456547769456 0.3173401232384007 54.62411916966806
0.30697406454373777 0.025150018638546406 -0.9513834901733031 -72.6487503972585 -0.002125819340797982 0.9996646485785329 0.025738305407948577 1.0475519881171085 0.951714699521318 -0.0058782794635191815 0.3069232288864785 54.829774619762
0.29489224390322316 0.027191650872897884 -0.9551415569293774 -73.33984140247117 -0.001984708438049164 0.9996085165200302 0.027842664367105332 1.069496288437801 0.9555277322018664 -0.006314587636518102 0.29482937641556145 55.02474065161273
0.2822312851319938 0.025283903215886316 -0.9590109491764872 -73.99114899522755 -0.004594481999747598 0.9996749730674525 0.02500160835161224 1.0784059665830936 0.9593342382957243 -0.0026498325502335536 0.2822542135069127 55.19166035094879
0.26758696774246066 0.020572072081085867 -0.9633121732402637 -74.61305440300181 -0.00518131423321055 0.9997867343190437 0.019909283548344994 1.0781466406751128 0.9635186538483111 -0.00033603907295449965 0.2676350697243673 55.344202725228975
0.2510824937047447 0.015508390337659743 -0.9678395759364697 -75.23612737317278 -0.003406798941663047 0.99987792197135 0.01513552302385472 1.0743438575707318 0.9679584755330292 -0.0005027901031233488 0.25110311189273127 55.48683081943444
0.2326939462961546 0.01168488729072337 -0.9724776332323644 -75.85187104389458 -0.002587519601194216 0.9999298907945873 0.011393148526053781 1.0696838126778976 0.9725447448211079 -0.00013455514187134742 0.23270609778704396 55.612882734496516
0.21409755215379114 0.010298018339140293 -0.9767558252850209 -76.46362617855529 -0.0014665320150793824 0.9999446990000214 0.010218542694422737 1.067565276154722 0.9768093327800976 -0.0007550012714979243 0.2140989055096575 55.72600156103633
0.19458161137747498 0.012532778041839162 -0.9808040740630928 -77.10850411800064 -0.002390976493441553 0.9999194219631017 0.012300242629066737 1.0734401573798686 0.9808816072291546 -4.814331447640537e-05 0.1945938480322463 55.82795930668717
0.17305440303118166 0.01720855997491077 -0.9847601309734675 -77.7537005584614 -0.002109664222148131 0.9998498791681677 0.01709870656290672 1.0888971530331495 0.9849082824463026 -0.0008812811674560306 0.1730625681744633 55.91576645765261
0.1515337261296392 0.0212868422556556 -0.9882211952995948 -78.41008068631419 -0.0020608487408565416 0.9997711504765678 0.021216907422761663 1.1060376224143142 0.9884482428961504 -0.0011782149105316801 0.15154075361983527 55.987687312362134
0.12952595194294955 0.02357514571727747 -0.9912947180943034 -79.0683295863426 -0.003829314286274805 0.9997206318115526 0.023272302564354554 1.1213380756984046 0.9915670003829542 0.0007820871348271494 0.12957807828657722 56.040498272232355
0.10675714347756532 0.024305324183240037 -0.9939874793075048 -79.72155661091186 -0.005134075284926909 0.9997004205030204 0.02389072993397057 1.1344385414838538 0.9942702106650839 0.0025532521022253447 0.10684839819881065 56.078126569633504
