1.0 0.0 0.0 0.0 0.0 1.0 0.0 0.0 0.0 0.0 1.0 0.0
0.9999850392341614 0.0014467239379882812 -0.005329728126525879 -0.013463841751217842 -0.0014399997889995575 0.9999982714653015 0.0012548714876174927 0.0018004488665610552 0.005331367254257202 -0.0012471377849578857 0.9999851584434509 0.4203145205974579
0.9999374801632914 0.00234373049975356 -0.010968325913719212 -0.029807513483755654 -0.00231504174247521 0.9999939742609671 0.0026265795464437414 0.005184981111739581 0.010974353706615647 -0.002600773265214573 0.9999364574832265 0.8559149210906372
0.9998336454783744 0.0018514039036135366 -0.018182311277144963 -0.050761136829799415 -0.0017942208017985989 0.9999935554405122 0.0031700907846271163 0.006895369227871211 0.018187992359112615 -0.0031366698920104012 0.9998296723290264 1.304592105922938
0.9996528433949649 0.001040698689233448 -0.026358841477141456 -0.07825843944085163 -0.0009461108118434642 0.9999934959872572 0.003603305070624267 0.008730129549906452 0.02636238824436045 -0.00357713683423573 0.9996459832434342 1.7612458515375895
0.9993819998269885 0.00046324747610391374 -0.03517954480140824 -0.11361404378619981 -0.0003105126803939983 0.9999909984305546 0.0043568360091184675 0.012453975106663266 0.03518132222794121 -0.0043433702139388354 0.9993716863598306 2.237280727758936
0.9989691750623897 0.0009429968625865679 -0.04541116486447837 -0.15891308467957393 -0.000702246706390265 0.999986187872874 0.005327102281558603 0.01661099604576521 0.04541562142235059 -0.0052899650935418555 0.998954800534042 2.7342545190772536
0.9983641779755595 -0.000977339612195306 -0.05718355421071895 -0.20874160754098875 0.00130949041752241 0.9999828123152403 0.005776881254156785 0.020982425598833614 0.05717679499335386 -0.005842407742583049 0.9983473141392558 3.2185856760485425
0.9973408135862968 -0.001092132919645933 -0.07288662166346677 -0.2729880470165367 0.0015673414173990963 0.9999781293443 0.006466421833506397 0.0227989272647954 0.07287774579248768 -0.006563545255868673 0.9973195803230697 3.713875218161387
0.9958627866919699 -0.001665463098996698 -0.09087017569080352 -0.34839940379974454 0.0023636169406240745 0.9999689652923319 0.007580521520265588 0.026809504741949763 0.09085473572475267 -0.007764466091365222 0.995834860221463 4.209186824073663
0.9936611521747974 -0.001446490537751107 -0.11242138303978838 -0.4417578667553041 0.0025372221225839543 0.9999517609667413 0.009563897342506887 0.033890902993008704 0.11240220796006642 -0.009789297709161753 0.9936160664527306 4.7096253688417224
0.9902870035170461 -0.001276305345429599 -0.1390409493384452 -0.5538407837886035 0.002855253248053821 0.9999337108815888 0.011162646466640539 0.042043577103462654 0.1390177540347384 -0.011451325980970617 0.9902244712015151 5.201755295923176
0.9853499685064575 -0.0014435231726166097 -0.1705441675357079 -0.6888541162206334 0.00359649474844594 0.999917244632042 0.012323206938523252 0.05007359274204971 0.17051275188152798 -0.012756042036959413 0.9852736121103537 5.705961086826256
0.9786824034921463 -0.0018401885999131536 -0.20537405037075418 -0.8481411417689741 0.004693682183071559 0.9998978074310624 0.013417059705615866 0.05893047623708704 0.20532916964670803 -0.014094655140704352 0.9785920875636874 6.214784513679842
0.9702964498306471 -0.0013308377623762685 -0.24191748586752415 -1.0329855000212418 0.005033235207428087 0.9998781957777467 0.014695477012846892 0.06871415609128231 0.24186928675785366 -0.015476219028705012 0.9701860761180408 6.724732892349564
0.9597927337853276 0.00021715901124258388 -0.28071158751111724 -1.2450964493874608 0.00459423937433682 0.9998527526651277 0.016487806081165967 0.0797910185929369 0.28067441910029817 -0.017114257970286085 0.9596511070258903 7.223496792146921
0.9462325721029143 0.0031731914247453068 -0.32347370021615285 -1.481447505785051 0.0029938732756487315 0.9998223347830794 0.01857032478427148 0.09106826793785892 0.3234756380894756 -0.01854007246997737 0.9460556246379069 7.689888744717121
0.9298778668514951 0.005486056867273249 -0.36782867710675204 -1.7564905637781982 0.0024266153751161808 0.9997747990219237 0.021050150094140296 0.10536824597106835 0.36786205840731817 -0.020466389460283292 0.929655879899753 8.17377939490724
0.9108680779923429 0.006461142981767629 -0.4126480637740935 -2.0502350026563403 0.0031905761870903737 0.9997367702686905 0.022699720995533627 0.1194978050393594 0.4126867241251058 -0.021992718145925433 0.910608435543972 8.645612005550484
0.8889777273014371 0.009811003860600144 -0.45784755810498334 -2.3604050918852657 0.0018748957934214025 0.9996846411614537 0.025063696058123492 0.1330895065122743 0.4579489301216485 -0.02313952486293234 0.8886787852261976 9.077578122294106
0.8642942429886759 0.014635979530150132 -0.502775164939535 -2.6917804252140836 0.00043720035565712116 0.9995547688416858 0.02985049912145962 0.15147913642736627 0.5029881210955028 -0.02601925379447584 0.8639029759979745 9.487404014479472
0.8376730442335245 0.01948974387582938 -0.5458252256890599 -3.0472438047250123 -0.0013243632662687254 0.9994327632464908 0.0336559741428055 0.17165327659706833 0.546171884487279 -0.027469534633260823 0.8372240341023737 9.885358472728013
0.8090405837508405 0.022830651542290997 -0.5873095820797336 -3.427426564263515 -0.0019138458716387128 0.9993419312936533 0.03621353032927952 0.19214842489210443 0.5877504877233919 -0.0281737881563223 0.8085529279595116 10.276710257835914
0.7783285291733958 0.025432658583627744 -0.6273415569563482 -3.8231730427784743 -0.0006867788212021018 0.9992123713806145 0.03965898100320119 0.21691555276900498 0.6278571595225109 -0.030436420223844494 0.7777343811534541 10.649569941529824
0.7470921266644196 0.02832236894396072 -0.66411556400084 -4.2444479770589565 -0.0011852705658667111 0.9991456253648351 0.04128024754346123 0.23890580107140277 0.6647191406631452 -0.030052286660383978 0.7464893761193057 11.01360024284995
0.7155941077219313 0.028560997597389445 -0.697930635221099 -4.679934484627569 0.0002600705391722913 0.99915086723382 0.041158222849483755 0.2581826695028301 0.6985158871665457 -0.029633277002004833 0.7149810739688109 11.369210810441636
0.6832547984111578 0.029676509874258218 -0.7295758390493233 -5.135946059465597 0.0012084849859093968 0.9991249366750068 0.041775537445711955 0.2792819666444403 0.730179285344317 -0.029424293398015673 0.6826225282944718 11.711207863745901
0.6506896570438697 0.03075555560984472 -0.7587191438965699 -5.602273854463029 0.0024558813686365 0.9990866309780659 0.042609044716137426 0.3012580003690642 0.7593394885709104 -0.02958799940109751 0.650021858749767 12.030627116900702
0.6167124682967111 0.030298184719863664 -0.7866041601482482 -6.102328373934955 0.005521207150900678 0.9990662994899149 0.04281315554546267 0.32515705106444054 0.7871695104069278 -0.030745936020807295 0.6159707257848426 12.35160277297121
0.5819168562480213 0.032055123188467066 -0.8126150866527841 -6.624954167827279 0.006821048490416528 0.9989931946741935 0.04429447965487317 0.3516582174754732 0.8132199780762648 -0.0313182145076381 0.5811141200309877 12.653326711828408
0.5457246450237284 0.03405456680597454 -0.8372707012949038 -7.178659968402207 0.00909366493920525 0.9988715258805293 0.04655766130203437 0.3829869115486823 0.8379155320785511 -0.033021258434367505 0.5448010902089214 12.945688049406515
0.5077139353058281 0.036679800930847536 -0.8607431744850478 -7.737823812039319 0.01087789937749433 0.9987378049532148 0.04897976486684067 0.41513732675313536 0.8614576166719843 -0.03423048150969284 0.506675817296738 13.20451445711262
0.4676526828651621 0.04149335894826294 -0.8829365453866631 -8.314409281069272 0.010618254189565985 0.9985587415446825 0.05255421525136818 0.4486709465066817 0.8838491125739938 -0.03395187735192335 0.4665399055713145 13.434136405999801
0.42787828698591845 0.044459357134927706 -0.9027411023267615 -8.939472272250983 0.013059362677680805 0.9983781447228405 0.055361979234285756 0.4865833260928922 0.9037429553052699 -0.03547683343533024 0.4266051911973881 13.658940470593606
0.3867852923518677 0.04685538677348024 -0.9209772870956295 -9.56686690568202 0.014295130774565998 0.9982803945317462 0.05679487370582215 0.5213042204651834 0.9220599435246624 -0.035132441956035036 0.3854517376923759 13.851017844879308
0.3447565932441462 0.04561803848190337 -0.9375816807621806 -10.203196250973923 0.019545220175333777 0.9982493842344634 0.05576023576136674 0.5543475861252342 0.9384896771880392 -0.03754852027964705 0.343262663611498 14.027680883399107
0.30233854249030157 0.044724614305661894 -0.9521495274257362 -10.841717640628119 0.0225728000401049 0.9982787520056358 0.05406233638179446 0.5825324888361029 0.9529344316206787 -0.037837386788763215 0.3008096375169771 14.17375126545263
0.2610193488600464 0.044097776802311535 -0.9643246842237327 -11.47586833937486 0.026003064919098474 0.9982688568959877 0.052691676294829265 0.611539475134576 0.9649845195713271 -0.03882840378382661 0.2594215363864798 14.292867761558227
0.22084487790048213 0.04486822226237221 -0.9742749659441345 -12.116158809057774 0.0276716806903468 0.9982471894719642 0.052248192279476656 0.6409815215539498 0.97491731637901 -0.03849813008002601 0.21921662347721088 14.384835536183763
0.18125822097458227 0.04842885985567766 -0.9822411206627255 -12.762273565545764 0.02748731703865172 0.9981433563955213 0.05428874865910863 0.6752112425361836 0.983052525970477 -0.03683914436902298 0.179590583994302 14.446665919382436
0.14314822385803536 0.05286780334047257 -0.9882866447933392 -13.3948467420229 0.028471104745416368 0.9979347764567511 0.057511515063384665 0.7124432510137304 0.9892925551204049 -0.03636994940807162 0.14134739306240252 14.483662941678949
0.10644295843592178 0.054632422196925295 -0.9928150754578687 -14.065653640619734 0.030556549977883894 0.9978338782803464 0.058188512793151535 0.7502678405582176 0.9938500983964399 -0.036530590756498324 0.10454256552651496 14.506815803881922
0.06985443219347409 0.05417581214728707 -0.9960831308627682 -14.721565088098286 0.03307427554416686 0.9978449506531377 0.05659481089117756 0.7814559607618762 0.9970097016536719 -0.036898011996241736 0.06791130907991416 14.506184598699283
0.034625397494777464 0.053523449567413554 -0.9979642534211173 -15.391582152282945 0.036508710224056766 0.9978260577742344 0.05478665655000852 0.8122965099445513 0.9987339688548709 -0.03833129848195713 0.03259500099325305 14.486586780986118
0.0011261875727207674 0.05350000837488982 -0.9985652379768942 -16.07484528350766 0.037472818968543535 0.9978593282127333 0.05350863139519852 0.8435428549868431 0.9992973017529253 -0.03747928857705879 -0.0008820152586621124 14.442913621681305
-0.03163332825562194 0.054554765028525465 -0.9980078594058759 -16.783656703529854 0.038203326909139586 0.9978408588970967 0.05333877329548358 0.8782455165000307 0.9987697420001886 -0.036439845441809414 -0.033650391237333925 14.37727677068498
-0.06419148737010513 0.05834031356475055 -0.9962289262087992 -17.49219725617017 0.0379440968552705 0.9977056725296025 0.055986306571509006 0.9187702221727401 0.9972164636587335 -0.03420726288259532 -0.06625928694399834 14.285842635340693
-0.09660885333366903 0.06263891102680587 -0.9933475415831302 -18.19925992689897 0.03631303348829208 0.9975703349262732 0.05937808990646864 0.963074973441455 0.994660457718613 -0.030334926218814104 -0.09865031383508234 14.167504671226157
-0.12816879334073156 0.06495779984351974 -0.9896209561850838 -18.91929732691259 0.03748084415705745 0.9974521235699606 0.06062209830837286 1.0070971416971388 0.9910443460941788 -0.02932171465598644 -0.1302786556577482 14.033180595848853
-0.15878044042449166 0.06573459453977003 -0.9851218779815053 -19.658060182370082 0.038898869028654096 0.9974184389414918 0.06028937873265986 1.050623631454009 0.9865479727731574 -0.02874660606867251 -0.16092938246819952 13.87022082497995
-0.18865280511160157 0.06633153723184734 -0.9797999053396682 -20.377706565888573 0.04108225781017265 0.9973716456476515 0.05961503960795313 1.0911049925909426 0.9811848805270363 -0.029005087676541964 -0.19088413061211798 13.693205538962498
-0.21733559045704187 0.06679702869371294 -0.9738077759087812 -21.08507840208881 0.04274699515385344 0.9973459961593825 0.05887510129944704 1.1300162803170906 0.9751611979899345 -0.028830711294783647 -0.21961644305961456 13.499313635917224
-0.24422253507557765 0.06710225644461278 -0.9673933617878928 -21.794619232481885 0.04398969021326774 0.9973383828507639 0.058078198139099875 1.1681074983794486 0.9687213852922788 -0.028370345945363376 -0.24652696534487167 13.285998595849088
-0.26826880723015467 0.06762343519942708 -0.9609657281356466 -22.51337380369028 0.04405125392240317 0.9973465380160419 0.05789031309602647 1.2076280948689622 0.9623365733278131 -0.02680050976183868 -0.27053871667021145 13.050355726241955
-0.2922163875766027 0.06918318201857247 -0.9538441190810787 -23.235366128357686 0.045007421716504244 0.9972652082551451 0.058548871233615685 1.2498419742251878 0.9552925611797308 -0.02582015824176387 -0.2945340906933551 12.796887587607747
-0.31611133132677777 0.07194101802859226 -0.9459881926406372 -23.932042531486662 0.045643930531182 0.997115100157777 0.060581337762235725 1.2949572072375835 0.9476234870913028 -0.02402722993240086 -0.31848628954124775 12.52881852774537
-0.33744583750911394 0.07490055137218687 -0.9383579671541523 -24.622247152770733 0.04550599547041904 0.9969577688923267 0.06321818975807417 1.3431699323072976 0.9402441558629266 -0.021367253146533226 -0.33983104770266537 12.245284991252209
-0.35476356858178587 0.0764460074445341 -0.9318230006820339 -25.308686527875782 0.04484883976950273 0.9968915687069391 0.06471391299037381 1.390732848271642 0.933879543938378 -0.018831991339178972 -0.357092658859133 11.953777632717689
-0.36768647582643577 0.07375382184769168 -0.9270177633621399 -25.97489801806456 0.04075679646232289 0.9971662497432482 0.06317407960147844 1.4311236525514528 0.9290559139626116 -0.014553008961966773 -0.36965387135566047 11.65940901002827
-0.378708989215028 0.06994244141182127 -0.9228660514012923 -26.61784922575328 0.04005068450284354 0.9974407353487295 0.059164152591263834 1.4634842260172853 0.924648457202333 -0.014554465275226577 -0.38054480586391665 11.374563507256804
-0.39084503671493553 0.06850561776185306 -0.9179007106636896 -27.25618995335719 0.039988923915052224 0.9975446610380214 0.057427470496147846 1.4962357092421819 0.9195871126207147 -0.014259682211265931 -0.39262869883930707 11.080976030906745
-0.4000912863812664 0.06773537843726263 -0.9139658505633056 -27.892874701693227 0.03895494038398401 0.9976165073202192 0.05688754094705056 1.5329751966073777 0.9156468243371041 -0.012842356879408061 -0.40178018437795615 10.78117722333552
-0.4053246551644149 0.06800914630883888 -0.9116362577477853 -28.536652163271448 0.0386082863936534 0.9976082260759652 0.05726258429910923 1.5732007731628053 0.9133569337186205 -0.011985969187307205 -0.4069852243700519 10.482937003510752
-0.409189921940619 0.06815893590733538 -0.9098975021314072 -29.186166199112982 0.03772917350841367 0.9976128576049121 0.057767876311405744 1.6148741566781533 0.9116691103586569 -0.010690914621390431 -0.4107884343344602 10.179327726122647
-0.4144493609989332 0.06860347703186484 -0.90748083513037 -29.82686783721156 0.03757669754100677 0.997590323409114 0.05825952336427199 1.6566359296899804 0.9092969278169777 -0.009953817140133318 -0.41603192721213433 9.873409168239148
-0.42144992074421367 0.06903589643135193 -0.9042183869558235 -30.456625656533188 0.03824176371652997 0.997560048780938 0.05834348128903058 1.6970478334994588 0.9060461181242322 -0.009989519585314991 -0.4230646019014697 9.567795973146746
-0.42780402822276337 0.06966931175979839 -0.9011807239236068 -31.07768321236391 0.038914775811619985 0.9975161416468458 0.058648625971919686 1.7389720353694074 0.9030346325970723 -0.009978506603088952 -0.42945552083608607 9.260510486990944
-0.4331786654167033 0.0705474629057289 -0.8985412466690146 -31.723817692912053 0.039454264035485916 0.9974568298774045 0.059298031837410344 1.7837593313055216 0.9004458479127782 -0.00976418520491048 -0.43486301181544373 8.937936168175634
-0.4377749226666362 0.0710336207855085 -0.8962728540598247 -32.35507872720382 0.039511165904437415 0.9974270943959646 0.059756810368284174 1.8270227537365324 0.8982181149977436 -0.009252442263486366 -0.439457698020017 8.618450936447408
-0.44446983986881256 0.07223452352336146 -0.8928753774920211 -32.97821208078055 0.04133378946667822 0.997331822014399 0.0601143962427677 1.8714586627415069 0.8948421663913813 -0.010186754161756201 -0.44627207075205083 8.297053202604202
-0.45305266643745634 0.07340034435988879 -0.8884558181519461 -33.59517874320219 0.04314131965696933 0.9972386858020429 0.06039316419474776 1.9149486628272827 0.8904420599100261 -0.01096767888671659 -0.4549703891644196 7.963853778447351
-0.46305633648391625 0.0742104449875123 -0.8832154710070996 -34.200596210032565 0.0442199145996308 0.9971782598225775 0.06060711701376243 1.9567736363463737 0.8852279989310806 -0.010991189458745436 -0.46503352561846695 7.624344367325511
-0.4723161886457942 0.07507559573202997 -0.8782257081819539 -34.810346511876745 0.04530995326709881 0.9971132747306254 0.06087537582264308 1.9989156363673455 0.8802671425681827 -0.01103990425971707 -0.4743564866627831 7.275236548140103
-0.4810522506680653 0.07511965602720751 -0.8734670283441368 -35.40990026761869 0.04549931836629774 0.9971153467213607 0.06070013676274679 2.0396237559558537 0.8755136139406712 -0.010542323335349702 -0.48308471535271297 6.922893324011508
-0.489800028754747 0.07522175612617507 -0.8685825937603762 -36.00615403971945 0.04614672681294674 0.9971076028101916 0.060334794856204715 2.079499322422566 0.8706153244139245 -0.010530243815847254 -0.49185722894554357 6.5646606812582435
-0.4985307626865105 0.07576818716094336 -0.863554230326964 -36.613660789007035 0.04710877645360976 0.9970653889478434 0.06029112538510431 2.1208171612365194 0.865594007480757 -0.010623894972067154 -0.5006395839731089 6.193548424941586
-0.5063180173908461 0.07650145284565388 -0.8589467757482084 -37.227190180707886 0.04842328667110933 0.9970045954576693 0.06025815923970568 2.1632147982500123 0.8609891798279267 -0.011082811235235062 -0.5085081373940277 5.81453880345815
-0.512580586400371 0.0767927531757037 -0.8551978459925614 -37.83740106934385 0.048885835299844485 0.9969837093633478 0.06022858521429447 2.204997423474136 0.8572490576081604 -0.010934735219597381 -0.5147909616569127 5.433199695433527
-0.5167077910425092 0.07712761683117209 -0.8526805264659688 -38.44234714486145 0.0495037069923054 0.9969558437890149 0.06018444209527442 2.246286687058528 0.8547325168528832 -0.011112693837481572 -0.5189551240342912 5.055323832505518
-0.5190625032078859 0.07757594114430477 -0.8512083913836455 -39.050698166083166 0.05084615739388074 0.9969081816095342 0.05985381324775055 2.287835524449221 0.8532255605146664 -0.012212484741382848 -0.5214043752949817 4.675688479856498
-0.5216115611800085 0.07838958232308531 -0.8495739914781311 -39.67173338783242 0.05269148933195876 0.9968255636309444 0.0596305027223885 2.329925941501327 0.8515574567640845 -0.013661034941566376 -0.5240886253532144 4.286718455218133
-0.5258461011145559 0.08036751883581196 -0.8467742826110695 -40.30855292772719 0.0569539689079679 0.9966154528039749 0.059225515336462156 2.3735786707031608 0.8486740606138584 -0.01708366486564021 -0.5286458972241769 3.8882622496415276
-0.5301910836013652 0.08539691331329366 -0.8435669043358806 -40.935937281490496 0.05965865101984834 0.9962034026810964 0.06335725753109986 2.42648794145967 0.8457805476502757 -0.016734773802330682 -0.5332754679258712 3.4846627519007134
-0.5339091728963137 0.09196414544978104 -0.8405261975326358 -41.540675991646296 0.05923359683397991 0.995690383338042 0.07132015079497243 2.4858461264997813 0.8434683546945854 -0.011709009691151955 -0.5370583063560975 3.0887543556808077
-0.5355329062060082 0.09656214507078771 -0.838976147440462 -42.10030503784732 0.05831108999284787 0.9952955514446993 0.07733767122909709 2.542397790302871 0.8425027057128104 -0.007504752484369048 -0.5386469714211801 2.722111666314584
-0.5361394652050671 0.09651672922035162 -0.8385936513896626 -42.58446102028277 0.05801215089174579 0.9953026631408016 0.07746907680136424 2.5842402669720697 0.8421374121169674 -0.00711419026275655 -0.5392232061239309 2.4041233578350663
-0.536720945258363 0.0936840461367112 -0.8385424020890159 -43.003993940398466 0.05742950108983429 0.9955648002578222 0.07447337462147348 2.613043136160216 0.8418064310630203 -0.008185039610730548 -0.5397239961571305 2.13049122169617
-0.5362782496226516 0.09226814359543367 -0.8389833894655669 -43.37110124094825 0.057928622544321136 0.995683586642459 0.07247796646711176 2.638080773412414 0.842054921412945 -0.009732203371729019 -0.5393110858796707 1.8966831871750305
-0.5356946377187631 0.09231748078847571 -0.8393503998973078 -43.69705783872659 0.0581313687142017 0.995676043482386 0.0724152084629336 2.6633774583876813 0.8424120939639697 -0.009999401749926489 -0.5387478002190321 1.6875413751453983
-0.5354779504628208 0.09226280440200123 -0.8394945690420369 -43.97668887379647 0.05835079190773047 0.9956779357718213 0.0722133911445868 2.6843189503627505 0.8425345342549933 -0.010315766076000262 -0.5385503146305282 1.5057977095438493
-0.5350933634323792 0.09169469668597756 -0.8398024212945889 -44.215475508864714 0.058222179963518694 0.9957280945831595 0.07162715302555785 2.701218672918549 0.8427881522623442 -0.010567255874566476 -0.5381490355218345 1.351991223837926
-0.53278330507489 0.09093181973166838 -0.84135305759732 -44.40970685450356 0.05769812388512319 0.9957972833950083 0.07109134309168333 2.7153819610754906 0.8442867956466968 -0.01066766245199292 -0.535793528587209 1.2320122433298044
-0.5287700166604752 0.0905771998059739 -0.8439193570052449 -44.56593612879204 0.05747487651301103 0.9958254556931643 0.0708741707786894 2.7277172784257635 0.8468211507237364 -0.011027224667564886 -0.5317715603676182 1.1405005152988805
-0.526410398922146 0.09051974379887032 -0.8453993682668041 -44.69021889508477 0.05744376784963277 0.9958279921419433 0.07086263704512086 2.738651431618639 0.8482921533657226 -0.01125930127342712 -0.5294170251888185 1.0678336669175856
-0.5254802372658313 0.09029338535533715 -0.8460022601026677 -44.81083243563536 0.05740984589246931 0.9958466215684006 0.07063166807343481 2.7489633197206707 0.8488713877538905 -0.01145267581178139 -0.5284840800691505 0.9951940054255931
-0.5247205533384076 0.08992678511075883 -0.8465118041127099 -44.90230826297511 0.05738632708934527 0.995875985166682 0.07022805722182554 2.756498740584495 0.8493419874425153 -0.011727347417930023 -0.5277206413933729 0.9398935660294203
-0.5240233765084215 0.08957023931363543 -0.8469812873157999 -44.97213041273037 0.0572506787893518 0.9959064040919224 0.06990445692508233 2.7629005046901756 0.8497814476971718 -0.011858024441334148 -0.527009701286741 0.8976896861478846
-0.5237074911354763 0.08921905601275396 -0.8472133214311579 -45.08134111283101 0.05720899781391974 0.9959352525437491 0.06952273875966276 2.770630378522378 0.8499789095907015 -0.012057801125493536 -0.5266865117185445 0.8344086925546355
-0.5236022535078051 0.08880510042105785 -0.847321901933734 -45.14573576756832 0.057203918291935656 0.9959694102344426 0.06904105965146975 2.7758543425098394 0.8500439529891174 -0.012319364807440657 -0.526575203773792 0.796496941160567
-0.5235683113744007 0.08804514675376915 -0.8474219906895358 -45.2341986629044 0.05728728400928422 0.996029606486964 0.06809669901418484 2.7819099036236863 0.8500589000274571 -0.012892465980051686 -0.5265370556661285 0.7431118492211792
-0.5235730996192077 0.08702732904666002 -0.8475243563758732 -45.30899513404219 0.05758990570850896 0.9961059699698165 0.06671237870820725 2.786654201757949 0.8500355573948033 -0.013879312115833223 -0.5265495193150743 0.6979123767151597
-0.5237873908447067 0.08556063417770012 -0.8475414283284508 -45.411797303725486 0.057946898628146025 0.9962140644342082 0.06476267782487531 2.792295349201992 0.8498795203201264 -0.015189589078941827 -0.5267655438636115 0.6343936340701505
-0.5240335250827751 0.08391839367582225 -0.8475530146470824 -45.526523120526576 0.05823968166656326 0.9963322534763489 0.06264549210083463 2.798241067554599 0.8497075823964094 -0.016531973711310575 -0.527002322931825 0.5636244538281201
-0.5239621309555755 0.08323438581003163 -0.8476652374169558 -45.62794072468538 0.058410003902435094 0.9963796268777286 0.06173666428576905 2.804736868187817 0.8497403604006006 -0.017163581746390065 -0.5269294162186968 0.5017587248298301
-0.5237818911625921 0.08307456913847756 -0.8477930330251808 -45.70661359994374 0.05836055832709075 0.9963924717360603 0.061583061557755246 2.811480761962108 0.8498554594146619 -0.017220748096688415 -0.526742506363489 0.4537789061946751
-0.5236108975041635 0.0829717848268759 -0.8479084584169484 -45.77511802203286 0.058350492728006194 0.9963997730101062 0.0614728987111762 2.817680361712899 0.8499612572522683 -0.017287227807852745 -0.5265692676824288 0.41206151862144824
-0.523363323643439 0.08276544231215381 -0.8480819683278524 -45.850853672790834 0.05836284116047496 0.9964143482859238 0.06122818567497757 2.8238212689224786 0.8501132065400817 -0.0174513196364186 -0.5263188920619813 0.36662758119269934
-0.5230317757113856 0.08263187507025059 -0.8482993346707637 -45.961031329728 0.058395303494190996 0.9964227182531179 0.061059361116925434 2.832732094277564 0.8503149527967 -0.01760006655591832 -0.5259879374883681 0.3009969715123747
-0.522736648254333 0.08249828428778201 -0.8484941300239882 -46.02667878899096 0.058332743859210306 0.9964331915699165 0.06094849142106954 2.8389788911299347 0.8505006437129469 -0.017634345596481634 -0.5256865317298579 0.2618538716499522
-0.5223779351534433 0.08235505479720426 -0.8487284716146849 -46.098015748925555 0.058288749747593564 0.9964435055006093 0.06081659412396665 2.845459997369548 0.8507238550358951 -0.017701359949840862 -0.5253226709532225 0.21970964134504187
-0.5218353433515022 0.08221589771243963 -0.8490760163164489 -46.17377117247701 0.05821426205714396 0.9964545713896732 0.06071191107456639 2.8522898296490946 0.8510621332718524 -0.017746088640318698 -0.5247730548668283 0.17591150586167997
-0.521193122166376 0.082088949911542 -0.8494825961575073 -46.23279091193806 0.05814978558318335 0.9964639146928073 0.06061842896033236 2.858259268227963 0.8514600483512826 -0.01780289095595655 -0.5241253437644371 0.14257607676489711
-0.5202952156464679 0.08200585578752013 -0.8500409769559083 -46.29008616146891 0.0580861198677577 0.9964699587153251 0.06058205323600749 2.864203517881029 0.8520134630413976 -0.017854447333354805 -0.5232236334210834 0.11038233175811979
-0.5190030160964498 0.08193542916191424 -0.8508368604291846 -46.38219140354225 0.058012601379746793 0.996474357789198 0.06057666980212292 2.8708656498170617 0.8528056921945522 -0.01791905680896616 -0.5219285052475785 0.06042241669142745
-0.5167027281329278 0.08191001883286396 -0.8522382971210272 -46.47029191770602 0.05790494349002085 0.9964749862560588 0.060669275487440874 2.8790780125014863 0.8542088859680846 -0.01800029832213043 -0.5196262993792167 0.015308984333563175
-0.514224836000257 0.08194825712777155 -0.8537321514413005 -46.56347458464403 0.057853708082881976 0.9964697473662293 0.060806197166505954 2.888263183300419 0.8557063364282337 -0.018122928692067428 -0.5171524307241091 -0.032711688352109726
-0.5113704218926931 0.08203400133271516 -0.8554366930375297 -46.66452654423739 0.057869121804857815 0.9964590092466178 0.06096774121961507 2.898178698324017 0.8574140771905698 -0.018325617021232914 -0.5143089040112105 -0.08439269811748173
-0.5072814239667676 0.0820909510824812 -0.8578624183671747 -46.754987771180595 0.057727883172132975 0.9964514967529186 0.06122011157478558 2.907406349242845 0.8598491354800474 -0.018466154380099638 -0.5102224138831111 -0.12897985319965963
-0.5025420991102204 0.08208805509594944 -0.8606476329439547 -46.85587351146313 0.05751223471930386 0.996449312080092 0.06146231890451905 2.917208522416271 0.8626421998857557 -0.01860982329341474 -0.5054807316824687 -0.1777292887448695
-0.4974170198115485 0.08207132606910347 -0.8636215012454762 -46.94394935537789 0.0572089710771777 0.9964495086846121 0.061747399002879025 2.926404042149972 0.8656277952724188 -0.018692305769232878 -0.500347967851671 -0.21822944846114023
-0.49193239252219206 0.08210333566072071 -0.8667542224414273 -47.044670316137505 0.056964615764616255 0.9964442627667011 0.06206138724966607 2.9364958105408974 0.86877232950519 -0.018844160398756336 -0.4948619519291974 -0.263836974748522
-0.4861310407984283 0.08208786047400603 -0.8700229301784285 -47.145167535905976 0.05664311179849319 0.9964434518903448 0.062369778796687945 2.946771625805327 0.872052994198486 -0.01896079115801389 -0.48905351047195755 -0.3080296813684361
-0.4802433649134189 0.08205930275177581 -0.8732894780790743 -47.25731678308635 0.05624336732960806 0.9964454840995502 0.06270564282917074 2.957848613504372 0.875335125537057 -0.019002781924114354 -0.4831531604386998 -0.35713644065932976
-0.47436781103884407 0.08204642087576527 -0.8764962065151074 -47.36222889964988 0.05583995514883623 0.996445825822882 0.0630568725757323 2.968600444596669 0.8785587515358084 -0.01903108277455954 -0.477264810322972 -0.40171906603672114
-0.46848670577653206 0.08197759826270284 -0.8796600755438673 -47.46447376653673 0.055357817857337524 0.9964519972725535 0.06338265466009894 2.9793788263941074 0.8817392052678785 -0.019001537195920088 -0.47136408307088895 -0.44493452028479946
-0.4621015958375046 0.08178782627286728 -0.8830486717218888 -47.58018029751382 0.05480219154312821 0.9964682200256106 0.06361797929782086 2.9906649431405365 0.8851371792869874 -0.01899465221239187 -0.46495283544999017 -0.4930270800755052
-0.45547050845354803 0.08157462048740192 -0.886506767371101 -47.69379588437525 0.05417290742604284 0.9964864917581194 0.06386519131140497 3.0020046516071557 0.8886059842193027 -0.018935341006109475 -0.4582906421751544 -0.5384986418970789
-0.4490270241258571 0.08142758374505402 -0.8898012109733823 -47.817948105274425 0.05364504941648097 0.9964982141622502 0.06412360659474714 3.013797862710885 0.8919109205245367 -0.01893931430881064 -0.4518241513240675 -0.5879320344734694
-0.44243910328811625 0.08126114360665249 -0.8931103270640665 -47.94167321560054 0.05301039860383099 0.9965137245866557 0.06441214529094674 3.0257026302157803 0.895235217471642 -0.01884514063988227 -0.44520566426666447 -0.6355412760487458
-0.43525180581815465 0.0809527840670855 -0.8966627322395037 -48.09961673391989 0.052365897447105646 0.996537875526012 0.06455408788821558 3.038839355157173 0.8987889893397848 -0.018856651819208328 -0.4379856385659611 -0.696778538415647
-0.42824065670065053 0.08066435538681327 -0.9000577467284664 -48.22529612295398 0.05178819965180035 0.9965591367533719 0.06467614502718336 3.0504708387504307 0.902183698835805 -0.018914421960802646 -0.4309462893014541 -0.7402402865567678
-0.4207657665832779 0.08029300543721064 -0.9036091509693371 -48.380819582132496 0.05092122982640248 0.9965918626940903 0.06484690509977778 3.0639738293734076 0.9057428164849101 -0.018726654943346938 -0.4234225238069729 -0.7969041153438349
-0.4133731015984119 0.0799348652217366 -0.9070465308301672 -48.540694316859955 0.05012151085893919 0.9966227409432585 0.06498959015126686 3.0772523175529285 0.9091850315379092 -0.01859672265634765 -0.41598580296335386 -0.8543586426808236
-0.40592436221490846 0.07965767409524625 -0.9104284918613064 -48.708250740016595 0.04949276631630182 0.9966444554967655 0.06513689980181198 3.0906919704833773 0.9125692081882679 -0.018618087937553478 -0.40850708066303165 -0.9131563789186754
-0.3986699346984597 0.07945918736880841 -0.9136457451548582 -48.88922528258285 0.04891854213404752 0.9966603994081513 0.06533606200109392 3.10479552900872 0.9157926289743503 -0.018645854396788508 -0.40122760164506793 -0.976438944889553
-0.3916010206217477 0.07938239764845388 -0.9167044319231924 -49.07192104060328 0.04847872370308901 0.9966647955518042 0.0656002922344828 3.118933552264391 0.9188606961797632 -0.018750900972379636 -0.39414539042556884 -1.038438585185319
-0.3848472214355896 0.07929392661382818 -0.9195682191483546 -49.271947438655985 0.047838638384026126 0.9966750350601578 0.06592511694432292 3.134166814081889 0.9217436339017311 -0.018619344775390085 -0.3873626327412892 -1.107822411139825
-0.3781633685473414 0.07914164197731727 -0.9223500133679642 -49.48084592406306 0.04728079957731689 0.9966874313019952 0.06613816324697355 3.1492350763048944 0.9245347321521994 -0.018597937066824655 -0.38065425729304914 -1.1797271866143646
-0.37149150346943666 0.07894656492737485 -0.9250741961233383 -49.70144723833732 0.046724024843134496 0.9967032479902329 0.0662990280586097 3.1644628654530473 0.9272639185971425 -0.01859327683195783 -0.37395712472972187 -1.2552487614426577
-0.36517917957167084 0.07881535022831501 -0.9275955339850692 -49.92713537903556 0.04622369393865021 0.996713382226822 0.06649352173210878 3.1799865440174555 0.9297930575401062 -0.018594353532019676 -0.367623777856115 -1.3319698743486226
-0.359514121346087 0.0788740829651849 -0.9298009243728036 -50.166151449344376 0.0459312253597074 0.9967072465585284 0.06679310286584703 3.1965090667993823 0.9320127066351226 -0.018693519170842415 -0.3619546141054255 -1.41361027865569
-0.35447559739825174 0.07872115072271738 -0.9317463355611597 -50.401771811592674 0.04526308593020737 0.9967243676070066 0.06699400643683018 3.212625724812309 0.9339735973484936 -0.01842594709853815 -0.3568790721201195 -1.4966648920390764
-0.35021388412974014 0.07866346678898052 -0.9333613204846016 -50.648698380692224 0.044734017440237805 0.9967328970852154 0.06722233387070391 3.229484596901802 0.9356054837833585 -0.01821100681585906 -0.35259002448481946 -1.584642421205751
-0.34708925556569326 0.07860816962073304 -0.934532355178272 -50.891526568685336 0.04421547044400335 0.9967423495959253 0.06742227028261505 3.246774845807615 0.9367935812249943 -0.017919416918639786 -0.3494357458867352 -1.6722168932940105
-0.3458709935242988 0.07840368036274341 -0.9350013543254423 -51.1518806045612 0.04379312467876192 0.9967637389033428 0.06738580091834467 3.2643627664535546 0.9372642571519185 -0.01764004077137467 -0.34818643445242614 -1.7678871485762944
-0.3453787593756362 0.0781605367197903 -0.9352035322663573 -51.425247962811 0.04337122324020291 0.9967881794050475 0.06729338542741117 3.2830776359467757 0.937465489112676 -0.017319449649785684 -0.347660713657989 -1.8672137829656026
-0.3452968895987476 0.07810405704663725 -0.9352383016798749 -51.69236776422938 0.04316442593087527 0.9967955993463822 0.06731170719139999 3.3020025519246152 0.937505091649036 -0.017126650245420656 -0.3475632945892434 -1.967348392079614
-0.3454158434523741 0.0778902294503868 -0.9352122323453371 -51.98414195131387 0.04298059653415156 0.9968145037665455 0.06714961000043317 3.321143024999077 0.9374697426536711 -0.017001554022404147 -0.3476648354492971 -2.079308277358796
-0.3459086027611203 0.0776161323182225 -0.9350527963570949 -52.273510945518275 0.04294687433873259 0.9968352560760404 0.06686071668975362 3.339394584450891 0.9372894733784977 -0.017030094462071214 -0.34814882883267506 -2.1924296261143708
-0.34650327987808544 0.07714104323290445 -0.9348718678424894 -52.57994319071066 0.042649578982550784 0.9968751563980933 0.06645336949668333 3.358245584372375 0.9370831820311986 -0.016845919976307244 -0.3487121375921533 -2.31346767726521
-0.34699340602599277 0.07641307625623671 -0.9347496735114655 -52.88795963210441 0.04185607442176861 0.9969413128035985 0.06596354052746461 3.377414022024797 0.9369376808382288 -0.016236373192086002 -0.34913205015273047 -2.435955269026807
-0.3477601792929689 0.07616281795973477 -0.9344848753357445 -53.20525938427867 0.04137125438014603 0.9969679540141865 0.0658634037220791 3.398111691080852 0.9366746641618298 -0.015756357385543287 -0.3498585657990556 -2.5624384301633576
-0.3486989338749119 0.07558332968513079 -0.9341822651559958 -53.53709071260827 0.041012544082691685 0.9970157580681899 0.06536252459497209 3.41817221200831 0.9363415909237749 -0.015521491647591045 -0.35075978150666937 -2.695040378771044
-0.34982664341156344 0.07497263461466534 -0.9338093826768362 -53.88196726185864 0.04103398949155828 0.9970591320287718 0.06468258075500528 3.4386012715167813 0.9359196650987857 -0.01569015349696161 -0.3518761901810267 -2.83317324619099
-0.352106917153521 0.07521080660812124 -0.9329329905684988 -54.23383661409015 0.041592493133340416 0.9970359214058451 0.06468508344996159 3.4611287254673972 0.9350394165294811 -0.01602700034991487 -0.3541933864528854 -2.9753802655469905
-0.35554669158790503 0.07581003296052254 -0.9315784965924467 -54.58911656438888 0.04197125178453042 0.9969915306909347 0.06511863772473923 3.4854032372660213 0.9337194703359025 -0.015946627755173158 -0.35766122756320756 -3.1226705275160493
-0.35972903443145016 0.07634749130494366 -0.9299271640816189 -54.94756657680248 0.042290661712831794 0.9969528871403994 0.06549531501275443 3.5096554322868267 0.9321010353459174 -0.0157663419205923 -0.361864644743243 -3.2739796507126333
-0.36409552196292594 0.07686553182693213 -0.9281833582635439 -55.32096365525846 0.042258082277501254 0.9969216675702549 0.06598617791109804 3.5356673013049607 0.9304054310355706 -0.015197731041163884 -0.36622614517276875 -3.4340988390945033
-0.36861056325134073 0.07738428443963119 -0.9263560319627341 -55.69394987483569 0.0418834465276734 0.9968953775277472 0.06661564957265234 3.562579442243313 0.9286428106902526 -0.014243548172161499 -0.3707108473801843 -3.5968973432012485
-0.3729315552383018 0.07789853802124448 -0.9245816580276293 -56.06694499679295 0.04176175300585852 0.9968646008826981 0.06714907197024705 3.5894479129418615 0.9269214489594845 -0.013570059374180913 -0.3750192149919476 -3.7611342243417187
