1.0 0.0 0.0 0.0 0.0 1.0 0.0 0.0 0.0 0.0 1.0 0.0
1.0 0.00013890862464904785 0.00012376904487609863 -0.0003128638491034508 -0.00013875961303710938 0.9999998807907104 -0.0001634061336517334 0.00044382899068295956 -0.00012388825416564941 0.00016367435455322266 1.0000001192092896 0.042806923389434814
0.999999969994005 0.00024725781429069116 0.0002446869212358038 -0.0004961998142539933 -0.00024686263943873854 0.9999997230960531 -0.00030692106064833524 0.0018989193293372508 -0.0002449928013952274 0.00030718891577752316 0.9999999615302375 0.05431016732568829
1.000000036383478 0.00036411834146558576 0.00034234319182794095 -0.0007310096434774462 -0.0003639558345644258 1.0000001268037435 -0.0004516056465571226 0.003128132423884177 -0.00034254200462826526 0.00045146328039709393 1.0000000123675887 0.08475832751571703
0.9999997345375863 0.0004439756355284496 0.00044266758120214945 -0.000939634951971215 -0.0004434526921753204 0.9999997976554683 -0.0005882857361441198 0.004295352256184453 -0.00044325007970273103 0.0005880198794623388 0.9999996778770298 0.12104564984177404
0.9999996461048273 0.0005374090963797721 0.0005487602979342308 -0.0012059433670933782 -0.0005366714573237812 0.9999996727788 -0.0007304600228951809 0.005329736940723319 -0.0005495203737186289 0.0007298673040848993 0.999999487645142 0.16103007483784237
0.9999992298804873 0.0006333985044512226 0.0006700612193424225 -0.001570842696838192 -0.0006323671110217212 0.9999992688197448 -0.0008863910876141015 0.0061409103929916655 -0.0006711835330861834 0.0008859785182386507 0.999999068761628 0.20238386812224063
0.9999988094484906 0.0007899706219493571 0.0007936384060156706 -0.0020423855829338833 -0.0007887790144594195 0.9999989252447716 -0.0010950555664395833 0.006745554108774472 -0.0007950015707472078 0.0010946385445014407 0.9999987413221818 0.24767270079620554
0.9999984282584152 0.0010072946913996094 0.0009075079070649614 -0.002751105666195259 -0.0010056146014199264 0.9999980404659871 -0.0013653626585345164 0.0072257960248560725 -0.0009093817208228116 0.0013650404294471186 0.9999981164168451 0.2939816182515211
0.999997891596887 0.001357853108425583 0.0009783212454898425 -0.004151926984427072 -0.0013556937099017826 0.9999971291134637 -0.001687775483395736 0.007355958547908535 -0.0009811764417140677 0.0016869140410479934 0.9999976117153663 0.35196043346986533
0.9999972423335866 0.0015077424612940117 0.0010684141096390396 -0.00523563037263156 -0.001504998431291762 0.9999963549195536 -0.00188492047182369 0.007532082856099772 -0.001072086662892501 0.001883968255887378 0.9999971310900074 0.41350635689446236
0.9999968431870135 0.0015993011067233988 0.0012013688120680048 -0.006073146145473826 -0.0015959716135546904 0.9999957715354226 -0.0020583909206946236 0.007403916598926517 -0.0012055340032831572 0.0020571700780403187 0.9999966022295252 0.48515645466578755
0.9999971006358783 0.0012436105561646068 0.0013120259830333187 -0.007059657225290307 -0.0012393676023901403 0.9999952170180578 -0.00243014176941737 0.0066085775812976715 -0.0013160821550065368 0.0024293813870593962 0.9999954652999005 0.56473160427327
0.9999974561981323 0.0007277768181610922 0.001348535893292688 -0.008862686654524214 -0.0007224774660917325 0.9999937543021515 -0.003099186804007525 0.005328614560901956 -0.0013519598571972173 0.0030992683795023194 0.9999935524745532 0.6584214263537431
0.9999980376796498 0.00034873193719238004 0.0012991983855593764 -0.011144563407477553 -0.0003424741719379738 0.9999906257737144 -0.0041014856415823 0.003271918765335689 -0.0013015488473950537 0.004101759157789981 0.9999900944348935 0.7626004749820567
0.9999980305888186 0.0001594594352857537 0.001218122010896913 -0.013881403961860697 -0.00015216267299960218 0.9999851462468659 -0.005249846271004119 0.0008847903087878741 -0.0012197647230415404 0.0052504549439102415 0.9999845949051297 0.8749113987916018
0.9999981230404322 -0.00010985526836615522 0.0010309892572740891 -0.017278543436458384 0.00011760440821661677 0.9999772016753953 -0.006577993195184458 -0.002148467320373684 -0.0010310978157446835 0.006578900135221368 0.999976895589338 1.0078150757123558
0.9999982971235176 -0.00014480991872132485 0.0010897713279075987 -0.017714211766469364 0.00015318598225792465 0.9999749421135987 -0.006957391787543692 -0.004868610139179258 -0.0010895161224006463 0.006958044732334576 0.9999744581061515 1.1740377391778596
0.9999982237453326 -4.7614355751959184e-05 0.0011698431126751611 -0.018020037978633458 5.6710228687433286e-05 0.9999749141431442 -0.006911840639599904 -0.005604175444686818 -0.0011704171084423781 0.006912697524101418 0.9999743896984356 1.3414238708075086
0.9999981614134889 0.0005874623335074653 0.0012490310006731506 -0.020765747387801452 -0.0005776654212690776 0.9999744790574094 -0.006980260564687446 -0.00600576721105461 -0.0012539293856104233 0.0069801104772371095 0.9999738240100706 1.5348217345943471
0.9999977073014276 0.00125585356375418 0.0012027037092476472 -0.0245789362538879 -0.0012460785842140169 0.9999721472019165 -0.007207947613989151 -0.007770316101373899 -0.001212489721104035 0.007206804995446345 0.9999722924259983 1.7445110018818561
0.9999971239323272 0.001540302746964979 0.0012915760678080053 -0.02706687305925463 -0.0015298028419428015 0.9999703855985468 -0.007420006901177962 -0.010571367184786655 -0.0013035262717597485 0.007418260507717007 0.9999706568341967 1.9582030481452697
0.9999967051994659 0.0015644739385249485 0.001402463543210455 -0.028958085166907427 -0.0015527285124810573 0.999969072043104 -0.007559825529366392 -0.013623016633585118 -0.0014149807692768982 0.007558175065643678 0.9999693568152511 2.1877652452009344
0.9999982345972167 8.543775375579163e-05 0.0013668362934983291 -0.03213001874425237 -7.395248521762258e-05 0.9999683796050702 -0.00789228759576052 -0.016602399885752035 -0.0013682472918438715 0.007892654951810366 0.9999668931949314 2.434026808059251
0.9999980504986886 -0.0007148283831274601 0.0011592231472061123 -0.03672646173483936 0.0007247239766163565 0.9999670192611697 -0.0080117589945526 -0.0195249332885423 -0.0011541846282397314 0.00801319012913688 0.9999659957240834 2.69306075207881
0.999998034630994 -0.001025592033427914 0.0009811062337800006 -0.04145007784078081 0.001034303871792592 0.9999654275688743 -0.008152462026756247 -0.023141181134321002 -0.0009735997671210931 0.008154328470161577 0.9999651941509923 2.954893724644545
0.9999987101251027 -0.0007030217960835441 0.0007516455100810405 -0.04710466631635897 0.0007101864692730869 0.9999606500651034 -0.00875048119477405 -0.028332869921265907 -0.0007461021125314689 0.008751618212148512 0.9999601858389185 3.2220627973167457
0.9999989422695257 0.00020601237185286555 0.0004995106576673211 -0.053529475053649175 -0.0002007147616752644 0.9999558450657969 -0.009291399258879892 -0.033529618251822664 -0.0005021753469039667 0.009292033246477873 0.9999552840747793 3.499880171697498
0.9999989986658722 -3.442615639122531e-05 8.404762271710321e-06 -0.05792510240715974 3.51274371220603e-05 0.9999599705779608 -0.008826922607448887 -0.03617628104232905 -8.910371794203275e-06 0.008827688331239331 0.9999594287012822 3.8124745193154803
0.9999989930862886 -0.00024796125295117465 -0.00020290038235441113 -0.06259414360977204 0.00024690688177811035 0.9999614302171198 -0.008626785644651472 -0.03938713794648172 0.00020423578093191184 0.008627722133013863 0.999961197467011 4.140337475755519
0.9999977291918558 -0.0015082600612650204 -0.0001906903313158839 -0.06655142949608714 0.0015072355727298562 0.9999540182672207 -0.009311699429671014 -0.044206441723006674 0.00020387389748744876 0.009312359775103567 0.9999548731792599 4.473247251352286
0.9999975575562557 -0.0014199378546294445 -0.0005432272524514699 -0.07202510498547965 0.00141479652861397 0.999937428992942 -0.010947964531414995 -0.05151194340818215 0.0005578541949633159 0.010948169424531251 0.9999380178107956 4.802998888876124
0.9999981444940554 -0.0006264397137713459 -0.0008810593339737562 -0.0779097578362579 0.0006163087261802042 0.9999205309757411 -0.012463428154681225 -0.059715946821938586 0.0008879238863134938 0.01246398084161686 0.9999200486626791 5.144214590207304
0.9999988153414945 -0.00026374895602264653 -0.0009186770302544728 -0.07860480351908342 0.00025263285265189525 0.9999174621859667 -0.012737493307565658 -0.06656910925438536 0.0009214515320929484 0.012738017029741802 0.9999167184029056 5.501120513326778
0.999998965040869 1.0729736268346375e-05 -0.001093919128161829 -0.08122766716687958 -2.3579112042468916e-05 0.9999219519649093 -0.012380952400264881 -0.07049699786186285 0.0010931845641779466 0.012381891837254421 0.9999210995750001 5.869918951048384
0.9999974971468477 0.0017198346723149218 -0.0012730039121528554 -0.0873526573884303 -0.0017334627058011676 0.9999330160310342 -0.011315292927322917 -0.07317524931653943 0.0012529086048418642 0.011318443739374318 0.9999335035560142 6.2690003282134565
0.9999858151524675 0.0050904657932371936 -0.0014951931878323561 -0.09568293162678032 -0.005106627895752088 0.999919432399249 -0.01148742169715701 -0.0767991082499688 0.0014360903185764184 0.011495726770941026 0.9999312132216455 6.681561591383529
0.9999797989536364 0.006169782206078612 -0.0014464171820862278 -0.10063121181633708 -0.006185991153011929 0.9999071876798852 -0.012016482762014669 -0.08388945157789499 0.0013716422150849435 0.012025927223685368 0.9999250885085695 7.091962087802761
0.999982358866232 0.005604480097017495 -0.001841040715168532 -0.10577377037664873 -0.005625205200401234 0.9999123619101988 -0.011865034522008537 -0.08897807707601167 0.00177389064270408 0.011875777136432168 0.9999260399555776 7.520664901832692
0.9999974720834572 0.0005218584165958349 -0.0020601845100711625 -0.10869062556604772 -0.0005406994434268573 0.9999526627068677 -0.009559001829515773 -0.09003111877656456 0.002054776622735486 0.009560738575757746 0.9999502591163648 8.01285956346266
0.9999962524826497 0.0018035546542054933 -0.0019780296408945966 -0.11741954579725013 -0.001818343060674221 0.9999661463244058 -0.00787054224656071 -0.09229075352747669 0.0019635203032949303 0.007874800835217563 0.999965139643932 8.485374502191165
0.9999910224743034 0.003784038486012661 -0.0017932664179386012 -0.12398166717983569 -0.0037983845318113442 0.9999551362791794 -0.008554549569210753 -0.09992498406473391 0.001760640461989986 0.00856219851090182 0.9999597632734596 8.972506186288584
0.9999619712638156 0.008341693566554209 -0.0024340638003975614 -0.13568231011364118 -0.00836683017614321 0.9999048833478273 -0.010879072803320575 -0.10967345212494756 0.0023427833585416575 0.010899985877748859 0.9999356265220563 9.479235325833137
0.9998990036432961 0.013815092029572786 -0.003236641795208488 -0.15104501344184945 -0.013859341156108266 0.9997997551088451 -0.01435936879701127 -0.12138623892090777 0.0030373735404326447 0.014403670355959516 0.9998893673108633 9.98238540149344
0.9999599890141863 0.00825566741333748 -0.0032852731087120225 -0.1507258365469077 -0.008310117601239638 0.9998152700056682 -0.017249102180608485 -0.13441378928938225 0.0031420176699399043 0.01727668042111256 0.9998434756645395 10.491525809979825
0.9999726523751279 0.006546859908938343 -0.003289864802469652 -0.15716933978286743 -0.006600945650479333 0.9998319643041305 -0.01702202340507428 -0.1416837472924328 0.003177609148457312 0.017044207306650887 0.9998471994691754 10.990683356185913
0.9999915539215752 0.0026660402199418566 -0.0029520915982801546 -0.16087169065984389 -0.0027116239473844173 0.9998698399611112 -0.015831642245004197 -0.14818028061902405 0.002909099923163853 0.015840649401070054 0.9998679218916242 11.518734717736155
0.9999919588331703 0.0031697059479135876 -0.0022373076408061694 -0.16459827528300788 -0.0032004896191304027 0.9998910652552164 -0.014325006289177532 -0.15599544333448828 0.0021912590758133964 0.014333269421792763 0.9998923394003209 12.063515873815865
0.9999772735019197 0.006257251253895753 -0.002085975158678793 -0.17312742239114876 -0.006287289558846052 0.9998625240841204 -0.01525304050005275 -0.16805324030695445 0.0019894928288924033 0.01526753469986953 0.9998783083254124 12.59580220893266
0.9999624954827018 0.008251302029633577 -0.002249529890801246 -0.17643244602132868 -0.008289153635492142 0.9998051880125497 -0.017853706474337983 -0.1826431531772868 0.002101183300171666 0.01787378534644073 0.9998352497746268 13.097878835484854
0.9999482517949272 0.00987081630385597 -0.0022714303667778755 -0.17969296645597435 -0.009911903319290656 0.999763875823689 -0.019290507025157753 -0.19696363718336454 0.002080159347868994 0.019313897618718556 0.999809064203957 13.595307399713759
0.9999506084639116 0.009521242494636482 -0.0025425671970999188 -0.18180967718608038 -0.009571517492649808 0.9997301192218403 -0.021106451583123766 -0.21196509522634036 0.002340099769712218 0.021132074163161214 0.999771261615023 14.071699712849604
0.9999494464264507 0.009710036420002063 -0.00217609101079028 -0.18317418787259926 -0.009753828759043143 0.9997150121383116 -0.021728089343047867 -0.2269024711469584 0.001963635337217311 0.02175050320519932 0.9997586509968622 14.552122160307938
0.9999387138295481 0.010811564885115057 -0.0018649819873766476 -0.18766351772478715 -0.010848458941925978 0.9997003420371504 -0.02187047386659035 -0.23935642512228278 0.0016269704922513293 0.02189199930225013 0.9997558157526807 15.036391299069855
0.9999357418650504 0.011229712446603549 -0.0008483089286195566 -0.19026360861199643 -0.011241913930738732 0.9997769699662759 -0.01779866825027029 -0.24445010900137348 0.0006471364351279354 0.01781008943661557 0.9998383299814946 15.557077219624723
0.9999312485648256 0.011621113427615825 -0.0002897467975645745 -0.1943510191523119 -0.011622759119273778 0.9998549807970173 -0.012334571100804773 -0.24399752748440318 0.00014534005093729538 0.012339876302169574 0.9999207682585656 16.117930595162242
0.9999134743065542 0.013067063478948029 0.0004140371366436681 -0.200324839574787 -0.013062618330028246 0.9998866807044191 -0.007339466471774688 -0.24246899390256196 -0.0005112005362590122 0.007336315830519714 0.9999703827906674 16.69062556306975
0.9998985562539195 0.014126156939437879 0.0009596344233594801 -0.20315662090906889 -0.014120742971856835 0.9998901563670469 -0.004206402236013358 -0.24341332194971166 -0.0010197443644557633 0.00419516657011346 0.9999878560073289 17.260061930726764
0.9998924753644989 0.014519122014212463 0.0011404095983680658 -0.20525468813038508 -0.014512755612873641 0.9998844691430137 -0.004241799278641093 -0.2494293606644338 -0.001202915704819055 0.00422760759811627 0.9999872949767731 17.83189221306462
0.9998972479111212 0.014193764242946404 0.0014057436639949923 -0.20507878495871612 -0.014186548859347559 0.9998891027993573 -0.004436374645456701 -0.2562158520275345 -0.001469341949088721 0.004418287726392614 0.9999864046265726 18.38842250886421
0.9999463393974176 0.010037614613715676 0.0018818058095292725 -0.2031090703465339 -0.010028584600752538 0.9999409681738965 -0.004011327225855335 -0.26062054045841854 -0.0019225208136979344 0.003994372255492347 0.9999872640833515 18.978872347834855
0.9999790730909169 0.005806235998893949 0.0023380750772937255 -0.20110255371446725 -0.005795612678857196 0.9999746656882539 -0.0039337045029590205 -0.26553304340003386 -0.002361482656026781 0.003922124913457628 0.9999865975438025 19.57841409017321
0.999984955676726 0.004400059076717044 0.0029078267649111918 -0.19821510254026448 -0.0043854996619859645 0.9999794768722138 -0.004544680338713096 -0.2740382009234923 -0.0029283491109631478 0.00453382170639012 0.9999826815571548 20.156472589232074
0.9999826728160156 0.004375095195088573 0.0036485090770497367 -0.19445761868909078 -0.004357427805546254 0.9999799693381367 -0.004489872716301615 -0.2815618148146245 -0.003668692077906578 0.0044756919292169 0.9999805380903712 20.73679733781416
0.9999806433353655 0.0047765688197051286 0.003788732295063775 -0.19355736852277589 -0.0047592472611405505 0.9999790833800561 -0.00425757881500423 -0.2878553869350441 -0.0038094895237701307 0.00424125487889056 0.9999810697957427 21.32777605653439
0.9999878118873363 0.002685199551633086 0.00399975560724078 -0.1866398091611602 -0.0026645536679131988 0.999984167169359 -0.00492891954045883 -0.29475218792871677 -0.004013389650783501 0.004919844644810126 0.9999771722070876 21.914216429404455
0.9999887896169665 -0.0018212316585335686 0.004198606438960915 -0.17990570860122926 0.0018526352826696289 0.9999712806447115 -0.007287490385728767 -0.3045472196784276 -0.004185707308181753 0.007296930469491092 0.9999619459556649 22.495101130550417
0.9999661537933806 -0.006867915576625909 0.004425212963132524 -0.17366667400381477 0.006905734091388202 0.9999402079543188 -0.008433540382740622 -0.31270468555926245 -0.004367600987814356 0.008465502049304371 0.9999521037945205 23.094042660958024
0.9999332944599438 -0.0103864956184889 0.004948391843210393 -0.16864896806023083 0.010428328835025326 0.9999100129426981 -0.00837821247661887 -0.32023680818625966 -0.004861478963365569 0.008430936814752429 0.9999501357124401 23.682547473451883
0.9999537829734756 -0.008138450968121276 0.004995567420061567 -0.17129398575941615 0.008182959168618463 0.9999272064629561 -0.008808369925450118 -0.3284927693879032 -0.0049240893688970834 0.008850438921253777 0.9999460589592585 24.253899042302173
0.999979212352694 -0.004323892287030464 0.004674493800796041 -0.17588610391667805 0.004367941891814735 0.9999464129347801 -0.009291224280547506 -0.3363613665087404 -0.004634673474914695 0.009313058750319772 0.9999428725602971 24.8382497810806
0.9999891669763129 -0.0008267295603835449 0.004517352585275717 -0.17892213109621166 0.0008696627061539876 0.9999553374808784 -0.009352692625953021 -0.34311003746282853 -0.0045100303398508965 0.009357978475204616 0.9999432744370532 25.420060999035886
0.9999878702282318 -0.000465600984089654 0.004817601870477913 -0.17526980497651998 0.0005093799045294457 0.9999592150435805 -0.00891408617991739 -0.3509270045221639 -0.004814145429977991 0.00891817712147223 0.9999457824301302 26.026530932298666
0.9999880215539472 -2.7751128638319742e-05 0.004804586877322085 -0.17355496143200846 6.281352542907969e-05 0.9999738603113613 -0.0070829152176812024 -0.35628801821011474 -0.004805121327461859 0.007084736766415957 0.9999607418296985 26.647546630829474
0.9999793619980657 -0.004030819716268361 0.004907517774159949 -0.16808138638417117 0.0040495681649052855 0.9999840882533839 -0.0036255004987348054 -0.3587895077736031 -0.004893812492950652 0.0036470085098193874 0.9999788411743707 27.312269233026736
0.9999816528020293 -0.0035330948102490255 0.004899126410654846 -0.16716923928519647 0.0035454854894783104 0.9999900067121247 -0.0024244232809701787 -0.362904825142981 -0.004891464893243109 0.0024431316001122727 0.9999825237410125 27.977570433060855
0.9999890010727035 0.002708041315998423 0.003860314213546248 -0.17791325208812225 -0.002689094374899333 0.9999844986485528 -0.004756829024913202 -0.37118020017804376 -0.0038740697609241075 0.004747636245789114 0.9999790949735017 28.63826455806562
0.9999833552306285 0.0048042056658839285 0.0032283057536993125 -0.18170410950842547 -0.004780141410099672 0.999961832076985 -0.007236479020676441 -0.3830389878606808 -0.003264069090609731 0.007222292317031421 0.9999663392494753 29.266233952493117
0.9999133230533324 0.013028421258601383 0.0018784483133719276 -0.19805734832855645 -0.013006027846505556 0.9998520815800866 -0.011162404890866631 -0.3943308678410113 -0.002024596769349415 0.011138510759103087 0.9999329242634883 29.903811580096605
0.9999006898741755 0.014106104745518096 0.00042929968483503434 -0.20214499197405378 -0.014096203590037746 0.9997541656376707 -0.01706394975709147 -0.4183867713613951 -0.0006707907913667912 0.017057564564956638 0.9998515191964984 30.51950348618401
0.999933215831521 0.011576861464899708 -0.0003571419449429173 -0.20125790599312765 -0.011581249258305356 0.9997170663929272 -0.020732828960470528 -0.4400111261276135 0.00011609232754922444 0.02073674797043655 0.9997822033986069 31.12737316887183
0.999919977685499 0.01267610555840894 -0.00012603547134112258 -0.20145312544635646 -0.012675284675371113 0.9997040567064301 -0.02071449442300088 -0.4544576782266508 -0.0001374988305806414 0.02071579510787378 0.9997824871191408 31.765931757474842
0.9999171667372376 0.012925973780638025 -6.952864878484974e-05 -0.20011648860746548 -0.012924768601957206 0.9997300956018259 -0.01928264057402351 -0.46592823881299256 -0.00018062241498870268 0.01928321160109945 0.9998113280488145 32.39225017289485
0.9999042837547125 0.013904366928494323 0.00021723470084746628 -0.20131490971140878 -0.013899455857356741 0.9997821398217387 -0.015570347326747194 -0.47431079284542144 -0.00043508294612396795 0.015567281786832907 0.9998766294572635 33.071363863036446
0.9998810622859813 0.015459187560810128 0.0009445848695006779 -0.20110810629645984 -0.015444030190424752 0.9997723685834298 -0.014729289289912429 -0.48585553484417 -0.0011734303942720074 0.014714103232702808 0.9998892111585106 33.74835225390321
0.999866626701706 0.016349980171962927 0.0012068352369611127 -0.19927150241376493 -0.01632969926113903 0.9997456083367564 -0.015568524306034559 -0.5036777729281252 -0.001462403936800259 0.015547897575251605 0.9998762417196064 34.42199575930523
0.9998713177172163 0.016082659484716277 0.0011376437336960581 -0.19687189643161374 -0.016062020786434938 0.9997316837792165 -0.016690023803330782 -0.5220179728807677 -0.0014069752667045523 0.016670792092385426 0.9998583252588242 35.077883321649125
0.9999060872094668 0.013770997411583972 0.0011119909448676604 -0.19346613154486428 -0.013748603782464931 0.9997311204398972 -0.018679132340357226 -0.5409035729718037 -0.0013700200867013135 0.01866317450046909 0.9998231818910422 35.720568119050114
0.9999441524097017 0.010674079865153304 0.0011671703642807685 -0.18996729391330608 -0.010648680748576837 0.9997296543380622 -0.02068834132003268 -0.5608878808178024 -0.0013887874717186603 0.02067576865363289 0.9997836140543999 36.361632004964505
0.9999479558394321 0.010274990191079345 0.001355507832081935 -0.18788346134551095 -0.010245449206036922 0.9997309682920714 -0.020820416198264465 -0.57861188504768 -0.0015702691398483026 0.02080676454836118 0.9997807800826861 37.00119205079598
0.9999594993119764 0.009085670546451369 0.0015010084910417978 -0.1845139181896567 -0.009054337284659467 0.9997523562494526 -0.02036228362615559 -0.595374385651032 -0.00168671460243801 0.020349263953925244 0.999790004619438 37.68019173403709
0.9999614754566079 0.008897623350802776 0.0014021642218414606 -0.18283793310023252 -0.00886965009352748 0.9997697105025815 -0.019586692587502497 -0.6107846541073484 -0.0015770612046750198 0.019574715215477975 0.9998055330055488 38.352017533956754
0.9999659873745133 0.008385094110270604 0.0015204789117758528 -0.17996955804903533 -0.008355623561074678 0.9997808997305659 -0.019242338374945735 -0.6270327795820474 -0.0016824433440309852 0.01923011909858223 0.9998119942263379 39.02210328284196
0.9999587174170241 0.009083489510307746 0.001980799716901336 -0.17822390124074106 -0.009044350915443287 0.9997697469272002 -0.019504378825503883 -0.645683202578025 -0.00215857401101038 0.01948679863494278 0.9998060117881253 39.68829382994883
0.99995507038196 0.009432051630508774 0.002223545806836888 -0.17550917022007378 -0.009387552265633946 0.9997614613222686 -0.019767216705240658 -0.6646509144052055 -0.002410373569297978 0.01974634874026148 0.9998004028331324 40.3480485997124
0.9999578319958274 0.009067329987047335 0.002423436167821853 -0.17154026297660988 -0.009018067706436391 0.9997613393464183 -0.019936465453259167 -0.6829927210225224 -0.002604681799029793 0.01991469459931018 0.9997964924771771 41.014123512452024
0.9999590717677032 0.008717991949209195 0.0030235237123933728 -0.16613299789322006 -0.008655874554139758 0.9997596624976295 -0.020171998602627573 -0.7023033697795225 -0.003199783177730097 0.0201459859152019 0.9997900423410493 41.67713495759111
0.9999624974667495 0.008058263250282697 0.0037538739184619072 -0.1566568799290994 -0.007980504009039309 0.9997592897958677 -0.020485869832956426 -0.7201260422265119 -0.003919067244829809 0.020455925523317934 0.9997812613317127 42.34390632971864
0.9999574488706509 0.008308096203272207 0.004498773988752683 -0.1498531004596348 -0.008213953461149899 0.999751073397529 -0.020796215456610402 -0.7392643846461638 -0.004671256121586465 0.020759076615795215 0.9997718063090163 42.99204290017737
0.9999556169729866 0.008226334153769473 0.0050441113637425825 -0.1430006423208259 -0.008118789429710368 0.9997431910404373 -0.021201249069299828 -0.7592348092214393 -0.005218052319694356 0.021159943630267446 0.9997606285164236 43.6429080537163
0.9999522099504257 0.008394605092113552 0.005350995074462008 -0.13779956102550953 -0.008277887976385087 0.999732833051031 -0.021602738941460975 -0.7793689715235468 -0.005532111934493304 0.02155855857670049 0.9997501482632488 44.2854309853306
0.999952619007785 0.008074796242303279 0.005765471385318637 -0.1312695187500087 -0.007947831660183407 0.9997309801867269 -0.021814815748732588 -0.7990590058571688 -0.00594131821622301 0.021769032269920288 0.999743167685699 44.94947098760652
0.9999551177827879 0.007479525009737933 0.006155702034455274 -0.1243743553351888 -0.007343291624767156 0.9997329216522424 -0.021931977304517843 -0.8185020408511909 -0.006319454521973805 0.02188700787317675 0.9997383601351562 45.61770892022275
0.9999532965813444 0.007364497111068732 0.006590996680713424 -0.11779251961514851 -0.007220352297454366 0.9997384638481814 -0.02173701303788458 -0.8364616193917609 -0.006750570999107846 0.021689497078231826 0.9997398373854027 46.28851066876956
0.9999530706796707 0.007164405012389056 0.006884732988848451 -0.11147522503369862 -0.007016577515960103 0.9997478065545711 -0.021380566302421036 -0.8542322590201428 -0.007037337179770056 0.021332286668395994 0.9997455913898409 46.98448251444533
0.9999520781365783 0.007176887434231539 0.007015966030796223 -0.10624346638133561 -0.007027292589423211 0.9997512407081013 -0.021216564606162256 -0.8729170326423226 -0.007167709011958091 0.021167142857688805 0.9997481950180965 47.70325374781804
0.9999553846741146 0.006886072233967017 0.006808484941053957 -0.10139910594102966 -0.0067420566218115326 0.9997576199573102 -0.02099608798023279 -0.8909526197234648 -0.006952742494169431 0.0209503671658083 0.9997543304389641 48.42184378197684
0.9999542925459728 0.007057787386294907 0.006751506688402458 -0.09804311293522248 -0.006914962044610223 0.9997573752155292 -0.0209347662594421 -0.9087016088132931 -0.0068992812374198305 0.020888530013938297 0.9997558275871476 49.11726708845595
0.9999535600208519 0.007327627170884013 0.006648558381529748 -0.0949143417406047 -0.007187281138846706 0.9997560538472462 -0.02091963779503464 -0.9270905676714606 -0.006801599759159789 0.020872013374694295 0.9997570782657366 49.823764723664766
0.9999528297343933 0.007656162402281227 0.006450229353030707 -0.09345895519214234 -0.007521542283789893 0.9997585552468654 -0.020691134715276307 -0.9436798705299595 -0.006608299928439797 0.020642553620819345 0.9997632983137537 50.52710126988312
0.9999504095954502 0.008054779088286479 0.006333869502198163 -0.09234980385965158 -0.00792245981869126 0.9997557488349244 -0.02068081386920399 -0.9611576784542318 -0.006500147070369222 0.020630622797924873 0.9997642627859676 51.2315135712373
0.9999561050108103 0.007493859178365191 0.006110672391018155 -0.08879372308975289 -0.007364228877234849 0.9997537634064386 -0.020979130544716475 -0.9796933937603075 -0.006267629467940376 0.02093430020711815 0.9997595058983342 51.93414165840108
0.9999592218562052 0.0072448948375607196 0.0059254478159269 -0.08610236251366085 -0.007116855258623157 0.9997474529652516 -0.02135281162332913 -0.9991751828808281 -0.006079994047673627 0.02131057266457532 0.9997525579651139 52.63342447109885
0.9999645122833444 0.0066090225599179965 0.005790539054804368 -0.07893787484267979 -0.006480407699420359 0.9997399358941624 -0.02189439289926797 -1.0185580551975366 -0.005935239588289569 0.02185704409154784 0.999741551669165 53.34815561687472
0.9999612876040737 0.006996845278591538 0.005884077160333184 -0.07520966790257072 -0.006864759732105104 0.9997321769491546 -0.022135153623356028 -1.0378635621379761 -0.006038791844928483 0.02209468651278896 0.9997357368468446 54.06326948685928
0.999962110427045 0.006866224340583838 0.005939919841284507 -0.07028067147769951 -0.006734828972484843 0.9997394924781466 -0.021861549961985728 -1.0557535865183416 -0.006089741896557728 0.021821215622519072 0.9997414661792912 54.7979069270766
0.9999674583480291 0.006091186920450405 0.005845121260598852 -0.06486201967021998 -0.005963831001588842 0.9997507716812697 -0.021556111348177517 -1.0738124028539278 -0.005976150722743633 0.02152100829744171 0.9997485895432834 55.54157397855435
0.9999732765245601 0.0051509322114327485 0.005748022670605478 -0.05922582673653225 -0.005024582791124444 0.9997501939971778 -0.021837683975575665 -1.094876889366954 -0.005860124297371726 0.02180843436072927 0.9997430264625295 56.28853501505675
0.9999694065376477 0.005709721578347909 0.005795570700502465 -0.05580007574460724 -0.005577869212784361 0.9997313517522959 -0.02254010395028733 -1.118037961255765 -0.00592408673645198 0.02250742796960638 0.9997268135203308 57.012621098989285
0.9999443031484587 0.009157174022143097 0.005664981656677122 -0.05809855086938036 -0.009017366869578275 0.9996664652784859 -0.02423827082666289 -1.1420523911210354 -0.0058867203652996965 0.024186609433541978 0.9996872557616402 57.745609072268564
0.999933549419393 0.010300710113767595 0.005608510033131638 -0.057361338962501646 -0.010157704029598771 0.9996377527513677 -0.02495649392787716 -1.1652498159695321 -0.00586535827170913 0.024898513791459822 0.9996698036570556 58.46681100254924
0.9999416599049379 0.009860962364234421 0.004938648474673291 -0.056366814171711535 -0.009737444157725466 0.9996544840213092 -0.02443840123818696 -1.1837906289496978 -0.005179789564716397 0.024389542490206764 0.9996860203962168 59.211624715947046
0.9999703059415848 0.00673602834877423 0.004433878504516864 -0.055025545107633515 -0.006630578455819642 0.9997041482614084 -0.023446010552687066 -1.200204010595311 -0.004592577116852249 0.023416980117269014 0.9997122390768274 59.95970644401594
0.9999709222141725 0.00686145132839829 0.0041580668659528626 -0.0563600282275896 -0.0067633418484790205 0.9997071534956324 -0.023280429286586177 -1.2188495751553252 -0.004318513574468863 0.023252594730880115 0.9997173464185131 60.69199020408824
1.0000004688935864 -0.0005532516012749432 0.002280037190252879 -0.04744028777667074 0.0006141937192320957 0.9996363612188458 -0.02699025694511042 -1.2450011569931314 -0.0022661989960129423 0.026992589826590717 0.9996300024961374 61.42074753044214
1.0000023542366379 -0.0005738525871100906 0.0012396264313913026 -0.05053339578195776 0.0006101002065086312 0.9995617970841137 -0.029626051243375032 -1.271107802131703 -0.0012240752300632894 0.029627777275487526 0.9995570938440722 62.094011979850606
0.9999979484496005 0.003227835257495292 0.000697837866115201 -0.0601441988188375 -0.003208354506898595 0.9996392481585917 -0.02670930742274623 -1.288088837452079 -0.000785888807849733 0.026708068836534437 0.9996400451233304 62.82845688862474
0.9999689035154785 0.008181498318685577 -0.0014256629234265085 -0.07398708406922977 -0.008209168417617053 0.9997610592615475 -0.020317047105870636 -1.2974589273947743 0.0012570140440196125 0.020329136480883397 0.9997895558729707 63.60037638494399
0.9999553494640627 0.008487353877942354 -0.004915916317715736 -0.08292514747590064 -0.008545121755089575 0.9998956155449555 -0.01178054912362674 -1.2995079944446484 0.004813286612876075 0.011823255599927009 0.9999156205969557 64.3957155469057
0.9999699306442804 0.000560272294647604 -0.008173380111979421 -0.07963358543375851 -0.0005877077690534308 0.9999959500854585 -0.003299809692482612 -1.2958027123162088 0.008169330501303567 0.0033058767654910656 0.9999582301938257 65.2270395128506
0.9999595878404585 0.0015323377194965844 -0.00922193412003826 -0.08994998466251612 -0.001587692874649436 0.999982293372311 -0.005958712126531474 -1.3082503544058701 0.009209957567545838 0.005974964565834556 0.9999361155085603 65.96818612786184
0.9999548956060893 0.0030265034602451686 -0.009382573678268299 -0.10067639963739683 -0.0031838594398316033 0.9998557862340977 -0.016760659170964032 -1.342285841095745 0.00932778199223417 0.01679174661502893 0.999811828800583 66.70665717203649
0.9998886814383229 0.011183706107746189 -0.010212656170481026 -0.1263287923294063 -0.011457368927283043 0.9995681675028187 -0.027107565922598734 -1.3738902701405886 0.009902358647344324 0.027223539695258706 0.9995764366355852 67.43721015830636
0.9998470410248903 0.013162979115298755 -0.011762300597433174 -0.14216159335193063 -0.013527992089590591 0.9994135243018685 -0.031490263359388176 -1.4052713002166177 0.011337674599629994 0.03164649077701132 0.9994303557686264 68.1620530069961
0.9998532639721787 0.010080731372068202 -0.01401111977515793 -0.15566409462776493 -0.010499778613037254 0.9994899441597268 -0.030178624052656644 -1.4260866065794016 0.013696909496796859 0.030322975193669242 0.9994415290634605 68.89574350856367
0.999844737150709 0.0064477678294502785 -0.016526422543941134 -0.1716862327273056 -0.006884239449564677 0.9996254732734937 -0.026507764326365008 -1.442277680721185 0.01634631241238668 0.026619049694208006 0.999507045055202 69.65359453926258
0.9997982145467439 0.006402866825317153 -0.01915920496845139 -0.1913249655085353 -0.006869015378678005 0.9996798278472483 -0.024375027292707074 -1.4605258764836044 0.01899364254404382 0.024503536726870827 0.9995145406796354 70.42252661963136
0.9997469423866301 0.00789540285973158 -0.02118667120431843 -0.21530943309201866 -0.008414906114305376 0.9996638278875829 -0.02455346420693612 -1.4812994813009148 0.020982450902789006 0.024727392074550054 0.9994695433934293 71.15149971481473
0.9996682063728662 0.00785417127390359 -0.02465669241423027 -0.23828192277221194 -0.00848247083555221 0.9996403107035949 -0.025479731372142524 -1.5039230306897258 0.024444972933377555 0.025681722542374257 0.9993672774449625 71.87329987251195
0.9995437490192595 0.007044906547860625 -0.029479728340796516 -0.2650395794955248 -0.007820805899127467 0.9996250286452777 -0.026283416685795175 -1.5259545779375319 0.029280851434075817 0.02650321434627777 0.9992158758095672 72.60490080550167
0.9994083514806934 0.006582097960985281 -0.03385063623994698 -0.2965505945133545 -0.007449302698799789 0.9996469107898159 -0.025551288941643328 -1.5442344655161437 0.033667798309655085 0.02578962985337913 0.9990964099047909 73.34484231656162
0.9992648195145767 0.0069589407333506695 -0.037779594057746405 -0.3326005137106104 -0.007865545816790808 0.9996844297334239 -0.023895759192942914 -1.560110305759723 0.037598792125514924 0.024176673945947285 0.9989963378639468 74.08172422720368
0.9991021254532314 0.007170922551942377 -0.04182342702336818 -0.3720874548967583 -0.00814010235051893 0.9997022608648939 -0.023042542838483664 -1.576590665527392 0.04164304083600284 0.023363518381590297 0.9988551799146248 74.82574698006107
0.9989129137986528 0.0069967463000221095 -0.04614148092919846 -0.41490218947960883 -0.008045168443658796 0.9997134847853475 -0.022573475910005573 -1.5943539972018115 0.04596756084164412 0.02292139050468506 0.998675603968901 75.58699627346822
0.9987392281746823 0.00689316949464011 -0.04977252348454849 -0.4597854304745865 -0.008026791803826015 0.9997127308651278 -0.02260579989661723 -1.613510725477296 0.04959964118263325 0.022978091767443698 0.9985004359159495 76.34427789081484
0.9986067989739889 0.006435744425507713 -0.05242562564367326 -0.5003792639944196 -0.0076385842468681174 0.9997126910491878 -0.02276268117315984 -1.6330388733303969 0.05226159937340074 0.023132625758219973 0.9983612993187249 77.0756555775886
0.9985029080602026 0.007294959640250736 -0.05426273427391816 -0.5481472737075671 -0.008531412155653728 0.9997095316566867 -0.022578858755430437 -1.6502149407512026 0.054079652601986994 0.023009474764010666 0.998267235041105 77.82426555984684
0.9983463415312999 0.007369200342622688 -0.057054943425688676 -0.5970863584328251 -0.00859346298260573 0.9997381826630051 -0.02123551198812208 -1.6654119356318322 0.05688113122620364 0.021691813828503766 0.9981408974468163 78.58651525790599
0.9981722326664613 0.00865413217588318 -0.05985421152257633 -0.6508899522685421 -0.009802178714733116 0.9997740394809613 -0.018906350639292052 -1.678051645349712 0.05967461685396933 0.019459695699508103 0.9980238824867758 79.34779339316269
0.9980128316829068 0.009145905222777135 -0.06237593931594787 -0.7056964359859049 -0.010170354790802064 0.9998189401115541 -0.0161222537357302 -1.6891179770423035 0.06221538522858248 0.016725693419301933 0.9979178743402902 80.13095073349827
0.9979404219949812 0.010307573593381653 -0.0633404162556471 -0.7611615078632038 -0.011275962475245975 0.9998250631049559 -0.014950423298145672 -1.700653564479255 0.06317316979941733 0.01563527920268292 0.9978752099537059 80.89075097313565
0.9979059064421482 0.010905781461852131 -0.06377587582422213 -0.8157409561319793 -0.011889155361776448 0.9998159300438324 -0.015066009013329962 -1.7148763582464046 0.06359761825567292 0.01579445580947896 0.9978453603491978 81.65749256128711
0.9978373865643535 0.013637300300378307 -0.06432439718611402 -0.8722870307092435 -0.014757983729751028 0.999747113373396 -0.016984636634235176 -1.7331622282850485 0.0640745516261455 0.017898836136878378 0.9977798984943533 82.411257971699
0.9977910079971584 0.012680488216258778 -0.06523341140213271 -0.9206636979292842 -0.013947747248255959 0.9997219169477775 -0.019012619085039546 -1.7526712995874816 0.06497223639995044 0.01988217088196289 0.9976841458978458 83.13946022334372
0.9977599298480669 0.013148196577118123 -0.06561455264880821 -0.9729628295905715 -0.014476764574181535 0.9996988416782527 -0.01981907594835775 -1.7727845520466325 0.06533225779921069 0.020726241879223017 0.9976434379696177 83.88464390815356
0.997732991311392 0.013468818175804538 -0.06596142188630995 -1.026169024544468 -0.014827151063175677 0.9996873466950194 -0.020149310807704178 -1.79209786049675 0.06566783446978934 0.02108307512635336 0.9976140046641357 84.6468699598915
0.9977019953350308 0.014245517029277654 -0.06626437361988338 -1.0820924910591525 -0.015590688298607587 0.9996820078798084 -0.01983134828960806 -1.8085172690121245 0.06595910324415394 0.02082023239818971 0.9976001578363102 85.41619615425728
0.9976767156083846 0.014438117859475314 -0.06659822058018244 -1.1379643620284496 -0.015765426937469434 0.9996865370212591 -0.019453334930574447 -1.8250545668619438 0.06629474968873879 0.0204595145329688 0.9975852592028103 86.1994177855432
0.9976495233690207 0.014643752249264246 -0.06695931871040006 -1.1935202457020462 -0.015993167809678934 0.9996784593397103 -0.0196683508886322 -1.8443113815944714 0.06664799872682588 0.020694541766368795 0.9975567210799485 86.97275616011899
0.9976282267265326 0.015151479320303252 -0.0671623578788231 -1.249206905645474 -0.016532955608673478 0.9996616664757022 -0.020067716521115192 -1.8646002011036054 0.06683366842719644 0.02113211033741548 0.9975350389315608 87.75438352651992
