1.0 0.0 0.0 0.0 0.0 1.0 0.0 0.0 0.0 0.0 1.0 0.0
1.000000238418579 -7.605552673339844e-05 -0.00012236833572387695 0.001902002957649529 7.593631744384766e-05 1.000000238418579 -0.00027361512184143066 -0.0010451199486851692 0.00012242794036865234 0.0002734065055847168 1.000000238418579 0.5452141165733337
1.000000109965109 -4.549658921071398e-05 -0.00021694955636419877 0.0008542017717860229 4.521401890134058e-05 1.0000001999278956 -0.0004228723220283115 -0.0009742248198273407 0.00021704192932148203 0.00042257090819930454 1.0000000072178992 1.086254128967541
1.000000296225005 -2.857283089267579e-05 -0.0004606784292982579 -0.0020303888195315535 2.7646650162599678e-05 1.0000006087175648 -0.0003041509664324968 0.0009529933951695844 0.00046111562333894665 0.0003033952387902812 1.000000242911165 1.6284182925511947
1.0000004036955235 -0.0002056134143612201 -0.0007336148178355209 -0.005271797261734532 0.00020384437132278636 1.000000298383804 -0.0011129045915224262 -0.0015467217424216023 0.0007344863810230799 0.0011116125403983364 0.9999997524663987 2.2302472091630827
1.0000005354453239 -0.00023552758979713558 -0.0008706241689549598 -0.008780207769335737 0.00023334517069634907 0.9999999706637328 -0.0015091844660569589 -0.0038502926819594637 0.0008716101681792498 0.0015077530882855205 0.9999993305060841 2.835422247260324
1.0000000850080224 -0.0003544585889021693 -0.001013651360560933 -0.012166773609886244 0.00035201089598745755 0.9999991218654402 -0.0017369072298504184 -0.0059146926034698965 0.0010146911924905587 0.001735755703759212 0.9999986240769407 3.458228437503856
1.0000000468947616 -0.00044943141513064847 -0.0012531944514695538 -0.016083359303269262 0.00044559067127148685 0.9999981478404213 -0.002347759679492231 -0.009517750787829373 0.0012547927568222884 0.0023459512884901647 0.9999972014403563 4.06579322113663
0.9999997882685426 -0.0004357080665021611 -0.0014644003205517356 -0.020524047900996656 0.00043144522484942155 0.9999987695766526 -0.0022889945811752793 -0.009900613533438095 0.0014660288080038599 0.0022868418922305464 0.9999971937448342 4.659364297509788
0.9999998240750293 -0.00047306418893905194 -0.0015915334157344456 -0.02511267490411663 0.00046816827382043793 0.9999982065082856 -0.002502075937719192 -0.012470079775370246 0.001593458770005073 0.0024997542460742494 0.9999964008596618 5.272129647890721
0.9999992392312304 -0.0005103172308489915 -0.001723455542131932 -0.029414791212720472 0.0005043756515838144 0.9999961915890818 -0.0031574289412842687 -0.01724589403611667 0.0017254541394217066 0.0031552847815532687 0.9999940752439178 5.961857299685789
0.9999988849474855 -0.0005528921902217585 -0.0019164809909353669 -0.034379939770445164 0.0005462046137608257 0.9999953539964402 -0.003340452115788852 -0.020026324201594316 0.0019185867413029885 0.003338226089569597 0.9999931052358735 6.644388266833512
0.99999820082799 -0.0005851700461796923 -0.0021397680936749265 -0.039153478070234136 0.0005768097317940837 0.9999928745733635 -0.003916738279857919 -0.025211955568767368 0.002142206820892515 0.0039147162439579115 0.9999902760128667 7.36463463192753
0.9999972602812036 -0.0008116219973585804 -0.0024613857259945947 -0.043176105627008035 0.0007985841412158384 0.9999861254984678 -0.005302957059526766 -0.03329432841234063 0.002465925125156759 0.005300086940071936 0.9999832056548436 8.177499208668072
0.9999963973338073 -0.0010820616243478593 -0.0028677350683273795 -0.047451309577368525 0.0010624317438014442 0.999976845621444 -0.006811045463152056 -0.042481362123104494 0.00287550166490499 0.0068068592697431195 0.9999732555310222 9.006710802769726
0.9999955256472117 -0.0011499686264398227 -0.003270791176741823 -0.05240626917919425 0.0011227646285525436 0.9999662731496365 -0.008231607633081244 -0.052778086428488524 0.003280785870087869 0.008226414694697776 0.9999617099792002 9.836514690855381
0.999994575562997 -0.001218924893787492 -0.0036098436825825063 -0.057220263142220076 0.0011840918397252177 0.9999552368465287 -0.009506199973596863 -0.06355301800789147 0.0036221205589311214 0.009500109304261251 0.9999495142040891 10.641927558175249
0.9999933800271066 -0.0011321259311759299 -0.0039539456905671585 -0.05942452477474997 0.0010898857107912976 0.9999450540531972 -0.01052618331367157 -0.074777301886615 0.003966618205095502 0.010520125953130531 0.9999378615210395 11.441424999379764
0.9999921982522507 -0.0009465303079438367 -0.004276032174303153 -0.06395784193001473 0.0008986569517689218 0.9999392349091399 -0.01106488062703237 -0.08523148187476662 0.004287142281230222 0.011059122922036323 0.9999305600750902 12.23078496493564
0.9999907397155046 -0.0009259960423462259 -0.004538197437973827 -0.06974138841965867 0.0008742093099384777 0.999935735782797 -0.011350511351388346 -0.09368887535491399 0.004549114881646187 0.011344877461206292 0.9999258612972062 12.907900156324336
0.9999893699530961 -0.001265501433618884 -0.004875712118200118 -0.07617395810638017 0.0012086689638156343 0.9999337394278093 -0.011521952994724097 -0.10171414093319112 0.004890799083730256 0.011514123676739584 0.9999226218452454 13.615786386734504
0.9999876340883775 -0.0016164915911822226 -0.0052383051164589895 -0.08414050044356396 0.001554462614801721 0.9999321183108577 -0.011647376849236423 -0.10994701526031114 0.005257780640563319 0.01163703642319045 0.9999196469279477 14.33535215943665
0.9999852257631439 -0.001771606598929249 -0.00563880658932254 -0.09338932534473944 0.0017036222242512117 0.9999290390462945 -0.011891975085430835 -0.12061950858895816 0.0056604391912111135 0.011880050576656014 0.9999146997399764 15.14974629458617
0.9999825731326244 -0.0018351433736525338 -0.006046931045693629 -0.10242122829179123 0.0017613745316524382 0.9999265012295989 -0.012066879383769043 -0.1318191729395025 0.00606961749520935 0.012054050753017496 0.9999100199932954 15.986334682056066
0.9999779780375999 -0.002262258694860357 -0.006677081468123139 -0.11102896347114799 0.0021788605963953974 0.9999226075589867 -0.012324031458249823 -0.14372445932597247 0.006705570630915234 0.012307058462864869 0.9999029865204845 16.845521308266193
0.9999747145952945 -0.002435028662963916 -0.007142834903148887 -0.12084236374644841 0.002343206458249636 0.9999180926609483 -0.012661608597552441 -0.15717300442730053 0.007174444093447038 0.012642082352280952 0.9998956562003972 17.745296245157093
0.9999689565895841 -0.0028688977839622003 -0.007709253573360859 -0.13078288307602462 0.002768602702662133 0.9999141315401063 -0.012853382719698946 -0.1711281509274635 0.007746704412394332 0.012829389441207685 0.9998887639256883 18.694067279710172
0.9999652338567945 -0.0029942686683786857 -0.008091405149609801 -0.14043424035746485 0.0028877402294665844 0.9999111613772467 -0.013058657119244522 -0.1849487817350404 0.008130852540595696 0.013032821799163772 0.9998829402586175 19.595239809251183
0.9999631358770067 -0.0029082302540403646 -0.008397171675287102 -0.15046333238569717 0.002794870185256627 0.9999074041410955 -0.01337622400681388 -0.1982100289724486 0.008436563665957266 0.013349947781673513 0.9998763187031816 20.421935431852983
0.9999610824005027 -0.00271237310543588 -0.008709352959870213 -0.16183617049674778 0.002592483958512272 0.9999048096427646 -0.013639217222241769 -0.2140947022458673 0.008747071372675587 0.013613672762867447 0.9998702980680992 21.38188508141867
0.999959037140977 -0.002722531048743449 -0.008968397788437906 -0.1720348154150629 0.002597197777291936 0.9999022338080186 -0.013844556370111323 -0.2288059989145772 0.009006789999433912 0.01381831815606183 0.9998654791672494 22.262949351729727
0.9999569754974503 -0.002610381656366178 -0.009192563026648802 -0.18287288308681632 0.0024811518622918794 0.999900644429013 -0.013963855336509295 -0.2411468164608871 0.009229488094544604 0.013938140476824179 0.9998614588722747 23.078344299205614
0.9999529740829253 -0.0027284411192220357 -0.009568457961579823 -0.19434076386287752 0.0025920237564452417 0.9998972516298482 -0.014187150642023163 -0.2545392356190683 0.009607426051045592 0.014159393989549234 0.9998547652118613 23.90921540008484
0.9999507615622152 -0.0027642617720121253 -0.009789476655624386 -0.20161936978644981 0.0026213558609581343 0.9998923195612425 -0.014520762442846655 -0.26904405689205824 0.009829821472036373 0.01449230974476936 0.9998479168799024 24.776085690250962
0.999949443566743 -0.0027933776327526186 -0.009927921351061528 -0.21067031334207667 0.002647320481659964 0.9998910258307806 -0.014621787507643182 -0.28258198885387315 0.009969115701147849 0.014592455205938057 0.9998450942172726 25.64863170578116
0.999950324769938 -0.002510713373033197 -0.009918707458298006 -0.21938362105621323 0.0023626268612076525 0.9998886249169546 -0.014837481951450779 -0.2953869760657566 0.00995634749457868 0.014811030007647975 0.9998421511089398 26.43094638829422
0.9999504464178749 -0.0024295244485193442 -0.00991519063596739 -0.228435189344545 0.002278996966618726 0.9998843647526434 -0.015109626020584748 -0.3112215682007417 0.009952007895524617 0.015084179533253467 0.9998379095821794 27.321097302678886
0.9999518091721449 -0.0022026338823694725 -0.00985735758992837 -0.23731972578880686 0.002051725946326182 0.9998832748889974 -0.015216087181634495 -0.32523543712608843 0.009891089201087248 0.01519294440810635 0.9998369937723306 28.130853050406692
0.9999520658801749 -0.0022613502074009173 -0.009854177537895841 -0.24532690994951065 0.0021090390565151915 0.9998823609817582 -0.01530792473112157 -0.3385919915719265 0.009889400409298383 0.015283800216445815 0.9998358661463349 28.892253453782512
0.9999521277690585 -0.002275289911722206 -0.009808624473467783 -0.2530390861164263 0.00212162147183232 0.9998782390477796 -0.015551879390819487 -0.35307651763429027 0.009844286519334132 0.015527960028988808 0.999832401914118 29.664759798525534
0.9999537869399319 -0.002124025334673023 -0.009650366025458313 -0.260628665135664 0.0019715397624960255 0.9998759412113684 -0.015700949427107203 -0.3668313054605711 0.00968387023091557 0.015678862787587393 0.9998312786554635 30.425026044138505
0.9999552898907554 -0.0020346417974616148 -0.009514275691211478 -0.26802317856818914 0.0018832635348386318 0.9998743199661773 -0.015807657684820304 -0.3800467366177795 0.009546636477776517 0.015786738619563367 0.9998308573097653 31.13901276910331
0.9999576672247821 -0.0017121738773294563 -0.00930213673584251 -0.2752116185064642 0.001561207359454594 0.9998698396132504 -0.01613707006573447 -0.3960970052261707 0.009329935276010094 0.01611955599919427 0.9998276689175256 31.92821599689517
0.9999607995662655 -0.001423501721015137 -0.009044114873250013 -0.28214541551590383 0.0012742921858869011 0.9998662754059704 -0.016400862849682757 -0.4120264989526398 0.00906776746251129 0.01638604084445755 0.9998259320965232 32.708706877084566
0.9999645021081299 -0.0009293223222442453 -0.008673056081242771 -0.28877796727967325 0.0007838727969487244 0.9998625184912022 -0.01667575692641213 -0.4283461499837382 0.00868892131047472 0.016665425194646637 0.9998247805791396 33.48766240256419
0.9999685762853968 -0.0009001357614534146 -0.008233725967142516 -0.2935292320930062 0.0007575755798277242 0.9998540286570672 -0.017186061117003718 -0.44673693380960117 0.008249779618742509 0.01717632040345966 0.9998198440946064 34.29894331040094
0.9999718460655607 -0.0005822321407867167 -0.007857072765294251 -0.29887871016024314 0.00044270407339572313 0.9998463407935654 -0.01764034106723806 -0.4647292957609651 0.007867863253448276 0.01763346487987692 0.9998149603815061 35.06913167476029
0.9999743709523495 -0.0005213261428831486 -0.007510020037431177 -0.3037303736377858 0.00038651945885172256 0.9998420443857831 -0.017864885951613188 -0.48219672747002396 0.007519748895661712 0.017858768601034292 0.9998133694756594 35.860126305645444
0.9999778600490075 0.0005573816348343094 -0.007065196228432586 -0.31070762671485547 -0.0006864971603468421 0.9998354620562369 -0.018216949562071993 -0.49892453976775586 0.0070554233335975635 0.018218638269067798 0.9998103024261683 36.64428162728036
0.9999811082586516 0.0005548975398739201 -0.0066054981407410104 -0.311308663697672 -0.0006797882116506704 0.9998249834019135 -0.018792712035997885 -0.5165665719857943 0.006595600529251441 0.018793695327520146 0.9998030029299861 37.4058439588152
0.99998305481552 0.0008779654636916377 -0.006337836405050696 -0.3152381410916626 -0.0009991567958484208 0.9998211650533501 -0.018984402309171155 -0.5321924771341505 0.006321754212968894 0.018987246939759686 0.9998012885097539 38.15406950401369
0.9999827637374455 0.0012716677111346353 -0.006254339696810703 -0.32143025890803983 -0.0013898157887639235 0.9998235414201994 -0.018825603504717396 -0.5453362683774371 0.006230663668398528 0.018831357130892096 0.9998045942887612 38.90290725662604
0.999983063067952 0.0014128518021391979 -0.00610182205505989 -0.32596185826335217 -0.001527760683844775 0.9998228484277152 -0.018832993216963696 -0.559771601787169 0.0060753013237118654 0.018839619904591338 0.9998052306086376 39.628181903105315
0.9999816575845937 0.0025388793528138857 -0.0059543391318327135 -0.3332751504961853 -0.0026521067635484332 0.9998164721871913 -0.01904906653768832 -0.5744560576681098 0.005906178345594595 0.019061886564428577 0.9998019420413256 40.347790814010715
0.9999812730037664 0.002733812128025126 -0.005975244788334324 -0.3396317087111594 -0.0028433102264102824 0.9998307205412839 -0.018268447478977684 -0.5861471971186556 0.005925813855096755 0.018282431356411163 0.9998166885056815 41.09908633365989
0.9999781428962599 0.003553876515893297 -0.006103903135540446 -0.3488066885049326 -0.003664706176630995 0.999830798478513 -0.01811674228747184 -0.5992869061910254 0.006039916606132968 0.018135970653754267 0.9998188101638817 41.86503803388365
0.9999760102097461 0.004138748076656217 -0.006054344358169957 -0.3560104031677361 -0.004249165360222401 0.9998261873022135 -0.018226517570134555 -0.6140283130041856 0.00597923761077499 0.01824924078104417 0.9998170047250332 42.620249328648825
0.9999731211605629 0.00466538174225245 -0.006152024095852543 -0.36412263008057233 -0.004777751854391284 0.9998226923415556 -0.018288498816446466 -0.6293868433504418 0.006066908057005996 0.018314724858224513 0.9998152833417613 43.41733553704991
0.9999691314694918 0.005289374365314234 -0.006327115989605459 -0.37362457145655864 -0.00540590614142383 0.9998172225144025 -0.018417103468089033 -0.6441449092051971 0.0062299203662231385 0.01844783150113294 0.9998118536633374 44.19631753238758
0.9999633405138983 0.006198761350283997 -0.006463195590616499 -0.38307600903679073 -0.006320569276016279 0.9998043895091532 -0.01884542968756542 -0.6611892880428036 0.006346756471280038 0.01888249730623194 0.9998033419956864 44.97175026995584
0.9999517120928786 0.007571864780366459 -0.006780001961935785 -0.39466248457639147 -0.007702891526641393 0.9997848225457794 -0.019365924690332367 -0.6780264097891541 0.006633497724195332 0.019413963854725918 0.9997912457221274 45.73960117652892
0.9999425125995987 0.008448580124242233 -0.007104463516304728 -0.4057131613773474 -0.008589187608470482 0.9997691077818368 -0.01980660800969902 -0.6955077775310339 0.006937369398928763 0.01986277146188204 0.9997806295192543 46.52383095565617
0.9999264052560312 0.009827241948126123 -0.007631769077849916 -0.41733355102632613 -0.009984271049002538 0.9997396321344347 -0.020628990748324836 -0.7136985043331577 0.007429103203408976 0.020699722826774496 0.9997605326866867 47.29297439486625
0.9999081989239128 0.010838847048651479 -0.008543604855377956 -0.43064550867961865 -0.011017634806216476 0.9997197929345356 -0.021025283522457337 -0.7311560601014567 0.008314752131049524 0.021114147579971838 0.9997440830706923 48.0723257999852
0.9998732841555323 0.012698002641866643 -0.009964345784432652 -0.44723733945629773 -0.012908500081593251 0.9996928209431827 -0.021223669165878742 -0.747371852938431 0.009693055794354956 0.021346368926638933 0.9997265757653615 48.85148873420508
0.9998308626304914 0.014668646644661209 -0.011416714328519097 -0.4623768756697339 -0.014911727496523487 0.999661414052908 -0.021394712126955373 -0.7637409737850659 0.011100365720721522 0.021558265319971976 0.9997075135436441 49.63536307092719
0.999801749252609 0.014581320667331902 -0.013817117450235197 -0.47658656538677374 -0.014880546681977982 0.9996544017198242 -0.02173861526556268 -0.7823340349220076 0.013496353054463854 0.021937269484343318 0.9996696384430467 50.42624289391488
0.9996444649218381 0.02015415965372137 -0.017672600076174393 -0.5032429764908759 -0.020525697292619147 0.9995692700638272 -0.021047828430906954 -0.7964090002953399 0.017241777200202455 0.021400419123182145 0.9996239123512609 51.21124224386876
0.9995792862301817 0.01993175142492647 -0.02126189599946795 -0.5250775617319159 -0.020364489016765613 0.9995885611218769 -0.02028417125040737 -0.8107205124386124 0.02084983223128765 0.020706137271695423 0.9995698520450743 52.01059203180725
0.9995428643601816 0.017203655870148903 -0.02501283587265897 -0.5488506841224019 -0.017759736086614346 0.9995985248021474 -0.022145932813663796 -0.8294439186679756 0.024622688162301697 0.02257765212231657 0.9994434607179121 52.810712976466405
0.9994121727015497 0.01645936091999874 -0.03020581310372594 -0.5785300399200433 -0.017135104159809813 0.9996078020096318 -0.02221853886959127 -0.8480997066266596 0.029829220093920937 0.022720863716584265 0.9992984060371051 53.63091482655973
0.9992366316855235 0.018969822384581832 -0.03426502271285552 -0.6173325130791188 -0.01973749812821401 0.9995607734434482 -0.022177464972021624 -0.8657490925861342 0.033830263571031555 0.022834750462634126 0.9991684460633503 54.44581473467501
0.9990400152218488 0.01897440140640425 -0.039598317121188865 -0.6578109600581267 -0.019831608651494907 0.9995773926457052 -0.02134103665074313 -0.882112145393703 0.03917769409518761 0.02210352677971053 0.9989896706803282 55.2971651684181
0.9987723410143203 0.018620518026614668 -0.04600552338969909 -0.7064863715525909 -0.01951057425207807 0.9996319081111497 -0.018948633919629056 -0.8949458424013075 0.04563666174284403 0.019820881754783658 0.9987635264511411 56.17478996001314
0.9984586033764596 0.017772101847266675 -0.052668082658392144 -0.7621692173583668 -0.018670614100913335 0.999689756961763 -0.01659800195067441 -0.9069125472679969 0.052357963791275414 0.01755333253012784 0.9984759148432637 57.08175172964203
0.9980917418021761 0.017305693678552166 -0.05934633995182465 -0.8229733855406005 -0.018254709338476203 0.999715398431877 -0.015469770860904324 -0.9188370682450062 0.05906297829334525 0.016521251303509253 0.9981192298290332 57.96276162376859
0.9976523930713332 0.017129727253247403 -0.06636991724269632 -0.8916493832342255 -0.018160557441881595 0.9997249576277781 -0.014944998691219366 -0.9318057610569573 0.06609685213412525 0.0161127724447504 0.9976846636519472 58.85380599864422
0.9971331712941844 0.017359896119630604 -0.07370814104461434 -0.9682550343063725 -0.01846680122744772 0.9997280239797842 -0.014349287620544274 -0.9429229425350804 0.0734404542740946 0.015666778806736247 0.9971781674288511 59.730854599074654
0.9965427275816967 0.017179926376892637 -0.08133962497756886 -1.0554236882030255 -0.0182377921301004 0.9997599487066282 -0.012269300068998991 -0.9513711575877726 0.08111070732373624 0.013707590287407853 0.9966122490296049 60.64554590758225
0.9959771390781116 0.015505027284506725 -0.08830482831218947 -1.1491013229004754 -0.016267471857402856 0.9998380846971374 -0.007910832955095853 -0.9525479450924783 0.08816912812368288 0.009313159231551146 0.9960634425231641 61.57358031040697
0.995368294992035 0.017572769870070257 -0.09455698432326747 -1.2579363725802124 -0.01789277896794143 0.9998382799337906 -0.002528255948448483 -0.9499610117478497 0.09449888338276843 0.0042059737733759 0.9955170677755166 62.535189452127035
0.9946094184362798 0.01837959598124964 -0.10208991360662556 -1.3649223168639124 -0.018445837993685238 0.9998311055102951 0.0003040965411885378 -0.9477291134755004 0.1020798228454447 0.0015782180673523712 0.9947761737414265 63.45461127579275
0.9936581512724956 0.023700104625649906 -0.10995474461532591 -1.4807967917016247 -0.023833167160030633 0.9997174010636553 0.0001122686456284985 -0.9502545773905267 0.10992784529594647 0.0025066481534594654 0.9939378089085446 64.32955580878301
0.9928938705044659 0.03109425946392389 -0.11490332283505032 -1.5960346385740127 -0.031511122748123406 0.9995029759320709 -0.001805461418008721 -0.9526921052540265 0.1147917218302177 0.005411074537623439 0.9933756530470783 65.16726505797297
0.9924681903756291 0.033135891954775176 -0.11797266348473152 -1.696913682802612 -0.03383664770757509 0.999420943785726 -0.00393404130235348 -0.9594086317048142 0.11777614303695955 0.00789389553422732 0.9930100354588589 65.94645055783452
0.9915846723415542 0.03192805155211803 -0.12549562684754922 -1.7987887870845116 -0.03297702457304769 0.9994372824437113 -0.006282865339501672 -0.9674465471539844 0.12522648292888897 0.010366263615757331 0.9920749171652407 66.70074635847756
0.9906463544214715 0.029903121164918563 -0.1331713697180375 -1.903109751267648 -0.0312695745983365 0.9994785738090236 -0.00817393785342989 -0.9751578848567491 0.1328595661581371 0.01225953984956265 0.9910601221407922 67.43004749626549
0.9897610412110773 0.028201367368483873 -0.13995271584594837 -2.0045299847712816 -0.02963456795759173 0.9995282712701203 -0.008160971839472042 -0.9792330503331111 0.1396585693344103 0.012222726023842704 0.9901252342074903 68.10298084279496
0.9888599520451452 0.02795201491466736 -0.1462317548480359 -2.111481553496646 -0.029271763037829628 0.9995486046384251 -0.006875235607408044 -0.9797611379032143 0.14597568385894866 0.011076957499959357 0.9892272169554576 68.75723558324256
0.9879145575223898 0.027899145186421673 -0.15249869516630463 -2.218619700182534 -0.029026357072914285 0.9995660756996649 -0.005164425308745378 -0.9776152242352195 0.15229037040563767 0.009526516324911593 0.9882909965902618 69.37531270916526
0.9870310630409413 0.02766858934900466 -0.15815872444844484 -2.3233041385135254 -0.028666634323453743 0.9995817060301587 -0.004026060911611278 -0.976301201223797 0.15798301192772654 0.008505623889020849 0.9874063731421987 69.96025062890693
0.9861462481717662 0.028407420732333027 -0.16346115202042652 -2.4284896329543084 -0.02914371922580919 0.9995739302353792 -0.002101336248565214 -0.9724727526990321 0.16333324722850853 0.0068341674759648235 0.9865485908854547 70.51904604928686
0.9851318128626988 0.02726042197726576 -0.16965491886584663 -2.5206619966651433 -0.027992561276353717 0.999607024295252 -0.001920875217598626 -0.9718461356245769 0.16953719510347365 0.00663959158952397 0.9855027875561412 70.99370425258468
0.9844966653525907 0.021090380538586535 -0.17415953448789245 -2.6086897963111024 -0.02216845683637769 0.9997459721208052 -0.0042437334387921315 -0.9728337096099121 0.17402704439682157 0.00803699192632999 0.9847093011578193 71.43469984093173
0.9840806294267108 0.01899449746805694 -0.17673454027889807 -2.6825788431177595 -0.020212384440025086 0.9997838125752389 -0.005088616286435248 -0.9746928401130454 0.17660102606950032 0.008577690971002014 0.9842463603060156 71.78231904762755
0.9838156994504261 0.01887248274106531 -0.1782168267702115 -2.7448165911131235 -0.020200722723119686 0.9997809652462017 -0.005638033831246577 -0.9785652391504747 0.17807257101936746 0.009144882664958921 0.9839759021230704 72.06271774126294
0.9833266097859777 0.01975755967340722 -0.18080093821416232 -2.8395939666318277 -0.02136928637727657 0.9997482407096017 -0.006967799599076677 -0.9871621302243638 0.18061904806343018 0.01071312083358715 0.9834957089576121 72.51914096221164
0.9828466772358221 0.0204732545233964 -0.18331245067252191 -2.9174034191522065 -0.022268483654213505 0.999722851221009 -0.007736837064133679 -0.9947147056791446 0.1831044042420165 0.011684450627551256 0.9830246174166448 72.89581054195051
0.9827088114599019 0.020297910528162374 -0.18407011917290286 -2.96003900709508 -0.022152006560254563 0.9997234106819695 -0.008017417202094325 -0.9988214850268207 0.18385793981992463 0.011953987220288759 0.9828807570052994 73.0928302339576
0.9825948900811119 0.020208991877670925 -0.18468786362589065 -2.9952055884944673 -0.02220364435873702 0.9997163009927421 -0.008733387869206749 -1.003487837455749 0.18446062331812257 0.01267948468920312 0.9827587439621919 73.24863495619061
0.9823557632853083 0.01890032194802601 -0.18609331918767594 -3.0257244598324493 -0.021272098758719736 0.9997168143059191 -0.010751480405337658 -1.008601844318563 0.18583911578301152 0.01451768143293212 0.9824736568147785 73.38446253166013
0.9821502965393787 0.018820613574598154 -0.18718429184565757 -3.0532593631621254 -0.021511590767076753 0.9996933117656089 -0.012349578680749713 -1.01277040967981 0.18689621389649108 0.01615337539949453 0.9822477069077177 73.49421847277883
0.9819443777236414 0.01883498670915121 -0.18826013141893308 -3.087479991135614 -0.02169524098401049 0.9996793342509902 -0.01313846660652634 -1.0171592787672183 0.18795400841952012 0.016983094532287288 0.9820317983600173 73.6368403052754
0.9817632243791918 0.018543045939042782 -0.18923319482249285 -3.119967867728202 -0.021454758917726007 0.9996821235009435 -0.013343035657175244 -1.0211953022364677 0.18892755052767563 0.017156714771538146 0.9818422774531171 73.77543678492674
0.9814894039046501 0.01730206489955375 -0.19076389191106335 -3.153659233039096 -0.02036224771396042 0.9996946246388739 -0.014086363575841516 -1.0261326077028616 0.190463799396954 0.017707018517519407 0.9815355821275699 73.91425345974075
0.981009906561607 0.015489240317927377 -0.19336957714480563 -3.189245128526656 -0.018752929517375342 0.9997120122817917 -0.015051528368110422 -1.0316507366612384 0.1930826769513107 0.018389011896388554 0.9810113011374471 74.05435755907708
0.980434462279506 0.014186825960180685 -0.19636387474535685 -3.224534798258527 -0.017508163472408734 0.9997323860916024 -0.015182161566480425 -1.0368787303759024 0.1960979550120837 0.01832019268311131 0.9804140375819207 74.19269874533721
0.9798514331549303 0.013480958948738847 -0.19930250516718626 -3.2595464954628417 -0.016787039957951614 0.9997488180813937 -0.014901624584955014 -1.0420491800822513 0.19905362153669603 0.017944183550344026 0.9798250673259942 74.32846719304989
0.9791461688878478 0.013132709537998655 -0.20276257802207676 -3.2969938515101798 -0.01645903318299921 0.9997571588099552 -0.01472062527312528 -1.048012898897662 0.20252215502042703 0.017747810265841383 0.9791176283253777 74.46876030241572
0.9781244190214515 0.012913826740669309 -0.20764839760217144 -3.337232755555653 -0.016369158324877037 0.9997556142134241 -0.014923754833377404 -1.0550669187011594 0.2074067116434491 0.017993400305207338 0.9780899956536828 74.61318322455931
0.9768069838814744 0.012533492482112626 -0.21378279322684582 -3.3812952506684817 -0.016100444389054357 0.9997596044536845 -0.014945646282444663 -1.062524330024748 0.21354580295342246 0.018038054076010935 0.9767672764040605 74.76598025458308
0.9752096924278105 0.011553882239665853 -0.2210083263273889 -3.427704533100654 -0.015270688338564075 0.9997700954044247 -0.015110298823478604 -1.0705576335352567 0.2207846805372018 0.01810757838829404 0.9751550026739195 74.91981180378882
0.9734244310513357 0.010446923394725482 -0.22879796591676674 -3.4799851858397757 -0.014311104546323216 0.9997825533166694 -0.015230192753713002 -1.0794607521187989 0.2285910778340245 0.01809650905233889 0.9733551858025878 75.08956894091773
0.9714400232189706 0.009192614416181737 -0.2371341500917065 -3.5443028547545428 -0.013229432582866699 0.9997943094390616 -0.015431986197180343 -1.088702278036485 0.23694539639936252 0.01812508872304048 0.9713547883031645 75.30256721309841
0.9692428441104952 0.008011836730002988 -0.24600121859537274 -3.607235336274423 -0.012375812593350775 0.9997928877188085 -0.016193249240877353 -1.099068836782865 0.24582206188642108 0.01873657829605125 0.9691344308237282 75.49037404893727
0.9669015059184873 0.006643638481020059 -0.25508753957496216 -3.681924239225272 -0.011402971721282879 0.9997881308478678 -0.017177737460543466 -1.1105547228656723 0.2549207558141565 0.019514982210138872 0.9667658506872131 75.7111700808515
0.9643855520216741 0.005446127244452242 -0.2644671397227949 -3.760289532106976 -0.010531334809652891 0.9997865657828107 -0.017808915469987762 -1.1220620783441715 0.26431510074095155 0.01995704632073858 0.9642306299623018 75.93363322063377
0.961562460430546 0.004053407723659846 -0.2745792801061121 -3.8545717482297914 -0.00934533392613612 0.9997957466925744 -0.017962848730634258 -1.1332269513827455 0.2744518841556669 0.019835468273476205 0.9613972570609306 76.19604014340788
0.9582209936139213 0.0016670678860281928 -0.28604712918051495 -3.955554828837709 -0.007172852197088124 0.9998098910777167 -0.018196052205191948 -1.1426062566087112 0.2859640506821177 0.019484167723987453 0.9580436066685911 76.46044599786062
0.954125986708781 -0.0006267895484755019 -0.2994272783532479 -4.072832341612791 -0.005085358665770159 0.9998210345652281 -0.018291132386378275 -1.151657520450114 0.29938691548162555 0.01897120578555257 0.9539447983110068 76.755306082372
0.9495037804372018 -0.002135444407493465 -0.31377080560680337 -4.2026175074015795 -0.003834635597282879 0.9998253760677267 -0.018401151494078546 -1.1615088351530063 0.31375735989379977 0.018670760913396166 0.9493226506772592 77.06557494355846
0.9441920178614956 -0.003666595192841471 -0.32939688624241176 -4.341641178573092 -0.002592238138355566 0.9998265304414279 -0.01855288517503451 -1.1714568077084542 0.32940990504634626 0.018367035003896547 0.9440116079601274 77.38141622846463
0.9379765453289332 -0.004858503832220786 -0.3466846248999892 -4.498114314849554 -0.0017471845685781023 0.9998246663546335 -0.01873240117113281 -1.1819240211099094 0.34671675201708485 0.0181723434232198 0.937796606634042 77.72136448497203
0.9309681649825009 -0.006215297506370377 -0.36506656190473424 -4.673380786443699 -0.0007261690352674642 0.9998233461427758 -0.018867707642720066 -1.192099460235496 0.36512097254731424 0.017826709233411113 0.9307920227376928 78.08812486176407
0.9233440689937821 -0.009177826375024754 -0.38388220857881317 -4.864414809992735 0.0019341721531544757 0.9998146083958279 -0.01924506047621923 -1.201291622680312 0.38398903851478083 0.017023618294305088 0.9231835575932419 78.47099213055895
0.9142785009273053 -0.010932710645110595 -0.4049557790478616 -5.077797450067509 0.0034351742388744996 0.9998112638048675 -0.019230513108677898 -1.2102022713822833 0.40509077674452354 0.0161868420574415 0.9141362328517446 78.87481269636308
0.9040914805191691 -0.013456140504846309 -0.42714313805030146 -5.30894742357609 0.005771962315345725 0.9997993783441153 -0.019273911952064814 -1.217931687866308 0.4273179076034724 0.014955872452501188 0.9039807948528071 79.2876058948063
0.8926150293293156 -0.0160221363983018 -0.45055043324946054 -5.565798672945311 0.007808997479982932 0.9997699091109382 -0.0200769931224161 -1.227904157362169 0.45076927356387136 0.014398569231097202 0.8925276570931012 79.7240886164735
0.8802949283327058 -0.017522556123395972 -0.4741173459888447 -5.846631066771238 0.008895855045817972 0.9997532784350666 -0.020427428707188507 -1.2384947423372232 0.47435912652445406 0.013759961685923772 0.8802270047421727 80.17541004504552
0.8674075017005289 -0.01881617236990489 -0.4972554567957297 -6.159415635950172 0.009878873780822313 0.9997404010171793 -0.020591871577453277 -1.248448001688451 0.49751442188124156 0.012944766490837773 0.8673620890458167 80.64211082768777
0.8534214949401081 -0.019006114019287042 -0.5208870594863182 -6.484060555420287 0.009517499977749313 0.9997379656612985 -0.02087931227666553 -1.2590381665975636 0.5211477358482591 0.012856831517830618 0.8533726782062222 81.09967142346459
0.838589655194619 -0.020589370801152865 -0.5443858894908867 -6.832680053122888 0.01068565074003155 0.9997156337978531 -0.021344089359414106 -1.2705944303275905 0.5446709745784579 0.012077305239126554 0.8385656720168085 81.57511888155832
0.8237593784184583 -0.02151944706688855 -0.5665420615682684 -7.197465093334344 0.010962166493504944 0.9996977797696831 -0.022027530483943396 -1.2841926797217447 0.5668452016180426 0.011930438759068945 0.8237407846029371 82.04768990063906
0.8090935734470389 -0.0219163835839613 -0.5872817724591148 -7.590457064197327 0.010506111443811491 0.999684710690487 -0.022826814657821985 -1.3002348420417063 0.5875972725786903 0.012294570524223464 0.8090633458563317 82.53560057649815
0.7947477145350098 -0.02199002433375908 -0.6065515700585132 -8.012901934551683 0.00926031734640639 0.9996667657722693 -0.024103352387649074 -1.319793959268363 0.6068798282381103 0.013534740042636412 0.794680865391823 83.03950326588034
0.7812415476095366 -0.021846967805002438 -0.6238561111708596 -8.462838710112507 0.00812053358784006 0.9996586599592232 -0.024833122848501154 -1.3406520955368466 0.6241859401490754 0.014330331828291947 0.7811466531871833 83.55875814421117
0.7685835572212469 -0.021981189163593012 -0.6393811114381982 -8.913135939100913 0.007691431209512868 0.999654868073468 -0.025116457352371096 -1.360795959601597 0.6397127507177618 0.01438192051205133 0.7684816739667096 84.06047109938108
0.756699060615767 -0.022700219008543174 -0.6533783820160061 -9.38398344520889 0.0074825600520818025 0.9996321948977309 -0.02605953901523626 -1.3829618491698048 0.65372983594529 0.014825801125488198 0.7565851613109648 84.56926533832663
0.7457676412892814 -0.02236934372387592 -0.6658393679507966 -9.878519970357194 0.0060645476627139315 0.9996224971537412 -0.026785947015630994 -1.4073638634484462 0.6661873204034364 0.015933621687766727 0.7456162797441923 85.08724557056367
0.7356903045381474 -0.02167393590553762 -0.6769797622855253 -10.40293531143475 0.0047746114425116035 0.9996287467273834 -0.02681071423614736 -1.4311563617113015 0.6773094997962043 0.016487614788448783 0.7355152271959478 85.62475186063166
0.7259130668123174 -0.0208609147786302 -0.6874785237260428 -10.942301335405924 0.003337817852607008 0.9996348275351172 -0.026804454618855836 -1.455300709487274 0.6877863264794445 0.017158452748083083 0.7257124367452532 86.16376566956036
0.7169237350782027 -0.020925350314980003 -0.6968460654057792 -11.494103679516734 0.002679642866383802 0.9996248367374504 -0.02725674220165165 -1.4806073920250775 0.6971543791133221 0.017668994265102562 0.7167057342673899 86.70546208775444
0.7093800519181637 -0.020993913569836712 -0.7045215633373333 -12.060251188035204 0.0019957273553602353 0.9996123945144322 -0.027773941601389605 -1.5064551197736493 0.704830762212239 0.01829156460570366 0.7091416449547536 87.25378965066143
0.702945181242463 -0.021294877243157248 -0.7109335380277666 -12.639541502831708 0.00148969661713185 0.9995938732227784 -0.028464624334597823 -1.5321361720755307 0.7112500276213838 0.018945154326348666 0.7026863675637752 87.80892061727822
0.6971327008207512 -0.021930114597972054 -0.7166148830466722 -13.243114925111637 0.0019290404897774646 0.999586251309564 -0.02870956508813527 -1.5575879430038817 0.716946905765787 0.018627161120728025 0.6968815594761488 88.38286163925257
0.6922204884583331 -0.02217752524982314 -0.7213538263203156 -13.851232430266222 0.0023329176297540656 0.9995920201522973 -0.028489511733181504 -1.5828031305204917 0.7216903891292629 0.018032893251685153 0.6919846854952286 88.95870576849768
0.6882127483960425 -0.022369450011009765 -0.725172617211045 -14.485641804630758 0.0026100079873030897 0.9995949337724368 -0.028353899547798433 -1.6089545895420942 0.7255122392235965 0.017615666314595185 0.6879872930541688 89.55302144219837
0.6855930002027565 -0.021908890883118367 -0.7276637011292488 -15.10742397691355 0.0019587059991618663 0.9995992973417303 -0.02824732212113105 -1.6339494271790171 0.7279901830179505 0.017935818960798263 0.685356016595858 90.12772368260637
0.6838992952984556 -0.021630869415051834 -0.7292639126485951 -15.749930987774436 0.0012385342189225954 0.9995936159719807 -0.02848394214408653 -1.6603988771760625 0.7295829209483838 0.018571902188328375 0.6836429357663668 90.71988124574635
0.683006312923251 -0.021570614063025673 -0.7301021704842744 -16.406687374483063 0.0005273908676100761 0.999578591934278 -0.02903503052563681 -1.689129043245657 0.7304199681180809 0.019440853294507857 0.6827246531768906 91.32654147121858
0.6827284301801895 -0.02140728771482827 -0.7303668499437582 -17.071710392699682 0.00019248580096398402 0.9995768261313945 -0.029114417411448074 -1.7173316884464147 0.7306800549111133 0.01973115880048804 0.6824382325958234 91.94345523031714
0.6828076709196562 -0.021109609453271946 -0.730301229032927 -17.727890242979736 -0.00018928586890358922 0.9995779327667679 -0.029066460084091243 -1.7449978158707113 0.7306054659578457 0.01997982820924775 0.6825101581068272 92.55517328596055
0.6828675738716113 -0.020905432653818362 -0.7302510574655714 -18.370155225100287 -0.0005324815803283138 0.999576363445595 -0.029109931740569698 -1.7736459614246007 0.7305492329778502 0.020262029037013678 0.682561729117313 93.15488831766625
0.6828864883864558 -0.020835929522142034 -0.7302353142524403 -19.01852091063333 -0.0006182791815731947 0.9995765515422926 -0.029095641657262018 -1.8026147741397476 0.7305314912324563 0.020315612275013342 0.6825790068982535 93.76090466579589
0.6829236919405215 -0.02068864646183897 -0.7302046487669545 -19.69661962186384 -0.0007542116093229258 0.9995784708627254 -0.02902279986309273 -1.8324044644693438 0.7304966003325042 0.020366332167281776 0.6826146559479013 94.39418355553957
0.6830314771837033 -0.020654855940742175 -0.7301046983874162 -20.342742685728176 -0.0007411886587294105 0.9995802960245138 -0.02896860297811629 -1.8612017781292045 0.7303956856033305 0.0203227906896714 0.6827237904943683 94.99956313477057
0.6830529985415134 -0.02040929518197344 -0.7300916338247281 -21.004335445333602 -0.0008885181502745664 0.9995865190753398 -0.02877097326518447 -1.8895816886423773 0.7303757379608834 0.02029558712575045 0.6827464959967292 95.61729231164402
0.6828104495747258 -0.020406539917955643 -0.7303184677092529 -21.6714470412023 -0.0009036764153128263 0.9995864685467817 -0.028772221923104194 -1.9188646871311028 0.7306023064620598 0.02030084478309885 0.6825036198334996 96.23769619086276
0.6825462823846672 -0.020450795105216416 -0.7305643785378958 -22.34497254537929 -0.0008702406874572943 0.9995864267728893 -0.02879165024878436 -1.948464106065259 0.7308498848898332 0.020281914480868652 0.6822398389608625 96.86312831435268
0.6821524251370268 -0.021044908190365343 -0.7309155284557907 -23.00984569098591 -0.00030724485926645446 0.9995790754857368 -0.02906413491127905 -1.9794451920356309 0.7312180481180184 0.020045288751964076 0.6818524956444001 97.48172609021616
