1.0 0.0 0.0 0.0 0.0 1.0 0.0 0.0 0.0 0.0 1.0 0.0
0.9999985694885254 -0.0019315481185913086 0.0005973130464553833 0.004106868989765644 0.00193023681640625 0.9999978542327881 0.0014400631189346313 0.0009556065779179335 -0.0006003379821777344 -0.0014385432004928589 0.999998927116394 0.9155330657958984
0.9999975116630795 -0.002335726204803823 0.0008616457869496941 0.006356445474056366 0.0023339741916084122 0.9999968117626525 0.001540128159941645 -0.0002487406814591364 -0.0008655039882476956 -0.0015377506638341032 0.9999986250980648 1.8699408930948906
0.9999915373180835 -0.004318985742700802 0.0006957891095899901 0.00979892009815973 0.004318382070949658 0.9999917936302606 -0.000378045116038206 -0.005548637396273814 -0.0006942402813414988 0.0003810041805225716 1.0000001718718192 2.815787911526655
0.9999534376512516 -0.00977994593759451 0.0003297903408115636 0.014684062883197568 0.00977955132126843 0.9999502464869335 -0.0026327103226094503 -0.009605285378537633 -0.0003041365681390696 0.0026357281839420018 0.9999970708979316 3.7461770005846526
0.9999550792815206 -0.009616525285011182 0.0002081236215538752 0.014186975540376224 0.0096157783673873 0.9999490661717408 -0.0035979292856717394 -0.019357098083669567 -0.00017346730866481404 0.0035993332201477027 0.9999941527342128 4.672788479887592
0.9999818027195072 -0.006253066223913443 0.0005470035562473541 0.007684637682337222 0.006254722805995577 0.9999650807218639 -0.005830493542885622 -0.033117292616973014 -0.0005105311620893434 0.0058331360733167165 0.9999831894956057 5.56044668944234
0.999987341564428 -0.005214390887886262 0.0004410278746878655 0.007955810953266905 0.005216529154621801 0.9999548044395213 -0.008123751187936212 -0.049939544467900235 -0.0003990145600093789 0.008125270542582112 0.9999667784624487 6.458582086092224
0.999989822368762 -0.004749085005720156 0.0003181871605107495 0.005870174859710061 0.004750349849232841 0.9999537337446438 -0.008547875378964639 -0.0641922158781507 -0.0002777479191516445 0.008548203782811917 0.9999633873804803 7.365588747385648
0.99999479133358 -0.0034293762220850995 0.0010454995722737656 0.0029856266916353 0.003435410212644775 0.9999698821881532 -0.0071878118260801345 -0.07332257101733428 -0.0010209825465672345 0.007190137846001036 0.9999737074976838 8.29723619336537
0.999996134972396 -0.0024606040169630507 0.0018606886746617922 0.0017231281494943934 0.0024695300835820525 0.999983401031781 -0.005520048584404155 -0.08095080931041143 -0.0018471981251770352 0.005523466505405544 0.9999831719265332 9.228545106183965
0.9999971901078927 -0.001723080215387763 0.002077201213417131 0.0007531148075961122 0.001732298793511454 0.9999872896725918 -0.005059339104532311 -0.08933277180240445 -0.002068531498069113 0.005061602197023799 0.9999849540446253 10.16138925590556
0.9999970426551203 -0.0019036310774641016 0.0021711209436326637 0.002470239514928596 0.00191337143432018 0.9999863377665985 -0.005256616079764142 -0.09986405264507643 -0.002160957571296393 0.005258849507569882 0.9999839995232128 11.071328326004982
0.9999940680583346 -0.003599053524196725 0.001179289421785835 0.003506857861930116 0.0036050516365898466 0.999974156869589 -0.006505646491697946 -0.11131602377090369 -0.0011557388780308844 0.00650807470424508 0.9999781588821862 11.979578870084316
0.9999937942944281 -0.003669631870740788 -0.0010683196088990825 -0.0019156203329925292 0.0036594494812359907 0.9999624791022084 -0.008057746841590259 -0.12506214327572515 0.0010977200775884328 0.008052293268889218 0.9999667207899681 12.875102942919865
0.9999950983075918 -0.002333184739177702 -0.002660743998504799 -0.011084125706056894 0.0023070066406060993 0.9999570972193611 -0.009182063108580458 -0.1395238511544557 0.0026824643343741216 0.009173789860530374 0.9999547098815619 13.764437328952495
0.9999962840471839 1.5131281566497261e-05 -0.003114275923541171 -0.02168640307724545 -5.037038365585239e-05 0.9999431195223012 -0.010814722196925336 -0.15633788229116188 0.0031139314304492894 0.010813034426847902 0.9999365474018547 14.661339322877673
0.9999935469211824 0.0016974517193761147 -0.0034126983192654947 -0.028609022634069586 -0.001739219894692005 0.9999300915897363 -0.011823390416019677 -0.17188590196136136 0.003392212205145234 0.011827616462821048 0.9999239357225711 15.566943553272004
0.9999807509472447 0.001785838945442327 -0.006091149206398933 -0.03763198117049293 -0.001843217633302439 0.9999578407489986 -0.00917281858868324 -0.1805196918797396 0.006074244306547884 0.00918206991989786 0.9999390380104558 16.49705120587822
0.9999450830246411 0.0015818345018025542 -0.010498412111021514 -0.053112950623837515 -0.0016246076342897305 0.9999926748049371 -0.0039209900288085225 -0.18244533184899742 0.010491243972346295 0.003936240323914311 0.9999372317585993 17.46127135204876
0.9998833114157367 0.0024827571266213544 -0.015166572671395637 -0.07554319233913927 -0.0024316548975198355 0.9999921840799089 0.003496492401986067 -0.17709510672373877 0.0151741268000074 -0.0034609438997430537 0.9998786723222788 18.450761690343683
0.999835054430182 0.004164296537427225 -0.017766119815620887 -0.1002950505786322 -0.004046013749859612 0.9999702139445453 0.006780173328112155 -0.1719189818141161 0.017792814044001213 -0.006709029373704869 0.9998190522697232 19.416091155442754
0.9998016813018135 0.003485422675479966 -0.019677603588485127 -0.11943945083684096 -0.003449454001004888 0.9999931418917076 0.0019395025243851083 -0.18194227955952247 0.01968305047137829 -0.001872814942805015 0.9998040930301623 20.323387806150315
0.9997517169082907 0.0021196225669649973 -0.022230993788985968 -0.1428732579555476 -0.002323141072344526 0.999956779325707 -0.009069887564331233 -0.21087044179384778 0.022209190391262953 0.009117821628424129 0.9997111876518555 21.201055037556504
0.9996969340386368 0.0014906797870936255 -0.024607156497658857 -0.16579459929247212 -0.0018897508044957519 0.9998684116650565 -0.016142545549381233 -0.24047896290593646 0.024578143681793646 0.016182572024016455 0.9995660536590076 22.049202231359153
0.9997056508423747 0.002289605616764237 -0.02417582291159441 -0.18805419163735596 -0.0026883441622677848 0.9998620076332256 -0.016416251572852952 -0.2597491954860336 0.024133171830100626 0.016475093318473036 0.9995720130910454 22.91395935413174
0.9997567773091192 0.0031961752004881086 -0.02182961965712106 -0.20610414226191054 -0.0034957337372456113 0.9999012063099281 -0.013638261825392607 -0.27475153289234433 0.021782309600453457 0.013709822769593379 0.9996673384634037 23.798633013999975
0.9998136834499776 0.0032550721780391367 -0.019041716853498737 -0.21779454817730118 -0.0034658820044886586 0.9999342941881795 -0.010972583198321362 -0.28760569640143796 0.019003051440691282 0.011035352525929179 0.9997574217969603 24.672675764383342
0.9998690512704642 0.0031460527928315433 -0.015896224562511295 -0.22579119519492566 -0.003312880077929525 0.9999407487887216 -0.010378736429542266 -0.30188984862410545 0.015860943464507123 0.010428713803038822 0.9998186566203902 25.546356316453863
0.9999164326671007 0.0032462933401095928 -0.012547276134748687 -0.2308055764814163 -0.003377577311457881 0.9999415939352873 -0.010311541549762084 -0.3179092450865388 0.012511399217881861 0.010351725451025473 0.9998671090561655 26.41562551691904
0.9999510020431921 0.00333389400111708 -0.009342078822858101 -0.232675924800327 -0.0034303380561282273 0.999943256332574 -0.010133562315679998 -0.3340816342894004 0.009306032291011672 0.01016368097487139 0.9999040937434098 27.27194940427182
0.9999739311334644 0.003405560112550756 -0.006402504142143604 -0.23389728463354045 -0.0034700998661628146 0.9999465287825448 -0.009809449599751007 -0.3490157707624798 0.006367001178159727 0.009829979978132666 0.9999304857679652 28.12999263772797
0.999986995126347 0.0034337305918360856 -0.0038440810094314166 -0.23248279304178682 -0.0034720892592978243 0.9999491517122935 -0.009565899053656622 -0.36353242591127105 0.00380932764812857 0.00957769111641344 0.999945973197561 28.989152689191997
0.9999950915008791 0.0029712396489671514 -0.0013437624118174162 -0.2263488491257982 -0.002985159503623507 0.9999555236591019 -0.009075850705288113 -0.3736499953567709 0.001315024286038515 0.009078402861972795 0.9999571685927436 29.81596111453353
0.9999976735001919 0.0026099696302122936 0.0005807927604125852 -0.2211942250816298 -0.002607436868601421 0.9999615620863751 -0.008600424420869305 -0.3845934163546039 -0.0006048796019887917 0.008597334598021209 0.9999623969862986 30.66544812470709
0.999997254777435 0.002161602988360475 0.0018758133612348524 -0.21490066982507328 -0.0021490174927152623 0.9999658214194611 -0.008257829208644296 -0.3965558852647115 -0.0018952624228485864 0.008252106477912738 0.9999636946269811 31.526059116256395
0.9999951902878693 0.001692919204641579 0.0030078670632392333 -0.20853156449130172 -0.0016713411047914167 0.9999677191016936 -0.008093874662993628 -0.4086814136665192 -0.003023232004881371 0.008087340038532977 0.9999622075695987 32.36939448353747
0.9999930995365016 0.0014298496249759583 0.003890755562869252 -0.20134457868003636 -0.0014013490831728198 0.9999680912747517 -0.008192366952511262 -0.4217782939671736 -0.003903743480577957 0.008184906514561139 0.9999585148261461 33.20148761233121
0.999990420557086 0.0009857068041494248 0.004666107969958089 -0.19355756205958058 -0.0009496128809358679 0.9999666628464017 -0.008407215749181823 -0.434914893801575 -0.004675699860038362 0.008400732159154212 0.9999533199092657 34.02302326913107
0.999986663262375 0.0008338951660925386 0.005388276987501369 -0.18613414931252018 -0.0007914628732203644 0.9999665917525028 -0.008369260070953852 -0.44688951893913437 -0.005396779430067591 0.00836321695445414 0.9999497911775863 34.817784587293495
0.9999837488705563 0.0008430216412697667 0.005949964115508365 -0.17855902228336012 -0.0007964192114049137 0.9999673479996565 -0.008321291845548834 -0.4590692033685614 -0.00595833819181292 0.00831465353705062 0.9999471053458375 35.62190968230868
0.999980321295519 0.0008586472274308136 0.006483600289627997 -0.17139490518621978 -0.000808607597041831 0.9999688039634576 -0.008137989426051782 -0.4701770642629544 -0.006492087199344644 0.008130831824273906 0.9999452158800954 36.4312748913983
0.9999751415607933 0.0014918148487521124 0.007143582521513165 -0.16600252619632963 -0.0014377698947902681 0.9999698175185457 -0.007936646390062816 -0.4808752401833868 -0.007156912372510377 0.007924484200962515 0.9999423353033197 37.22642644599602
0.9999688109742424 0.002072234273269874 0.007925473312941451 -0.1594878479199162 -0.0020118892155838153 0.9999686884778912 -0.008006044858419804 -0.4923914192316886 -0.007943152164057605 0.00798756557839572 0.999936078241859 38.016447443608314
0.9999610005867456 0.0028290149856976315 0.008667824508163063 -0.15211262066862688 -0.002758778629731253 0.9999630191814934 -0.008452471695961646 -0.5057576520609393 -0.008692623704621705 0.008425931395383892 0.9999262028365086 38.78768465682835
0.9999534075005624 0.003290147428019736 0.009310534002729553 -0.14399868192758664 -0.0032125435563178373 0.999959830321743 -0.008625240571137211 -0.5179564253102904 -0.009340050334592963 0.008592745935762237 0.9999185746514802 39.54569367122403
0.9999445464520192 0.0038439949853112682 0.009963788982633334 -0.13622969710058208 -0.0037600099087951363 0.9999570885497415 -0.008655912712344475 -0.5289983696349211 -0.00999857425453999 0.008616325963092778 0.9999115112104218 40.291098092364756
0.9999382798352426 0.004137579813014785 0.010503511803389593 -0.12814281088263563 -0.004050853664171076 0.9999577359185955 -0.008510516349488923 -0.5393847467371946 -0.01053993104195453 0.00846551372639317 0.9999076288634107 41.0272362927683
0.9999301977495967 0.0047370120913572825 0.011002678882987112 -0.12006088594254714 -0.004644137869051912 0.9999536304106902 -0.00868276353709835 -0.5505906483639895 -0.011044963156151121 0.008629099489102374 0.9999007400189363 41.741364662801814
0.9999210794566483 0.005060736386518976 0.011659394362545556 -0.10932074541603104 -0.004959468433867443 0.999950000896684 -0.008897551909879254 -0.5605216516777435 -0.011705669830849603 0.008837301149018435 0.9998914094381173 42.42531282989511
0.999910286080082 0.006093891609118912 0.012085241532810782 -0.10197227999761388 -0.00598400750349558 0.999940824300597 -0.009304577070645425 -0.5707772416337166 -0.012142934235093413 0.009229690583228152 0.9998827025796775 43.1019612750952
0.9999018380008908 0.006712203440590116 0.01244745343785372 -0.09325661694840083 -0.006592017733915858 0.9999315632806757 -0.009844392931879869 -0.5832498932847744 -0.012514593137504276 0.009759945194862028 0.9998729439722709 43.7542640332154
0.9998935476420615 0.007008574526861352 0.012910408513234401 -0.08473101185789467 -0.006882291059538214 0.9999281622153905 -0.009958898956393297 -0.5937875664703466 -0.01298133808952426 0.009867845251056264 0.9998656352507268 44.40247656018633
0.9998862817330293 0.007426193414416092 0.013265015346251586 -0.07759051606434049 -0.007297550170371448 0.9999263490366231 -0.009902692490418412 -0.6033556903786459 -0.013339328983204718 0.009803208987253733 0.9998618540113365 45.02944507103106
0.9998779524007116 0.007812534074468528 0.01366761460704713 -0.06984617027602559 -0.007675995476828669 0.9999208755364226 -0.01018862933029952 -0.6148715167171555 -0.013747825976682731 0.010080861271778596 0.9998537998367927 45.63458379676187
0.9998695074101575 0.008178709366968637 0.014084880072384807 -0.06144509736844214 -0.008035798775163574 0.999916484813347 -0.010360781183768939 -0.6258589475324675 -0.01416992103496801 0.01024430731523781 0.9998465797687062 46.22617223975633
0.9998573197512112 0.008892755064599007 0.014501402570011186 -0.05530285260773912 -0.008742482528413255 0.9999080806484248 -0.010560250642396506 -0.6361285100536684 -0.014595678437747969 0.010430319373245294 0.9998382873238404 46.80230114359446
0.9998509132905801 0.00931850165343669 0.014673659836355908 -0.04813660201980329 -0.00916340768740484 0.9999020873084878 -0.01075651098801995 -0.6461768289764248 -0.014774342492097163 0.01061889962217714 0.9998335968657617 47.349754073194475
0.9998289657182532 0.010972761985980668 0.015003380526549627 -0.04335892403043692 -0.010802246314596012 0.9998765099427237 -0.011543880183596637 -0.6574891316185113 -0.015130527291124973 0.011378720586805254 0.9998193338890502 47.88697333096433
0.9998200342707211 0.011316217175930543 0.015347427431739754 -0.03662890099916232 -0.011138127473729652 0.9998704450625289 -0.011797014416515894 -0.666993580993247 -0.015481022987137483 0.011622270263894747 0.9998114863702922 48.39140680803199
0.9998126312225486 0.011897348102361038 0.015393258902329175 -0.03182798612303239 -0.011716728624741402 0.9998621122868326 -0.011947281132392944 -0.6756940730858164 -0.015535249148081926 0.011762915548292232 0.9998090099719511 48.87480228677734
0.9998083335834242 0.012134955188995234 0.015480997475912184 -0.02667747702730093 -0.011955514954513266 0.9998609325237591 -0.011801622077938832 -0.6830851721475195 -0.015624121289447188 0.011612706869440916 0.9998093992600573 49.34970054961519
0.9997963848955446 0.01266073631643107 0.01581729419798266 -0.021642936563316995 -0.01247161389347993 0.9998503428871293 -0.012155462452688802 -0.6931920520539684 -0.01597106000817993 0.011954355030317545 0.9997997767901956 49.804589493687516
0.9997722339783374 0.014404040688520628 0.015875030907146117 -0.01819094502052949 -0.014194340591490277 0.9998116268406959 -0.0134062336735586 -0.7047723499123111 -0.0160670349959767 0.013176174123496833 0.9997834197739319 50.25370260519505
0.9997697089925153 0.0147570372179039 0.015721114966379093 -0.01627869172282618 -0.014543343644642126 0.9998014373878732 -0.013796672139575571 -0.714682631655924 -0.01592328623957837 0.013563340775662396 0.9997807484660677 50.688126081264926
0.9997848423518082 0.01486004939133911 0.014635701546763875 -0.012468378550675856 -0.014663920627310258 0.9998024352553235 -0.013614503158219032 -0.722207090543165 -0.014836688742692531 0.013395282045226201 0.999799914206179 51.111555017498
0.9997808778827765 0.01565900014385388 0.014050217333686171 -0.011742546068959957 -0.015469330495633551 0.9997890265368307 -0.01371359060794667 -0.7290649046775279 -0.014263712397929356 0.013491785562208819 0.999806898207555 51.52071790295989
0.9997817208431184 0.015786151098900636 0.013882289447580591 -0.00983357772148176 -0.015602953308240214 0.9997910452129625 -0.01344261398982846 -0.7347935146061206 -0.01409314704416528 0.013221127698604389 0.9998129747519444 51.92220460531717
0.9997704302370549 0.01673397132199447 0.013566489188142204 -0.009164499775024034 -0.016562327748140725 0.9997823501619699 -0.012917938624645388 -0.7396671772239812 -0.013781398697667174 0.012688178406142748 0.9998240556837031 52.31628981843455
0.9997710535674716 0.01690278390958014 0.01332128449910926 -0.00847502675712445 -0.0167381074288744 0.9997833721283966 -0.012631810551695611 -0.7452940175121283 -0.013533592641512163 0.012403802178834904 0.9998310794739647 52.6938714373301
0.9997623762339375 0.017529516179767606 0.013172698890913334 -0.00878790306876635 -0.017363529559948635 0.9997698312964899 -0.012865374475505937 -0.7522018792930236 -0.013396841442870098 0.012631353876739696 0.9998302283117739 53.04135920633873
0.9997619876966789 0.017649566760018692 0.013069366740546045 -0.008563744073428746 -0.01747445327563026 0.9997576867754301 -0.013669434883713473 -0.7614052193204653 -0.01330878166955572 0.013435249330479055 0.9998212454029636 53.37790510025164
0.9997663430735102 0.017727199950724935 0.01260274859744095 -0.008989692959613533 -0.017539642001189605 0.9997354571296122 -0.015125427197279936 -0.7714075504654212 -0.012869112926250625 0.01489841049353259 0.9998061315906908 53.69869657759493
0.9997633202650835 0.018166815796296133 0.012194966512923502 -0.011063361406249117 -0.0179752768130604 0.999715172915257 -0.015921444389109925 -0.7808806221726995 -0.01248249537215528 0.015696217676880973 0.999798635765892 54.02263023946404
0.9997631191792969 0.01843979808664357 0.011775080526656 -0.013168844375641319 -0.018249309842703194 0.9997025825840123 -0.016368541917490924 -0.7901031854398005 -0.012075352455404682 0.016147859944518422 0.9997962218580065 54.34741178930119
0.999759126215901 0.019015196261505794 0.011191948276821772 -0.016160934842795065 -0.01882797676227312 0.9996828535135506 -0.016914177848667385 -0.7997078423376679 -0.011511742084530334 0.016697251567476274 0.999794039547512 54.67870562780871
0.9997411873767195 0.0203524258520304 0.010408380601810286 -0.0203149636718851 -0.020169723614420806 0.9996432189389945 -0.01769572822762626 -0.8093283165987958 -0.01076675952865705 0.017479134525498676 0.9997887573758638 54.98971838887614
0.9997247237750901 0.02155208955916512 0.009560578754769603 -0.025883059426872555 -0.02137313829680797 0.9995979906116137 -0.018805256271260548 -0.8208486946454215 -0.009963826906697743 0.01859350155627014 0.9997770551313286 55.33561062913911
0.9997205124952206 0.02246235333898227 0.007666657010177423 -0.03389734023553756 -0.022306241247657295 0.9995478526957068 -0.02030323274294034 -0.8328105703175623 -0.0081215854960643 0.020124482929991076 0.9997635389526857 55.628094565480495
0.9997128379004527 0.023072706508250978 0.006814731705798881 -0.04140316950083735 -0.02292862810604222 0.9995196033234727 -0.02099878770430504 -0.8439105677047278 -0.007298192370509741 0.020834293256918754 0.9997553537808307 55.93958062665339
0.9997589755583544 0.021794369651313955 0.003505440611181335 -0.049363253200965546 -0.021719301429353327 0.9995434171460981 -0.021168259125608165 -0.8534497604597288 -0.0039673928656513546 0.021084818251130937 0.9997691724942113 56.200828925896786
0.9997695603910398 0.021520405231571265 0.0015419758883778384 -0.054118425039765196 -0.02148650163165227 0.9995454134704801 -0.021313661552757025 -0.8625669774257952 -0.0020023102916548094 0.021273395872649384 0.9997709558231056 56.47762546544321
0.9997658961081777 0.021713345220734172 0.001528357087261996 -0.05265614591443525 -0.02168523917675187 0.9995926374229167 -0.018755961543100094 -0.8651259452498606 -0.001937741566378626 0.018716706643492988 0.9998224571016416 56.78679069192292
0.9997582995209472 0.021785140149377928 0.0038131456613798584 -0.0453667454696254 -0.021732886227915516 0.9996645932367513 -0.014362678284595686 -0.8653952181219654 -0.004127513941010112 0.014275006510069395 0.9998893831130085 57.188265849139114
0.9997525643248238 0.021868870495694494 0.00474680897688242 -0.041137368417844225 -0.021816140936778746 0.9996964767225007 -0.011821508607497234 -0.8684657752356882 -0.00500679083688194 0.011714247126883607 0.9999188612590024 57.543350327012426
0.9997386698682437 0.022376278948350245 0.005237262394142445 -0.04048274393020369 -0.0223144999995121 0.9996789734345071 -0.012360902470822577 -0.8770833450956718 -0.005515243449899952 0.012240127656059181 0.9999097973581015 57.86498054920598
0.9997186383380352 0.023043803163614242 0.006043118310311066 -0.03712755246880485 -0.02296171533264777 0.9996426152347698 -0.013976391635576247 -0.8870531198323164 -0.006366590794896795 0.013833117185968356 0.9998836968766384 58.153298235015384
0.999685858049961 0.024069726140560247 0.007388367754297834 -0.03636967111252605 -0.023964523720398666 0.9996109065284086 -0.014567270487791316 -0.8930363602432165 -0.0077394926646842345 0.014385000143470335 0.9998664681374522 58.433056431261406
0.9996781621604197 0.02428930904615099 0.007690093835748712 -0.036775337331401946 -0.0241789930467691 0.9996040412943722 -0.014669261151880485 -0.8970386951937843 -0.008046614310658406 0.014478001226103243 0.9998626324842521 58.661876212736935
0.9996734274843131 0.02445404303840437 0.007846446356829295 -0.03884843772754269 -0.024339726811946297 0.9995965841777067 -0.014929514560146857 -0.9025907070857656 -0.008211261642463968 0.014732899776736742 0.9998578498017207 58.87333544642614
0.9996627263488156 0.024836033127578087 0.00801160438710262 -0.040875470407864885 -0.02471592393332448 0.9995813714263145 -0.01533493089436177 -0.9083169785312725 -0.008391967777329323 0.015130870222348386 0.9998505000135312 59.081956585605326
0.9996522657267632 0.02527981162405052 0.007904215238768322 -0.04366123865427019 -0.02515757298376632 0.999563603135642 -0.015745620832914066 -0.9146821320337931 -0.00830202360833501 0.015540639576779296 0.9998447642446342 59.285843257509356
0.9996450886984183 0.025871212063849253 0.006785286023226343 -0.050693947679181825 -0.025765993788672687 0.9995479455345847 -0.015755037688297686 -0.9206638682277967 -0.007193191207835941 0.015574017785291482 0.9998526901432919 59.49146314590213
0.9996269457244038 0.02688733511669211 0.005337623181794683 -0.06056892710344476 -0.026803850848473344 0.999518994843888 -0.01585877518359482 -0.9262349364199856 -0.00576486924381864 0.015709391934596955 0.9998596923727163 59.69468585761694
0.9996133759993434 0.027730459143532702 0.0030721208461600372 -0.07060910772287547 -0.027682262871104264 0.999493992289092 -0.01593712283614342 -0.9310198283055743 -0.003515999300079083 0.01584553592789173 0.9998679284719955 59.87157111828312
0.9996172744711674 0.027277939069266687 -0.005233563543424391 -0.08253197677232875 -0.02736344238383118 0.999499561982068 -0.016130799362672286 -0.9357171528582511 0.0047876636290362625 0.01626744853326799 0.9998561719038457 59.93147392350375
0.9995026708340911 0.027992242618967652 -0.014740245326353528 -0.09859340452810493 -0.02823942022885868 0.9994688952320642 -0.016527862334397864 -0.9397564521346189 0.014266664487452554 0.016935362840244734 0.9997548487885949 59.960222483430364
0.9993429774944124 0.02769779413971682 -0.023517129050101435 -0.1092938616368061 -0.02811724533223056 0.9994559223644512 -0.017503392608736547 -0.9402529758891937 0.023016411924083116 0.018152511129079632 0.9995705310493009 59.85931052853939
0.9991990035656371 0.026867487067065744 -0.02975333224638883 -0.11586704551336402 -0.02742091059130422 0.9994624831781305 -0.01821136850653869 -0.9420150676140239 0.029244538124036133 0.01901240193842637 0.999391277242532 59.82510763403917
0.9990244006739729 0.025993761445183495 -0.035777139194133695 -0.1233064782690456 -0.026658585409860908 0.9994847771414439 -0.018117473064323857 -0.9458055368312093 0.03528418281285883 0.019053388176530846 0.9991953614470674 59.87896045704444
0.9989154918224719 0.025950409167911477 -0.038728474957158844 -0.130530275045713 -0.026664240932992314 0.999488021259391 -0.01792314738310874 -0.950889036453096 0.0382399051241305 0.01893610915722643 0.9990889844801766 59.9577679548086
0.9988746002489127 0.02578812248618493 -0.039876634344192134 -0.13588920805305504 -0.026521189948743376 0.999492769560476 -0.017864569738758558 -0.9554896735099717 0.03939212580402862 0.018901625703563886 0.9990447567815577 60.03509571536619
0.9988579017340449 0.02586863975474668 -0.04024263420306967 -0.13974895809993793 -0.0266096682340827 0.9994900914677031 -0.017883614139917722 -0.95900349443012 0.03975596086709608 0.01893336927407276 0.9990296893939934 60.103509734112485
0.9988445799712241 0.026068038616266085 -0.040448039260482634 -0.1431473084479266 -0.026816456081415637 0.9994832197418198 -0.017966732766987237 -0.9616281520001069 0.039955261305742444 0.01902993619290923 0.9990200474851176 60.16516116485323
0.9988319855574416 0.02620319859730147 -0.04067190481890965 -0.14607105356168654 -0.026960603696716417 0.9994770932403115 -0.018082395622811095 -0.9637155105025821 0.04017336002880765 0.01915712991664793 0.9990087850507826 60.217871239154704
0.9988223233092568 0.026345658410602872 -0.04082319417064646 -0.14849996744337615 -0.027111915108741468 0.9994706723482237 -0.01822511778671723 -0.9651760590314673 0.040317985269996436 0.019309675424762866 0.9990001623006814 60.262854054156165
0.9988151741135824 0.026500313919571156 -0.04088720188002065 -0.15079735194846045 -0.027272687740724486 0.9994636636205186 -0.01835306745175141 -0.9662875053580656 0.04037517029613374 0.019445964886133572 0.9989948547509149 60.30713819297031
0.9988072485395627 0.026632898499346823 -0.04100340715726095 -0.15332584982700115 -0.02741456841620631 0.9994569489801709 -0.018521411457128312 -0.9673343396349003 0.04048425963558248 0.019622624147924293 0.9989871257163029 60.35016603142309
0.998797094734297 0.026749467642865586 -0.04117779401599226 -0.15591091806480936 -0.027548634615076117 0.9994468884365015 -0.018862722468109556 -0.9686137098987672 0.04064692786920841 0.01997375637867257 0.9989735215106288 60.389927610072874
0.9987912855708438 0.026825680162279604 -0.04126638690674014 -0.15826853740221536 -0.027639764612878686 0.999438095005322 -0.019185748189082613 -0.9697909254045671 0.04072497965575144 0.020302715954767393 0.9989636514077945 60.43079924628155
0.9987866000899622 0.02693332382244918 -0.04130835007485105 -0.16040572746633872 -0.027757451419243465 0.9994303250106448 -0.019408678799846785 -0.9707722626242405 0.040758564416556536 0.020531209657587635 0.9989575172718158 60.47232115378495
0.9987815148248255 0.026999821536909278 -0.041384883448258705 -0.16293682057824826 -0.027827979109350906 0.9994273948106085 -0.019465126334428432 -0.9713960017231383 0.04083222371584391 0.02059240556437077 0.998953375402804 60.51750233248052
0.9987741678814289 0.02707718621306742 -0.04151695909423102 -0.1654036103162773 -0.027911510402718123 0.9994239188327745 -0.019537311905266107 -0.9720803904060311 0.04096084326386138 0.02067123031650989 0.9989467363037322 60.558706900425584
0.998765150656655 0.027170925669946444 -0.04167271573988894 -0.16894304793580658 -0.028015702767195765 0.9994174752722088 -0.019712071198502743 -0.9739620741511623 0.04110971770727173 0.02085418132934697 0.9989367262792661 60.618372115745075
0.9987505153738631 0.02725158053989488 -0.04197047390298321 -0.1714448900942752 -0.028114535996546855 0.9994092851934719 -0.01999330303968857 -0.9748760011760105 0.041397919491271 0.021147281458612725 0.9989188755772945 60.64578486158686
0.9987269205283779 0.02736429317742785 -0.04244926775029146 -0.1751789862109355 -0.02825697384920415 0.9993954690763449 -0.02046540905577533 -0.9769164602140726 0.04186033221423198 0.021638014142796494 0.9988887741242678 60.692339060704036
0.9986637681400266 0.027458405584749483 -0.0438509755062451 -0.1804355370242318 -0.02843386066047272 0.9993651035360614 -0.021671362192541656 -0.9803053012665871 0.043224784989800785 0.02288836417652648 0.9988027136580065 60.74449556747484
0.9985339031608031 0.02847260713441598 -0.04610106069936972 -0.18606183580283106 -0.029570002402530896 0.9992976646090584 -0.023198972295534054 -0.9832845058053291 0.04540468504743619 0.0245274010817615 0.9986667320143436 60.76704743806658
0.998346034835229 0.029717043256339858 -0.04927658669113587 -0.1934880187404257 -0.03096370890414888 0.9992211228678839 -0.02463894416956049 -0.9858377250114332 0.048502486496504515 0.02612321440160042 0.9984807339485826 60.785774285412295
0.9980525238319736 0.031605651991874144 -0.05383272414298059 -0.20563061556696535 -0.033047785783082144 0.9991190218634342 -0.026028627882257425 -0.988041665852942 0.05295896992066964 0.027756584267672104 0.9982099048809484 60.822023167659886
0.9977361991793171 0.03197546821877072 -0.059205450347502825 -0.22186345787403833 -0.033617939485512234 0.9990774113340816 -0.026882621691264465 -0.9936461888434872 0.05828737002837355 0.02881173375404748 0.9978828614318765 60.92029173910937
0.9973023055941497 0.03182748819845085 -0.06618008155096719 -0.24189478157834784 -0.03369971708179599 0.9990627577398996 -0.02730454738570214 -1.0017012807075747 0.06524460506123049 0.029461347654674928 0.9974323827660728 61.04538209619325
0.996809089333457 0.032887468325508026 -0.07275773041805164 -0.2679261846808126 -0.03500901070776161 0.998997238133669 -0.028022842432614107 -1.0103489579903382 0.07175809983983611 0.030481269674823577 0.9969531315774017 61.21547050211294
0.9963152708166008 0.03311655819329096 -0.0791379180865411 -0.2938406252425714 -0.03544185062038498 0.998979617215433 -0.028109651529813984 -1.019532048058263 0.07812133658803459 0.03081158036531525 0.9964646499843764 61.381904967726975
0.9958689009812759 0.03302307042604983 -0.08460729015467043 -0.3219746576741683 -0.03549607925581044 0.998984918320298 -0.02784535024895684 -1.0292502536975514 0.08359686159863118 0.0307343960003704 0.9960225692945094 61.57465993592557
0.9955982574910918 0.03303566908228443 -0.08773420421935615 -0.3505825550197902 -0.03557720410765951 0.9989913259768667 -0.027515466202654878 -1.0391986332507663 0.08673214752478814 0.030516457798574002 0.99576122466184 61.78813032778489
0.9954688503146707 0.0328669020255664 -0.08924940790116674 -0.3813172612979528 -0.035425728754861045 0.9990053627492321 -0.027192356384273236 -1.0500682675080817 0.08826247568767659 0.030231852427299918 0.9956352825522425 62.05512803873821
0.9954281614664575 0.03305027988374571 -0.08963561673351463 -0.41164142418629507 -0.035599438303209906 0.9990058675582693 -0.026942983793353845 -1.0595196815048729 0.08865165136779313 0.030011834424011 0.9956074753576156 62.33962027511642
0.995503104263971 0.03313866993648377 -0.08876923811078462 -0.439507371473982 -0.035650563394821276 0.9990079344778716 -0.026812685098594774 -1.0694330626552857 0.08778832544615985 0.029857592536840755 0.9956887593948375 62.64951315313133
0.9958404503950267 0.03325774832752349 -0.08485664275609339 -0.4616678877876456 -0.03564178683864622 0.9990116379255429 -0.026683176310392426 -1.0800850675075748 0.08388109632332852 0.029597497976352326 0.9960332101951446 63.00267799759216
0.9963037156150522 0.033306295853192364 -0.0792083372077276 -0.4809365642811912 -0.035520732410741156 0.9990158679315676 -0.02666471822698574 -1.0926760450781248 0.0782382158448065 0.029380018641511976 0.9964986685557844 63.37926598971362
0.9968485992289421 0.03361775257046914 -0.07188392156945304 -0.49570042483917 -0.03563441565163573 0.999005892743663 -0.026904882594586635 -1.108035276804441 0.0709039804294646 0.029382316181803855 0.9970475485375246 63.7836154761019
0.997551852506034 0.03415416565574632 -0.06106506569930513 -0.5021354440472249 -0.03586794911587143 0.9989914717283503 -0.027130475089412426 -1.1237151719955798 0.060072929668417575 0.0292547665141448 0.997762418602304 64.21364177430289
0.998282715607149 0.034700361228712756 -0.04725770845233132 -0.5001583087702127 -0.03601897544853591 0.998982558736593 -0.027265618861208468 -1.1404277121471371 0.046259682497338486 0.028921383007947776 0.998507967432102 64.66562729305572
0.9988493021719651 0.03388874726877242 -0.034011686593266664 -0.49287842331865395 -0.03482887195550833 0.9990227420624198 -0.027345321620445662 -1.1590558518631615 0.03304831697792907 0.02849904120068303 0.9990444258056393 65.13581653998254
0.9992458667374988 0.03210544567336255 -0.021950638360913245 -0.4832711121040638 -0.03270654655520665 0.9990911710448643 -0.0274560925700836 -1.1790682816201532 0.021045861611952585 0.028154118280091688 0.9993786977660993 65.63155440430576
0.9995106697429441 0.029319578725518824 -0.011105534145823567 -0.4695523914840551 -0.029615371636873455 0.9991945720286246 -0.027197552933457318 -1.199266480943519 0.010296080763640997 0.027513724264714916 0.999565044649095 66.14800953803002
0.9996241060968983 0.02740861126237809 -0.0024892583657567073 -0.4533950352801445 -0.027468535506312553 0.9992735444950084 -0.02655776488007552 -1.2201275699639935 0.0017560999694426656 0.026617338268440757 0.9996410672808033 66.68609360409239
0.9996146810447903 0.02752361810685749 0.004353590957028063 -0.43813721326458827 -0.02740467959209692 0.9992889462594571 -0.026028698419351345 -1.241297308160948 -0.005070119670303437 0.02590049807923954 0.9996483501429926 67.23156595304253
0.9995689133768947 0.027569350753475063 0.010416071121799346 -0.42055553196315704 -0.027299423436254886 0.9993047290934088 -0.02553230530125662 -1.2623031992944536 -0.011115903936920203 0.025238333239710406 0.9996163107073774 67.79136599817481
0.999495407886456 0.027458721834992116 0.01617143170493326 -0.4002695137830595 -0.027049806233641407 0.9993205811761164 -0.025180135907670764 -1.2835947822909635 -0.016854952660235532 0.024731510430316368 0.9995486221761939 68.35274011579314
0.9994357530382716 0.027151410274904347 0.019953455017753374 -0.38217623454028515 -0.026645345717111718 0.9993266590262416 -0.02537165095745351 -1.3066679066014828 -0.020631959695557093 0.02482717135017679 0.9994755614808338 68.91320363768789
0.9993743671897486 0.02770198811771769 0.022159627115208084 -0.36636434830049386 -0.027137521579656834 0.9993093317142804 -0.025543142120932765 -1.3286882458518794 -0.022854782165459858 0.024927226807979413 0.9994247723282399 69.48628039093553
0.9992804435245467 0.028942458470604386 0.024683947568018536 -0.3496647672831276 -0.02830952925564267 0.9992714568965442 -0.02576388391462808 -1.3494566661437275 -0.02541419259987758 0.02504772840164525 0.9993601715079947 70.06638098004962
0.9992390268048112 0.029346655835634266 0.025853209531930394 -0.3328856484720164 -0.028674896412340754 0.9992517977209251 -0.026120253620784954 -1.3720002148662191 -0.026603032444999605 0.02536017104033468 0.999321265552216 70.65404201160628
0.999269005450389 0.02882421946119626 0.02527368859421634 -0.31729036129020616 -0.02815533751516734 0.999254562514573 -0.026569316197931264 -1.3907489021275508 -0.026023453048835608 0.025839436823838144 0.9993240443924817 71.24879626692837
0.9993009119284388 0.02834071863334235 0.0245728047904939 -0.30440632993173006 -0.02768681261308043 0.9992646079337776 -0.02670709882559495 -1.4088604739751343 -0.02531421487171384 0.026008843201914118 0.9993381086760786 71.84997652432786
0.9992616845985959 0.029644124019795624 0.024632872640218278 -0.2944933536744716 -0.028977446346353238 0.9992161081802388 -0.02714577009573983 -1.427996306651384 -0.02542074691955807 0.026412802384243164 0.9993246692634394 72.44247712344449
0.9991699667554741 0.03275313571048298 0.024426451577621428 -0.2873204821171452 -0.032077622257264175 0.9991063515607925 -0.027705279021328116 -1.4468904618922396 -0.025314403997506972 0.02689914522697182 0.9993150360749594 73.04997418184438
0.9990961033728957 0.03526649517549603 0.02395890395526172 -0.2824834872513262 -0.03458873625392395 0.9990061997314809 -0.028297343193339593 -1.465464886660156 -0.02493514743468893 0.027443130614087936 0.9993104085816038 73.65620455458087
0.9991164512401347 0.035261459672984094 0.023092763130514782 -0.2742297720525654 -0.034602596488447615 0.9989999853953223 -0.028490942268803353 -1.4845058584854176 -0.024076654805984886 0.027667133867103316 0.9993252170814284 74.2530243244222
0.9991770451713501 0.03437208230776368 0.021782603825761884 -0.2656924525712963 -0.03374970688131676 0.9990292156959117 -0.02849489446557205 -1.5026417398465954 -0.02274310724257031 0.027736699192773315 0.9993546075038738 74.85067690844201
0.9991948393487167 0.03428126882295874 0.021103830198706618 -0.2586583160896817 -0.03367015070171307 0.999021939481538 -0.02884053307212388 -1.5222669803444717 -0.022074090959677297 0.028107034682889248 0.999359190624968 75.43332923167668
0.9991282300681696 0.0363289397885698 0.020836495603501138 -0.25537223964669803 -0.03570960531158126 0.9989308492398712 -0.029542551786751057 -1.541700901563868 -0.021889601054243316 0.028772711734429475 0.9993444575448805 76.00265220072215
0.9989705525084032 0.04092675952976507 0.019860608749809567 -0.25706677093559777 -0.040326118225155534 0.9987429495385716 -0.029945015607141943 -1.5600956828246106 -0.021063367557704677 0.029113256122422597 0.9993523128595606 76.58549427034141
0.9988350625751364 0.04436970633412234 0.019260332768707884 -0.2575669456227503 -0.043775753199701374 0.9985827955039226 -0.030430284185799763 -1.5781326635139554 -0.020585503154324686 0.029551943281462087 0.9993489275110063 77.16308156363381
0.9988150329104427 0.04483692935762673 0.01924690989906572 -0.2518362209735819 -0.04424127559645343 0.9985592758066374 -0.03054940314946492 -1.5960408687575718 -0.020590673948374154 0.02966126920780923 0.9993461554575435 77.7246947866479
0.9988121488326369 0.04489703955805542 0.0192537536901177 -0.24447171648068589 -0.044312505504601064 0.9985728762500267 -0.02999367228012764 -1.6125574674050955 -0.020574649305114653 0.0291045012800439 0.9993627731567124 78.29316196968597
0.9988020042983017 0.04509053205450059 0.019334244127505413 -0.2370576697370463 -0.04451898560433005 0.9985855444232354 -0.02926778875020011 -1.6295050957623798 -0.020628260375386512 0.028371353661242518 0.9993828885139523 78.87033958114169
0.9987445458331383 0.04626301531426307 0.0195326045545163 -0.2310285236792078 -0.04569952165806365 0.9985520294664157 -0.02857844789036883 -1.6463427049151582 -0.02082817960918025 0.02764955671417666 0.9993990592406693 79.43800135624127
