1.0 0.0 0.0 0.0 0.0 1.0 0.0 0.0 0.0 0.0 1.0 0.0
1.0000001192092896 0.00011658668518066406 0.0002911388874053955 -0.0005265814252197742 -0.00011667609214782715 0.9999997615814209 -6.988644599914551e-05 0.0005515613593161106 -0.0002910792827606201 6.99758529663086e-05 0.9999998807907104 0.049535155296325684
0.9999994254033826 0.0002359370025404317 0.0005789311411152909 -0.0008668297038111894 -0.0002355075154820696 0.9999994443931319 -0.0001447238160290354 0.0022476497144493235 -0.0005792758491445227 0.00014495353456567273 0.9999994937601437 0.05842778976662616
0.9999994631333816 0.000348627931032104 0.0008797400625616043 -0.0008651992063753148 -0.00034835519550136505 0.999999765958262 -0.000210985600992455 0.004016035584264203 -0.0008799380272808731 0.00021075142850536348 0.9999994291143095 0.08515929406103151
0.9999984513687861 0.00044671214248367876 0.001177647740332833 -0.0008535949740994176 -0.00044577535970208955 0.9999990606557381 -0.00028425395894219295 0.005659568108512961 -0.0011783684263748458 0.0002841575239950065 0.9999986150899522 0.11471603167631145
0.9999978282120784 0.0005512901730064398 0.0014646089025061406 -0.0008891903102692481 -0.000549971859292282 0.9999987536085513 -0.00036171879797126125 0.007288911430934586 -0.0014655427554357797 0.0003616096698729664 0.9999980761129131 0.14349831152955145
0.999997056084612 0.0006643438058201232 0.0017456947704498679 -0.0010201513463772354 -0.0006625225806154048 0.9999985468063654 -0.00043214717602039864 0.008940802398485168 -0.001746886634824182 0.0004318668448528031 0.9999975790955127 0.17275503905489462
0.9999962468255849 0.0007740460590349229 0.0020308266872564587 -0.0011472503006057279 -0.0007717436553960579 0.9999982657954688 -0.0005007620944148635 0.010535502147306064 -0.00203231978898335 0.0005001609093568355 0.9999969321611583 0.20114054104395288
0.9999951987251967 0.0008768561749451112 0.0023314469154165785 -0.0012161739456619796 -0.0008740528848072891 0.9999979132063658 -0.0005706419560179666 0.012170513650586046 -0.0023333132370718843 0.0005697191565424517 0.9999961074435177 0.2300938399085303
0.9999945609786032 0.0009767023360624533 0.002618698698305531 -0.001300647997525878 -0.0009736670989409159 0.9999982571029244 -0.0006518956357690448 0.013624961056492156 -0.0026205146192382505 0.0006498038388163766 0.9999953908773846 0.2576780424799725
0.9999937203916328 0.0010756089109314588 0.0029029059013159237 -0.001336289463521144 -0.0010723062011483942 0.9999981107560113 -0.0007294198802288022 0.015114528882997679 -0.002904712867808052 0.0007266136306313595 0.9999945361059112 0.2868574474600971
0.9999924256110195 0.0011826159341747089 0.0031859829399857277 -0.001376623621703399 -0.001178791284950458 0.9999978276878438 -0.0007973149582540307 0.01664227246224919 -0.00318808868178297 0.0007939243872268389 0.9999935453093804 0.3163930630611199
0.9999906565580757 0.001281883271054557 0.003479754472339161 -0.0014003085379161449 -0.0012771119547570556 0.9999972422135907 -0.0008617656706671256 0.018229583245263158 -0.0034823414731748516 0.0008581596482326115 0.9999921403624752 0.3455695743368442
0.9999898888405646 0.0013802482143721003 0.003767041291307769 -0.0014034242540414748 -0.0013752719565981195 0.9999971726129463 -0.0009360125481314765 0.01976410020724522 -0.0037695702870510213 0.0009315186646399017 0.9999911954015225 0.3743580100285747
0.999989136079503 0.001479909736521342 0.004057064948429443 -0.0014519001173204905 -0.0014748388278410629 0.9999974453921869 -0.001008801409313055 0.021362281973246952 -0.004059490118682531 0.0010031164232992048 0.9999902727366412 0.40291752693757793
0.999987636827444 0.001571754990142593 0.004349017009021283 -0.0015577070432944125 -0.0015660367967325753 0.9999971181307008 -0.0010815620862118336 0.022938013701071784 -0.004351670891510712 0.001075133783222538 0.9999888953469774 0.43237841685942263
0.9999861378193234 0.001670596111393059 0.004630531129341522 -0.0016496482250592164 -0.0016641687303084332 0.9999968852826391 -0.0011544224379691926 0.024468924969388135 -0.004633464628893066 0.0011473324815641833 0.9999874727086625 0.46115415872054594
0.9999840313114466 0.001761190979319364 0.004923871370664729 -0.0016972968271378092 -0.001753652499024106 0.999996177025852 -0.0012249156974663959 0.024865026310517617 -0.004927352539043619 0.0012172462656482594 0.9999855558051142 0.5082049609431559
0.9999824122373614 0.001859089448097712 0.0051934499066684705 -0.0019921967200998525 -0.0018508943471921982 0.9999959171518502 -0.001298165669911565 0.02638324242162634 -0.005197177843638251 0.0012892736399281624 0.9999841382559851 0.5158484247911325
0.9999805488833242 0.001955960683024283 0.005471575372778238 -0.0018596106571080319 -0.0019468233898138861 0.9999956453017662 -0.0013703846478553552 0.027906036185435277 -0.005475709629999446 0.0013605945703894268 0.9999824804130373 0.5417777088581365
0.9999786345072313 0.002069179271354444 0.005737325747072546 -0.001668891264943524 -0.002059408814561763 0.999994970362289 -0.0014420397263788943 0.02942636543653497 -0.0057417834684858286 0.0014312323551945324 0.999980629633821 0.5703757390008779
0.9999767429303441 0.002190531567821803 0.0060024489482386045 -0.0015573391021980322 -0.002180052660996163 0.9999944450005646 -0.0015100278273639314 0.03101532901839322 -0.006007221335287783 0.0014980980855066163 0.9999786523611606 0.5987585872605918
0.9999746227724889 0.002313687970079734 0.006250922833255173 -0.0015750253078857255 -0.002302073389957261 0.9999935913513197 -0.0015828095854812144 0.032486224319636284 -0.006256365837689322 0.0015697186231722461 0.9999765736701609 0.6254746814436356
0.9999726395056323 0.0024445089984547726 0.006500607482562067 -0.0016711301417749976 -0.002431882906706278 0.9999930756668838 -0.0016440614812290731 0.034027543514885066 -0.006506575304853608 0.0016296678376774237 0.9999746769646967 0.6525545199921752
0.9999704765081038 0.0025822206450090237 0.006735625109035259 -0.0018089080133550197 -0.0025686446407727093 0.9999924054349508 -0.0017039095022341481 0.03556780574047927 -0.00674211005373415 0.0016882876376952286 0.9999728714016306 0.6797902386363303
0.9999679781810075 0.00273344127823417 0.007004102888600294 -0.001987623172882978 -0.0027187756237340133 0.9999915600908647 -0.0017631603521968174 0.037214677345048845 -0.007011291146945951 0.0017461281144043744 0.9999707825359195 0.7073080997171579
0.999965777806754 0.002885720982633586 0.007241727603929387 -0.002157877788217314 -0.0028701079675444705 0.9999909241960739 -0.0018224871347965255 0.038816261793242636 -0.0072494602804952304 0.0018039209499770685 0.9999690128377074 0.7358015295481594
0.9999641367169678 0.0030138614804763636 0.00748321682288491 -0.0022981694534471545 -0.0029974305148469703 0.9999907895155346 -0.0018928584626820425 0.04034031022241289 -0.007491234548929477 0.0018721056937820203 0.9999673733839998 0.764580361749501
0.9999621229864099 0.0031412522928910445 0.007732988323281433 -0.0023679397014705955 -0.003123825592703172 0.9999902461690418 -0.001980212695838238 0.041782658026751705 -0.007741328364919754 0.0019574906962805533 0.9999653381298488 0.7962456238189318
0.9999599407896554 0.0032911010418995835 0.007985283589944492 -0.002494288546656271 -0.0032725751147364536 0.9999896917111158 -0.002086173487221346 0.043072514467098075 -0.007994009485930998 0.0020614164974699658 0.9999632957360493 0.8280621543427531
0.9999577105059491 0.003477190011618978 0.008232900006195327 -0.002775493248726617 -0.003457636901860571 0.9999893342180738 -0.0021968658131993404 0.04446547048166322 -0.008241983507056395 0.0021693073271839124 0.9999614444445116 0.8593022567187714
0.9999549012615042 0.003688789658198078 0.008484746944270967 -0.0030920502241733603 -0.0036676039783690314 0.9999884047199119 -0.0023442453195418786 0.04578318795113332 -0.008494736930974477 0.0023137779926421824 0.999959165830903 0.892706750976194
0.9999524239888647 0.003896620844624706 0.008714634147026785 -0.0036473202579096003 -0.003872548596239831 0.9999873100861434 -0.0026438877065183813 0.04665677876607436 -0.008725934565880578 0.0026103140452691477 0.9999567506217653 0.9235527150631729
0.9999491732402804 0.004219472751556462 0.008956943261057549 -0.004070332920468404 -0.00419012802849525 0.9999846020751798 -0.0031807029502899553 0.046566260658915885 -0.008971164559610249 0.0031431512768735144 0.9999532191226708 0.9796105959257673
0.9999463032035917 0.004540264731726003 0.009139484076612263 -0.00492032306388187 -0.0045061862786897324 0.9999817358358981 -0.0036659649450730258 0.04743508395848343 -0.009156718055285624 0.00362451764623559 0.9999499210362521 1.0111749618245933
0.9999432272096341 0.00474953082032318 0.00937184478296805 -0.005212616233282688 -0.004712183320554213 0.9999797729641504 -0.003915325341355351 0.048146112123306564 -0.009391255326174667 0.003871071229082608 0.9999468233153063 1.0676690789539887
0.9999394398798332 0.004914251387377853 0.009647916330761747 -0.005498246490082412 -0.004874410883463971 0.9999781568202946 -0.004010114555835706 0.048928590693853954 -0.009668702670076558 0.0039633135174947706 0.9999433875796696 1.1347101513419688
0.9999364930373235 0.0050740236896321 0.009909089463456429 -0.005719990432102306 -0.0050326544513026525 0.9999775204485791 -0.004096235561599137 0.04933190543196151 -0.00993068902836916 0.004046144014616944 0.9999406411272167 1.21442947688693
0.9999329060112581 0.0052279804525508485 0.010168079811750665 -0.006081806245663212 -0.0051840839147201286 0.9999761129896712 -0.00420968457065506 0.0493075023098194 -0.010191134716241296 0.0041567648068768495 0.9999373711726994 1.300565273432506
0.9999299435293011 0.005402706818748063 0.010393137049763784 -0.006816891859901961 -0.005356491148147988 0.999974643817078 -0.004346660984579511 0.04894087264558779 -0.01041750681529751 0.004290500743640073 0.9999345056670687 1.3870313703748343
0.9999253520354128 0.005594927373907171 0.01071771675469652 -0.00725417537980136 -0.005545835565148866 0.9999728652075683 -0.00448125817697257 0.0485166989002221 -0.010743713673980079 0.004421361804545952 0.999930367788539 1.4837315612731712
0.9999203671115819 0.005857275113436799 0.011079304220827191 -0.007882366605182435 -0.005805454962061504 0.9999711255447967 -0.004601907666093828 0.048151839350525104 -0.011106945587748534 0.004536834876036162 0.9999260702250072 1.598109054891438
0.999914285431979 0.006079004783535828 0.011483966361132133 -0.008461381561690608 -0.006023729915564117 0.9999689950618263 -0.004724210441514814 0.04725853226819498 -0.011513550481898015 0.0046545096336109955 0.9999206656437569 1.740420558600057
0.9999106449433425 0.006260301758222968 0.011705002982416692 -0.008974674826717054 -0.00620238414799117 0.9999671088883546 -0.0048705606583276375 0.04562627739385845 -0.011736247622138936 0.004797387683740046 0.999917375762538 1.8950383923412428
0.9999065064147793 0.006380484268825839 0.011973844783142087 -0.00907427272363837 -0.006319887266840809 0.9999656844308135 -0.0049640489103178085 0.04403351646220313 -0.012006443991745596 0.004887801888155046 0.999913594215276 2.0607439304314985
0.9999004729896953 0.006640361866223285 0.012349239287165713 -0.009236029154938862 -0.0065769358904332765 0.9999637129638926 -0.005058302695413796 0.04262811367844468 -0.01238354539816557 0.004976359185366616 0.9999086305074396 2.234220032771651
0.9998964724949776 0.006822889237300705 0.012594332605059162 -0.009483589815890273 -0.006757513108637349 0.9999622450400025 -0.005137611234200189 0.0411575630859707 -0.012629912471976949 0.00505176886163317 0.9999054404882933 2.4190199090953306
0.9998928728971894 0.007014368031481671 0.01279537431531133 -0.009674525622433539 -0.006947715644275768 0.9999609912939712 -0.005154528063735079 0.039567209201194636 -0.012831998445535982 0.005064968287859003 0.9999030595900261 2.634130854009705
0.9998883994902894 0.0071149203117732325 0.01310857001151037 -0.009175275056141316 -0.007045755868523865 0.9999600070777572 -0.0052366653043765705 0.037223558691062524 -0.013146085711444938 0.005143583878426172 0.9998987472592642 2.8435442748018236
0.999883006688788 0.007245723196281611 0.013448915569505747 -0.005253678518116903 -0.007173664695184668 0.9999585999840871 -0.005333596875918262 0.034806335500258294 -0.013487716478527492 0.005236225001159213 0.9998936582490275 3.0754268155486573
0.9998782527606873 0.007438057334632902 0.013725363554959607 -0.00338669242848313 -0.007364409510714817 0.9999572454567056 -0.0053763508859754104 0.03333400048761419 -0.013765204378340239 0.005274315045122829 0.9998898309154548 3.2974009233453123
0.9998730518503345 0.007610187648454255 0.01399791352258142 -0.0013480718763668738 -0.007534326175723423 0.999955552806705 -0.005424939890162636 0.031102193276770555 -0.014039094895563558 0.005318588695420204 0.9998858282997612 3.5687340194423207
0.9998633947673538 0.0082298301636487 0.014325054459803633 -0.0005234194476106892 -0.00814837345050581 0.9999492811914802 -0.005683856330189009 0.028258985100543466 -0.014371852063670667 0.005566327380733391 0.9998796647761253 3.848720102796291
0.9998581176396545 0.008429788410243574 0.01457847316741167 0.00100140268165708 -0.00834408561854896 0.9999464735667798 -0.005875973747943581 0.02465281362559809 -0.014628026769665825 0.005753667236955135 0.9998748822136565 4.13155569259939
0.9998515122313371 0.008934298568522526 0.014747863834095607 0.0010754800411947587 -0.00884555360017129 0.9999412620994522 -0.006030752689676157 0.021958237790821317 -0.014801606057811998 0.005899572358678738 0.9998715026985767 4.428342212465856
0.999846212504214 0.009120192980388478 0.014986444945720252 0.002265866149215065 -0.009029949450768498 0.9999397311010317 -0.006034055502197631 0.019657348282549805 -0.015041356842206663 0.005897774893228784 0.9998679635999981 4.743947234861543
0.9998399345786554 0.009454900634285949 0.01519760762596135 0.004014390358932871 -0.00935771101589159 0.9999344839063823 -0.0064130291959741395 0.014440991070299716 -0.015257934553594182 0.006269863672434532 0.999862392175878 5.078311464024364
0.9998370974866446 0.009564941326054637 0.01530797446654734 0.005720787917213816 -0.009461729256663285 0.9999310391356343 -0.006761088356696053 0.009072335585162484 -0.015372239951546653 0.006615293461336352 0.999858482109542 5.413473069528923
0.9998385558100814 0.009500058347929751 0.015299992383386595 0.0068704929851880975 -0.009399608352829837 0.9999331425017424 -0.006608363611961282 0.006405496596218568 -0.015362155108197776 0.006463244959091438 0.9998598755290768 5.774332944614851
0.9998349132150609 0.0097487022637238 0.015391434457911413 0.006994991819443627 -0.009646551861005067 0.9999304531323306 -0.006682241370393034 0.0025481545472685755 -0.015455892899963452 0.006532299021045598 0.9998581071995088 6.14596001806261
0.9998278546820258 0.010180703337706164 0.015545171165865472 0.007550158843632126 -0.010073731929087023 0.9999245976307307 -0.0069237874561579 -0.002479540921612027 -0.015615033645696292 0.0067656711151297625 0.9998540071429782 6.527027175969945
0.999824066005036 0.010422310948064487 0.01559987788424757 0.008007111239114684 -0.010313769299124106 0.9999216492249657 -0.006982602161903145 -0.006481159523065923 -0.015672226189362065 0.006820255524173299 0.9998525108511759 6.923345372592415
0.9998225257055583 0.01057902225186417 0.015609145838901196 0.009478533686993206 -0.010469317163128438 0.9999194661793418 -0.007048264380892174 -0.010938639983960597 -0.015683333248134913 0.006883369716093194 0.9998518480835653 7.341632790321843
0.9998236797084574 0.010536021142502515 0.015571976261799916 0.012163037349614986 -0.010423375135770439 0.9999185513651893 -0.007246065788191636 -0.01675807914756486 -0.015648034407153875 0.007082338259558177 0.9998509148377642 7.774863502085342
0.9998223175752622 0.010739540332695353 0.015521694824344867 0.01370804504710163 -0.010625056520114919 0.9999155982120571 -0.007379775064513946 -0.022243161199407904 -0.015600711066398383 0.007213366443443845 0.9998507289882439 8.213104988150986
0.999825787395986 0.010554003916430518 0.015418783611784895 0.021240356692506936 -0.010439292196626619 0.9999170944911837 -0.007444726202440351 -0.027340232788102825 -0.015497216566405493 0.007282160515528859 0.9998519665303317 8.656509932681416
0.9998241369770933 0.01079657703754854 0.015375130031843404 0.02576383404220825 -0.010679374244182019 0.9999132624034698 -0.007639332801963273 -0.03325477693785321 -0.015457338765583164 0.00747317743122941 0.9998513100382659 9.117224071136096
0.9998295484390944 0.01046724481508881 0.015262202177940902 0.031079889437010958 -0.01034897403221093 0.9999159694594676 -0.00777876866135479 -0.03889947420919147 -0.015343301570265606 0.007618622375675401 0.9998521006482988 9.596377446193205
0.9998379451813704 0.009958965991248247 0.015052929765995197 0.03489155999566357 -0.009841197253990533 0.9999206192342314 -0.007856921748980828 -0.04444782764336777 -0.015130862898780018 0.007706642254612552 0.9998546873172426 10.077778869412318
0.9998413477565694 0.009893613564373275 0.014870092491884191 0.0375027902809616 -0.009776024098331417 0.9999205944038247 -0.007941878297521443 -0.05077456573110096 -0.014948403035767045 0.007794303555838665 0.9998567725900351 10.570850119918086
0.9998435247708601 0.010083909953766039 0.014629274093338002 0.03967045893685255 -0.009971240741652043 0.999920479014844 -0.0077616025883170976 -0.05585686375176316 -0.014707003050726551 0.0076134677716441475 0.9998620245280063 11.08196990951979
0.9998493103559503 0.01023752296456028 0.014091060562765144 0.04095630521028534 -0.010125524955858478 0.9999167116847835 -0.007986846683865416 -0.06321206922756158 -0.01417257504305641 0.007842130752474127 0.9998676744504027 11.595933493114968
0.9998597645385106 0.010059779149396977 0.013495185723345316 0.0431295552418388 -0.009948333932233128 0.9999160935367731 -0.008304560989864285 -0.07075353000782994 -0.013578432047575622 0.008168147384826036 0.9998734753838112 12.126128940630387
0.9998668426841525 0.009771921471080231 0.013172144359088228 0.045739596948762694 -0.009661470280613118 0.9999178500912194 -0.008422523558936723 -0.0774689988790794 -0.01325421029951552 0.008293030089779455 0.9998766772302318 12.672846833493137
0.9998728254269121 0.00958593769933158 0.01288315182534485 0.04861357620600024 -0.009477747471478021 0.9999197406157992 -0.00846646269825251 -0.08430415694889028 -0.012963773200350965 0.008341725274956812 0.9998802337366824 13.234459112148171
0.9998732052237189 0.009811124493309441 0.012686039741993992 0.05135546075445721 -0.009702634728447282 0.9999161762441383 -0.008628806819943654 -0.0924634990510329 -0.012770066267389645 0.008503023686989557 0.9998813991676299 13.79981029008688
0.9998756666071041 0.009683673732430743 0.012562437983253662 0.055571950221481314 -0.009575104252687214 0.9999167952547117 -0.008700236491466238 -0.10050138390523287 -0.012646227029962648 0.008577282861314171 0.9998823511099713 14.382960786268065
0.9998768330692587 0.009711594597258977 0.012448074041656805 0.059045953631254554 -0.009607021799154496 0.9999182247838019 -0.0084524039962598 -0.10709963342540552 -0.012529829745625711 0.008330510331137665 0.9998857652624804 14.983563017384952
0.9998810788463337 0.00963032326527979 0.012189601771705832 0.0627111938765065 -0.009527345017824892 0.9999188539486501 -0.00851131502732779 -0.11524435749512772 -0.01227112190891879 0.008392658910853366 0.9998886045845228 15.580259134278965
0.9998853803620655 0.009391817707721777 0.012010559961557931 0.06730208279616083 -0.009287559198816242 0.9999189768206307 -0.008730116754100426 -0.12413055810998813 -0.012092207608037572 0.008616158867481204 0.9998886867572342 16.202451450552495
0.9998896479650544 0.008896266090768191 0.012072562638608484 0.07338193542999373 -0.008790008603056216 0.9999226193720724 -0.008869961846371238 -0.13276994280444798 -0.01215104362253042 0.008761261009304319 0.9998869595905828 16.837311748740937
0.9998889436256042 0.008915776573117599 0.012106662842043031 0.0824161891024199 -0.00880481500294923 0.9999190239036098 -0.009247468881935391 -0.14217413247014513 -0.01218848310563136 0.009138124334863133 0.99988308038052 17.471208306829034
0.9998847747079946 0.009292686565380293 0.012173149487968951 0.08946972391447151 -0.009173366178447674 0.9999094634760121 -0.00987184086273666 -0.15337572779455197 -0.01226426854124337 0.009757664273283086 0.9998760249798537 18.111568126783503
0.9998865356200464 0.008962519110431342 0.01226580341492781 0.09729061173397872 -0.008840677991698605 0.9999112719582577 -0.010022416985979117 -0.16285704567949505 -0.012354954134394545 0.009911208592508372 0.9998734104657166 18.772699636147948
0.9998866414730995 0.00896264721373908 0.012247364929474262 0.1039860632239992 -0.008837588871434224 0.9999084456444459 -0.01030739987493778 -0.17390668669575882 -0.012338948442819653 0.010196183932299263 0.9998707805522298 19.4394051821026
0.9998942400263807 0.008210018801245795 0.01217804297666844 0.11192723510402817 -0.008080433509783042 0.9999104087490897 -0.010755038367370802 -0.18522146250678576 -0.012265440600348907 0.010653543235917053 0.9998670159229548 20.128463566956118
0.9998903159018643 0.008601255830630485 0.012206950031028107 0.11811950186660582 -0.008466675022410188 0.9999031862072536 -0.011125079125823709 -0.19755549584356652 -0.01230176717191254 0.011018625441222613 0.9998625650105268 20.826399654273917
0.9998891810904958 0.008698392293214532 0.012251105200080272 0.12614425934591372 -0.008557476857361147 0.9998970959188502 -0.011625316693730004 -0.21086138150697462 -0.01235090072731311 0.011517015711323589 0.999856580149043 21.523149073399345
0.9998909077486929 0.008747268544757143 0.012094973030113166 0.1330842734528734 -0.008602426704627903 0.9998913361195398 -0.012108911410190694 -0.22427136842532544 -0.012199281982025174 0.012000765924373234 0.9998529907406029 22.224983655031156
0.9998919794922624 0.008593998742831505 0.012107322391908275 0.1410263641738671 -0.008445051104842217 0.9998887064450739 -0.012448156039172752 -0.23740444194646804 -0.01221262066827948 0.01234146014512299 0.9998486742064073 22.9423408626687
0.9998958467349522 0.00797713081291834 0.012206132103691524 0.15052354944687102 -0.007824875569930261 0.9998916645341175 -0.012631417701144503 -0.2501912213968223 -0.012305233204119394 0.01253139901832054 0.9998451370832533 23.675837437176963
0.9998959372078904 0.007860715637461175 0.01230398359069924 0.1593354881956436 -0.0077064645555365175 0.9998919132757237 -0.012723347564285586 -0.2640607388919101 -0.01240222076554739 0.01262370456427966 0.9998430199113715 24.43050290229764
0.9998964017703962 0.007783594546605502 0.012325277613105047 0.16821481567669092 -0.007625951287748672 0.9998893515903937 -0.013002002661681413 -0.2789485712148027 -0.012424392038352336 0.012902898952701334 0.9998393321095027 25.190794793738252
0.9998992661213774 0.0075684280298053885 0.012214226125511483 0.17664212274588836 -0.007408098387749452 0.999886404581849 -0.013328783321557585 -0.2941120205162502 -0.012313156969105432 0.013233301569209785 0.999836273905577 25.955181626139485
0.9999059807906562 0.007140687694199466 0.011890524813003647 0.18448757535257507 -0.006981971462853757 0.9998862697086571 -0.01352160490711492 -0.3083160617020966 -0.011985463459222719 0.013434104736424353 0.9998373602730944 26.724490307010793
0.9999179413255652 0.006598978694529985 0.011149915662954708 0.1913845154581077 -0.006445910905895829 0.99988487157214 -0.013866493423083107 -0.32303404216425463 -0.011240154277686381 0.013790612770009238 0.9998410873453644 27.50001558903534
0.9999267858672415 0.006516095788968077 0.010405778495780487 0.19643770434669255 -0.0063739302722618935 0.9998861371958876 -0.013826143975555854 -0.3369188985971449 -0.010494615813005094 0.013755815983945796 0.9998498855968908 28.28963414052105
0.9999277478990141 0.006847345385552381 0.010094401489034318 0.20316106839802994 -0.006709509317192298 0.9998837366994312 -0.01382344393090281 -0.3490566979252058 -0.010187844112119617 0.013751679647946416 0.9998531635060568 29.097884804309743
0.9999282832621318 0.007138197819492619 0.009843929696450556 0.2092451071932807 -0.007001851667817921 0.9998791417100332 -0.014013618766323824 -0.3631209933403684 -0.009942825793822059 0.013940873196197212 0.999853182778137 29.9293757420891
0.9999314288727356 0.007107270821654502 0.009522562968093942 0.21536996639958864 -0.0069768668595246094 0.9998812084956681 -0.01384844736907652 -0.377511897796339 -0.009620087716027098 0.013778581359551576 0.9998584228350055 30.790550481458954
0.9999366395628091 0.00701640565428909 0.009005592899985171 0.22107030309366182 -0.006892835346538147 0.9998810387873256 -0.01387281616278486 -0.3931206751818168 -0.009102218023680546 0.013807492357180274 0.9998625321615594 31.650759137297666
0.9999443209014821 0.006553656978363469 0.0085396391166009 0.22788108255509734 -0.006435892520198519 0.9998828068400258 -0.0139814758831321 -0.4093947461528861 -0.008630491939980568 0.013923280020260574 0.9998653409468805 32.50880416326772
0.9999499506462642 0.005884988638750987 0.008296063657428111 0.2347274133337157 -0.005768862148199315 0.9998838992484399 -0.014154607859189415 -0.4257940456222032 -0.008378784733067883 0.014103984315344289 0.9998647623318137 33.35781253749715
0.9999548264258249 0.005568268128236775 0.007911462649166832 0.24090094365267686 -0.005454773299214526 0.9998807241753124 -0.014515680985307573 -0.4436281296504424 -0.007991725968033405 0.014469667898725003 0.9998629620065846 34.2128352306327
0.9999596964385183 0.005344813742937447 0.007423052408473954 0.24604919707791803 -0.00523617290097831 0.9998777576443771 -0.014802190998733835 -0.4615436814148284 -0.007501674338605008 0.014760634156402073 0.9998625487000667 35.07982639813693
0.9999650326109877 0.005154130125904316 0.006825380947996461 0.25003506823592314 -0.00505406542572985 0.999878076805953 -0.014845277766848835 -0.4785357497011518 -0.0069015193187968015 0.014808075683879079 0.9998661694779896 35.95762496943797
0.9999699329294693 0.004945009146081316 0.006195770206174917 0.2536565855978371 -0.004858053088995348 0.9998884017176537 -0.014208450220509962 -0.4939639432024852 -0.0062658703131771845 0.014175766192905358 0.9998796233481259 36.849420250713635
0.9999722340212139 0.004889276505572083 0.00586901364013181 0.25694714640321337 -0.0048089931304922135 0.9998935917788928 -0.013860052873261247 -0.5096544599179044 -0.005936637143782089 0.013829185075388727 0.9998865386858762 37.731767644258895
0.999969986707554 0.005521027888079922 0.005685226579883829 0.2582970773378762 -0.0054439480747536335 0.9998922236167492 -0.013725337883027957 -0.5256638731759211 -0.005760807561923944 0.013691779106946364 0.9998894846072214 38.62445695443075
0.9999704732422098 0.00582864018197968 0.0053218030911267 0.2609043155842643 -0.005755344532541197 0.9998876500602379 -0.013943760210694505 -0.5439926803746983 -0.00540282679836552 0.013910379630538903 0.9998885533578661 39.5475330235609
0.999968962591938 0.006263675556319808 0.005095685328594594 0.26156375826548517 -0.006192898294486734 0.9998841757649162 -0.013985908807118861 -0.5615615755778487 -0.005183320672823819 0.013952068344397007 0.9998892884692522 40.483842654653046
0.9999662094999019 0.006849819386690022 0.004903570171169719 0.2618024756248319 -0.006781817879601371 0.9998807843033356 -0.013963382201490567 -0.5783259139170076 -0.004999415974941441 0.013927662781273633 0.9998905827031285 41.414855040545106
0.9999612724570635 0.0074470509612576214 0.005051835753980583 0.2624166278001834 -0.007376823464294785 0.9998763815695664 -0.013985636916032523 -0.5950379343032621 -0.005156071998866407 0.013945684892558076 0.999889663958541 42.34059910139456
0.9999511607599212 0.00869487985026593 0.005119285874446806 0.26406594209182377 -0.008622187986138452 0.9998623047835075 -0.014293141929900114 -0.6106591102546511 -0.005243152735930314 0.014245733462866854 0.9998853803223801 43.25848209146361
0.9999471923020047 0.009146774947472085 0.005126832405031301 0.26765489036577533 -0.009071314288990781 0.99985128938078 -0.014792781796562056 -0.6290395784255907 -0.005261533350808334 0.014742926270623876 0.9998782007195868 44.167849863613775
0.9999475259889544 0.009239401418507312 0.004942973086157519 0.2706661297960318 -0.009165454978179057 0.9998472486180134 -0.015024512066799478 -0.6475004702423799 -0.005081140816874295 0.014975623473774884 0.9998758349440202 45.07841724197086
0.9999505561820888 0.009031262288048654 0.004598880882875861 0.2736475747849773 -0.008961660883049321 0.9998473760795038 -0.01511602742371885 -0.6660178490232774 -0.004735055933691496 0.01507164633490402 0.9998757438586257 45.99294727269821
0.9999527358091952 0.008944867685152 0.004217347086808098 0.27561157365970346 -0.008879514760977222 0.9998442718695818 -0.015345906546230137 -0.6853365818610337 -0.004354661402103585 0.015305586898524032 0.9998735472129214 46.91188738481962
0.9999543267714845 0.008982042375012692 0.0038735864049674286 0.2761276097427978 -0.0089216019783933 0.9998411120307908 -0.015543650350661915 -0.7043362558810011 -0.004012961081165397 0.015505827621342793 0.9998722013306084 47.81090163379218
0.9999576794347425 0.008791036667955915 0.0034356412896836227 0.2764533218279479 -0.008736356465204308 0.9998385661930241 -0.015813929801083933 -0.7236738308423315 -0.003574447931136147 0.01578059574811076 0.9998695183183353 48.728234874785755
0.9999588542088791 0.008728619090565104 0.0031495669229156787 0.2762140658699764 -0.008677648472209507 0.99983560644467 -0.015999281802874923 -0.7430146551339888 -0.0032892018905476632 0.0159688706088268 0.9998671530713897 49.63517928830476
0.9999651323566983 0.008179016023462387 0.0026786487232510216 0.2763425697278925 -0.008136144379807406 0.9998414375446455 -0.015944133419569614 -0.7615410840501529 -0.002809022676921647 0.01591914544956867 0.9998695190171489 50.57889648767961
0.9999685037626447 0.007851971076949153 0.0023744163128698315 0.2758109467619729 -0.007814030877092171 0.9998450179100113 -0.01588410016539834 -0.7809000129090709 -0.00249926155689364 0.01586232925839152 0.9998712913219758 51.55260770666364
0.9999714969719302 0.007541801052868494 0.002089749197740825 0.2756161136723885 -0.0075079844125504015 0.9998458081712829 -0.016007659522942495 -0.8009829232766682 -0.002210682628939471 0.01598859233036388 0.9998700049219843 52.521381180788
0.9999757190662193 0.006910021754162498 0.002150118788315824 0.2771929644995398 -0.006874802552244032 0.999846889373328 -0.016214604974243086 -0.8211152151181934 -0.002262419021639481 0.016196606704510084 0.9998663873382003 53.47916138050121
0.999982410857039 0.005773895264835774 0.002578748936464032 0.28054047506618773 -0.005730843536801785 0.999846915340705 -0.01667556511518207 -0.8430257465601879 -0.0026752869948589346 0.016657591262488003 0.9998579913673118 54.45174620227664
0.9999840587575783 0.0054429181930948966 0.0028196524730706185 0.2838331848697354 -0.005394691785208577 0.999840336340948 -0.01717479138765981 -0.8669683945339038 -0.002913056591088059 0.017156403278286866 0.9998489260475113 55.43342202456616
0.9999803790499786 0.005870837159893955 0.0031085660250225267 0.2841125954234451 -0.005815961843946458 0.9998295969110781 -0.0176607473019127 -0.8904189465518977 -0.0032120903537899777 0.017639462606796698 0.9998394074506405 56.39284065372255
0.9999809035219679 0.005723000234231104 0.0031808623970593216 0.2869644554101633 -0.005664553242864302 0.9998182395496428 -0.01832631826874404 -0.9155684500265909 -0.0032858136467143447 0.01830528489554959 0.9998270704969936 57.3815999704835
0.9999766618022177 0.006262875633936468 0.0035240334549342697 0.2902460965477314 -0.0061964908214227656 0.9998060912022362 -0.018811730501782673 -0.9382870238527964 -0.003641732948127728 0.018786911083848033 0.9998169632098095 58.36287625776455
0.9999688142671638 0.0071674401987107976 0.004007927838425367 0.291049608982383 -0.007091398537742721 0.9997983035610886 -0.01889944164017024 -0.9606277526175526 -0.00414324524472424 0.01886802122201716 0.9998134880556142 59.38404938038199
0.9999634635156698 0.007618306279459627 0.004388110903366171 0.29322272659535104 -0.007535555097384313 0.999798196185866 -0.01870969439400465 -0.9837121235204803 -0.004530745137648202 0.01867401025270472 0.9998150731778103 60.41877163826058
0.999953615896741 0.00870818906845619 0.004603928955673069 0.29440184442555295 -0.008619080331481389 0.9997812856019469 -0.019141810518115934 -1.0085205730647875 -0.004770689427235349 0.019099572713132888 0.9998059211014269 61.437098923722765
0.9999475745631282 0.009390241684133736 0.004651352557727039 0.29773658105127104 -0.009295468658357016 0.9997560626652676 -0.020133193286277246 -1.036803792846132 -0.004840037007792852 0.020086963091502034 0.9997864853066527 62.450820607988454
0.9999412636057211 0.010058428790359992 0.004620332006578062 0.299621693534433 -0.009960552449662503 0.9997350203430025 -0.020856029597355174 -1.064477520419222 -0.004829701577369777 0.02080697647461073 0.9997718364590101 63.45614406345905
0.9999403292417398 0.010175443173668275 0.0044906692068361976 0.30233200366768564 -0.010078424158809997 0.9997268356406375 -0.021168616497553312 -1.0916447163854492 -0.004706003730739273 0.021120721335750547 0.9997655578288421 64.47074963301444
0.9999385314366243 0.010316400710943889 0.004505737528792549 0.3044359890798416 -0.010218664572362467 0.9997250204259015 -0.021175681330757503 -1.117858632399206 -0.004724346450147084 0.021127442301878904 0.9997653405503245 65.4843557732425
0.9999396817552085 0.010325610696958082 0.004360711542054926 0.30780511155790535 -0.010229585348228633 0.9997168937614326 -0.021577391156434183 -1.1453290341385025 -0.004583376278707269 0.02153004173935452 0.9997577247065101 66.47939811152268
0.9999425016999508 0.010071167494733356 0.004316583700317154 0.3114060313950033 -0.009975155889623298 0.9997147972280567 -0.0218013088133391 -1.1724388760143827 -0.004535985465516224 0.02175494648496526 0.9997529655805539 67.47230947390233
0.9999428012198834 0.010009283182856217 0.004377770065724892 0.31456815774022845 -0.009911688285233441 0.9997142548934931 -0.021866491487845387 -1.2001739976830779 -0.004596398342189457 0.021819471597446516 0.9997513992859133 68.50061900956824
0.9999426327767135 0.009990626820028966 0.004364073208872627 0.31849425132012393 -0.009892748666952328 0.9997128584133829 -0.02192764376102974 -1.2278484293651124 -0.004583105597038871 0.021881079876099538 0.9997499430448241 69.51031366824643
0.9999424207743687 0.010053781991069172 0.0043497918537476815 0.32185546585873953 -0.009956474855982085 0.9997131683639018 -0.021901403161434893 -1.2553066145847014 -0.004569835843680073 0.021854429266730896 0.9997507001245826 70.53228769145716
0.9999429834511852 0.01002609051856639 0.004311693956855941 0.32583686012683344 -0.00992975423217355 0.999713603012994 -0.02189932540366097 -1.2833481816367285 -0.00453100707685761 0.02185274090563774 0.9997509114386204 71.56138949100186
0.9999462214274369 0.009865683230887228 0.003919807073298217 0.3295927402729199 -0.009777264030075714 0.9997115482248591 -0.022056721066754992 -1.312044910607816 -0.0041373523262426565 0.022014867264997864 0.9997490353877462 72.59101400695869
0.999949611295629 0.009758946135549661 0.0033532246234639104 0.33207654662561614 -0.009682707355389487 0.9997088591049981 -0.022242626927063493 -1.3406169928509484 -0.0035701752893119746 0.022206456433597987 0.9997472756250774 73.60746724551855
0.9999501743581173 0.00980073830094573 0.0029745291498807745 0.33609928910600634 -0.00973206675916367 0.9997025911661513 -0.0225000921660279 -1.3679157058487654 -0.003195044815240342 0.022467549747563056 0.9997426397809857 74.63396409796235
0.9999553911980466 0.00934328370151923 0.0027079349400858993 0.34066003710810233 -0.009280318550409693 0.9997039162488212 -0.022633922569945914 -1.395055415123303 -0.0029195257918162 0.022605485770290507 0.9997405408149814 75.63720414341864
0.9999554327764054 0.009400361299947023 0.0024960368012918225 0.3429937414329543 -0.009342563051163053 0.9997074152213634 -0.022448380987265464 -1.4233287412394444 -0.0027073755619056125 0.02242189947936387 0.9997452555446965 76.68183805152185
0.9999554639339068 0.00945294209407184 0.0024766082914258014 0.3462590259025915 -0.009395753767164953 0.9997083593969893 -0.022381488403475338 -1.452855948432881 -0.0026884481675332325 0.022355104516624015 0.999746925180401 77.74105067279184
0.999954208278353 0.009591961496503482 0.0025001146247406927 0.3499379829367719 -0.009534097166173577 0.999703834613453 -0.022536890953676458 -1.4833339037768891 -0.002716373522959438 0.022509312438480557 0.9997435074704488 78.79857633319772
0.9999525106104047 0.009756929857207053 0.0024513338231411416 0.354522496640674 -0.009698459678183328 0.9996897556713091 -0.023070279385264066 -1.5159376365313737 -0.0026767004489242387 0.023043045972978297 0.9997313684537071 79.85740676556256
0.9999511020201868 0.009905192973661004 0.0024827763871282564 0.35827489997759626 -0.009845852437093985 0.9996832206783048 -0.02330239641996812 -1.547908851111217 -0.002713455747768967 0.023274098368295 0.9997259354234035 80.92013944907349
0.9999507232465878 0.010017327026832413 0.0022825197699690124 0.3617080032087455 -0.009961361183852218 0.9996675190951411 -0.023922496930983184 -1.5807101323751647 -0.0025217822491714432 0.02389559950238104 0.9997118019031561 81.96589231175042
0.9999409112495933 0.010883548721895567 0.0023619202161080763 0.36386408547277804 -0.010823458425486243 0.9996423876529885 -0.024573311087172447 -1.6142042921222408 -0.002629434717235597 0.024543793104941397 0.9996950949784128 83.02662400442735
0.9999463708222691 0.01037118280769579 0.0023115938468883292 0.36863003743381795 -0.010312410683006527 0.9996493117496926 -0.024496863139880913 -1.6451309273942394 -0.0025659094364582796 0.024469587482282597 0.9996970928884841 84.05440857473585
0.9999434051606381 0.01070222771825118 0.002262595708079898 0.36945933555903854 -0.01064807998888451 0.9996749626172526 -0.023294562463586712 -1.6750932613188216 -0.0025120599877988805 0.02326684569460385 0.9997261882355852 85.11798538007125
0.9999364396128404 0.011278738861072553 0.00235174711612395 0.37085372137360617 -0.011222425165402878 0.9996716145342861 -0.023160172683503413 -1.7055127385655982 -0.002613307007130701 0.023130122786289932 0.9997288790041577 86.175908124635
0.9999401414150854 0.010971513265848765 0.0021506223041142026 0.3754679828457523 -0.010918744412777952 0.9996658380339578 -0.023546334590066026 -1.7382186786359994 -0.002409532562126522 0.023519260732729065 0.9997201687074431 87.2276257320705
0.9999495401156256 0.010165459728860777 0.0018094956764353647 0.38136306274065157 -0.010118879693965742 0.9996519603971415 -0.024471251154330485 -1.7727817384584756 -0.0020590123109457724 0.02444959852277761 0.9996987627846077 88.29325301708441
0.9999551920273793 0.009585392072500396 0.0016825129305077667 0.38666112167539635 -0.009540413833938978 0.9996388911185285 -0.02521739372795392 -1.8080245258059178 -0.0019251415575766804 0.025198264919470664 0.9996803124646051 89.34175251111486
