1.0 0.0 0.0 0.0 0.0 1.0 0.0 0.0 0.0 0.0 1.0 0.0
0.9999570250511169 0.0003847181797027588 0.009264424443244934 0.02492799423635006 -0.00038930773735046387 0.9999999403953552 0.0005023479461669922 -0.0021185397636145353 -0.00926429033279419 -0.0005058050155639648 0.9999570846557617 0.625169038772583
0.9997771875321115 0.00371045586569263 0.020787784378848873 0.05258546754853127 -0.0036979133549746024 0.9999931243519091 -0.0006439142815208854 -0.007847659218674474 -0.02079007132494226 0.0005671326886531602 0.9997838396417915 1.2293931258378543
0.9994144409470628 0.0003144775452046347 0.03423342738466119 0.0984858858322219 -0.0002180229515207911 0.9999965750865428 -0.0028373341317592675 -0.019892750884984337 -0.03423453670700391 0.002829003067779319 0.9994102742662618 1.8090412219336076
0.9987425603040102 0.0011801339279798359 0.05012257236679699 0.15067698124356343 -0.0009925212861430117 0.9999927344553263 -0.003785939279333016 -0.030835610450099016 -0.050126917083569984 0.003732271548019139 0.9987364004110179 2.381731939060536
0.9976403399021951 0.0017124590101936616 0.06864075274847765 0.2178524144815021 -0.001378830721855798 0.9999874089223252 -0.004920606482700683 -0.042325354408016776 -0.06864865118516134 0.004815272812807852 0.9976297870938551 2.923032442537012
0.9959383835823656 0.001293312230765081 0.09002306706632505 0.2994007405690524 -0.0007438592839768617 0.999980964092024 -0.006146297505120066 -0.0536981242010508 -0.09002905457563237 0.006055482361675918 0.9959208512443473 3.454023721861084
0.9935055535494847 0.0005276485731117308 0.11377364548551383 0.39463505946654553 0.00014019080466990468 0.9999824954685334 -0.005868581196961991 -0.061738931696041804 -0.11377402948384391 0.00584807791994551 0.9934891566682825 3.9724475590085393
0.9900082381080213 -0.0010280620728265384 0.14099913815879245 0.5059644441937959 0.0018199381884247447 0.999982954802362 -0.005492546673073421 -0.06942842321777296 -0.14099038302982247 0.005696025587483141 0.989994263521829 4.4793024149635245
0.9854625085617947 -0.0002532251004324074 0.1698874800733071 0.6339248582565984 0.0012494123730881848 0.9999825158736153 -0.005761920207956586 -0.0777603639030323 -0.16988234449071254 0.005891963860845625 0.9854467041032082 4.990495891517346
0.9791791757583892 -0.0021008879535420106 0.20298518248955327 0.7827884842673776 0.003388094497679039 0.9999764293870465 -0.005998297885528673 -0.0846320136005615 -0.20296730066585086 0.006562736883828314 0.9791637196518601 5.484331064395208
0.9711736741616727 -0.002098855354602301 0.23836243791287992 0.9518718266039582 0.003873775481362927 0.9999682866232806 -0.006980686711641562 -0.09185435876295908 -0.23833992379806188 0.007704487385789344 0.9711516217706193 5.977104212205316
0.9611249389455784 -0.0014726514177832739 0.276108727700706 1.1403548467252709 0.003932252363071796 0.9999574484888959 -0.008357046522186504 -0.10035321546659709 -0.2760844102397408 0.009119556117807587 0.961090394336398 6.45157500782151
0.9488073364441609 -0.0026983114098213337 0.3158427247741134 1.34993888013633 0.0059529892950664805 0.9999383066674022 -0.009342660048071964 -0.10829731021598421 -0.3157978930312093 0.010746404973825561 0.9487657714426692 6.901565027747264
0.9336474995748887 -0.0020768513372604073 0.3581861881418662 1.583110982610739 0.006123115671673146 0.9999290534822624 -0.010165096031130817 -0.11556389022454974 -0.3581394649571104 0.011685910220612343 0.9335949186756959 7.342448295124482
0.9152795377065801 -0.0011210964326998315 0.4028164000299962 1.8428941495781743 0.006248184628976645 0.9999143745089267 -0.01141725429677642 -0.12464617098671235 -0.4027690992486105 0.012969148505738007 0.9152096494781752 7.767472495516907
0.8932932747909313 0.0018815199949417838 0.4494691723047755 2.12765222359369 0.004425411045030266 0.999905219324682 -0.012983782149211354 -0.1347230935636704 -0.44945115075663955 0.01358970293155311 0.8932015637799033 8.17851789154356
0.8687674898516995 0.001995940936978248 0.49521584880423214 2.4506662999001705 0.0062445752622747215 0.9998678263108077 -0.01498699755481871 -0.14765945366163213 -0.49518055375531383 0.016115057126397134 0.8686409845964977 8.572743365780068
0.8400227244597032 0.004815274353097493 0.5425299858205337 2.7786672600149047 0.005105802166536026 0.9998456290381638 -0.016781360302092024 -0.15878926203084595 -0.5425272978617477 0.01686933913977178 0.8398691641433886 8.927397552177682
0.8076845113637782 0.00659648897205101 0.5895780876659812 3.126226061849182 0.004796953431680964 0.999830345426609 -0.0177594441302293 -0.1695535036753311 -0.5895953373603443 0.01717484897931613 0.8075166079209815 9.259219087081961
0.7724611517232373 0.007269030759803755 0.6350202563211896 3.499698125184437 0.005530259996911723 0.9998188187152696 -0.01817364841657583 -0.18033271017536168 -0.6350379919342444 0.017552889016093535 0.7722818838096128 9.580083909819061
0.7345317070742463 0.009793484469766984 0.6785038820180588 3.88584407968456 0.003839700196256186 0.9998192455414364 -0.01858910397276862 -0.1907440644219791 -0.6785637066602656 0.016262086672832604 0.734362003096829 9.877216503880751
0.6953332033532296 0.007535232552606886 0.718647736496369 4.288977891696146 0.007694705695527361 0.99980864419268 -0.01792945672542341 -0.20087066940593273 -0.7186461911418518 0.017999330359509423 0.6951433611902342 10.144612799391288
0.6548685038121279 0.004806900623827947 0.7557268348000611 4.710972996801573 0.012250125675485883 0.9997793692211777 -0.01697579292068321 -0.21020886713158657 -0.7556431914023741 0.020377362551276874 0.6546667058488067 10.395765106752556
0.6144512851013554 0.00469707887031795 0.7889395036850853 5.137059541888994 0.014473179401799874 0.9997445592008112 -0.017226216619080845 -0.22134275055100944 -0.7888214566560667 0.022006082944784365 0.6142284364612908 10.62554185901824
0.57349087871359 0.003963061314831066 0.8192008524874603 5.582936744589585 0.017603655729397646 0.9996949259210897 -0.01716211668723836 -0.23396113638975724 -0.8190220473126368 0.024266290532233063 0.5732484208190555 10.840069342898797
0.531859875457464 0.005537334456287169 0.8468130707405704 6.057995191322233 0.015945018256975387 0.9997324653857265 -0.016554140235646993 -0.24480824466325024 -0.8466811265467414 0.02231002529598313 0.5316319869548966 11.05927907696205
0.49258695139755143 0.005709397292307499 0.8702431983250428 6.517610462438565 0.01681190497261044 0.9997262134001582 -0.016077094466810406 -0.2542278566370585 -0.8700997262905394 0.022552839660522926 0.49235854028433834 11.244467950191135
0.4553815466515481 0.0053777733034658 0.8902790288925141 7.0002981959175 0.02003372331784133 0.999663500532312 -0.016287897568262343 -0.26606006454014647 -0.8900699305992396 0.025255917377716052 0.455122867929787 11.422657763630317
0.41951041965779673 0.005672498380594819 0.9077317069850873 7.5051986995026265 0.0250191420866762 0.9995246244281776 -0.017810733967189293 -0.2820039650380931 -0.9074047018713783 0.03018561687063517 0.4191714660739863 11.589929159404226
0.3858534005676015 0.006574297978826435 0.9225354653617628 8.024256095313614 0.028966701110085643 0.9993910399226426 -0.01923915728502671 -0.2984877546469116 -0.9221040451408562 0.03414958957788348 0.38543042368384794 11.7492100842732
0.3540565701764177 0.007884542118288231 0.9351895720648675 8.54555199566038 0.030139799248578708 0.9993445157115393 -0.019837844309254123 -0.31388367574015696 -0.9347366441094999 0.03521354944895012 0.35358921096107104 11.897564954682702
0.32506596077020605 0.00986908259674785 0.9456386787028294 9.08535508532178 0.028840061000322235 0.9993726506504323 -0.020345504325759548 -0.3309148346205353 -0.9452498083283881 0.03388927918172014 0.3245798605996721 12.04054558834805
0.299845346770967 0.010744980661691252 0.9539261958970326 9.656063666604176 0.028776865711232464 0.9993752850178061 -0.020304072867691376 -0.34451695545836164 -0.9535523211945804 0.033542372012156485 0.29935131423994615 12.176571978754962
0.27813276912935175 0.011090960162272217 0.9604774364695717 10.223191444295523 0.029023243206392133 0.9993753710765374 -0.019946330165019698 -0.3592437645592938 -0.9601025426403176 0.03342717168561714 0.27763945367768444 12.30181791444023
0.25725217226608393 0.010774399399764942 0.9662830565247063 10.819015167728182 0.03010506388279118 0.9993588057969709 -0.019160004873175197 -0.3759476300109441 -0.9658733670362787 0.03402218344064925 0.2567651677234318 12.423863420669628
0.237422713589174 0.011432153731580446 0.9713380407249574 11.42794222320635 0.0320598401754779 0.9992894310127534 -0.019599285670264463 -0.396383322396239 -0.9708753466469492 0.03579750455651461 0.23688993558151594 12.538928216127605
0.2205411129093076 0.012589218812432752 0.975295151359494 12.046717111152589 0.03365628567662757 0.9992184431076336 -0.020510061027613834 -0.41981108872323203 -0.9747946527554108 0.03735143477496904 0.21994723809813943 12.650525409921233
0.20593630533818233 0.01294018362370711 0.9784788228196917 12.707778011783509 0.035077007906323676 0.9991679230607934 -0.02059777264996219 -0.4429817341561122 -0.9779350863906203 0.03856718984869914 0.20531349591866033 12.76602761895301
0.19289011785936172 0.013319162546845613 0.9811287994922121 13.388615226148 0.03494926996912288 0.9991757309992981 -0.02043648813884813 -0.4657235637800948 -0.9805966652978971 0.03823461943845914 0.19226781627720232 12.880419572474183
0.1819965298029011 0.013397070007662125 0.9832068081822324 14.090420692307408 0.03446787808812377 0.9992014946969422 -0.019996223464882276 -0.48759416945100853 -0.9826938334634168 0.03753102885328451 0.1813916070781319 12.992457367380046
0.17342297773852577 0.012702401241043009 0.9847643833448213 14.812724502537392 0.03592497162968704 0.9991652329273352 -0.019216021740052033 -0.5088218262294791 -0.9841907210523618 0.03871274986806446 0.17282397777274924 13.102053600875564
0.16643147449038198 0.012288062683587056 0.985975273084273 15.536032655993576 0.0377546799453419 0.9991052171183186 -0.01882598859925678 -0.5302589056550344 -0.9853285273484512 0.04036086913066553 0.16582062546344134 13.211015964892503
0.1603010949881415 0.01258188821462728 0.9869868626999593 16.265780290314776 0.03931216931595196 0.9990395159580796 -0.019121782687281895 -0.5533108328736334 -0.9862836450462039 0.041868349489843165 0.15965451076859993 13.31809930999999
0.15501028824231097 0.012709024599658269 0.9878299349649127 16.999593012351525 0.03936280292426967 0.999038908985379 -0.019031516390000676 -0.5764409667280574 -0.9871268052160529 0.04183607953014943 0.15436304585705646 13.424521315686711
0.15098999844942657 0.012835016623110353 0.9884507404048095 17.745270896200566 0.039553494070239864 0.9990316894109018 -0.019015903642530068 -0.5992408196781526 -0.9877421865911782 0.04197021136434294 0.15033810212132337 13.530299642048965
0.14967664042319814 0.01252423521908017 0.9886543515664136 18.519435952369992 0.041286619338469936 0.99896366562703 -0.018906982127049374 -0.6189317914005175 -0.9878711330399107 0.04365046953973052 0.14900641450101199 13.641967624289697
0.14932278201290672 0.012493062165118711 0.9887083331732694 19.30973027098869 0.04112466110365881 0.9989718372123576 -0.01883551411595353 -0.639058330857901 -0.9879315173771192 0.04347512497126211 0.14865731261112303 13.760839068655871
0.14888975499643467 0.012691579224536067 0.9887709813002515 20.11428665879335 0.0411373616314191 0.9989677475267251 -0.01901866530147655 -0.6608826289458525 -0.9879960778923793 0.0435093041525381 0.14821583315895093 13.879571942922173
0.14884371204576888 0.013048401940437085 0.9887732868543289 20.931393064825695 0.040904646340378 0.9989709399393124 -0.01934184418258199 -0.6810456315904456 -0.9880123447791277 0.04332642032732656 0.14815898527764068 14.000020335712001
0.15013766484650398 0.012943437945507607 0.9885788966612061 21.754454928751343 0.042239096562115934 0.9989125157710971 -0.019495262537385864 -0.6994916146779266 -0.9877603489115317 0.04468592030590547 0.14942984065891085 14.1242226532906
0.15137230901574433 0.012592663833181252 0.9883948860837201 22.600290175991198 0.04315806033213155 0.9988758999973375 -0.019337320319155943 -0.718211553871954 -0.9875318151115325 0.04558608559972953 0.1506610294385606 14.253781798561732
0.15177560417213706 0.012455273046595616 0.9883347280884044 23.45953604107427 0.04281863406175906 0.9988937873257999 -0.019165104778032564 -0.7374263741873244 -0.987484649527115 0.045229468451738065 0.1510770047011253 14.388410551292067
0.15224710493069593 0.011924733247351178 0.9882688422793431 24.325964964984372 0.042700032436962784 0.9989089735262704 -0.018632707492525893 -0.7558289334530373 -0.9874173223046652 0.045037550601368354 0.15157438195774575 14.5235974034022
0.15326891354825029 0.012344740926076136 0.9881060706961754 25.192115178652823 0.0442627578131523 0.998827657257356 -0.019346110575602277 -0.7773141786257189 -0.9871907402008536 0.046703479188968125 0.15254522300787648 14.656861775988917
0.15397066536207998 0.012611212163552488 0.9879934364769765 26.06139198559289 0.045252709889725136 0.9987741250072996 -0.019802484207340557 -0.7988316558413113 -0.9870365525243476 0.04776008910738724 0.1532138133293227 14.791714832876602
0.15450595108674364 0.012678364695171682 0.9879089850240381 26.947113914557985 0.04552678691803437 0.9987587557009628 -0.019939050006423403 -0.8211955623341405 -0.9869403638539594 0.04805878268069138 0.15373958423821837 14.930452151606762
0.15560509793672206 0.011942066031823491 0.9877455431902774 27.854822125474836 0.046750519788810674 0.9987116682045512 -0.01944066533407324 -0.8412761698516356 -0.9867101466231184 0.049204373272440344 0.15484905806228721 15.073262385460355
0.15671484162315694 0.01114518550891362 0.9875794120233454 28.775882084427312 0.047407854279566765 0.9986928183343371 -0.018794746643287175 -0.8610654015605629 -0.9865030245640694 0.04976587807718187 0.15598448281933677 15.219830052088286
0.15729136528457802 0.011105345352964481 0.9874883827990445 29.70766512688389 0.04797024054243367 0.9986648775052435 -0.018873333748026126 -0.8835562017407534 -0.9863842894225299 0.05034032149097811 0.15655135110974877 15.367197261271997
0.15805423306043406 0.01235298149681166 0.9873516243468381 30.64041359046942 0.05019512100194546 0.9985229832236191 -0.020529443983856536 -0.9087025337756303 -0.986151653911478 0.052806671459527894 0.15720331151389033 15.512652369954886
0.15863598837822773 0.01337107814399081 0.9872451307251133 31.573348904868038 0.0506536417121229 0.9984757468951326 -0.021663758343928776 -0.9358034884697704 -0.9860348313970855 0.05344589736469841 0.15771950064562013 15.659913725552801
0.15922502096280056 0.013076394689370522 0.9871543669316922 32.5365932729417 0.05315144585768037 0.9983432978927664 -0.02179897546080885 -0.9604401222993434 -0.9858083603650721 0.05594170703468759 0.15826869216914222 15.812002079831576
0.16067456689751236 0.011873210748255647 0.9869344882435013 33.52700917615304 0.054424061012457454 0.9982944885595083 -0.020871447108968277 -0.9840756895097181 -0.9855034366036234 0.05706850388676595 0.1597569619010707 15.972323887050003
0.16252737266607764 0.009734852457800848 0.986654082723872 34.535623640969284 0.054346662769669256 0.9983394260852124 -0.018803782493755403 -1.0060521931311093 -0.9852034526163675 0.05667928549852293 0.161731015179171 16.14017961078259
0.16393275250786238 0.00773961369621691 0.986439232403095 35.52728082082639 0.05546131719982241 0.9983095607506643 -0.017050856780601257 -1.024104606774491 -0.9849084837796716 0.05750602087956566 0.1632289536048715 16.30341241645278
0.1644246844081542 0.007286332483765082 0.9863607011632582 36.55133980209848 0.05587720201681135 0.9982925042995204 -0.016690417487751928 -1.0439285959174123 -0.9848028207248518 0.05786107398940644 0.16373936890842114 16.472987466973382
0.16444979706940338 0.00784522070812793 0.9863520563161652 37.576128521543694 0.05582692328627891 0.9982857409049545 -0.017249231344172895 -1.0685943433229228 -0.9848012386120673 0.05790325477729204 0.1637326666913044 16.64062947064786
0.16434288537220018 0.008024167031531308 0.9863684736908738 38.613095064618385 0.055816339463727035 0.9982833410417347 -0.01742228263111632 -1.0933101375597412 -0.9848199338508089 0.05792038160785937 0.16361553463260672 16.810515569757374
0.16451699983398016 0.007467678036388531 0.9863435569640319 39.6568592715361 0.05568297049110973 0.9983002575845187 -0.016846812353993695 -1.1154682037712451 -0.9847980135199764 0.05769562660204721 0.16382447325795785 16.98431174067111
0.16510338229689 0.0048821773083825865 0.9862617229148276 40.6784248764956 0.057224592719126464 0.9982496613780134 -0.014521867374457459 -1.133052065066469 -0.9846114914992284 0.05883761687365062 0.16453806628907344 17.1541268168708
0.16610608284449294 0.0016692743186184694 0.9861038557078455 41.74615189269049 0.05753472233023374 0.9982724015135912 -0.011382583462487293 -1.1485221225994757 -0.9844245409461232 0.05862725549480488 0.16572591521746446 17.335074068026525
0.16644433212722026 -0.0025868200121173146 0.9860448329489631 42.80251919192543 0.06196987537740122 0.9980414267236518 -0.007842972235715631 -1.1568770100459573 -0.9840985591129607 0.06241209602345964 0.16628172824599513 17.509537807194953
0.16674984472929397 -0.0024342020856055408 0.9859934940447026 43.87472868837997 0.06118047343589371 0.998089707930787 -0.007883120868242256 -1.1697614886589949 -0.9840962335210038 0.06163964263110186 0.1665835594292693 17.69541297240467
0.16952671302214992 0.0011416697980059188 0.9855223221045988 44.94458085869953 0.0636589695064975 0.9978924359684658 -0.01210712359727142 -1.190524572738761 -0.9834647064889501 0.06479149119296122 0.16909989992702412 17.877177843809257
0.17351831993753924 0.004270425503960065 0.98481841605719 46.045497487546754 0.06529806414643485 0.9977343278025582 -0.01583202644282036 -1.2159577051655839 -0.9826604751429828 0.06705560179296338 0.17284965551745402 18.071093248499835
0.17408273356390744 0.0029254592070809553 0.9847238368989596 47.174391196292525 0.06230598356146653 0.9979532510291871 -0.013980063832645743 -1.2355886128713467 -0.9827550296682243 0.06378955232944267 0.1735474710007033 18.278345444748638
0.17302795275912883 0.003591947952152798 0.9849078780694269 48.31576056811203 0.061066882810202026 0.9980244332769578 -0.014368775965836338 -1.2591760280572961 -0.9830193420207857 0.06263319532481591 0.17246981815963758 18.47789498652166
0.17285480589681437 0.013373763216211833 0.9848540850812366 49.43209606929564 0.060687126003723425 0.9978575272506983 -0.024202448732776962 -1.3057363667786364 -0.9830734110392146 0.06395327221520361 0.17167575968203225 18.670059129117178
0.17464570637314647 0.02647594419512289 0.9842738097012848 50.531243400716725 0.05867055246553718 0.9975766005170319 -0.037244973637744844 -1.3698652348757483 -0.982880092442587 0.06425448877094192 0.17267121137008298 18.86879383470401
0.1759894240891993 0.03122089170245601 0.9838959059674858 51.589452422712604 0.05709471151308205 0.9974851215525381 -0.041865816397576694 -1.4274844852443607 -0.9827335787374877 0.06354512790797429 0.17376584761394562 19.05760546257652
0.17470892039147956 0.027207469964033924 0.9842425168901984 52.65654454194571 0.05637495645982521 0.9976960354452087 -0.03758837171883515 -1.4670635263915937 -0.9830032563996849 0.06205521104029331 0.17277345822528636 19.24618322095437
0.17417631603704742 0.02114882560025791 0.98448640776967 53.74153835343764 0.055397857879586815 0.9979700996077658 -0.031241479605068397 -1.4982151688758156 -0.9831536512181197 0.059981715332845215 0.17265203480461058 19.438116800197236
0.17417301107451727 0.01715063313098637 0.9845646702539963 54.78534511490934 0.05405073515878608 0.998168936981871 -0.02695137399213894 -1.5271775025697512 -0.9832294187140409 0.0579123233578448 0.17292783293545907 19.624864544405987
0.17387733301677183 0.01732157603010731 0.984614086256414 55.79691685020672 0.05383647201866181 0.9981772469626415 -0.027069081628189856 -1.5601313701965493 -0.9832934540783262 0.057716399099292943 0.17262882848191388 19.801807720686536
0.17398692130400448 0.01876244588195623 0.9845686081424941 56.79175330880177 0.05388290818603995 0.9981338785353663 -0.028544689039827303 -1.5967657540574576 -0.9832717753393755 0.058019522257142145 0.1726520129095798 19.97400828755578
0.1736329693265977 0.01940928615860811 0.9846186844771341 57.78414184109784 0.05237635079650206 0.9982035568239359 -0.028915440609264202 -1.6308176563726726 -0.9834159982367208 0.056593084010872784 0.17230515326236223 20.151084257329583
0.17328719443079335 0.01895939305790501 0.984688136429284 58.76226250015315 0.05130697982298168 0.9982777450601555 -0.02825215873554618 -1.6620043818562489 -0.9835330355058003 0.0554187929674755 0.17201681397541813 20.325053384112344
0.17284781922638848 0.018994474783317103 0.9847641247474842 59.73203483580751 0.049885207365079155 0.9983562524507932 -0.028014336788623393 -1.6929132954820238 -0.9836829834057135 0.05396889834308254 0.17161742201348482 20.497833542756638
0.17241539338082915 0.019488202951638448 0.9848307752899145 60.662621466763234 0.04943235126467597 0.9983678404955006 -0.028412512166745913 -1.7256984323995443 -0.9837822972515886 0.05358294829118482 0.17117136654956924 20.65879227819798
0.1719356432556182 0.020403713414342918 0.9848957583441763 61.55190305453595 0.048239440263115343 0.9984059205078345 -0.029107171901066 -1.7582034230412273 -0.9839253509052609 0.05251702908768946 0.17067835934828773 20.814204440179292
0.1717807345299711 0.020357332766530043 0.9849239030070345 62.43804102729466 0.047963809617770116 0.9984223731098457 -0.029003902780087625 -1.7872854833920808 -0.983966176822371 0.05222452829177235 0.17053425981092082 20.968936100170566
0.17175329268657422 0.01991992887441855 0.9849376427783886 63.31603272691122 0.04749761920820602 0.998459810298321 -0.02847831230626991 -1.8147705029741996 -0.9839935720636326 0.05167474356135906 0.17054359205244882 21.124037112691045
0.17216264248916516 0.019601029471315774 0.9848727447368535 64.17172271530053 0.04736089565506727 0.9984755930723319 -0.028153019101250842 -1.841275624857646 -0.9839289633539668 0.05149272753094641 0.17097271274819442 21.27565990559022
0.1741488895203561 0.019774652144722453 0.9845200046816298 64.97806202391344 0.0501908432791274 0.9983151866343315 -0.02893207076315172 -1.8659636175523078 -0.9834387753681905 0.05445375965127297 0.17286381544076812 21.419704941964977
0.17843302172131303 0.021977461010620026 0.9837058945285847 65.75005905450546 0.05277104865477443 0.998092490432042 -0.03187309261667104 -1.8934195552986233 -0.9825353540900676 0.05759975605938702 0.17693377132042884 21.562709478554794
0.1835721664898154 0.021283770921432254 0.982774981088046 66.53761902893704 0.052620090050163916 0.9981138696312659 -0.03144681900542031 -1.9186684011739776 -0.9815959735072578 0.05748778769198661 0.18210702762309092 21.71643708759235
0.1906785004022038 0.020868915260625082 0.9814303323108857 67.27149646028582 0.053241364343668066 0.9980775681884347 -0.03156933374450159 -1.9427455873012909 -0.9802076330063957 0.058273759908629943 0.1892011298018591 21.8626203408881
0.19900289913072625 0.02094213873798132 0.9797746153918943 67.98769826054192 0.053262575981813984 0.9980576483797616 -0.0321534548138083 -1.968191820959402 -0.9785503002907853 0.0585856497176688 0.19750132491676375 22.018499693398123
0.2081520982401479 0.020369483328009197 0.9778837705703316 68.67855288701524 0.053960175155440625 0.9980160565085169 -0.032276735902745574 -1.990979028900302 -0.9766068739863804 0.05948674820899806 0.20664051744687975 22.178062780214777
0.2177860607175978 0.022087096007817174 0.9757455388602807 69.34541543215825 0.053389540185118906 0.997971946499303 -0.03450859305465393 -2.0199524716151376 -0.9745349965300906 0.05961154118050192 0.21616604127705008 22.34259580129255
0.22770280101978402 0.023034656630477733 0.973457384314611 70.00309165075738 0.053634289869545757 0.9979004705195006 -0.03616066368624434 -2.0491333858442795 -0.9722522134147691 0.06044605036563202 0.22599002887747638 22.511991526853475
0.2378932785817124 0.023046862370216775 0.971017405451673 70.6618669060768 0.052696700246908285 0.9979344605703143 -0.03659827777282156 -2.0761558581244537 -0.9698606687595973 0.05987728439687979 0.236188140891884 22.691740845282915
0.24782444712190052 0.023841272301666223 0.9685108672536207 71.30718448126635 0.04945800906908057 0.9980769058918002 -0.03722661605464126 -2.1033322074552854 -0.9675416132340039 0.05712769159382037 0.24616953645979886 22.880058890292087
0.25763972504178717 0.02369570098256387 0.9659497661049266 71.94512628857116 0.046318236485878225 0.9982417721826484 -0.036843992849336274 -2.1273143751540484 -0.9651302033144815 0.054234953416319696 0.25609002917662105 23.073886239613113
0.26655208385493356 0.02439482710387833 0.9635114388556288 72.56978018738025 0.04293015031502128 0.9983817655127898 -0.03715621690816974 -2.1525815587545587 -0.9628642062959795 0.051269163491192295 0.26507421720253443 23.270209749728597
0.27612678964405146 0.027169575387654406 0.9607367425832867 73.15230024156456 0.03881249670777758 0.9984645662006588 -0.03939369581860686 -2.1831841865646533 -0.9603375430760772 0.04816771164225388 0.2746490470802586 23.463522338221356
0.28621868017294166 0.028096492976284318 0.9577517257859419 73.72543551559596 0.03806930441529124 0.9984420017894398 -0.04066894297242645 -2.212465285201101 -0.9574079455218747 0.048102673691601115 0.2847040857632789 23.653064246480834
0.2954480805760815 0.029114636588099572 0.9549150578851053 74.28905655304368 0.0383729327165344 0.9983623132994108 -0.04231391795929303 -2.242642123295926 -0.9545882934320761 0.04914592872241334 0.29384759086139395 23.842998084704654
0.30421732046515926 0.03174386481918416 0.9520736157952259 74.83782581220107 0.03915897617613094 0.9981780294423938 -0.045795699206270815 -2.276453823083916 -0.9517978846766267 0.05121547762795776 0.3024205952933696 24.031654932715362
0.3121067387433297 0.03430903312841219 0.9494280289106732 75.40107223668606 0.03625585677841585 0.9981845836147045 -0.047991356135144034 -2.3110844870947553 -0.9493559872974653 0.04940224432592911 0.31029644705458104 24.234833000501123
0.31742875170788604 0.035439126529318445 0.9476209182331544 75.97022702487982 0.030568445811745316 0.9983946714014585 -0.04757944001422039 -2.3404156538728405 -0.9477904133536108 0.04407188772507728 0.31583622144421625 24.444343173599094
0.3218557056634386 0.03672841866624026 0.9460763056963255 76.51768219399787 0.026674385778508045 0.998493390004192 -0.04783998913729716 -2.368987754709431 -0.9464140622740473 0.040634967622256477 0.3203917087603112 24.64628920788821
0.32846820524786896 0.03634062999748049 0.9438155302288244 77.05234464465367 0.0272726962191511 0.9984724685352255 -0.047938332708225194 -2.3980995155567757 -0.9441217887493797 0.04148787794546579 0.3269763318302165 24.839029860178904
0.33437322493165267 0.03432664905475116 0.9418152909433979 77.61424115937102 0.03159566396115472 0.9983610894432763 -0.047606456150625295 -2.4217276613337906 -0.941911815945083 0.04567699582640916 0.3327416018264531 25.043991367205187
0.3375651457407825 0.0331376893642974 0.9407183751983185 78.14556481815912 0.032751713677449217 0.998356164087583 -0.04692210971466422 -2.4461501673813144 -0.9407328352150572 0.04665082202747752 0.3359260246124267 25.240312822984173
0.33801076694796106 0.03315455893544622 0.940558354553037 78.66622277044694 0.032100741249866824 0.9983868338080012 -0.046731192795853305 -2.471947184630838 -0.9405955971653954 0.04599013013241444 0.336401518409781 25.434378671409068
0.3382066249140985 0.03416296996293394 0.9404520434671687 79.19674514755512 0.029748040160530162 0.9984486567750883 -0.04696980912121229 -2.4982652122221833 -0.9406025355328151 0.04386390367918605 0.33666596454482894 25.63357320008956
0.33771883126243835 0.034516051311174176 0.9406142860323323 79.7242484975494 0.029154303546460574 0.9984593720393936 -0.04710829029662565 -2.5261426992592195 -0.9407962004783571 0.04333409602965965 0.33619272518198134 25.824492990210267
0.3368394625973529 0.0344065299737308 0.940933573703827 80.24227500334014 0.030195912233217048 0.9984185609948626 -0.04732036535041008 -2.5541546404361273 -0.9410785729883916 0.04435345571609105 0.3352682768744443 26.0067775647992
0.33562189735279063 0.034168997654664426 0.9413770044480604 80.76147016857688 0.03089901978380546 0.9983997937791791 -0.047256942858368955 -2.5820655084621995 -0.9414901651731153 0.044949462500976305 0.3340297170019466 26.189151478185607
0.33363033768268313 0.03350060033973142 0.9421084661635183 81.28508870885831 0.031606760124121704 0.9984034810635752 -0.04669716875665794 -2.6093138470953443 -0.9421734658271179 0.04535712781584531 0.3320398051795751 26.370072344166882
0.32885128017317955 0.03376694622445837 0.9437775710589597 81.80220611263236 0.03161292781399263 0.9984010641482783 -0.04673824729312095 -2.6414488314431397 -0.943851761250457 0.04520571183379099 0.32725891868530893 26.543783841392145
0.3226305856912005 0.03508736219174655 0.9458741203835018 82.32844501767948 0.031041573062744496 0.9983772641670197 -0.047624452318535286 -2.676703068346186 -0.9460150300500656 0.044726550909828994 0.321018595738839 26.713787453144434
0.3160443286672832 0.03534677643906331 0.948085318225528 82.84855935066483 0.031454137696492 0.9983599462835359 -0.04770802275028552 -2.7093302060233913 -0.9482222179223839 0.04489894431638301 0.31441485275583086 26.873809528086408
0.3088836817487663 0.035116856706903996 0.9504509347757899 83.3826457687115 0.03183875981454391 0.9983708121943122 -0.0472359832853086 -2.739991577728975 -0.9505663119911846 0.04485161906080014 0.30726280942315287 27.030046235243464
0.29887467455090566 0.035190420779470426 0.9536432368039166 83.92625665875156 0.03236849322533536 0.9983659176143331 -0.046986397708286685 -2.7714819125999637 -0.9537429513231499 0.04491094412536636 0.29724747556174946 27.179356773500086
0.2875367220596365 0.03578058321854508 0.9571010996960491 84.44971587262354 0.03291927614389532 0.9983370907879331 -0.04721325367320803 -2.8040677715398976 -0.9572034755551247 0.045082686476260944 0.28588097363815107 27.313597910699425
0.27504116856939853 0.036432093659731137 0.9607420005777585 84.96915104021862 0.03341786578819474 0.9983102749607197 -0.04742519488673341 -2.835930197106539 -0.960850898985941 0.045150162191960316 0.27335934157831376 27.437735217142794
0.26070650256899036 0.036873530644200084 0.9647135971797889 85.48281695695763 0.033798196061862566 0.9983033826444584 -0.047293006457043554 -2.861320635264888 -0.9648252238076511 0.04493578248456568 0.2590183017229873 27.547681029155225
0.244991203301395 0.03763209598283424 0.9687944084664553 86.00445892137193 0.033651787857669625 0.9983082452645967 -0.04729028436920093 -2.888987812973862 -0.9689402520437211 0.04418800647033487 0.24331065226053575 27.65013061427749
0.2282927015835648 0.03847556734312176 0.9728314038059706 86.52204472505798 0.033468464264760155 0.9983115704632521 -0.0473392464971012 -2.917861861170689 -0.973015549835827 0.04336753318016073 0.22661975921296526 27.74049529644668
0.21101698224925422 0.03892658344246645 0.9767064613422209 87.02730602469725 0.034525821643705816 0.9982799389090634 -0.04724719930651535 -2.9464600747525136 -0.9768708540639672 0.043692790447399585 0.20931018541341218 27.81672774620922
0.1942946125874191 0.038644665755312 0.9801810363676569 87.52806746262749 0.036976953608076985 0.9982182575091133 -0.04668712665617894 -2.9736659828398633 -0.9802443361877815 0.04531646087766754 0.1925193315013063 27.883141252418742
0.17656202893765222 0.03756183437076282 0.9835719440753442 88.04658195487475 0.04061888318323349 0.9981358022908206 -0.045411377113432225 -3.0001091445890173 -0.9834495622682087 0.0479707928516387 0.1747069952729706 27.943111270934796
0.15885072810287174 0.0366225894836334 0.986622466306773 88.54907440746943 0.0432314689975535 0.9980887486936886 -0.04401054526096346 -3.02431988214818 -0.9863538781212056 0.04964560585314308 0.15696352787781542 27.991200352774143
0.1409487107275189 0.03667211930474799 0.9893368203903579 89.04395446580088 0.0438092904959939 0.9980971345861152 -0.04324004274978685 -3.048406040294153 -0.989045437406578 0.04943806726995888 0.13907352535622494 28.029802202711963
0.1233797723145506 0.03739980792246259 0.9916539313803394 89.53588645171938 0.043288619678560285 0.9981290770625452 -0.04303159041225288 -3.0732646827139 -0.9914135473688287 0.048237671718682984 0.12152966937284933 28.06214571681368
0.10684627604492837 0.03721131156438499 0.9935784901499684 90.02555666444442 0.04311943697557566 0.9981797299205899 -0.042022121682130306 -3.096018438137365 -0.9933389434278592 0.047333222424962774 0.10504692002048956 28.086729933471766
0.09206548285641006 0.03654321231095834 0.9950816964674059 90.51066832423317 0.04564035576281689 0.998115146196472 -0.04087885890700017 -3.1193602594382974 -0.9947051717466431 0.049180176218632306 0.09022367547105159 28.105222970042334
0.07871803946856205 0.03685736622349957 0.9962147276310916 90.97194762297751 0.047793221937154726 0.9980213806364036 -0.040702140097320476 -3.144231035962177 -0.9957491168262125 0.050817025537119725 0.07680017426927652 28.119419741219037
0.06634599226550225 0.03786074680358425 0.9970774417368169 91.43322593490235 0.05046504444173764 0.9978672053419368 -0.041250093015515105 -3.1698298269423657 -0.9965178130394183 0.05305506037148479 0.06429324988138567 28.128914753474213
0.05560519591627587 0.0383546857174682 0.9977151252028074 91.89419241613373 0.052072921693693625 0.9977841642466422 -0.04126083737792889 -3.194509125281895 -0.9970921402063467 0.05424871181790304 0.05348400044536798 28.13516395833812
0.04529697842166537 0.03864013791010524 0.9982253417654924 92.36107278156452 0.05248418212954767 0.9977734353062532 -0.04100526311562923 -3.219233301928001 -0.9975922505246773 0.05424861742564722 0.043167261700193305 28.137941087967327
0.036473702851609155 0.03965265199821675 0.9985467505189666 92.81683403042324 0.05356744598912036 0.9976923193335243 -0.04157644669955727 -3.2453764124825835 -0.9978961484039288 0.05500616764354242 0.034264602642952384 28.137124258395723
0.02841449065351574 0.040168777293932326 0.9987879977675804 93.28465741791874 0.054474072425841645 0.9976392561776629 -0.04167340709642902 -3.268423501962048 -0.9981091892228435 0.05559221754096063 0.02615824144463339 28.131575836640046
0.02156675622063746 0.040037627427954026 0.9989644692913962 93.74854601892856 0.05551941783028848 0.997602170750776 -0.04118237234876951 -3.290621223676779 -0.9982231855335051 0.056350364575491675 0.019291245837588362 28.12577443366893
0.01495566256703438 0.03941712562258153 0.9991101200387952 94.22615650811797 0.0575736766040094 0.9975253176477367 -0.04021701566598021 -3.312143878545887 -0.9982280520573331 0.05812433004192605 0.012648394893044649 28.119705417820967
0.008309525891377623 0.039075765939353635 0.9992008526920751 94.70944466939545 0.060616041263522616 0.9973730046304192 -0.03950925257274908 -3.3338698138678335 -0.9981249188850557 0.06089600663857252 0.005917948599713123 28.11261209791968
0.0027216328273964715 0.03898377979695206 0.9992352918493489 95.18734937028509 0.06315706875762618 0.9972323713686794 -0.039078448680507416 -3.3556703177026743 -0.9979981254270506 0.06321531227931783 0.0002509000430235197 28.10681017755681
-0.00048090228363291496 0.03953202233937764 0.9992172874477675 95.64877370136182 0.06624166689098614 0.9970189662285016 -0.03941400343843884 -3.3770202921276886 -0.9978017351693813 0.06617113632795187 -0.003099205806195573 28.102767952067225
-0.0015173341612246755 0.03999394709433197 0.9991976110068997 96.09200027312433 0.06741273708244956 0.9969247051957858 -0.03980134870671186 -3.3982562854643343 -0.9977220557895775 0.06729832053905524 -0.0042097724398990274 28.101700750124603
-0.0017523949934467652 0.04002582711898799 0.9991956222352029 96.52588018976105 0.06795577495376327 0.996887316160389 -0.03981498999643797 -3.417931588392414 -0.9976848871847227 0.0678314686781673 -0.004467948633679336 28.102912545980907
-0.0011411106440713044 0.03980800494535993 0.9992053523893166 96.95539056804505 0.0685077145349956 0.996856644784859 -0.03963686866894782 -3.436488177005189 -0.9976482472597188 0.06840813171085977 -0.003865724387258876 28.107237139466644
0.0030198516156281765 0.03925975255529927 0.9992232267764165 97.3988491506903 0.07063884119231083 0.9967184133535004 -0.03937565658505756 -3.4536826419793054 -0.9974957338311131 0.0707031817257049 0.0002358196144903739 28.115992374909425
0.00991210133233795 0.038726559452321896 0.999199419240799 97.83677729352758 0.07140597853082568 0.9966653332953367 -0.039337520536046076 -3.4717850028854915 -0.9973964067403568 0.07173911365403701 0.007112922951507323 28.13121122381311
0.017572520136213084 0.03840271691051527 0.999106491026301 98.27450967825733 0.07209380729292308 0.9966063980974823 -0.03957559533655744 -3.4909388665493557 -0.9972412796161189 0.07272524662737485 0.014743522825788183 28.150598520390094
0.025483945230766712 0.0381122293899609 0.9989469733026475 98.70194521542187 0.07245705497078563 0.996568324645284 -0.039870672457174884 -3.5105813966346675 -0.9970442381129397 0.07339711723736578 0.022634362388763107 28.1735417367155
0.03329407712508089 0.03794064109588158 0.9987233189193241 99.13167248507192 0.07243340503104645 0.9965536115531318 -0.04027350631661136 -3.5313107827480406 -0.9968151336560815 0.07368192977120294 0.03043120946220245 28.200804589054176
0.04177777643352126 0.03865961581396051 0.9983772072612754 99.55264375396497 0.07403827394172151 0.9963781356992885 -0.04168118720768853 -3.5528172046399717 -0.9963779649065697 0.07565996388822582 0.03876382617274411 28.23156581083918
