1.0 0.0 0.0 0.0 0.0 1.0 0.0 0.0 0.0 0.0 1.0 0.0
0.9999996423721313 0.00016739964485168457 0.00016611814498901367 -0.0007787276990711689 -0.00016707181930541992 0.9999998211860657 -6.520748138427734e-05 0.00035194423981010914 -0.00016638636589050293 6.535649299621582e-05 0.9999999403953552 0.03832894563674927
0.9999997041655 0.00033943004919301245 0.0003383937151273386 -0.0013647009899497645 -0.000339019970347465 0.9999999071647601 -0.000134318025006408 0.0016713932283213134 -0.0003387444444840071 0.00013420104210304373 0.9999997284002431 0.03755885859657817
0.9999995953375211 0.0004967486048808062 0.0005022247624576758 -0.0014589557785724373 -0.0004962648025534447 0.9999997259022573 -0.00019940223591572923 0.0028699883075314764 -0.0005026186738449367 0.00019911678789574184 0.9999996641689776 0.055757717939242425
0.9999991909315927 0.000664241569485293 0.0006672961181929424 -0.001441983500281893 -0.0006632736974965432 0.9999993909195106 -0.00026668836644259356 0.004094615418789512 -0.000667935439335943 0.000266534809815472 0.9999994485934475 0.07942212898989798
0.9999989090082415 0.0008327880921826157 0.0008326546691031941 -0.0014929587396392528 -0.0008317615773887935 0.9999992018199004 -0.0003332869986824658 0.005334859267526684 -0.0008333831172514047 0.00033291118983490894 0.9999992607887561 0.10237671889317548
0.9999986292952242 0.00100274665652333 0.0009985677537970848 -0.0016042076963080742 -0.0010016091564207556 0.9999990382021087 -0.0004005100195794094 0.006557295995093321 -0.0009994384928657682 0.0003996757598124102 0.999999100139526 0.1251553146973044
0.9999984108819917 0.001173637734153237 0.0011651279084709462 -0.0017449814279622085 -0.0011722798697341866 0.999998841270527 -0.0004651393693030127 0.00777049144835769 -0.0011661612884762607 0.0004639971964339816 0.9999991462625991 0.14926018521704718
0.9999980247647504 0.0013361690007818996 0.001332894400209617 -0.001902678141785641 -0.001334445397268414 0.9999986192664736 -0.0005332554634346511 0.008966364849824663 -0.0013342023147428772 0.0005316675808069447 0.999998740198063 0.17094332280858734
0.9999982021245097 0.0014818564205777574 0.0015009955562959015 -0.002049724680917064 -0.0014803581109656902 0.9999990992766408 -0.0006109065038326496 0.010088921186829714 -0.0015020377956742653 0.0006083040124397326 0.9999989514509193 0.19226954423873704
0.9999974856742311 0.0016403992661930377 0.001662977167588702 -0.002252245121760512 -0.0016384790110387844 0.9999985797907637 -0.000687112367921473 0.011235629445548012 -0.0016644071589926469 0.0006842405569938066 0.9999984233495315 0.21330911379631215
0.9999968128972384 0.0018085653616112488 0.0018298791564973242 -0.0024210024421260656 -0.001806240118850837 0.9999979006109879 -0.0007541429984037583 0.0124047006716918 -0.0018318020002967652 0.0007511945331546994 0.9999979208815681 0.23735385718314422
0.9999964407054172 0.0019731602861320684 0.00200088912280829 -0.0025835123411053055 -0.001970560344037559 0.999997555537809 -0.0008179608866072732 0.013586579343381226 -0.002003080352005201 0.0008145210661695485 0.9999977981252279 0.26001725084893734
0.9999954058273646 0.002147293761944762 0.00216766413814602 -0.002779715386710131 -0.00214387178087681 0.9999966749091519 -0.0008925269291438 0.014743918851222199 -0.0021706499924481807 0.0008886778118382281 0.9999970456702735 0.2834091801637655
0.9999946856568254 0.0023160388641535854 0.0023328239784713486 -0.0029241914993875595 -0.002312106689345922 0.9999962500039735 -0.0009640788514986916 0.015882941024859397 -0.0023362318336235155 0.0009594199893235151 0.9999966235607053 0.3073756327076631
0.9999939071902562 0.0024853960819786716 0.0024982959220629934 -0.0030756396991209064 -0.0024811042306677514 0.9999957884308835 -0.0010373283517898753 0.017017734725762602 -0.0025021540846127156 0.0010320401707530277 0.9999962858833484 0.33062004160233366
0.9999930589783904 0.002662990343956602 0.0026611623318659504 -0.0032548331906340974 -0.0026582879385073357 0.9999952129663706 -0.001110599263482241 0.018162853858919175 -0.0026654148230871393 0.001104552008250274 0.9999958027095246 0.3551386474010034
0.9999917203185047 0.0028245620565909516 0.0028233900950310276 -0.003919814277015565 -0.002819127130512484 0.9999944173251069 -0.0011724829126441916 0.018475834097004637 -0.0028283114064850466 0.001165841806724869 0.999995182779054 0.39233767457861535
0.9999906916740173 0.0030050338114622492 0.002986028796724137 -0.0045211210081550065 -0.0029990898938644832 0.9999936474469727 -0.001243513274772494 0.01982090632623164 -0.0029915093861652715 0.0012359926925339466 0.9999944611283934 0.3911817557799627
0.9999896289612246 0.003191716290310054 0.0031540784459597225 -0.004620614586519301 -0.0031855018350781875 0.9999928809351868 -0.0013147383010195745 0.021056013814563807 -0.0031598242170348505 0.001306244634853848 0.9999938107504769 0.41036273145497537
0.9999883098424938 0.0033667929270190626 0.003319576459964859 -0.004538037397267252 -0.0033600426790603086 0.9999920024104579 -0.0013782976047020494 0.022280038136586376 -0.003325841037380668 0.0013688424635555114 0.9999932048296242 0.43508744972052477
0.9999866631249893 0.003544043665617315 0.003492285051706793 -0.00447510152213751 -0.0035363496809022754 0.9999905970898816 -0.00144745272045685 0.023459296188083227 -0.0034994400505241902 0.001437363840821523 0.9999921185508602 0.4601921142400898
0.999985676132131 0.003725078977790679 0.0036595114135585904 -0.004523726711325872 -0.003716917210741879 0.9999899584710128 -0.001530179898993439 0.02462396006822885 -0.003667099101103346 0.0015186872252127056 0.9999916526872056 0.48398502132287424
0.9999842109304958 0.003907079944845496 0.003825948509814413 -0.004588762850988003 -0.0038980362825329603 0.999988859661218 -0.0016124272315463073 0.02580967715768134 -0.0038342655124705954 0.0015999761456986232 0.9999907980439087 0.5086749664026325
0.999982700406961 0.004091768493044548 0.004001022684126994 -0.0047262754032289765 -0.004082078282057036 0.999988144435862 -0.0016847547638410574 0.02705432005797781 -0.0040099748301752 0.0016709431593619453 0.9999900110491853 0.5301881577899202
0.9999813082100146 0.004298582439091477 0.004197207421557712 -0.004924159128385454 -0.004288126859147734 0.9999870933434828 -0.0018097428963346704 0.028254675455960162 -0.004206805386091763 0.0017940922381547353 0.9999892532138587 0.5492333381647668
0.9999799465865404 0.004445199676662047 0.004428284274101691 -0.004717507906545178 -0.004433857566739794 0.9999864649359875 -0.0019439809350946904 0.029400200243490257 -0.004438600351090648 0.0019263653423342746 0.9999881588449345 0.572257849051311
0.9999777403342185 0.00460544024592067 0.004658084990178176 -0.0046199269230626045 -0.004592310171424289 0.9999848737597772 -0.002092223552629571 0.030526649903896558 -0.004669929213095095 0.0020735630061230843 0.9999864946892363 0.5965683329919523
0.9999757514694807 0.004760451278254921 0.004918961481370403 -0.00437174116275085 -0.004746285702675839 0.999984037256886 -0.0022114095867007653 0.03176604011891765 -0.004931641991581335 0.0021905892961719734 0.9999849695903168 0.6233041635182102
0.999973186224661 0.004935217700525246 0.005247137335029542 -0.003885049646075304 -0.004919869533809662 0.9999828385842289 -0.0023001687623910435 0.03310771864262052 -0.005260588919365974 0.002276720775824128 0.9999828600091272 0.651865898511095
0.9999703019758158 0.005097795185264796 0.0055984523149790934 -0.003409270117797753 -0.0050811811122932265 0.9999817937166723 -0.002383347288477066 0.03459221967587579 -0.0056127075596992945 0.002357375566951963 0.9999807050723443 0.677675380012391
0.9999674870015925 0.005260317379265984 0.005953290567863826 -0.002780866175225434 -0.0052424263945764615 0.9999809181006479 -0.0024567658713926877 0.03618636717197454 -0.005968296704807336 0.0024282284974438783 0.9999785425373059 0.7050066072710548
0.9999647718874174 0.005378363622632397 0.006325161824495751 -0.0019696310210966603 -0.005359020776721773 0.9999801522719536 -0.0025192745652035642 0.03784510515420724 -0.00634083557993971 0.002488112913704927 0.9999762932873801 0.7297408484848651
0.9999616931319001 0.005483686497843459 0.00674119801007682 -0.00043065583558820134 -0.005463113426658314 0.9999795881526061 -0.002569576064091787 0.038299409385978436 -0.006757277508131495 0.002535278867776037 0.9999736531427587 0.7687012260522184
0.9999581539932956 0.005575250795695158 0.007156223498959343 0.0006536050509627982 -0.005553357289870987 0.9999789105505789 -0.002618156733423029 0.040223351368800404 -0.007172851428145443 0.0025811524812711212 0.9999707294608606 0.7717679258289303
0.9999545090338972 0.005678056921618468 0.007552201117250445 0.0022198377549821225 -0.005654597696138435 0.9999779960657569 -0.0026608867745175633 0.04204972759501345 -0.007569443206650419 0.0026211848889056712 0.9999675443915098 0.8004834228390694
0.9999511649975542 0.005796737950370253 0.007905873933106863 0.0037676853469312075 -0.005771879212927199 0.9999769883617321 -0.002700199003424367 0.043817291772128404 -0.007923644190595058 0.002657778111628243 0.99996452933222 0.8362535314838571
0.9999475483638592 0.0059437208249953095 0.008232882124984266 0.0051213508261115075 -0.005917558642441461 0.9999760181992214 -0.002747953117199891 0.04537985345812914 -0.008251399217579341 0.0027024804353398936 0.9999619333138193 0.8740949757837202
0.9999455572140346 0.006033103962997037 0.008496980770255907 0.006158200434548745 -0.0060060924417223065 0.9999755683044234 -0.0028091216520630033 0.04673623881032428 -0.008515923271722532 0.0027607836808209115 0.9999597092252163 0.9084660455910515
0.9999434464262343 0.006120062867631188 0.008711794803368974 0.007015308306398651 -0.006092033675547273 0.9999749524767356 -0.002887690249511244 0.04781549976444872 -0.008731179329260779 0.0028371743244418397 0.9999576624690143 0.9440073087347016
0.9999407840713807 0.006246172323451753 0.008901423663769087 0.007809125171213328 -0.006216589574350873 0.9999737372689307 -0.003004330614908342 0.048511400413555665 -0.00892187158113883 0.0029516799412615726 0.999955553658961 0.9869108437271223
0.999938755242436 0.006364461455371755 0.00904645243364779 0.008288569635929251 -0.0063330627357188266 0.9999726932483628 -0.0031502227250260577 0.04898297506820849 -0.009068092559505268 0.0030957076564112145 0.999953942828361 1.0305931392403296
0.9999377212115186 0.006501314636713514 0.009130387051112248 0.008340280740255902 -0.006468904026977757 0.9999717436168962 -0.0032938382370563814 0.04918398095336121 -0.00915294540334869 0.0032368981342656877 0.9999530881005962 1.0810418246266587
0.9999355900852899 0.006657716112477939 0.00922621859992763 0.00841319436622983 -0.006623640455318962 0.9999702536454579 -0.0034420111498797584 0.04911037779986972 -0.009250327944255489 0.003383291449522681 0.9999516053020888 1.1391789385377458
0.9999335779646068 0.006763242808434648 0.009368103008383274 0.009273487996961597 -0.006727543527351656 0.9999689700583425 -0.0035629364709709355 0.04899212674226362 -0.00939342736728684 0.0035023330016397346 0.9999497601953681 1.2053365730354937
0.9999317328837978 0.006841306885719043 0.009508784043733601 0.01026228369064532 -0.006804674131242291 0.9999683910123592 -0.0036132959372950314 0.04903012065114116 -0.009534597572274156 0.0035510440087767863 0.9999482624329735 1.2819087160491611
0.9999324354650186 0.006714719639621904 0.009500980923379991 0.011385902955132497 -0.006678552879058209 0.9999695622158722 -0.0035256231215400934 0.04924449929536228 -0.00952595210874079 0.003464956649023202 0.9999487729055976 1.3699579007398184
0.9999321988377416 0.0066644532815310084 0.00956144116324748 0.01298925163332543 -0.006628781826159372 0.9999701561029177 -0.0034514310606123095 0.049203837289886046 -0.009585709781271375 0.0033908671763880228 0.9999485793802219 1.4782407967843127
0.9999306794571461 0.006762966025255009 0.009714099742232335 0.01437982890459779 -0.006726752866602743 0.9999699446075364 -0.0034987573503598487 0.04854929959436482 -0.009738629528404642 0.0034355242450251886 0.9999471943689284 1.5938956077412287
0.9999282385412104 0.00688049252282849 0.009871264840695712 0.016891540421823777 -0.006842573894774721 0.9999686994556343 -0.0035969717055485194 0.04700943579989342 -0.009897001955779017 0.003532045494293687 0.9999453235105268 1.7490092581803212
0.9999263689578471 0.0069743657926621145 0.010019426379867056 0.01963440041614293 -0.006935439127260842 0.9999679731737401 -0.0036553568021310276 0.04635204767339111 -0.010045771461488448 0.0035886675534826866 0.9999438889405797 1.8867517641042622
0.9999231957439563 0.007092219645811616 0.01024212854950417 0.023087965038567207 -0.0070518311339646915 0.9999666179337966 -0.0037069991211521984 0.04561739348785131 -0.01026939777036374 0.0036377311789592805 0.9999412298372858 2.0518601492647575
0.9999201582079169 0.0071796937550481135 0.010466567164120994 0.026346194321657045 -0.007137838032336975 0.9999658104637856 -0.003744345327706094 0.044642744827628034 -0.01049449816746559 0.003672865262639438 0.9999387921105318 2.2299488953542945
0.9999164489275146 0.007321133564789208 0.010723838655344473 0.029185336504635635 -0.007277086347740224 0.9999644678018995 -0.0038695059507371523 0.04293904356757026 -0.010753204693205808 0.0037946198485003016 0.9999356297219066 2.418620409797106
0.9999118267251668 0.007483473408208606 0.011066281834420336 0.03237450056326678 -0.007436775819690516 0.9999630230700395 -0.004004680893699954 0.041031976261970284 -0.011097118928174094 0.003925204006431532 0.9999315523518612 2.6188420501467062
0.9999065845917402 0.007691836060936721 0.011377556120461808 0.03505965202098484 -0.007643001277225764 0.9999610675467504 -0.004080101502230026 0.0393910764683507 -0.01140976085449701 0.0039959703669592865 0.9999275663439826 2.8247864231925313
0.9999032279346391 0.007748015111941249 0.011613662695204786 0.03760959857571267 -0.007698032064735546 0.9999605057089 -0.004084975457827666 0.03776915360029045 -0.011646178000258115 0.003998637078365185 0.9999247404210099 3.042977025287974
0.9998987366416897 0.007861921840284595 0.011955175948576166 0.040554778767374504 -0.007810569557724211 0.9999598085002788 -0.004132608058709444 0.035738422770980514 -0.011988116857818597 0.004041839175737686 0.9999208171390397 3.2711445006046516
0.9998931560912143 0.007993238169345981 0.012295657465993178 0.043607429130862796 -0.007938699154268616 0.9999578446045747 -0.004249113525469473 0.033195943186067195 -0.012330321135165431 0.004154472634239771 0.9999159064690519 3.5027167936226378
0.9998902240087103 0.008030233000301977 0.01253917005739172 0.04607537562556623 -0.007973484987005997 0.9999572921826241 -0.004371093217628436 0.0304021160626444 -0.012574713661594735 0.004273771259386536 0.9999123930085838 3.7468477271279887
0.9998853806752117 0.008205658084716681 0.012803471316795345 0.04814340481106647 -0.008146392445221015 0.9999553977099321 -0.00447533533366404 0.027761246821472695 -0.01284070335288919 0.004373644944385093 0.9999085627167661 3.9952716645245716
0.9998786034480038 0.008436772929676026 0.013165907683069427 0.05078980543509775 -0.008374260638019469 0.9999527179954121 -0.004605963168942358 0.024790214061016787 -0.013205288963749692 0.004498417935748019 0.9999030979584015 4.263391035482504
0.9998734358196545 0.008508705544316122 0.013530519229949429 0.053910184645182005 -0.008441295139298003 0.9999512257002557 -0.004860435161038108 0.02099982414102292 -0.013572134306235594 0.004748453704339413 0.9998971236017209 4.530722321987844
0.9998688601553596 0.008449792055838446 0.01390568361949691 0.057484229618646826 -0.008378343059434417 0.9999508724299644 -0.005017624388893576 0.017621849456414065 -0.013948417262609505 0.004903373066146954 0.9998912820379725 4.8036390294712135
0.9998610810231455 0.008446672223573112 0.014445610596877025 0.06150321022116727 -0.008372592164274014 0.9999509228686573 -0.004992613349698329 0.014857202833201633 -0.014488178777708628 0.004874132711486095 0.9998837790020856 5.101196497743783
0.9998510577162617 0.008576109608425817 0.015063773589162293 0.07019576939318987 -0.00850009657249659 0.9999501324134962 -0.004937646725843058 0.012621567670051783 -0.015106247662035591 0.004812021038036872 0.9998750029779523 5.4101744277810475
0.9998397559500212 0.00878397126439055 0.0156876455150565 0.07742527752346631 -0.008707714320922629 0.9999492147198875 -0.004766277676338034 0.011168345135106242 -0.01572957366934037 0.0046322538791894316 0.9998663310109237 5.721281216515488
0.9998307944538258 0.00893336885713978 0.0161826715087801 0.08391155386011233 -0.008859646975993004 0.999949354330884 -0.004485492013117431 0.009562272215986973 -0.0162226779886223 0.004344425174241138 0.9998597839935909 6.042726702541479
0.999824274488143 0.008783479565403434 0.01663870926423968 0.09045315084752155 -0.008709819522661809 0.9999508465469363 -0.004341633494424282 0.007098728920357115 -0.01667698624854836 0.0041992409900777055 0.9998527504796467 6.372303467703087
0.9998117120668664 0.009031449574263661 0.017255642429140496 0.09625922115333603 -0.008953529833099072 0.9999482959215161 -0.004440142120863526 0.0031791763304101104 -0.01729570035109236 0.004288159843203336 0.999841936131247 6.711639614782904
0.9997944531996087 0.009347580452121355 0.01806249590609342 0.10318834774448815 -0.009263529697389257 0.9999446739535456 -0.004576532913428518 -0.001231873839276569 -0.018105326928419627 0.0044116330018974335 0.9998269870635952 7.073582763566506
0.999778931432987 0.009621061748529917 0.01877693808962525 0.11004012979607673 -0.009531410036514887 0.9999417724228327 -0.004721170877373436 -0.005803947155058032 -0.018822101103955147 0.004544151096943338 0.999813297735207 7.428990372549106
0.9997663452860099 0.009815110784839431 0.019360525012166584 0.11708483765245574 -0.009720956193238645 0.9999400179324177 -0.00483766301436976 -0.010408462082455919 -0.019407323722705556 0.00465072806598975 0.9998019060554117 7.795562352831463
0.999757160721589 0.009539264765377043 0.019986916669356106 0.1254851482768969 -0.009442900288201102 0.9999430894380344 -0.004811252424311286 -0.014363827652788227 -0.0200320719448031 0.004623608503316294 0.999789784736285 8.167792908680054
0.9997379295979931 0.00948590148933883 0.020962367571567945 0.13502936977071334 -0.009385189037365559 0.9999437543502949 -0.004811433690759359 -0.019073160933736823 -0.02100718107650728 0.00461566139614943 0.9997699254690733 8.55530079807973
0.9997268888742745 0.008563610767427265 0.021889240576499654 0.14523061312224142 -0.008456931912519648 0.9999520521021408 -0.004897554721800841 -0.024034858640805144 -0.02193039012408378 0.004713154620736698 0.9997497189015075 8.95239289893567
0.9997018118901065 0.00880794579001285 0.022933642564775723 0.1544089939546193 -0.0086987202774738 0.999950655350337 -0.004815399167068375 -0.028218553281726278 -0.022974877978065224 0.004616162563287709 0.9997268967169199 9.347601220905643
0.999683803027144 0.008858423233218395 0.02368622009232106 0.16492328214130408 -0.008747396129097794 0.9999507118525188 -0.004740359845917321 -0.03281144486006024 -0.023727087962211495 0.004533413407758227 0.9997096365827476 9.759385805133
0.9996673282716195 0.009412495194727989 0.02414893035441549 0.17238585954809282 -0.009297909408128217 0.9999451610349679 -0.004794267707532563 -0.03703920518135281 -0.024193109535834582 0.00457007369065953 0.9996980601023073 10.149284479919677
0.999647974139208 0.009942604684056097 0.024733767394907007 0.18133908073345395 -0.009836901106176816 0.9999422969776458 -0.0043481859656687395 -0.03933545918108642 -0.0247758048446186 0.004104896237106951 0.9996857745215881 10.555605607791877
0.9996370928429628 0.009938477472512936 0.025165503751021234 0.19182617519968415 -0.00983655022009071 0.9999433891619351 -0.0041252419426590255 -0.042329041507802555 -0.025205360041390266 0.0038777927802171553 0.9996760030627784 10.957754241569978
0.9996278371469414 0.010020957859002446 0.025495824308280363 0.20574509396953183 -0.009916241137964705 0.9999421294874383 -0.0041823161611904995 -0.04602943162363641 -0.025536608319320985 0.003929790294340504 0.999667094250541 11.363933170859903
0.9996165782197733 0.01016063386484931 0.02587295200416011 0.21766495124774624 -0.01005370913922597 0.9999404477494651 -0.0042007203601006965 -0.049260882848883476 -0.02591461841923271 0.00394091834021659 0.9996573391040742 11.766346146346603
0.9996086144081471 0.010198971916216756 0.02614932263190355 0.22928411289011802 -0.010099552654917476 0.9999405094009162 -0.0038474494714834796 -0.05144616588595443 -0.026187926890330383 0.003584276986036432 0.9996511942054592 12.183863129084044
0.9996029424245524 0.010368399147026069 0.026290956305301844 0.23958406174488003 -0.010280747235920474 0.9999397947757792 -0.0033706498663880957 -0.05358591904355469 -0.026325436147045727 0.003101764802774154 0.9996488484681526 12.606553701429714
0.9996066993695226 0.010202238610259541 0.026231739853008376 0.2491027553327439 -0.010130897725742383 0.9999436240799894 -0.0027630883590503905 -0.05524347005970555 -0.026259426191293157 0.0024989058449216787 0.9996524562501081 13.01135687040147
0.9996063253170686 0.010296982994971943 0.026209208465493097 0.2571340882497545 -0.010237629447852841 0.9999437432983518 -0.0023066542574645297 -0.05692711681134261 -0.02623247777104377 0.0020401364309337797 0.9996542507425095 13.399516486216003
0.9996026403157138 0.01056444598983206 0.026253746528409616 0.2638072395540121 -0.010504214271337456 0.9999408265643462 -0.002335781524469482 -0.059501319674866826 -0.026277924703258616 0.0020617073784745454 0.9996529560760168 13.750852138373936
0.9996023140618829 0.010480348118296762 0.0262954076263542 0.2714121048665862 -0.01041810933990021 0.9999414483510184 -0.0024053940917560914 -0.06302012906347321 -0.02632022760727354 0.002133232070380861 0.999651699052513 14.105043801292721
0.9995961011728876 0.010887158830348923 0.0263693798394325 0.27858309087963334 -0.010819966057944955 0.9999364527481944 -0.002592945160251916 -0.06644126677609423 -0.02639708454581878 0.0023093550161821046 0.9996490628451963 14.473790542377287
0.9995921208206722 0.01109105510266281 0.02642242634696134 0.2856836533865458 -0.011019900232689863 0.9999336958184395 -0.0027282328901269814 -0.06980210578039103 -0.026452294636160157 0.002438991296039714 0.9996471929418212 14.819971902586053
0.9995862450976345 0.011538935371189477 0.02646582197723364 0.29268761380734787 -0.011464938960432292 0.999928693279571 -0.0028536204054062726 -0.0724239774709679 -0.026497895711350236 0.002551667075850211 0.9996459417677941 15.169390242009001
0.9995818388217432 0.011822967316442511 0.026508378967312868 0.2997659644079444 -0.011747679288573225 0.9999251942535777 -0.002901974275993751 -0.0749434975545799 -0.0265417560201036 0.002592016533999842 0.9996447961114274 15.506536429838324
0.9995769668684799 0.012249168208376512 0.026506515222993524 0.30554382194497154 -0.012166725618473677 0.9999193049377257 -0.003172992076626169 -0.07854391329659785 -0.026544215866962168 0.00285160728999853 0.9996440580218248 15.811845469258913
0.9995680337343487 0.013091496309804964 0.026426378712352597 0.3106575800334061 -0.012997803025264409 0.9999070307956696 -0.0036089472363264275 -0.08274219256261772 -0.02647265309080549 0.003266707870981118 0.9996443210903228 16.143683361486897
0.9995600342512676 0.013761116474330445 0.026381226998346753 0.3150255075939214 -0.013660211479928198 0.9998970323525876 -0.003894036856984824 -0.08565700676454974 -0.026433633513505975 0.003534934566413208 0.9996443058233955 16.451043760776166
0.9995518978404193 0.01430890643541161 0.026392344027040094 0.3216873878036799 -0.014198736220643503 0.9998879514365795 -0.004244037370377558 -0.08997468568469169 -0.026451676831443068 0.003870654318158729 0.9996424094357493 16.8126723242091
0.9995514758896478 0.014403103615463346 0.0263481997731057 0.33243409941605584 -0.014282631139855808 0.999884862752173 -0.004634183262709054 -0.09510944959804114 -0.026413563422670337 0.0042591213817689405 0.9996416787776288 17.172198637788433
0.9995580803858977 0.014289705295587976 0.02615965522812676 0.34498913031066597 -0.014155810876773754 0.9998840468896515 -0.005175757680203499 -0.10130815562614728 -0.02623221416232521 0.004806491737433146 0.9996438976119913 17.634295718672043
0.9995598789028721 0.014305958232997996 0.026091301178378302 0.35678499780604517 -0.014167598062464261 0.9998831277347914 -0.005367835968882431 -0.10676776135379089 -0.02616640595233734 0.004999130045849278 0.9996446912981608 18.099133378833276
0.9995541723515845 0.014550715775672017 0.026175678239553572 0.36621307466087816 -0.01440608431155007 0.9998782253356594 -0.005584192169587635 -0.11187896981589084 -0.026255247948102217 0.005207993972358841 0.9996410878860927 18.507021950267
0.9995472933366861 0.014922323067525955 0.026224792177042083 0.3752645940473657 -0.014769713616424408 0.9998710078901195 -0.005873828212366381 -0.11735917400946203 -0.026310763763631197 0.005487170015114998 0.9996380039109587 18.911378019450204
0.999547765963878 0.015097419199022508 0.026102407109310173 0.384150494287001 -0.014938499508945914 0.9998665156649508 -0.006131978134839388 -0.12290200437447382 -0.02619350008655526 0.005742937152730003 0.9996394585032269 19.33969158336288
0.9995463756960362 0.015196996385322294 0.026097916721352397 0.39368405358896724 -0.015033417286460083 0.9998639133399027 -0.006305048668831101 -0.12802865858741222 -0.026192406671670866 0.005913653718017502 0.9996385134557466 19.776215092417793
0.9995399870735189 0.015373071021227118 0.026239987445790886 0.4017301434205329 -0.015203723404862899 0.9998601194364598 -0.006500739626394615 -0.1323643390292711 -0.026338444611987255 0.006102876977937002 0.999633569014937 20.130143238751085
0.9995369800026677 0.015426056036590034 0.026318879312402083 0.4089081753301603 -0.015251403196554205 0.9998583269344922 -0.006683243824785721 -0.1365492996425957 -0.02642051315208705 0.006282768391472506 0.9996302507324842 20.468643052733352
0.9995330250989239 0.015520422479993435 0.026395479953262246 0.4168590212772996 -0.015341184555523446 0.9998558795247079 -0.006825985431868896 -0.14104874780959806 -0.026500253364921858 0.006421731339411253 0.9996270403533263 20.853036042846195
0.9995266251094898 0.015658546311671802 0.026556670401606038 0.42572654571974106 -0.015476133449884725 0.9998530649166566 -0.006899336795972153 -0.1451070776536637 -0.026663519088575345 0.006489139642775186 0.9996224017485276 21.26472951718072
0.9995168356446277 0.01593422454816366 0.026753549522005687 0.4313063200186003 -0.015746182214254677 0.9998473235732277 -0.007055522577499527 -0.14852703988223204 -0.026864785123695927 0.006635344865325899 0.9996158536680415 21.558238383676763
0.9995025039202304 0.016710208422679056 0.02680830740399176 0.435068033797922 -0.016504629889700948 0.9998302437055202 -0.007698447617855896 -0.15272276432453152 -0.026935587024521188 0.007256700591942836 0.9996094892941647 21.806134735302816
0.999491558485711 0.01738756228948657 0.02678469325102622 0.438723853540061 -0.01716155460322159 0.9998127049816867 -0.008466916123690842 -0.15748026190288217 -0.02693024894001068 0.00800756595355492 0.9996036640406674 22.056213256888938
0.9994866766779616 0.01763340111731257 0.02680247150685 0.443410913303819 -0.017384691203325992 0.9998015552490757 -0.00930266864273389 -0.1624588534930929 -0.02696477485406295 0.008836749816269942 0.9995955082337963 22.307664275465456
0.9994869107885835 0.017666371583942252 0.026780979573634418 0.4483757344775101 -0.01739755480310159 0.9997941252368123 -0.010058162487035957 -0.16776099218336143 -0.0269566423584239 0.009591796908794793 0.9995889305629521 22.57621638102531
0.9994898444550192 0.017529089631682274 0.026762075770918936 0.457765360550667 -0.01724730725983929 0.99979164638813 -0.010534151042799436 -0.1735513195119017 -0.0269448627650126 0.01007212429181921 0.9995844663150735 22.87063283774874
0.9994822635890376 0.017758028245612643 0.02689304074179947 0.46545187380810116 -0.01746998880192511 0.9997856415732473 -0.01071669980477474 -0.17834059663046203 -0.027081292640903698 0.010246279309919398 0.9995787962541826 23.16236758469099
0.9994669124796277 0.0184811012165388 0.026981586643700553 0.4706610179397549 -0.018189361977624025 0.9997716667562866 -0.010831599061435063 -0.18164613875817817 -0.027179262555662945 0.010339671028578766 0.9995754197374984 23.465753875572137
0.9994473779673233 0.019543106055333128 0.02695586377947116 0.4749115384289611 -0.01925700380666111 0.9997537542460684 -0.010648303739656551 -0.1832549520202422 -0.027160971734865053 0.01012777293651007 0.9995781012813734 23.786186409704232
0.9994258337970275 0.020525214826811067 0.027018310939518928 0.4794910472156352 -0.020242058543066602 0.9997351987834805 -0.010518624277942397 -0.18495574232691991 -0.027231025330198298 0.009970587705249978 0.9995774413208528 24.102073040350575
0.9994318454863698 0.020300326372136166 0.02696231594062972 0.48711518994662667 -0.020015684835071785 0.9997385732911134 -0.010587744252795867 -0.1898530864919446 -0.027174317987792202 0.010047274364737086 0.9995781677164832 24.433816018794143
0.9994382922731542 0.020152122088880724 0.026826140357224387 0.4932925296136566 -0.019868625187429437 0.9997414940750768 -0.010589579868420537 -0.19504437856886772 -0.027036769347364046 0.010056014237135416 0.999582060461598 24.779276841610468
0.9994637008313491 0.019232536201597386 0.02654792508271888 0.5000566243282976 -0.01895777633197426 0.9997617362533333 -0.01035966643899132 -0.19938448881664214 -0.026744974684483364 0.009856176091052842 0.9995920843695113 25.145866394663322
0.9994544176586377 0.01949839286430633 0.026713829261597828 0.5066541144285296 -0.019231169698105923 0.9997601797729764 -0.010033517929697975 -0.203248187548733 -0.026906980561871418 0.00951944046253494 0.9995912980334691 25.526527502449653
0.9994542623556806 0.019426718607385568 0.026780889376299244 0.5154184920411766 -0.01916625746880793 0.9997645015430731 -0.00976334915620272 -0.20823447688449911 -0.026968025448418944 0.009249745476197783 0.9995924574454419 25.93560231287049
0.9994416271990443 0.01998326678551171 0.026844260925493548 0.5221175635511215 -0.019719780817512435 0.999752597444695 -0.009852402241008978 -0.2143893180412214 -0.02703838979330833 0.009322758184292691 0.9995897102169903 26.351246141277468
0.9994115554814249 0.021388300765564458 0.02688440571537234 0.5286482448454386 -0.021117198875640304 0.9997213817702104 -0.010138565896821468 -0.22030226352403937 -0.027097456517669337 0.009570007395445607 0.9995860483623933 26.788077704857905
0.9993838670204638 0.022416237236163702 0.027060297005310846 0.5368072363825257 -0.022137937101509266 0.9996971900750006 -0.010344462038526072 -0.2265087331412327 -0.027287836282894957 0.009744403534702385 0.9995787505650018 27.236997727138256
0.9993762731265075 0.022663304835179723 0.02715372627840898 0.5470112644621365 -0.022394302827115384 0.9996955150450341 -0.009981353817180641 -0.23145568656017526 -0.02737540644704979 0.009372286629987415 0.9995800999907726 27.71397010003537
0.9993795686121839 0.02241422469309385 0.02724878868935488 0.5587683501405623 -0.022159065253916473 0.9997063707565093 -0.0094591230607344 -0.23644643249614783 -0.027456299091899835 0.008854392546944584 0.999582556027081 28.187057038751295
0.9993766135458383 0.022306742175296546 0.027471441433303462 0.5711259721545034 -0.02206022440243054 0.9997128346567544 -0.009098029973630678 -0.24240586348255902 -0.02766972483874679 0.008490648485230384 0.9995801431959017 28.68343300825005
0.9993832966060411 0.021791322930321617 0.02762096236188564 0.5876909730812018 -0.021549870646584555 0.9997257695983494 -0.008847523507210128 -0.2476415279273444 -0.027809475151011717 0.008251194372315697 0.999577956899289 29.1640333317787
0.9993679616395955 0.022089986417375775 0.02793586405800133 0.6007548961632229 -0.02185140637092093 0.9997208318747016 -0.008657639588840218 -0.2522944763409108 -0.02812260092726723 0.008046297898614004 0.9995709359598232 29.64435289684503
0.9993454945494328 0.022484304609079613 0.028427771772385885 0.6143862802025719 -0.022239127611599758 0.9997111680319544 -0.008761128226408739 -0.25952820318778896 -0.02861972602840254 0.008127678862248614 0.9995561705883549 30.135331095494443
0.999308801358375 0.023695877668183717 0.028716957219880213 0.6250730628589395 -0.02344012398991798 0.9996809103666119 -0.009055807758131284 -0.2662058922586386 -0.028925938461239153 0.008381178631383447 0.9995447049932775 30.617382001481996
0.9992910854114656 0.024318539115294684 0.02881566007277006 0.6353728778632014 -0.024066638666199628 0.99966748453154 -0.008903233440240488 -0.2712799500535729 -0.029026072030517554 0.008208153502179863 0.9995432520089009 31.098886942343633
0.9992947435889157 0.024105280688776366 0.028868695594514077 0.6477117256109548 -0.023856543957471 0.9996736628145575 -0.008777712993984894 -0.2772318874919624 -0.029074365869731642 0.008087341778750685 0.9995426626645657 31.58299837493099
0.99928898650256 0.02397648378920315 0.02918366423964974 0.6612019248069833 -0.023724598903163252 0.9996767754302891 -0.008810170142430193 -0.28490806952067793 -0.02938876019880058 0.00811591113085803 0.9995335180990773 32.0929146638185
0.9992790656260637 0.024093622289659878 0.029422960413358096 0.6735574614390137 -0.02383839975460499 0.9996737142266143 -0.008865275310339642 -0.2925696537293895 -0.029630179739050383 0.008161690089913387 0.999525984981357 32.59929031510275
0.9992717614748289 0.024401205533579502 0.029419084350851783 0.6840423989627509 -0.024138929256195766 0.9996642716931015 -0.009108786966395754 -0.3011295590452539 -0.029634688902626473 0.008395912179843264 0.9995238189289739 33.102924449159225
0.9992327405996951 0.025913173771386078 0.02944472420149467 0.6934321724347964 -0.02563079706320601 0.999620648607672 -0.009798756896167734 -0.3096637147397199 -0.02969082305830247 0.009040482857847906 0.9995164157691958 33.62005868296292
0.9992218975377825 0.026169190797048224 0.02959552284317537 0.7072399197239451 -0.025858365029084084 0.9996054427432667 -0.010718769640894184 -0.32075357956663697 -0.029867311866010108 0.009948936652987862 0.9995027708613748 34.128028374903685
0.999204674872394 0.026882212472949734 0.02952935276597769 0.7202274418192 -0.026532915380784214 0.9995727071018421 -0.012032773089050139 -0.3332728722761807 -0.029843446213595103 0.011243446289215168 0.9994895005224141 34.65414452442314
0.9991951186768845 0.02744873771181794 0.02934868663488603 0.7311422976375006 -0.027076876818450082 0.999548053464591 -0.012872158320560616 -0.34489330075781316 -0.02969168234279748 0.012070571292427024 0.999484610843821 35.16722111141199
0.9992009073269126 0.027375166088252828 0.029228589825611984 0.744080801343141 -0.02697910690423374 0.9995392389560518 -0.013744420852089049 -0.3568702108928447 -0.029594073277896045 0.01294827145374487 0.9994766622330999 35.68367759860768
0.9991553426628833 0.028896635183864226 0.029307802426832324 0.7545353324916348 -0.028496879255171647 0.9994953042533044 -0.013847043521053053 -0.3648189725620557 -0.029696302849305863 0.013003864551384034 0.9994723375990233 36.227807036635454
0.9991036508493206 0.03084779500430855 0.029074996366616326 0.763677430333011 -0.030451477103340376 0.9994375654645218 -0.013853785306418035 -0.37227460446858884 -0.029489354081602862 0.012959828983810866 0.9994787732968524 36.79061974518754
0.9991230279406876 0.030636014325542617 0.02862162520269335 0.7796239917481677 -0.030246100376597387 0.9994441339055022 -0.013831242761831947 -0.38177037666815933 -0.029032782345637487 0.012957315027146256 0.9994919777007201 37.35091685864037
0.9991661057696442 0.02966840315498302 0.02813260560005354 0.7945821248049585 -0.02929140020083757 0.999475884669351 -0.013590270557711276 -0.38967282266282866 -0.028524454204867475 0.012758921642270493 0.9995090203011842 37.924952458231246
0.9991818441410252 0.029255006083196762 0.027995174416962136 0.8093422282772138 -0.028882573675495637 0.9994889112018476 -0.013468314771500246 -0.39865350972386354 -0.028378392687514187 0.012652884850399957 0.9995143091352171 38.49833693285958
0.9991738284748458 0.029771511790072987 0.02774977720286758 0.8197774308992039 -0.029398101754483166 0.9994720652273423 -0.013622119719949276 -0.4083856084696495 -0.028144228546017027 0.012799020321003234 0.9995192292896036 39.06291560266649
0.9991376708064331 0.031088229008904126 0.02760850472186263 0.8293472070543574 -0.03070479907531472 0.9994268751982595 -0.014056387858382941 -0.41846492908577687 -0.02803312585613188 0.013200474182144293 0.9995171719642648 39.63201223986394
0.9991038082844698 0.03247065901559227 0.027242533043099225 0.8386233802028411 -0.032091725274037225 0.9993828008075067 -0.014083745897131163 -0.4266377108831203 -0.027686656686346692 0.013200843480266691 0.9995265989158506 40.22307064770326
0.9991342147796861 0.032189096455111005 0.0264565530875775 0.8502196037289352 -0.03183839558733654 0.9994001769334456 -0.0134276832027053 -0.4340346461566131 -0.02687652040426057 0.012577657549679808 0.9995568533061869 40.823005000515884
0.9992208834517478 0.030216600148475617 0.025480020290351315 0.8612339268040693 -0.0298829933793073 0.9994635156278106 -0.013217592891269213 -0.4425802996480315 -0.025869160505943452 0.012450102336349182 0.9995849305398175 41.41084764162508
0.9992647654126406 0.029363026538326294 0.024754799032783492 0.871914822290627 -0.029031393195025335 0.9994852049122912 -0.013500099408926401 -0.4534185192330552 -0.02514182632753383 0.012775617131074607 0.9995993245069521 42.0126406033604
0.9992792728743539 0.029594623336308606 0.02386856055636907 0.8816407916831838 -0.02923587580184596 0.9994565317843501 -0.01507486665665472 -0.4677336534909439 -0.024305264160877412 0.014370480392347583 0.999598151396672 42.615049110393464
0.9992683442539629 0.030559537376985194 0.023077464312734143 0.8887121594979367 -0.03018594087822191 0.9994104362084116 -0.016185940615708414 -0.48167262254323473 -0.023562474285084022 0.015482018129341354 0.9995988517961208 43.201405712558625
0.9992669623907222 0.031158436232238074 0.02234405661304998 0.896277917266631 -0.030797093003748593 0.9993923978860523 -0.01616787193110897 -0.49197034346416374 -0.02283790174842528 0.015472160531198409 0.9996161984215456 43.836399479635574
0.9993296700762221 0.029911197157112435 0.02124065743298833 0.9069313315007468 -0.029588282923998552 0.9994443664437531 -0.01520691290561434 -0.5003264505427106 -0.02168772569844655 0.014572594511513135 0.9996556378439907 44.483388606823624
0.9992940573371535 0.03183256831184647 0.020104286641605 0.9119541147210782 -0.031562563120213674 0.9994094108512842 -0.01345332069259153 -0.5073619730414858 -0.020524767984107312 0.012813468959298472 0.999704861736398 45.16727692737412
0.9993160094533532 0.0316208103190371 0.019343236057869737 0.9225477918421452 -0.03143197661291945 0.999455613769757 -0.009833351046787881 -0.5107478656258158 -0.019647933078726254 0.009222937941436178 0.9997621036207534 45.86282366107317
