1.0 0.0 0.0 0.0 0.0 1.0 0.0 0.0 0.0 0.0 1.0 0.0
1.0 -0.000479280948638916 -0.00046813488006591797 0.0032818468753248453 0.00047835707664489746 0.9999989867210388 -0.001341789960861206 -0.008846455253660679 0.00046890974044799805 0.001341104507446289 0.9999991655349731 1.1853982210159302
0.9999998925431939 -0.00013749666509355052 -0.0007934289770261671 0.003567424102753902 0.00013573070666783593 0.9999972962478667 -0.0021461300847409603 -0.019442037143417933 0.0007936832444634945 0.0021456279206812923 0.9999973978819057 2.362162303273376
0.9999998276076693 -0.00012272425352350758 -0.001178096144645883 0.002542310999100136 0.00011976503325238781 0.9999975529216698 -0.0020833889712283463 -0.028591661405421256 0.001178606546366588 0.0020825187067723986 0.9999972273163122 3.5754068937651944
0.9999994466432311 -0.00032182888188692966 -0.0014808141145046419 0.0014320255572905865 0.00031842221525366126 0.9999980392737151 -0.001953263651494174 -0.03812873057245719 0.001481633510100083 0.0019518250515856113 0.9999970224046287 4.794466911844239
0.9999987843372118 -0.0006880277094959751 -0.0016472128974470894 0.0020555215868033787 0.0006837408093023553 0.9999963798716732 -0.0024684183211784684 -0.05005089487222249 0.0016488816246388678 0.002466622786456196 0.9999954125976696 5.987707532183966
0.99999866868116 -0.0011378331440494195 -0.0016735720534831417 0.0032440924530123755 0.0011311519987410386 0.9999922176751301 -0.0037893887032451204 -0.06454096065758039 0.0016780296434593337 0.00378659688615845 0.9999914536805837 7.155974757746761
0.9999989420995457 -0.000865653087645915 -0.001695524266623575 0.002769210124302054 0.000857632441770771 0.9999889354809595 -0.004611444299125978 -0.07926106561928635 0.0016995246135590217 0.004609024943725073 0.9999879449242406 8.308911908398501
0.9999993038213122 0.0002657199048627717 -0.0016388027325623734 0.0008168059864091673 -0.0002750142133605005 0.9999850679667888 -0.0054800027021949076 -0.09412950348191612 0.0016375289999126742 0.005479345800417257 0.9999835001249129 9.445911445260869
0.9999987283482519 0.00027246068450502577 -0.0018435023350282672 0.001851101887877178 -0.0002859075570679437 0.9999736304096493 -0.0072398558223767135 -0.11274185386309951 0.0018415579843163103 0.007239686298700681 0.9999715554082167 10.609164511360452
0.9999988245372506 -4.843589495697446e-05 -0.0019669883511930337 0.004196491651377327 2.921115061292738e-05 0.9999527167537898 -0.009721105726721278 -0.13415340539046347 0.001967701265485601 0.009720322745989812 0.9999505039462016 11.751769853575107
0.9999989118416585 0.0004895510743519688 -0.0017546834549504913 0.004174831629729772 -0.0005084733012373305 0.9999416736592075 -0.010791184924881028 -0.15606316564324674 0.0017495564762016634 0.01079149773906636 0.9999399234544553 12.907591883735378
0.9999992013053155 7.694034973668913e-05 -0.001568780313849459 0.006262265374400692 -9.453355001939773e-05 0.9999378630989477 -0.011163757045498638 -0.17640253972316033 0.0015681059791193828 0.01116328364573914 0.9999362291973269 14.03649212915261
0.999999329334201 -0.000532169766830959 -0.001742095407007619 0.01012498548401167 0.0005057404956530636 0.9998881140621545 -0.014979466084534284 -0.2044685831833212 0.0017507119979365427 0.014977426580638584 0.9998865638494531 15.147868170040033
0.9999995769783593 -9.469677781037121e-05 -0.0015644744055302623 0.013098708306687076 6.346742589196343e-05 0.9998064000127654 -0.019700575333901786 -0.2382414041811113 0.0015667729394021623 0.0196996366480787 0.999804884545679 16.208935577306306
0.9999999816064681 -0.0002899707425084462 -0.001066098267966231 0.01454555787597241 0.00027135998436811137 0.9998554100545193 -0.01703990807518517 -0.26135747474603915 0.0010715535019966906 0.01703896546445993 0.9998544528929566 17.312489049589512
0.999998664113049 0.0012489285551864075 -0.0015872912160943497 0.012602240454197354 -0.0012621775367208327 0.9999677216178516 -0.008017872504702749 -0.2714030362575338 0.0015778247421795715 0.00801926647550156 0.9999669320764224 18.466598744800613
0.9999987939084136 0.001420683237721698 -0.0014440734402985443 0.012501852640203258 -0.001425116071581805 0.9999961456082049 -0.0027002085576902724 -0.2723335836357965 0.0014407793252425702 0.0027018699128675636 0.9999959057420545 19.61190571242322
0.9999969674942196 0.0024281598154936596 -0.0013898223756948908 0.015459999031444516 -0.002435576864782585 0.9999855628025063 -0.004960647174812785 -0.28727638567116903 0.0013783542494050238 0.00496333802402878 0.9999874375159732 20.73158445282647
0.9999932940606308 0.003739255029788607 -0.0010665816129681862 0.017362100738183478 -0.003750961626316561 0.9999380482292727 -0.010552292608324652 -0.31325888008865743 0.0010276031553433681 0.01055548702110038 0.9999446547900741 21.842300954867675
0.999985810950191 0.005332468993775363 -0.0010483432717278566 0.019917189973331004 -0.0053458381503260054 0.9999064156367656 -0.012649258346987794 -0.33812893797105026 0.000980931963340083 0.012654296875872403 0.9999199240021007 22.94777321281917
0.9999746165099924 0.007122052875952107 -0.000805140467615972 0.019718553575504845 -0.007132082248709485 0.999895065225852 -0.012669358004160532 -0.3591874368202228 0.0007147303162626049 0.012674508737574466 0.9999195671022472 24.12088980115532
0.9999681247239054 0.0079735812931596 -0.00044742707993316113 0.0227616767228236 -0.007978968456416746 0.9998888046565653 -0.012658645728262403 -0.3827532925100622 0.0003463084057986865 0.012661673061216083 0.999919811999934 25.378612396113642
0.9999648766626769 0.008415744227465691 -9.641290623560645e-05 0.028588765691106077 -0.008416636982527101 0.9998793259175468 -0.013126906877831784 -0.4088015329272766 -1.3969429393752883e-05 0.013127032256202917 0.9999140410614603 26.59272387675954
0.9999600123079956 0.00898563100258192 0.00042789866471905434 0.03429228915575082 -0.008979528628420943 0.999870095192091 -0.013451440564690357 -0.43433283731940997 -0.0005484590274026633 0.01344659379754319 0.9999098312564519 27.774926906090982
0.9999583049106986 0.009117789269640806 0.0009455837787367635 0.040335440196694175 -0.009104902994213444 0.9998726552722804 -0.013159834203425324 -0.45724313310197606 -0.0010652354429785496 0.013150190462675617 0.999913174934034 28.93978358229127
0.9999565083147581 0.009295408758384301 0.0013779391963588358 0.04667085013633973 -0.009278535337808355 0.9998825058505657 -0.012287659910779517 -0.47834940387698943 -0.0014914342489786882 0.012273544680837146 0.9999237675231385 30.098543889455772
0.9999522688866338 0.009642620043801363 0.0018544186115028868 0.05334781731818913 -0.009619561611921108 0.9998790946811443 -0.012293031852120205 -0.5004518543459676 -0.0019724329697811682 0.012273888821591944 0.9999228067354317 31.257618555020347
0.9999475090910391 0.010104132596245962 0.002022416319094774 0.06039091534599086 -0.010076753323245759 0.999862207066887 -0.013270105035028892 -0.525328560669189 -0.002155829124788367 0.013248122296072768 0.9999100665483329 32.37870238817516
0.9999499717692302 0.009869555723852083 0.0020956003768067446 0.07034532362152876 -0.009836490565055785 0.999833169282286 -0.015456437803203821 -0.5536558519067475 -0.002247127614616906 0.015433961888828963 0.9998787591192667 33.493147089145985
0.9999470731736559 0.010159859488065482 0.002339071240283735 0.07819083627448196 -0.010120590429381753 0.9998133647628221 -0.016533844058467508 -0.5825936642755163 -0.0025055491338258364 0.016508029284257677 0.9998614164617073 34.60968126287599
0.9999349545890165 0.011274181272615579 0.002475658708387292 0.08142262327731076 -0.011232548381549213 0.9998014247041098 -0.0165430061998886 -0.6068999814719003 -0.0026604504686802144 0.01651282686281477 0.9998610648062746 35.7433257769434
0.9999353694234543 0.011216162516158817 0.00266651064224254 0.08832296895201687 -0.011176599805489977 0.9998304692226528 -0.014746626081128015 -0.6288946202863882 -0.0028302725363894845 0.014714612518835386 0.9998888811131407 36.88588719150992
0.9999289345902864 0.01172233948662736 0.0028609107185811875 0.09362922219913884 -0.011680688570177778 0.9998286637035125 -0.014487354726073038 -0.6480674681378944 -0.0030289225808072247 0.014451453120148854 0.9998921863931878 38.01745653744667
0.9999239594082615 0.012152391890296956 0.0030451133705902524 0.1012093364500155 -0.01210650176312289 0.9998149034627355 -0.015086310715434759 -0.6719155843688136 -0.003226101446814334 0.015046285053224244 0.9998832206854693 39.14543108961946
0.9999090019428706 0.013271584097612105 0.0032159298829571433 0.10600169601671922 -0.01322073005305553 0.9997905060458446 -0.015750138728799646 -0.6966934572617115 -0.0034225054079540566 0.015703933265880304 0.9998723285486147 40.26846943992099
0.9999034031650164 0.013630284911774383 0.0034751426495608154 0.11188530758089732 -0.013575789759199848 0.999786566596901 -0.0157254969350019 -0.7195440804564808 -0.003686678314535859 0.0156743426301428 0.9998721218457205 41.36020156282222
0.9999029139562233 0.013635228755449943 0.003698481734650709 0.11826840885070324 -0.013579143667542754 0.9997937564506831 -0.01528095762224872 -0.7413920864554524 -0.0039038976254061704 0.01522671897663032 0.9998784556951019 42.453689454206426
0.9998970966811541 0.013988730927853821 0.003966658920001813 0.12409535907789387 -0.013929631133894444 0.99979194211942 -0.015104539570273917 -0.7643570310580028 -0.004174773910568458 0.01504493851376019 0.9998802792483885 43.578462742478855
0.9999013258137922 0.0135140836335294 0.004529906406711279 0.13461590949283317 -0.01344553103313192 0.9997952938412231 -0.015328791125179667 -0.7879661833297288 -0.004733704051229417 0.015263560795830907 0.9998745398703308 44.63787943822067
0.9998941455929823 0.013822697860835384 0.005089784815424687 0.14471400696941292 -0.0137430628381372 0.9997840147610181 -0.015767812178349827 -0.8130139757926427 -0.005304400785415555 0.01569385247580021 0.9998649177664921 45.7050805760161
0.9998832924868888 0.014331819862751498 0.005723168249564528 0.15493433763767325 -0.014239504032040603 0.9997705658898166 -0.016153347069114244 -0.8384457153860329 -0.005951581808178797 0.016067893182560158 0.9998549006447177 46.76485126730599
0.9998810890841547 0.01424134945640005 0.00635550423855735 0.1673249145735391 -0.014137839207831808 0.9997692602686697 -0.01633871603107284 -0.8641912155894889 -0.006584810732863787 0.0162446520039957 0.9998481686677949 47.84111629731942
0.9998749418638413 0.01439083650044186 0.006912946518761229 0.1798392758603101 -0.014275587413352168 0.9997608204719601 -0.016706533094699643 -0.8909151211351408 -0.007149956516889335 0.01660360241477559 0.9998381993313123 48.92170156488373
0.9998676933168286 0.014674741131373275 0.007370311589103121 0.19089583599767193 -0.014552111474093214 0.9997573075472935 -0.016680846852173248 -0.9159514831241508 -0.007611471352007949 0.016569031775968225 0.9998354074060769 50.022316686679915
0.9998642764114406 0.014736121004617124 0.007678915499894778 0.2024462959861575 -0.014611471185291016 0.9997626621201731 -0.01630478762164183 -0.9398408552359773 -0.007915457666144305 0.016188029159087947 0.9998393466033868 51.11832795375287
0.9998595243663628 0.014901463839059999 0.007980367532815778 0.21341612856806316 -0.014774470484905131 0.9997654176495664 -0.0159826829184758 -0.9641555936953884 -0.008214809711909521 0.015859998241404417 0.9998421050655274 52.25559068229322
0.9998543410059725 0.015090034614555936 0.008277567521450193 0.22459896175092278 -0.014959183143593523 0.9997640916644336 -0.01588753618346752 -0.9881243764166211 -0.008513466867997843 0.015758886679488063 0.9998412541681719 53.359524298667665
0.9998517521549196 0.015118692330646433 0.008552738022122884 0.23626072172493331 -0.014984216487890618 0.9997654280442012 -0.015772117206162027 -1.0117850489385636 -0.008787472848173494 0.015639114209325285 0.9998408103027959 54.46127756254976
0.9998424727721814 0.015531626415172313 0.008866333030429418 0.2478129842931977 -0.015393156777276203 0.9997612664323015 -0.015616772227302315 -1.0327048915198005 -0.009105298477692338 0.015475452479046721 0.999840101514502 55.57019853757657
0.9998363491192613 0.015661645855280577 0.00928945484860555 0.26048694340713274 -0.015515722283128412 0.9997584227621921 -0.015638749231742376 -1.0557334010711161 -0.009531195050237888 0.01549014249880308 0.9998357087045857 56.69581654780531
0.999828362559355 0.015993404352763297 0.009576998092186546 0.27378292451373054 -0.01583807055089588 0.9997453479742066 -0.01614365088631422 -1.082141509416847 -0.009831731253220441 0.01598696262439868 0.9998250218137389 57.825671785121706
0.9998202700037424 0.016335596083224855 0.009800683368069807 0.2871065020059833 -0.01617067886108009 0.9997302359032094 -0.01670776565890934 -1.1094731059495708 -0.010070387225585259 0.016544837747531464 0.9998131760633764 58.93893909840138
0.9998084589334413 0.016934703436939688 0.009994953803239486 0.2987075963877191 -0.01676445457696058 0.9997171655551853 -0.016900925273274543 -1.1358444643914956 -0.010277730332590725 0.016728653302640492 0.9998079846252732 60.07951927163179
0.9997975177838881 0.017508900875809835 0.010068955061440052 0.30929051438502303 -0.017341156277505668 0.9997131978669416 -0.016517380904297593 -1.1596922533038485 -0.010355003346904725 0.016338202790855856 0.9998133105170004 61.195117012844655
0.9997931229971941 0.017576455054009493 0.01038209096854826 0.3233061064390044 -0.017402024842551853 0.9997100111135274 -0.01665346773002012 -1.1853233000631376 -0.010671630383898184 0.016468088109941468 0.9998079090026352 62.30237127166554
0.9997975427888804 0.017217056473361157 0.0105311599289996 0.3388839124211644 -0.017029668027028703 0.999699954092737 -0.017610127540945406 -1.2139636636089635 -0.010831237230749151 0.017425928350659182 0.9997897121042584 63.401389649419954
0.9997837249117703 0.017912991101729763 0.010727627812420482 0.35291788252407025 -0.01771617627523494 0.9996782053214698 -0.018164398072399234 -1.24335734126316 -0.01104933916444082 0.017968898881806663 0.9997779997300367 64.51117406227664
0.9997902878709961 0.017506989502643622 0.010794240932036224 0.3684351189730986 -0.017306345560383175 0.9996811152948504 -0.018390642468458274 -1.27231836832743 -0.011112611472224006 0.018198455226932603 0.9997730555778152 65.60928470411825
0.9998362318800771 0.014556850827535482 0.010873520284200803 0.38636320223779885 -0.014347669318213201 0.9997160448183489 -0.01900986877876591 -1.3021396935478573 -0.01114704552136407 0.018849081979020434 0.9997605119054338 66.74283339986434
0.9998562278990775 0.01306172506185733 0.010992670890183683 0.40379085820252947 -0.012845603981022259 0.9997276706557059 -0.019488618357810773 -1.3325139149728558 -0.011244172634124245 0.01934276168673879 0.9997501136482317 67.86210907618285
0.9998794422874067 0.01062551852199162 0.011483138053700659 0.4213599232725907 -0.01040066540614447 0.9997568629782915 -0.019442383873260943 -1.3624127412222875 -0.01168685243981276 0.01931881130000678 0.9997454431092038 68.99484306623143
0.9998802930158576 0.010590028123014636 0.011401043253276809 0.4370608156205124 -0.010387499818647249 0.9997905918077827 -0.017616912519700368 -1.3888731129216612 -0.011584984133374472 0.017494284644683403 0.9997801544293528 70.11024654943135
0.999828894755116 0.014647907182140176 0.011421471167145994 0.44655206993966395 -0.014469180225241693 0.9997746120761072 -0.015518389615782389 -1.4104364648639818 -0.011645878957084866 0.01534848300764068 0.9998145697097641 71.17296395407132
0.9997598438833009 0.019029233263639988 0.011018249802374947 0.454845932214396 -0.018870041695277968 0.9997193677643651 -0.01431146992173028 -1.4322234295084604 -0.011287154699126042 0.014098078360764732 0.9998374294537992 72.33087629029922
0.9998411017234643 0.014336884246663042 0.010720021698136949 0.4733404165251742 -0.014159225558077968 0.9997650009868815 -0.016362304713935513 -1.4552091523347301 -0.010951787603295009 0.0162058885398958 0.9998090993811962 73.42659034150049
0.9997998912061368 0.017071023328166034 0.010576398810954167 0.478771482644193 -0.016885233804742453 0.9997069712026724 -0.017316285772978453 -1.479744950183256 -0.010868314636803525 0.01713171690275301 0.9997951480864442 74.51049791584776
0.9997704097161043 0.018559533923919975 0.010893358224853138 0.487393891104018 -0.018372376309807613 0.9996868608773688 -0.016987806997112737 -1.5018357992325824 -0.011203943307124577 0.01678039688380049 0.9997981990742125 75.59838476635069
0.9999177626205674 0.006733512752022843 0.011090796733695731 0.5202035297038753 -0.00661891122376158 0.9999249789302656 -0.010293514306848672 -1.5134547496793485 -0.011158040882820104 0.010215842575214351 0.9998872945882123 76.74114980922643
0.9998818331429726 0.012022450534969939 0.00978532157197894 0.5220856599723461 -0.011962957886081984 0.9999100294851535 -0.006069453348134587 -1.5206928513614775 -0.009856148408394199 0.00594840823124208 0.999935587381161 77.8594258528235
0.9998216081228555 0.015913269528955932 0.010351730859587122 0.531010897141267 -0.01584010729212401 0.999849506854991 -0.007063942892987816 -1.5377161615372315 -0.010461367856097333 0.006895317281869889 0.9999232967537657 78.96253137799451
0.9998879137405637 0.011174283193655356 0.01017348824164454 0.5531570916176727 -0.011011245475788856 0.9998128303569939 -0.015915378560979108 -1.5727127871197812 -0.010348020864846357 0.015798066273406665 0.9998235967219569 80.07236559046275
0.9998546121928769 0.014075327685162318 0.009815098258936207 0.5574914290095035 -0.013864917492545894 0.9996799216089473 -0.021148236907581837 -1.6079582141272346 -0.010108702230209923 0.021005690512222452 0.9997294172617284 81.1159408207458
0.9998406336754603 0.014778981328650903 0.010169625298177562 0.5678011933692354 -0.01456898672414374 0.9996860637508523 -0.020368158566729622 -1.6342935822465217 -0.010466604727701907 0.02021364559035757 0.9997419590989403 82.17693505123827
0.999830980103501 0.015157036339225013 0.010522815034720186 0.5771052995463696 -0.014979591543180352 0.999748167509644 -0.016670760859923077 -1.6549607644886473 -0.010771630054035414 0.01650665607464033 0.9998062910853707 83.24701970695298
0.9998326653725957 0.015290278275329904 0.01013963532204328 0.5884696302292475 -0.015150370662952791 0.9997910122800324 -0.013642905656847448 -1.6745149060755224 -0.01034454224338965 0.01348309564289958 0.9998556719955232 84.38991535583676
0.9998653455018842 0.012998034027998427 0.010103380438980708 0.6047008976561119 -0.012861374728443556 0.999826985282205 -0.01334753012207317 -1.6960511110109138 -0.010273499918066751 0.013211683463831607 0.9998600688173033 85.59606294413504
0.9998750511479657 0.012421561623870979 0.009861133084822163 0.6203648389023838 -0.012278998998333245 0.9998219445938453 -0.014260048990182088 -1.721227911626512 -0.010034885205175974 0.014132887544048902 0.9998498615406766 86.76598338452013
0.9998751578090868 0.012612592918269695 0.009596601331489712 0.637194785819199 -0.012452567327269957 0.9997866341624476 -0.016419436247170967 -1.755430545800465 -0.009800009389075694 0.01629366960301683 0.9998192971938983 88.13726762257414
0.9998660631010728 0.013400201709203838 0.009458004090126966 0.6531833539407113 -0.013229263161555548 0.9997533392806706 -0.01777788154446487 -1.7895567948548925 -0.009692250895131718 0.01764622707777276 0.9997971317257027 89.45949912877931
0.9998500722902444 0.014460484824457762 0.009557094028109506 0.6663234386649535 -0.014278260120260108 0.9997216561337942 -0.01871174811580392 -1.8213202487212798 -0.009823811155122977 0.01856839856276963 0.9997788178041558 90.61940969210033
0.9998533265443541 0.014183494219034415 0.009617302985631935 0.6813422616060502 -0.01399480855936754 0.9997155723858409 -0.019253240599015713 -1.847276875439468 -0.009886413201925173 0.019111516399742887 0.9997679907765112 91.71138754638747
0.9998433984751046 0.014863782948503382 0.009645906922211714 0.6917681268967475 -0.014671106145281132 0.9996991658296904 -0.019598305014799457 -1.8731630791698404 -0.009933023157763378 0.01944925173785494 0.9997610719847666 92.78847344825223
0.9998412554099364 0.015019944919566737 0.009614820838822579 0.7028282980259966 -0.014829513800697717 0.9996997145407718 -0.019451916658031976 -1.8988357615368245 -0.00990275029891446 0.019301749447932715 0.9997641216324351 93.87182492831343
0.9998408460737416 0.015020250572497479 0.009668904401439459 0.7146980582889577 -0.01482967425613777 0.9997008914314873 -0.019391397298416393 -1.9245440830437779 -0.009955869700420887 0.019240570858343707 0.999765136510687 94.94314555865465
0.9998337048736653 0.015392830093732778 0.009791707860041165 0.7258502322528634 -0.015198721553894156 0.9996934141611796 -0.019475787772000253 -1.9507117847472775 -0.010087351344386266 0.019319633358228203 0.9997619548418973 96.00138496844897
0.9998208941156366 0.01614104011404692 0.009911389596906633 0.7357961967086858 -0.01594412593917761 0.9996808574128511 -0.01952692634686743 -1.9769959631409364 -0.010222084151674322 0.019360949004824095 0.9997597868103436 97.0728691802212
0.9998159996570356 0.016423408102604953 0.009945082487194234 0.7468768738634386 -0.01622827039635065 0.9996806404825036 -0.019306341758864743 -2.0023895513666132 -0.010257572487020613 0.01913681058636673 0.9997636409860123 98.14273782852761
0.9998143147093914 0.016632136365731805 0.009794175069299107 0.7571621458696626 -0.01644773458384576 0.9996918562345704 -0.01852546012482108 -2.026004945822975 -0.01009784143509918 0.018356405794365593 0.9997798601680296 99.20092859073597
0.9998130644007133 0.016711052030178537 0.00983597537962441 0.7688484921104927 -0.01652950758240292 0.9996965884950888 -0.018211271686794202 -2.0498296922560693 -0.010135651212656452 0.018040253440228252 0.9997855095550036 100.24610222826092
0.999810357842222 0.0168122120514117 0.00998745735456712 0.7816018540517337 -0.016627439559436935 0.9996939176497766 -0.018289088805712145 -2.076008301214082 -0.010289939047999347 0.018114357469408145 0.9997828409124683 101.31688853767358
0.9997973114909807 0.01745442424036328 0.010212277107904757 0.79494747011303 -0.017260666136036808 0.9996749959412516 -0.018740983145848846 -2.1064684265676825 -0.010534285197051194 0.01855586177914486 0.9997723312828515 102.49421491877469
0.9997820519300469 0.0182350180228397 0.010325174260050588 0.8090509216463173 -0.018036693491707455 0.9996571444714175 -0.01895288239982512 -2.137861624048662 -0.010665702846067493 0.01875759012958668 0.9997670880035359 103.73281859649644
0.9997700500193814 0.018832578814473942 0.01045478669540647 0.8229148964213455 -0.018631654466928934 0.9996456352688555 -0.018988007262988847 -2.167620779306564 -0.010806912659586339 0.018783693618619566 0.999765322384798 104.9004192204982
0.9997560205839989 0.019438237711021336 0.010705426388491448 0.838124645732127 -0.01922899001976303 0.9996281987420773 -0.019307508831890235 -2.1973868364730382 -0.011074915164744282 0.01909163772536711 0.9997566353277708 105.99533089003418
0.9997369816237882 0.020329222250090866 0.010843247720531659 0.8502194682722558 -0.02011357555661962 0.9996044921329618 -0.01963879280919791 -2.226328856138536 -0.011236157824214056 0.019410053203594603 0.9997488829375037 107.08205013076599
0.9997372168593679 0.020210527143732296 0.011011465885524303 0.8633820578292994 -0.019993561636717457 0.9996105007566607 -0.01943699799609406 -2.2513844754028853 -0.011398204758787358 0.019206560421282732 0.9997509024391531 108.09722965126441
0.9997245495604179 0.020728792560975835 0.011178139678475627 0.876070044717535 -0.02051195427272713 0.9996062886282756 -0.019120187734898177 -2.273882809551059 -0.011568517673737028 0.018880524781494688 0.9997551054523779 109.14158600566054
0.9997039943092593 0.021534701548684067 0.011468684805493897 0.8903624204065399 -0.021308364509320783 0.9995834167735425 -0.019439704661462612 -2.301259218632931 -0.011881134550465109 0.019184496475409527 0.9997455097553541 110.26095780627557
0.9997002887082093 0.02167660497017269 0.011587300919758382 0.9078829632312037 -0.021440330553816347 0.9995678763079902 -0.020120065049642522 -2.33356182731146 -0.012016430800860959 0.01985960961997895 0.9997314002145412 111.44583816335606
0.9996880542207616 0.022184516640077635 0.011692406096306939 0.9256890643655749 -0.021939723632073815 0.9995462935281226 -0.020654454749499077 -2.3684628130903946 -0.012143193265314845 0.020385374967843387 0.9997193113023537 112.68523212745848
0.999675429734631 0.02262402171603885 0.011912359933240909 0.942351584769784 -0.022372603657268456 0.9995331607739109 -0.020812553114633904 -2.401611840212111 -0.012375805492500754 0.020533430002559246 0.9997131161107586 113.88223614036328
0.9996743885277957 0.02259272489309798 0.012048860023170323 0.9590759623962624 -0.0223371437723911 0.9995313170146671 -0.02093976689647569 -2.433072798837596 -0.012514361461779887 0.02065762883815515 0.999708722938842 115.00143695292381
0.9996645966505195 0.022928492064095446 0.01223179250338998 0.9728508065864757 -0.022669833786518948 0.9995251870073837 -0.020877661066476372 -2.4632112661989685 -0.01270269948164586 0.020587035308926537 0.9997078189787436 116.12552736581053
0.9996612954217309 0.02298769264057407 0.012428820757800137 0.9872808995085179 -0.02272638872002449 0.9995256154146636 -0.020814119648560753 -2.491961418297148 -0.012899072478409363 0.020517694951911376 0.9997068544574116 117.1991346840812
0.9996812564795087 0.022084277377382586 0.012485084219510294 1.005164074205256 -0.021813078766514536 0.9995313302401887 -0.021514424904133515 -2.5234362618855646 -0.0129519625760847 0.021228009570971026 0.9996912813047273 118.26659891192918
0.9996889018382197 0.021743830436530717 0.01245160775504337 1.0222465615250658 -0.021461287100153176 0.9995183789624708 -0.022445138405748518 -2.5562025666549126 -0.012931312936982428 0.022163623114172238 0.9996711990970525 119.31572451024111
0.9996941524167275 0.021443236940203673 0.012554849880895553 1.038806420814568 -0.021159302647426066 0.9995259136910912 -0.02238242744166211 -2.5878044739163455 -0.013026557800276797 0.022102619693558853 0.9996711420613125 120.40692612671984
0.9997051774504628 0.02092390408909059 0.01251641144076344 1.0545737418478374 -0.02064848762590065 0.9995493069843763 -0.02179122907194574 -2.6169172855428204 -0.012964425758577817 0.02151910811713321 0.9996846187191583 121.48882841620578
0.9997081823783316 0.02066031253027979 0.012684022972866997 1.07096664909523 -0.02038394486258406 0.9995590986802254 -0.021559222094815717 -2.646268196691371 -0.013121828626415257 0.021287436318333748 0.999687337666969 122.56079931532823
0.9997238293062215 0.01978368304262968 0.012845740469131343 1.0888299830158927 -0.019504454038638454 0.9995773730850166 -0.021526655646238055 -2.6759306997006536 -0.013264153407346414 0.021263371075611246 0.999686107455082 123.62045028356803
0.9997253983333002 0.019540539349962752 0.013106964225558697 1.105971560562099 -0.019257678413796123 0.9995850179892207 -0.02140663415211244 -2.704327639508234 -0.013517716275346888 0.021141465295486116 0.9996854542021115 124.64911036977236
0.9997210120710646 0.019591794839277612 0.01336522575601087 1.1232660164849262 -0.019300807046557164 0.9995800721050798 -0.021598757879236517 -2.7337712335809363 -0.013780627075912965 0.021327875333590054 0.999677836687154 125.66657171062083
0.9997132450116893 0.01976891981860581 0.013677822972674109 1.1414725663516492 -0.019470294879318655 0.9995755648409425 -0.02164740721401662 -2.7598458434309596 -0.01409801437374135 0.021368011541686858 0.9996725476566546 126.67236202276716
0.9996987873355377 0.020356015080702266 0.013886240264844982 1.1567209592661223 -0.02005930560068447 0.9995738505546573 -0.02119726448415466 -2.7848391909712706 -0.014309741962417858 0.020905188839154053 0.9996793216966829 127.705520293234
0.9996737846993261 0.021266078309692682 0.014318082211861103 1.1727441586241654 -0.020964398677364545 0.9995610858795493 -0.020915210540629368 -2.8118949746949427 -0.014754323711320572 0.02060095672047931 0.9996791833939022 128.79677376111002
0.999637793963851 0.02266346706550845 0.014685020920806894 1.1880139662220432 -0.022356936262653664 0.9995349207921846 -0.020724840524471252 -2.838959538547968 -0.015145475400896025 0.020381761389025012 0.9996780294117371 129.8616987129582
0.9995600174352551 0.02571844171567926 0.014953540038187595 1.201326509814971 -0.025415373189904503 0.9994740553930679 -0.020138025628227432 -2.8644123324982314 -0.015461133454388515 0.019741776020691826 0.999686366104224 130.90188598619324
0.9994874021875486 0.028314494538308886 0.01514040665055893 1.2148105524687516 -0.02801612768081963 0.9994152293461462 -0.019592493752467643 -2.889218263850346 -0.01568389589295187 0.019150993434697852 0.9996944374752924 131.9326559708351
0.999487241248365 0.028229212304728194 0.015349651339529737 1.2343866527298608 -0.02792031146343802 0.9994095351483017 -0.020033389505217016 -2.9182174914832784 -0.015903277163987182 0.0195865266690824 0.9996828697378222 132.95036409118586
0.9994859065413241 0.0283472359330893 0.015234407612768019 1.2541123997461732 -0.02795864430736605 0.9992917000864031 -0.025198485431609182 -2.9578138318055416 -0.01593485000351986 0.02475132732421841 0.9995682944382954 133.92190556667398
0.9994953886555876 0.02812991602994898 0.015032540739590036 1.2741678144404638 -0.02767369101416952 0.9991730528619844 -0.029802482220078457 -3.000449069755209 -0.015855034198261817 0.029362644650650353 0.9994449688349659 134.87695692818988
0.9995758387251436 0.024992668570746973 0.015218795874085306 1.2949986059730496 -0.02450707113634786 0.9992080473249337 -0.03135678847398631 -3.0373270461619604 -0.015987091311262126 0.03096180283027632 0.9993946408910751 135.83277869076096
0.9995972236594997 0.024077690675678675 0.01529738422908535 1.3122011976874695 -0.023650575107233583 0.9993402181791412 -0.027571444382698988 -3.065939262707695 -0.015948026441311536 0.02718957428893058 0.9995049633041787 136.8145702937191
0.999625252243991 0.022872746969402672 0.015303542819779017 1.333156651478291 -0.022512397387564387 0.9994735283938083 -0.023369597983442694 -3.091562249745975 -0.015826782217021967 0.02300749251098625 0.9996117948830879 137.8517740530018
0.9996224923388535 0.022662575591431363 0.015772017438816944 1.353567793378109 -0.022345827766291897 0.9995497429825503 -0.020027019779454033 -3.117507789646264 -0.016215348704090537 0.01965814611843187 0.9996767771221752 138.94056046535283
0.999615959445889 0.02286731489208541 0.01586941564391066 1.3730173568701909 -0.022545823001760723 0.99954172124706 -0.020179671586025582 -3.1467485216192337 -0.016320402792550932 0.019805664587876016 0.9996718858610882 140.01941583735314
0.9996089467888846 0.023132240172345296 0.015921770418668737 1.393799244823326 -0.02279376167628281 0.9995161136209085 -0.021134836796448356 -3.17864357713661 -0.016400093133167433 0.020755618706830074 0.9996511258582893 141.07651741951815
0.9995839676335707 0.023769389310196665 0.016557079846941426 1.4125173727702278 -0.02341197033367068 0.9994949567752476 -0.02146899719734866 -3.2083741735642684 -0.01705600153191243 0.021064230809951304 0.9996339465963813 142.08181785515757
0.9995537846791189 0.024697483067402153 0.01702882587988559 1.4339597360721914 -0.024324923561491758 0.9994666834979342 -0.02176222549852491 -3.2379546792614464 -0.017554171866897714 0.021330109474892466 0.9996196602457259 143.20929589088468
0.9995423938320225 0.024916000099924843 0.017373392367401284 1.4530270993160517 -0.024535222865382265 0.9994602054054313 -0.021813908865792174 -3.265174427194027 -0.017904513169393725 0.021369446743253955 0.9996123089324579 144.23488212233806
0.9995323859176397 0.02512936452943001 0.017650025014745205 1.4727286442215075 -0.02473797044541521 0.9994492601111605 -0.022070929833812356 -3.2933791738953677 -0.018191994532582 0.02161575856635108 0.9996015373455742 145.21723880404372
0.9995205655274998 0.025381877496227202 0.017960088616620764 1.4912494004452395 -0.024984821352863625 0.9994446076276405 -0.02199932394456502 -3.320054640113446 -0.018505722296081786 0.02153183241564634 0.9995976438602168 146.1962686764798
0.999510659372942 0.02565589988910581 0.018111044640609582 1.5092160479986167 -0.025259795716917745 0.9994425381355668 -0.021753268121396677 -3.3463063423801263 -0.018656610878457054 0.021277288067618916 0.9996000470766122 147.1910005618829
0.9995019712703681 0.025911515396606386 0.018254425740382312 1.5292275777777342 -0.0255103373410552 0.999433794300508 -0.021886792155640218 -3.3767533068544355 -0.01880838139499631 0.021402159266025844 0.9995950219094681 148.2628153906303
0.9994800961383588 0.02655394887907101 0.018533750394067964 1.5486764015690637 -0.02613907622917026 0.9994086402132332 -0.022283293398134174 -3.40617135715577 -0.01911168926188001 0.02177937458498048 0.9995811239414628 149.2511667106713
0.9994666399941871 0.02683900798862347 0.01883191970550083 1.5700163838111756 -0.02640157273176837 0.9993830894660907 -0.023093797225586504 -3.437780712680102 -0.019437620540748737 0.022576643899949813 0.9995569379943479 150.24386931624858
0.9994496956993828 0.027413944330013363 0.018905160977996327 1.5892323075668269 -0.026964545353556333 0.9993557043511768 -0.02361970365532122 -3.4699600583297134 -0.019538051305090606 0.023089398461398247 0.9995433520638978 151.25522151830975
0.9994356818840484 0.027933004312275207 0.018855558226775405 1.6062690696972015 -0.0274757348183821 0.9993311454861163 -0.024054013696722044 -3.5009474141191057 -0.01951280085658918 0.023515299601983588 0.999533434074301 152.23874335534222
0.9994268143629418 0.028263203044061783 0.018836380512887926 1.6236688094870406 -0.027806887549248822 0.9993227903504492 -0.024027826941688684 -3.5292594357732465 -0.019500683293029144 0.023483228255724013 0.9995345450857366 153.22306826653943
0.9994228601509884 0.028352742821980848 0.018902542967840663 1.6415644724032814 -0.027905559542459667 0.9993328810020995 -0.023473728572783983 -3.555881585425262 -0.019553458965950687 0.022925919416457014 0.9995463759741142 154.21341641307131
0.9994400596970655 0.02790079146150501 0.018683023495480528 1.6608531607773316 -0.0274727548723581 0.9993614715472302 -0.02277161205976056 -3.582177317995328 -0.01930426850277181 0.022238779370695457 0.9995669513707631 155.2104158866397
0.9994587534143388 0.02731921107164364 0.01853591211861374 1.6807930785488687 -0.026891815760998153 0.9993743208622866 -0.022897789980630915 -3.6104690509810524 -0.019147796739582886 0.022380233961844225 0.9995667674397821 156.19718765690538
0.999458880381806 0.027318375329941903 0.01852371502211873 1.7005873906248796 -0.026883310801770408 0.9993648638264634 -0.02331554203259131 -3.640251430933268 -0.019146888753999388 0.022798102762530994 0.9995573073492005 157.1792896267482
0.9994442836021731 0.027863817990016616 0.018506977447358904 1.7180750852917708 -0.027426755542461597 0.9993476767718608 -0.023430679472985518 -3.668293029024066 -0.019145784480851455 0.022903130214866237 0.999555051854844 158.16385362911635
0.9994399301454528 0.028084206597493718 0.01840400483374057 1.736530894391198 -0.02765662565849226 0.9993500599867527 -0.023054773398209293 -3.6925706705947756 -0.01903752296132271 0.022525933422415406 0.9995656480442363 159.14784575585296
0.9994355222765361 0.028312330299305005 0.018288818770865335 1.7533518017195666 -0.027900152024489526 0.9993587859670497 -0.02238449264064446 -3.7154970536356187 -0.01890888810003906 0.021854608389038386 0.9995831046757946 160.1270398138117
0.9994251648903741 0.02871066736047788 0.018251027913394707 1.7711283173146701 -0.02829802833312157 0.9993459730559784 -0.02246105449682456 -3.7426135736440345 -0.018881857893348068 0.0219244631694746 0.9995820820603927 161.14069888201425
0.9994194785227707 0.028957066947073843 0.018200563146608152 1.7909096585652946 -0.028542725359639403 0.999335534599681 -0.022628251996183967 -3.772187193244618 -0.018841365755636566 0.022088422580823667 0.9995796053474245 162.1762138065012
0.9994097741120449 0.029172851846695602 0.01836741202969386 1.8118799262672007 -0.028765544646741605 0.999341767622348 -0.022050663937873378 -3.8012125010922166 -0.018996409427689733 0.021502140763103063 0.9995891618531144 163.28752919050163
0.9993963425318727 0.02951519355984373 0.01856662935023595 1.8318276335648163 -0.029129076652797615 0.9993593807169582 -0.020758003815912113 -3.8266256785249055 -0.01916508903945315 0.020197335296169263 0.9996133523084556 164.3135095169892
0.9993691603979912 0.030014143970443826 0.01922338825603154 1.850169196924478 -0.029631547577537935 0.9993619524877041 -0.019907190878958463 -3.8505892059450106 -0.019806324614107827 0.019317645411397796 0.9996181611655353 165.30368671250568
0.9993628690287063 0.029996413427777934 0.019559636202384104 1.8712912897561675 -0.02960748822753328 0.9993628755841242 -0.019893488253373507 -3.8769593048888344 -0.02014166623386295 0.01929436240160586 0.9996117895019764 166.32536097981952
0.9993635664873183 0.02988202589681264 0.01969365426729485 1.8925088781961124 -0.029480511425099904 0.9993566463739464 -0.02037026766311449 -3.904001906653039 -0.020287776365572587 0.01976995186101972 0.9995994438986431 167.30059084768445
0.9993520430832499 0.03024483593421449 0.019733957150875663 1.9123111269218085 -0.02984076203056873 0.9993440928368301 -0.0204529233542424 -3.929510558473591 -0.020337791082471697 0.019844061193826857 0.9995968468457322 168.28248527739257
0.9993582632149969 0.030069685416493436 0.019675325677981373 1.9334553307462434 -0.029667201367964323 0.9993493076425536 -0.02042765276681019 -3.9545919496633886 -0.02027509277230679 0.019824370146730007 0.9995985211405918 169.26601792058295
0.9993560874469908 0.030264944800513702 0.01948471691405523 1.952090875567801 -0.02987720096559807 0.9993540482612935 -0.019878800256948322 -3.9778760958996378 -0.02007213050196441 0.01927737696516805 0.9996132468921475 170.26274022489446
0.9993339818375152 0.031064172233878064 0.019350814300498245 1.9695479623192644 -0.030698843894518123 0.999348213917931 -0.018870183841813104 -3.9988241269970484 -0.01992298428876387 0.01825740250963148 0.9996351329884806 171.25575293206367
0.9993416831366405 0.03098499688887589 0.019092887196310644 1.989684161577473 -0.030655006532251814 0.999378162810376 -0.017316772103371042 -4.018369438609232 -0.019616228640462835 0.016714146677956603 0.9996681282171879 172.25648038407272
0.9993375571028517 0.031112922508761028 0.019095049963889645 2.010306506001632 -0.03078729672753123 0.9993776998933035 -0.017088327576950106 -4.039068964982199 -0.019613611084469566 0.016483363631132966 0.9996719831856091 173.25884005985677
