1.0 0.0 0.0 0.0 0.0 1.0 0.0 0.0 0.0 0.0 1.0 0.0
1.0 -3.910064697265625e-05 0.0004876255989074707 0.005537953227758408 3.936886787414551e-05 0.9999998211860657 -0.000604093074798584 -0.007341861724853516 -0.0004875659942626953 0.0006039738655090332 0.9999996423721313 1.1474252939224243
0.9999997565643675 -0.00020304455571906743 0.0009736690664965408 0.010028032544345145 0.00020366465371957077 0.9999998533052397 -0.0005403415406579626 -0.013572429204656927 -0.000973542645541059 0.0005402023309226678 0.9999992054667226 2.283272075975976
0.9999996324994427 -2.155113688806448e-05 0.0013841519773335712 0.0130537414413152 2.1794219056004196e-05 1.0000002459636113 -0.00032365468348131694 -0.020031456157022114 -0.0013838996883018485 0.0003230648277848123 0.9999989228107861 3.4465344877616126
0.9999988097298428 0.00029893301289246447 0.0018112827293130936 0.016658154024739927 -0.0002981743583787312 1.0000001925415554 -0.0005103867725973084 -0.02842994668690002 -0.0018111590002390832 0.0005092436089511971 0.999998271380461 4.6144667163016235
0.9999978367634532 0.0001969443580499326 0.002299384568287785 0.022183119102208056 -0.00019626944535844674 1.000000325090199 -0.00031011154654461334 -0.03588540230704148 -0.002299238411398671 0.00030909680485602885 0.999997310706588 5.7620570704051355
0.9999964416250499 0.0011278386118558988 0.002619313055657786 0.024129377074812088 -0.0011274931174662759 0.9999997745240202 -0.00015111924951434025 -0.04190658446682498 -0.002619124429655652 0.00014751348431241485 0.9999965051389449 6.918751120458971
0.9999947063778295 0.0019158453760086728 0.002874140245103674 0.026665957918863212 -0.0019152785968415467 0.9999985229802822 -0.0001879442430790807 -0.04825342883922759 -0.002874227955239993 0.00018216612014001975 0.9999957726098809 8.072258715858572
0.9999948206337418 0.001746997330919634 0.0028431883778772763 0.0322152546539637 -0.0017454703290895879 0.999998444491678 -0.00043011875787613284 -0.056491930719582556 -0.0028439469350149704 0.000425213443668421 0.9999957565076095 9.226243575631992
0.9999940161494301 0.0021164591251972608 0.002731296934247616 0.03466770821891742 -0.0021143205655310042 0.9999976262399676 -0.0005571198796073794 -0.06423870555296828 -0.002732731593063883 0.0005515382725217178 0.9999958411904213 10.393022253452418
0.9999943485042239 0.002022944591931409 0.0027256474369959666 0.03935181633965777 -0.0020211920520725925 0.9999980735861203 -0.0005370807976887298 -0.07203311034692217 -0.0027268095197327128 0.0005314687060003761 0.9999959870003345 11.558758756325176
0.9999935564693772 0.0020963828900416905 0.00300556809915907 0.044096269452289866 -0.002094564229997025 0.9999981450996162 -0.0005726942445856909 -0.08009141527685584 -0.0030066021972099508 0.0005660182073706862 0.9999953240953958 12.72504086947789
0.9999922596075216 0.0024704455194260342 0.003255441387868738 0.04793586155526124 -0.0024687978162748103 0.9999975002854775 -0.0005391237478524681 -0.08764199626758037 -0.0032564975075763964 0.0005305015808183659 0.9999947115434238 13.885666394134368
0.9999911531304437 0.002681283332927 0.0033619795820826076 0.052377976023429425 -0.0026796800821440626 0.9999967127475178 -0.00048064611898503357 -0.09556245444776312 -0.0033631811768659926 0.0004714317624474119 0.9999942770238844 15.06584829682247
0.9999894673256423 0.003163598043396312 0.003443104290611419 0.056299817122520995 -0.0031611847271838887 0.9999954143712869 -0.0007463138293473401 -0.10458597282310406 -0.0034453339073676316 0.0007351114489658002 0.9999938766494058 16.25110213193544
0.9999860714718319 0.0038398137222252255 0.003582802536791995 0.060457588562185055 -0.0038359474358877375 0.9999926346634753 -0.0010521710804923144 -0.11389989980142284 -0.003586970279573003 0.0010384654995294115 0.9999928694698791 17.425517073904334
0.9999824588502574 0.004583646858506287 0.0036938994026451248 0.06410216052309703 -0.004578406531599932 0.9999889649526847 -0.0013795606873066287 -0.12363443557315382 -0.0037003921204733217 0.0013627600027455319 0.9999918885018239 18.61174670061071
0.9999793687641013 0.00525188853725151 0.003733395565905417 0.07092417999728864 -0.005244542705127368 0.9999849897105847 -0.0020086963152598867 -0.13327638832251978 -0.003743440575861016 0.0019885533707886855 0.9999911129944458 19.794192796189794
0.9999815361190848 0.0051780037201431305 0.0032878393901378776 0.07889479194834167 -0.005166506945601299 0.9999811608584582 -0.0035870925053073017 -0.1461138690258486 -0.0033057004815670345 0.003569163596920861 0.9999885932435973 20.950195822407263
0.9999797595835584 0.005549604008254273 0.0033153185249393765 0.0842054934640234 -0.00553557971540022 0.9999763131190725 -0.004340761935759558 -0.15999110273555067 -0.003338430262882399 0.004321247217705887 0.9999856808536822 22.120940067479236
0.9999786051222148 0.005697867068384803 0.003325378836964645 0.08961355204110978 -0.005683677011528674 0.9999751151321823 -0.004358995625262702 -0.17251444907563884 -0.0033494107070416923 0.004339079317130354 0.9999852107460764 23.288638407396164
0.9999795956186319 0.005543317132571862 0.003292380617622431 0.09544038538650784 -0.005529119904811344 0.999975634593074 -0.004386285758682154 -0.18544524419048586 -0.0033159573649450087 0.004367371603405372 0.9999851419160943 24.455972276562182
0.9999789828408883 0.005636899012587447 0.0032665536876699233 0.10150242511014888 -0.005620527218038763 0.9999717840601294 -0.005039739712763674 -0.20059155682281665 -0.003294421392182853 0.005020949371124394 0.9999818842182537 25.632771883303555
0.9999789110139076 0.005655140429611403 0.0033299704836395987 0.10810926927287179 -0.005636613336237312 0.9999687739452165 -0.005643089234158353 -0.21666568682246956 -0.0033611414127031423 0.0056236672153697 0.9999787557184522 26.816740875227552
0.9999770061173463 0.00596709341789378 0.003336388875320607 0.11423975127514688 -0.005945829450806699 0.9999622843384156 -0.0064103247505228325 -0.23333821266771468 -0.0033738771709676714 0.0063896309823748484 0.9999739878493445 27.984352713888402
0.9999773478040563 0.005887759877234865 0.003376023723733458 0.1204638305443604 -0.005864738466631403 0.9999599556699109 -0.006830204838693127 -0.2496736542497323 -0.003415500123774465 0.0068094487899203705 0.9999709854769573 29.138996290025524
0.9999755500359621 0.006199607835108657 0.003329874653146528 0.12432913085011932 -0.006178644574357233 0.9999616047451065 -0.006240326661224376 -0.26222031711370364 -0.0033679559938478124 0.006218930156684963 0.9999749314586589 30.28738722742296
0.9999743271545107 0.006562266901490404 0.0031304059373919845 0.12821946159363662 -0.0065486688787337564 0.9999692939986332 -0.004354846299178134 -0.27194861858839564 -0.003158420609865222 0.004333695334039149 0.9999855724440888 31.440387525507393
0.9999737409407184 0.006785951321901254 0.0028873567355139885 0.13142829807561932 -0.00677513400577111 0.9999701174849808 -0.0037427457700544555 -0.2815484098996694 -0.0029122506857018485 0.0037225192690023335 0.9999888196795759 32.615562405229234
0.9999654912814486 0.007923344141597906 0.002864723892986175 0.13244669729122205 -0.00791202937001723 0.9999610337093431 -0.0039202469284402635 -0.291851557008196 -0.002895351301534906 0.0038970937016412598 0.9999882207712374 33.78437936975745
0.9999588895987437 0.00869940630539021 0.0028562776574572366 0.13387615623961155 -0.0086887133797774 0.9999552142693158 -0.0036847054342056132 -0.3009564692769317 -0.0028882440388721207 0.003659555799608343 0.9999889298526226 34.94885450843137
0.999951954703793 0.00944501368605255 0.002846613835334827 0.13483456055798035 -0.00943515045594772 0.9999495401695029 -0.0033668580063461874 -0.31000609268103607 -0.0028785766312352896 0.0033398580477458457 0.9999897709550599 36.13575959610178
0.9999433783519204 0.01036991215221596 0.0027064658575973724 0.13478073519648698 -0.010360095480887798 0.9999397233080278 -0.0035132416453407967 -0.31952886795510393 -0.002743173760524081 0.0034850425423691763 0.9999896770871712 37.335192804303595
0.9999358659943259 0.011119783744308205 0.0025203562308813 0.13794515394080006 -0.01110977043161918 0.9999306019303282 -0.003830749571037539 -0.3291718475657849 -0.0025632761486804514 0.003802553936922611 0.9999890057589402 38.55250363723225
0.9999230632166876 0.012200571881584868 0.002500016104899782 0.13938353137066153 -0.012189770148395685 0.9999166499395489 -0.004153567992769189 -0.3392448757736043 -0.0025510195537097272 0.00412286617290002 0.9999877011540239 39.75382416663368
0.9999027417855723 0.013759618233559508 0.0025891809815920008 0.1403404334100527 -0.013747203762925408 0.9998941105397207 -0.0046795677960619775 -0.35094439325175586 -0.00265361105488134 0.0046433709807335985 0.9999852933338366 40.96309475630059
0.9998937596568648 0.014404284766664032 0.002539142039634929 0.14275539435888554 -0.014391251309425136 0.9998832570372017 -0.005043153877179223 -0.36463310079511013 -0.002611718693024657 0.005006048866083453 0.9999836619057019 42.16834248021939
0.9998810293490361 0.015259786045225666 0.0024404768390318635 0.1441437000462489 -0.015246312878138771 0.9998687255524757 -0.005389288975285318 -0.37799718138112326 -0.0025228053151090373 0.005351661225688435 0.9999819284007726 43.37137877901261
0.9998743059927925 0.015705881342378013 0.0023571131736727286 0.14690587499155106 -0.01569250459422404 0.9998610721764623 -0.005502350499410958 -0.3915795464939167 -0.002443712777253117 0.00546503355353194 0.9999814033155493 44.5671609890085
0.9998632584820358 0.016405089877678934 0.0022577272215350587 0.14919585078168332 -0.01639161127391545 0.9998484353055386 -0.005761200285308374 -0.4052751579667192 -0.0023525223525643984 0.0057240009296503245 0.9999799748051241 45.77366569033383
0.999858650550103 0.016694727475931728 0.0020897827826663103 0.1513600706108249 -0.016682094305657803 0.9998435580518381 -0.0057076572283191445 -0.41840538480792694 -0.0021855610663595315 0.005672951869401294 0.9999805433876676 46.966455383723726
0.9998558197864228 0.01689379667690445 0.0019093808985327326 0.1528301888195006 -0.01688225857743936 0.9998397401202233 -0.0057709354413538845 -0.431884290024058 -0.002007195307307599 0.005739033842577141 0.9999804996949266 48.15127801876505
0.9998502436903718 0.017257414787228715 0.0014848507833521265 0.15335280193387754 -0.01724799744297271 0.9998319205470191 -0.006056462764985876 -0.44557798551562494 -0.0015897015624239189 0.006031047511021268 0.9999796624286241 49.34185742476913
0.9998433854405342 0.017663470947515185 0.0012207335997922565 0.15188458741532135 -0.017655849821660196 0.9998245301297891 -0.006056436411409988 -0.45776625070282545 -0.0013279893348524742 0.0060350488182577475 0.9999799357072083 50.5066913600333
0.9998333815385062 0.01824716319482127 0.0010643477480260968 0.15118487970399097 -0.018240581106917626 0.9998141272335683 -0.006089563184610909 -0.4701416895957832 -0.0011755608563983858 0.006069887400423693 0.9999801644412534 51.694639566282774
0.9998218943605327 0.01886666574576211 0.0009007440159551553 0.15038532186054518 -0.018860728475408317 0.9998013606184358 -0.006249142776382244 -0.4831093509326735 -0.0010189265527221294 0.006231873767746215 0.9999791282872628 52.887282918943235
0.9998216528415004 0.018910402877283523 0.0006472406931525169 0.15129885634703075 -0.018906181349780116 0.9998005693606545 -0.006239115376635113 -0.4966380434503223 -0.0007654388247206157 0.006226405280437961 0.9999795386297828 54.07873621782118
0.999813471683627 0.019340931221858735 0.0005195851756869738 0.150779374470708 -0.019337664981981584 0.9997930844562843 -0.006131394694798476 -0.5090766778794269 -0.0006384535855602558 0.006120696770603821 0.9999805318860684 55.28763443992442
0.9998025654735287 0.019924675715780514 0.000232580230246731 0.14897176008160923 -0.019923442511679462 0.9997835952292526 -0.005831676827946802 -0.5207473937547352 -0.00034877966736896685 0.00582609130901312 0.9999827574200979 56.49768685047782
0.9998020136150204 0.019992607302745703 -0.00015299752421742374 0.14979728467612388 -0.019994016981348686 0.9997860816609573 -0.005164975398923506 -0.5292385275987578 4.9958089548441645e-05 0.0051670601659328085 0.9999868545243049 57.72009126881681
0.9997987303840531 0.020166589297659163 -0.0004426207478051932 0.14909567784505978 -0.020169379415809707 0.9997856450273079 -0.004570477621268624 -0.5376972080083907 0.0003506852153229838 0.0045783317155237225 0.9999897615669509 58.913656080363516
0.9997953304078744 0.020342584357253495 -0.0006421823510786308 0.14749089342260285 -0.020346228513750963 0.9997828498893815 -0.004388409335243573 -0.5471736845344816 0.0005531592878592568 0.004400445301667322 0.9999907437120705 60.092016177177015
0.999797286690589 0.02020293317284051 -0.0010122543504315104 0.14617426885944315 -0.02020779836808167 0.9997855633677419 -0.004369311073212554 -0.558199956464895 0.0009237677072358345 0.004388923261722214 0.9999902320902444 61.291567020473785
0.9997953018726794 0.020265309085440976 -0.0016805150987557848 0.14302398826708523 -0.02027175238534679 0.9997873008316449 -0.0035366297852965495 -0.5668877711118495 0.0016084401200962635 0.0035701816151359885 0.9999924786928938 62.475355030936875
0.9998029497378353 0.01983925848758794 -0.0022045209160549777 0.14054179915625434 -0.01984512964993617 0.9997992677002804 -0.0023601652248746822 -0.5742029976617561 0.0021571852272996702 0.0024036394615594772 0.9999949842557723 63.669493107140624
0.9998010590066608 0.019805837752254835 -0.0030423720801413213 0.13641335011201017 -0.019812777905460745 0.9998002294939891 -0.0021200027749165846 -0.5822518333704966 0.002999505415293514 0.0021802282436936193 0.9999932272795423 64.83445625761871
0.9997886616938191 0.02028962669508682 -0.0038258494727175987 0.13089051413040728 -0.02030209239388459 0.9997875720664258 -0.003156982511981822 -0.5948760991407511 0.003760600069659245 0.003234432632769915 0.9999876317480786 66.0327140200913
0.9997817602509456 0.020422733791405207 -0.004700527503754111 0.12539374987021246 -0.020444602147453566 0.9997785826409682 -0.004640001976401943 -0.6095959796693146 0.0046040761872779825 0.004736074797814134 0.9999778148835144 67.16126497412202
0.9997671441740957 0.020957317407949386 -0.005371513712741294 0.1170563887152975 -0.0209861585458231 0.9997632762093903 -0.005385968000636553 -0.6235647638931353 0.005256563157758442 0.005498581220188506 0.9999703646589612 68.26559588316113
0.9997530936969875 0.021424137815616875 -0.006088139371899844 0.10703817183844351 -0.021454127149256864 0.9997559695977468 -0.004895449874365471 -0.6338887614150929 0.005981074393478243 0.005026076070085815 0.9999688006830161 69.37739051955717
0.9997315345121913 0.02210180272268025 -0.007110718735913294 0.09615603296962466 -0.022126272942903483 0.9997475952174715 -0.0033487798901629985 -0.6417110293909363 0.0070341159957805445 0.0035063967401606022 0.9999684804220846 70.46223635964827
0.9997171343787765 0.02253147132908451 -0.007759387814388082 0.08535400761948284 -0.022549731449376702 0.9997414063332595 -0.0022337990335485535 -0.6486649101198941 0.0077062968638120935 0.002409274799516281 0.9999668883022954 71.5546326887378
0.9996938078306385 0.023243938196317992 -0.008604873680799468 0.07294552364920504 -0.02326206790808592 0.999725331945532 -0.0019924949490643037 -0.6553877850026331 0.00855510935103966 0.0021936264982675424 0.9999602715267705 72.62528106297788
0.9996835862926815 0.023354730190332323 -0.009506084458846572 0.06087766250517787 -0.023372657877954825 0.9997236690489101 -0.0017175113124733052 -0.6621374191434919 0.00946264416256826 0.0019403529092817168 0.9999530657566648 73.69873005698173
0.9996606367536262 0.024066553643290356 -0.010120826276260576 0.04781941269349196 -0.024089829895063718 0.9997058066243272 -0.00214713342555114 -0.6705658559041656 0.010065344214261663 0.0023916109312518393 0.9999461260399531 74.75790856824189
0.9996274252102046 0.0251370481450648 -0.01081943531530757 0.03485319626462277 -0.025170980505495787 0.9996771148717276 -0.0029667301412666957 -0.6789210761951421 0.010740694130863118 0.003239157754806405 0.9999369966519216 75.8091515761141
0.9996120389342883 0.025528143252042387 -0.011352875357554717 0.022703950991986604 -0.025569107143133644 0.9996659213838575 -0.0034061057634023457 -0.6878186171931526 0.011261843318695702 0.003695604827139941 0.9999299209997071 76.82856163937454
0.9995969689025399 0.025987832137979262 -0.011635884293030871 0.009732883727573222 -0.026026984872795176 0.9996545686350182 -0.003159536444316872 -0.6944176345898584 0.011549334375328067 0.0034619921413338427 0.9999273095022685 77.83361895219598
0.999582995447428 0.026540914611938533 -0.011590878513135049 -0.002805721801118155 -0.026579573430763496 0.9996401544899158 -0.0031300315340393203 -0.7018853203158991 0.011503165553512024 0.003437773199263014 0.999927926458089 78.84037764999098
0.999572975772857 0.027071512585567756 -0.011240269223242583 -0.013031965365634675 -0.02711216903270287 0.9996248160846847 -0.0034106195953178017 -0.711058351899665 0.011143251200880895 0.003714768284832272 0.9999311118561647 79.82164159500127
0.999566453530423 0.027622267100212386 -0.01046222923315057 -0.021280433391751084 -0.02766243945808103 0.9996089041337823 -0.0036301869327849544 -0.7207713007444336 0.010357445266959371 0.003918716462029402 0.9999387506930929 80.8042882787968
0.9995752163201304 0.027822544033217045 -0.009015428582171057 -0.025628052286056278 -0.027857212718889555 0.9996040579211194 -0.00361481499561598 -0.7302525971303485 0.008911089891069517 0.00386483695218288 0.999953168649612 81.74478978956719
0.9995669378147851 0.028864996202773024 -0.00621065854706411 -0.02813668631620008 -0.02889045103752013 0.9995734780712863 -0.003905923678428087 -0.7405771876395901 0.006094820064352423 0.004084211314387114 0.9999731708195467 82.6772705832602
0.9995654959792587 0.02952577326650149 -0.0016130371936221126 -0.02403393043879704 -0.02953308522181705 0.9995531780230811 -0.004263104493550857 -0.7523319157086322 0.001486078283051191 0.004309389786558651 0.9999897780900108 83.58173988024026
0.9995431574371788 0.03006543077438056 0.003960570313037617 -0.012916705344457961 -0.030049093845422863 0.9995378329952083 -0.004346767843637972 -0.7640315396076344 -0.004089817202492687 0.004226419452645433 0.9999830317646738 84.48339928405593
0.9994818403375081 0.030548764195383285 0.01044585125983714 0.006387874039175326 -0.03050950480269726 0.9995256432411288 -0.003990625793605082 -0.7751645419727975 -0.010563450556124735 0.0036708044831631364 0.9999380895923508 85.35646858096051
0.9993653632979032 0.0308772306815957 0.0179472889792166 0.03522681669503354 -0.03082433369603023 0.9995187393412718 -0.0032736238203435043 -0.7859947189111596 -0.018040240221770677 0.002719392886461226 0.9998343292863041 86.22094509332362
0.9991405732112021 0.031174021491503674 0.027436369378979093 0.07302885280352661 -0.03107574064928027 0.9995080817383941 -0.004034134319687861 -0.8009642767938355 -0.027549150850518206 0.0031791286815814625 0.9996163747715453 87.04768237175789
0.9987598948083529 0.03135354763481903 0.038758719230660904 0.12209533492922699 -0.031185553090332618 0.99950082235292 -0.004952656856380761 -0.8168549332446684 -0.0388950646738974 0.003738696505610742 0.9992375012016761 87.8548988363679
0.9981313485241688 0.031626974125802745 0.052336641380461284 0.1828791589326845 -0.03135429443555147 0.9994889439248866 -0.006049322859116841 -0.8341991902045091 -0.05250159606443098 0.004398165289312983 0.9986120438180812 88.6391749009371
0.9972483325823522 0.03151969768643868 0.06713720578055984 0.2574142199606342 -0.03113516470095436 0.9994910354909068 -0.0067885953853725175 -0.8510644273512011 -0.06731735695943784 0.0046808253126774816 0.9977215112542643 89.4253122723067
0.9961653463762714 0.030465785014669195 0.08204309652662539 0.34688509852366833 -0.030027005568970613 0.9995261199051837 -0.006595587533584079 -0.8605538983556463 -0.08220525377472088 0.004108001657996034 0.9966077240030108 90.19932229593282
0.995263276021122 0.02585090510965424 0.09374232360738358 0.442092806443667 -0.02517867530015237 0.9996465150833423 -0.008364404703067652 -0.8750564891530447 -0.09392564895365005 0.005965475270618345 0.9955620978692429 90.95092861434415
0.9945412322430505 0.023704842593548357 0.10163993077479233 0.530485916527711 -0.022938529169174035 0.9996972799969913 -0.008717795965651044 -0.8895814467087495 -0.1018160194971291 0.006339459158348967 0.9947839971961814 91.67818072947911
0.9937316066080853 0.023235347212314194 0.10937461546845954 0.6270553100981684 -0.022568603480841304 0.9997167830003993 -0.0073450892315761115 -0.9018884743562655 -0.10951449443824254 0.004831398025935596 0.99397435729689 92.40821765329333
0.9927386159563217 0.022733420953725034 0.11814054088286234 0.7282231505977264 -0.0224654992272023 0.9997388339997579 -0.0036100899052758538 -0.9094825887109487 -0.11819123662756906 0.0009301395067643691 0.992990366254475 93.0993613493085
0.9918607243154219 0.02206600530345331 0.12541844625437673 0.8244573917255099 -0.022236969623318534 0.9997503922766825 -4.616756289016347e-05 -0.9140397185482475 -0.1253875094732872 -0.002742901522684159 0.9921038919811699 93.72660778051159
0.9909851961742376 0.02154380812476123 0.13224397494904286 0.913274118151582 -0.02172987558621331 0.9997608411622654 -4.308528416048931e-05 -0.9220903068044588 -0.13221249304056062 -0.002831350432730872 0.991217068633276 94.29132966423384
0.9900256252025175 0.01995716102429804 0.13948496936172478 0.9941409106306098 -0.01975887837918673 0.9997984297280746 -0.0028158058526003794 -0.9355447173851956 -0.13951231349402796 3.15257906860697e-05 0.9902200496065855 94.77484704454582
0.9889546576062835 0.017938025232572746 0.14714577609046336 1.0729005309146888 -0.01707660533284228 0.9998264322713786 -0.007124665706280259 -0.9508739556083249 -0.1472472293534567 0.00453341059929784 0.9890889607679743 95.2133458082533
0.9878544415215994 0.01694765296073813 0.15447119221870065 1.145056981474793 -0.015585253763851543 0.9998251220341339 -0.010034987335945529 -0.962894118545556 -0.15461353984102877 0.0075056535785164545 0.9879459735625232 95.60693716340906
0.9868347379513418 0.015254035635088028 0.1610245530778287 1.2146203682932695 -0.013641855548126438 0.9998415533090315 -0.011119180450645997 -0.9716497097568239 -0.1611679101904307 0.008775994335164315 0.9868872685693105 95.97783066950647
0.9858489972734171 0.015206359669705533 0.16695934425902728 1.2784965296868827 -0.013529776689654402 0.9998427393803621 -0.011181554859054522 -0.9779632571164223 -0.16710246425540592 0.008764489925465923 0.9858999315708078 96.31004008835518
0.9847219491597051 0.015358552528086954 0.17347010522924572 1.3426931447835 -0.013619775674782307 0.9998410923633491 -0.01121551723169367 -0.9839025285339746 -0.173614126917821 0.008681505737143238 0.984774791077259 96.61948709623537
0.9836067279918242 0.015357005399452395 0.17968677016419207 1.3999950604036122 -0.013399413398487048 0.9998333963923383 -0.012108336324590779 -0.9912665170348489 -0.17984210363084646 0.009501925087722025 0.983648856013145 96.89178741889064
0.9824081334500725 0.015931042584223103 0.186081124724348 1.453522291577462 -0.013488893142208833 0.9998020896817126 -0.014387027783456966 -0.9984448149785368 -0.1862728288396766 0.011623665206817287 0.982428622068699 97.14279893532226
0.9810988321571598 0.014995361589180516 0.1929383195203484 1.50621551731142 -0.012190330448144505 0.999798149959347 -0.015720323021099613 -1.003312918219897 -0.19313448511111075 0.01307063851076232 0.9810843273055939 97.36465225240192
0.9797617839007696 0.014226127786523166 0.19967231211970288 1.5661033908772353 -0.011264803215357794 0.9998051681782124 -0.015961954921628472 -1.0070535879342073 -0.1998598770412282 0.013388961660614894 0.9797319335882457 97.5854040911325
0.9784127931433199 0.013092732955064709 0.2062577677863132 1.6211930602673925 -0.01000817850187244 0.9998183150248896 -0.015995078322545393 -1.008926841851396 -0.20642919512682426 0.013584816116503286 0.9783665187496954 97.78058193776845
0.9769841244681526 0.012694568806946359 0.2129448056292822 1.6767755776325448 -0.009484896366076108 0.9998210328159046 -0.016089687469530278 -1.0113283931544483 -0.21311046692162675 0.013698347557724942 0.976930925932959 97.97677819342441
0.9753484048969407 0.012592723327407533 0.22032033250843602 1.7333973817263486 -0.009198284813147498 0.9998181383523622 -0.016427963957064803 -1.0144342250103342 -0.22048657530884463 0.013995266853403883 0.975288417893081 98.16763414086674
0.9734234461659498 0.01256640238472019 0.22867591866940198 1.7892789791559471 -0.008918477573592404 0.9998112574255396 -0.016981074339883925 -1.0173564794701737 -0.22884556835999764 0.01448918992454972 0.9733537410847248 98.34305152080309
0.971209317091829 0.013016170235824681 0.2378792034017153 1.8453544687093617 -0.009028437887407507 0.9997949134083796 -0.017848226999917227 -1.0198462234895256 -0.23806235986284505 0.015185709504700268 0.9711300348644906 98.51344977212683
0.968635475301986 0.013411126036617163 0.2481317391056738 1.9032402834075526 -0.00898463897082212 0.9997749143875109 -0.018965375922333147 -1.0221221964797345 -0.24832992983144728 0.0161402531376325 0.9685400969620922 98.67390392206205
0.9654241329623935 0.013541364910001808 0.2603387021237601 1.9697320529934461 -0.008750449405148344 0.9997655044912847 -0.0195554713243072 -1.0235316586343508 -0.26054210383246423 0.016600114556532108 0.9653187238356766 98.84282785252935
0.9614112524214127 0.014114453880617031 0.2747593837770518 2.0411243693030814 -0.008910387894521598 0.9997518232419963 -0.02018125634628972 -1.0250516022599934 -0.27497555959693404 0.016952964376444536 0.9613007953879473 99.00755851799204
0.956798337251082 0.01488998096807108 0.2903757688902706 2.1179624207552292 -0.009162377968586446 0.999730683355565 -0.021077109904234705 -1.0270834280608716 -0.29061094348102057 0.017504671833893832 0.9566799064167433 99.17135276777354
0.9516444849157453 0.014768434340454283 0.30685132654093544 2.2020139840755877 -0.008480336575980116 0.9997208487164201 -0.02181824202930238 -1.0287437167050733 -0.3070875143088036 0.018159483795343524 0.9515068190110079 99.33605162502467
0.9453106785031093 0.014347869588948911 0.32586025581755595 2.2946430249359437 -0.007556259883001845 0.9997219429253845 -0.022100781127282434 -1.0290052646831795 -0.32608643156667205 0.01842814076405138 0.9451591018748334 99.50034165046179
0.9379847346680321 0.014139583530873879 0.3463923408911764 2.3926638059655985 -0.006862886353712348 0.999724161125499 -0.022227213165192248 -1.0293929172281833 -0.3466107806735406 0.018469976456107148 0.9378257862684923 99.6635807917731
0.9308111559857817 0.013680206629820646 0.3652488286767986 2.4920783710917025 -0.005783898751711273 0.9997202867306245 -0.0227067227115719 -1.0311381256358596 -0.36545707219280016 0.019021652292443743 0.9306323469896587 99.82497876448929
0.9226579668660178 0.01437335472936848 0.38535561301362314 2.5950327289070856 -0.005769991963977161 0.9997027646879615 -0.023474875826346695 -1.0318269558005837 -0.3855783974007753 0.019434595000242295 0.9224690422707218 99.98495973017909
0.9130025388824639 0.01562039684517327 0.4076587859459732 2.707189217498607 -0.006218429554893682 0.9996783975832791 -0.02437995590697264 -1.0325551996092994 -0.4079085032010913 0.019722748835692635 0.9128084579908646 100.15077647630082
0.902710640276168 0.017197761290108148 0.42990808026300625 2.828791867322278 -0.006727397893362541 0.9996377499102639 -0.025864783498490484 -1.0340982143714177 -0.4301970712677914 0.020455109723713807 0.9025018389586112 100.31484229109263
0.8913088728134577 0.018771831180749043 0.45301168885860754 2.951304194569471 -0.00728768674441361 0.999601515281697 -0.027084589835951026 -1.0347810642362416 -0.45333953182398634 0.02083831055437769 0.8910930040961745 100.46801814934507
0.8780089114794322 0.01901097718886481 0.4782697585622789 3.0930217230759025 -0.006381678289896885 0.9995816277487983 -0.02801919604200213 -1.0374441076529053 -0.4786022683381645 0.021548232860635317 0.8777657333611998 100.64032547162364
0.863289773612921 0.019851951804941585 0.5043212778448307 3.2495040607974595 -0.00596716039570932 0.9995525073025773 -0.029133386018852927 -1.0415910666693349 -0.5046738431341262 0.022140487786792607 0.8630246929263884 100.82114941013893
0.8469734953617316 0.020459425906195344 0.5312435024226201 3.422630965696368 -0.0054475642864500184 0.9995351514668275 -0.029811338003565533 -1.0466246175445348 -0.5316061841612892 0.022355099042774013 0.8466944913283987 101.00958191026794
0.8281715022252488 0.021020447815989114 0.5600820461003747 3.6183267542272652 -0.005116802706251167 0.9995322288382711 -0.029949563069657095 -1.051360758227017 -0.5604495008645779 0.02193764987214156 0.8278952958654398 101.21093910683692
0.8068620370916729 0.02160743794616866 0.5903462818222865 3.839500214688712 -0.0051827900814898145 0.9995452153380032 -0.029502953595098497 -1.05518298637022 -0.5907152820865547 0.020745433673798414 0.8066106708705308 101.42422829050844
0.7830730349047744 0.021701874185742574 0.6215522264843352 4.0922651855854415 -0.004348989227611003 0.999551215041706 -0.029422930297352733 -1.0609103199670944 -0.621911854592056 0.020337876479715106 0.7828199600175244 101.65206590831971
0.7554543481100193 0.021265183302759748 0.6548569666193379 4.373242456188217 -0.0025161435121294883 0.9995533156965689 -0.02955812687139617 -1.068112182349485 -0.6551930624266646 0.020683063539274092 0.7551748568069128 101.87905470238285
0.7253998783344262 0.021879898152357607 0.6879810765010383 4.6857284304178455 -0.0020676566821885914 0.9995536557991385 -0.029610962246789666 -1.0768940525193536 -0.688321690616512 0.02005760021193222 0.7251252540021822 102.11631403163535
0.6939194703453557 0.021161253793469097 0.719742577536247 5.030299587960237 -2.716580459588818e-05 0.9995631384453506 -0.02936439692452295 -1.087691359639562 -0.7200495357341719 0.020357137962677744 0.693620694856136 102.35629814260056
0.6605635204106007 0.02048723227778403 0.750491177092181 5.412063583644606 0.002365717587074174 0.9995596295485258 -0.029371125957687514 -1.1016720491907879 -0.7507628648339482 0.021177426495738613 0.6602283989253015 102.60362121810107
0.6253196482693545 0.021104371799438606 0.780083631896208 5.816290131101749 0.003426587131879025 0.9995438520379036 -0.029790863683048376 -1.1172893060851943 -0.7803575612825269 0.021302530605426324 0.6249663997088684 102.84409701370808
0.5882947495361227 0.02236929499877097 0.8083374467220825 6.245551656689793 0.004066396449043577 0.999516311830636 -0.03062167340102062 -1.1358525915100257 -0.8086329879664426 0.021302333448209504 0.58792331789292 103.07531537997866
0.5496209530229244 0.024078816187375365 0.8350673893111172 6.694576245013297 0.003771497409357656 0.9994963595750892 -0.03130488637397456 -1.155317131326812 -0.8354023925230389 0.020356456683745413 0.5492571993582104 103.29378670439604
0.5105429021752993 0.02529212486125559 0.859480616388002 7.163444527876005 0.0038731261700685016 0.9994832965789072 -0.03171505850170462 -1.1759583056199168 -0.8598404687265031 0.01952152556989281 0.5101848425288465 103.49787009873452
0.47329137706030333 0.024057281648862748 0.8805780479500512 7.686333674813556 0.008241086532471582 0.999456231052679 -0.03173667405252938 -1.1952163758268126 -0.8808645521834569 0.02227834845965815 0.47283935121649423 103.70335300844391
0.43757841840245876 0.023670591543891468 0.8988695074059846 8.18991547155057 0.01150463021564427 0.9994184151443833 -0.03192114851982558 -1.2144793834238412 -0.8991040275442052 0.024309587741101528 0.4370550688068281 103.88140870176869
0.4030291518980869 0.02301348728416752 0.9148987884959078 8.703430740604956 0.015015953666059125 0.9993773006418906 -0.03175557295558144 -1.235043472121474 -0.915061507714334 0.026536836322463436 0.4024358251689135 104.0474686642776
0.37117680817086596 0.022573915338516784 0.928288961618594 9.24098156934423 0.01802150409475466 0.9993354289801455 -0.03150977581365386 -1.2575916435472196 -0.9283846120465068 0.02842536552845419 0.3705263886378995 104.20947991643027
0.3421837631779506 0.02482911374234244 0.9393059272770581 9.799360522147166 0.018108894899417607 0.9992852252855844 -0.03301373393423667 -1.286550014705241 -0.9394558360305391 0.028306989617516508 0.34149252259567425 104.36831468338504
0.3148480459837293 0.03074177499644551 0.9486452970656746 10.361494753837851 0.017037936677424197 0.9991256592711096 -0.038034589899665856 -1.3207863570529392 -0.9489866002138412 0.028138532834755283 0.3140519213602115 104.51690037586563
0.2889742966062187 0.03695157260854512 0.9566247098220864 10.917579087558076 0.015385623348977386 0.9989409105370951 -0.04323595450801123 -1.3562930491397416 -0.957210687951764 0.027212670454340934 0.2881026970866673 104.65334079778809
0.2646220335031971 0.03871031223632917 0.9635762440744525 11.500583877196803 0.01460722710584315 0.9989126991765894 -0.044143700135423555 -1.3918425688025078 -0.9642387106081427 0.025757045223079828 0.2637717347665599 104.78067271838138
0.24092136219559623 0.03835743550363677 0.9697876394915406 12.096461548678791 0.014628600748332214 0.9989560694379321 -0.043147508609030286 -1.4244821151694034 -0.9704315403468795 0.024582247934079097 0.24011159113445368 104.89417594838044
0.21631874884338548 0.03717231743259064 0.9756162930463401 12.713570206952662 0.01491763968612587 0.9990270307300497 -0.04137425771042223 -1.456055606764956 -0.9762061252154769 0.02350420544451382 0.21555676342829727 104.99532201964242
0.19169060913576738 0.03723286712307621 0.9807503417397959 13.34737008028404 0.015543227277667994 0.999034468941743 -0.040967400769541196 -1.4909263023980235 -0.9813297573969622 0.023097350485633276 0.19092986676344986 105.08264541237423
0.16756967648410712 0.03964542710192448 0.985064428030382 13.985344781677732 0.01637464281235865 0.9989362676349735 -0.04299186367199522 -1.5304169890536585 -0.9857219822612728 0.023334358181914476 0.16674551963329007 105.15631366913665
0.1445683914880956 0.043625523981556356 0.988534361083606 14.62191923129975 0.018865067009672425 0.9987196765599478 -0.0468365104133268 -1.5738505556489457 -0.9893130111322668 0.025419966420249965 0.14356360877213387 105.21654809932703
0.12435622254860619 0.047060584823231014 0.9911228598738587 15.273719478138316 0.022584907418667474 0.9984768593365866 -0.05024601763420963 -1.620755319392222 -0.9919793744303713 0.02863307697278363 0.12310745621520057 105.26864954697079
0.10778710279554737 0.04850067951640402 0.9929917277374379 15.964576782755927 0.026638451070548186 0.9983047734010208 -0.05165473365175871 -1.6695567046121234 -0.9938154858367287 0.032019303519223136 0.10631542000510827 105.31710911835523
0.09296785130681509 0.04941321777358979 0.9944434595189352 16.65870004554366 0.02809087294940589 0.9982348064247866 -0.05223089385259878 -1.7183391549934819 -0.9952708586101336 0.03279051051609775 0.09141857175461607 105.36093761698424
0.08043330578540295 0.05052702475360613 0.9954796053532599 17.355262035539532 0.02925479949949523 0.9981588436379534 -0.05302960967445476 -1.7629379961741236 -0.9963282731372537 0.03338815917872412 0.07881000702702456 105.39385450723029
0.07060126803552193 0.0515843526519088 0.996170990697771 18.058104503453215 0.030034516672321064 0.9980934118486937 -0.0538152512225066 -1.811080905804878 -0.997050322492061 0.03371915003464661 0.06892021284765869 105.42450748893155
0.06288825228991349 0.05266140593726849 0.9966315764908754 18.789087093633004 0.031240216216301818 0.9980080806218357 -0.05470836920596246 -1.8626116869018174 -0.997530170059236 0.0345760060349921 0.06112078510177112 105.4545372311394
0.0572577424814778 0.052982464241280544 0.9969538592732252 19.53781987499327 0.03230178417966439 0.9979639465234493 -0.05489444593038489 -1.9136108591008596 -0.997835296581608 0.03534711417207222 0.055432657908949405 105.48438526574176
0.053899002684023825 0.05320931413834561 0.9971291793482876 20.27701461790976 0.03318841094756466 0.9979265013990456 -0.055048968154542584 -1.9634192122211724 -0.9979934202081157 0.03606091115267176 0.05202421763709406 105.5132090768942
0.05268273611902504 0.053627675679335594 0.9971717047627926 21.029418540104388 0.03455606984662223 0.9978557673308012 -0.05549334725290532 -2.013365061993852 -0.9980121944477497 0.03738287645595198 0.050719413327425064 105.54356340086778
0.052161624354061804 0.053615145389989044 0.9971995668677786 21.790423553627303 0.03500642113584893 0.9978402166425318 -0.05548372623873242 -2.062441811232362 -0.9980235726416115 0.037803203219943474 0.05017507805033397 105.57659146412755
0.05198383066840661 0.05335443612047707 0.997223003972526 22.571171769881143 0.03545661308013176 0.9978379907700937 -0.0552385724321073 -2.1110579447804 -0.9980169548376995 0.03823016120102699 0.04998272651383121 105.61185139817738
0.051842116747993286 0.05263026147748412 0.9972687148695473 23.350523903592528 0.03550829570201591 0.9978758916163923 -0.054511069292651655 -2.1577751032557044 -0.998022201917356 0.03823759232947487 0.04986634999414408 105.64890520122708
0.051650540016725525 0.0514304078207756 0.9973412827124567 24.139627225620217 0.03548279413148578 0.9979418848780518 -0.0533018522074375 -2.203263528032171 -0.9980329417651712 0.03814198616673443 0.0497225230902502 105.68645054859705
0.05136751447635698 0.05080858699548474 0.9973877691891759 24.962712297518667 0.035466819405192536 0.9979759403276978 -0.05266802401279474 -2.2507773299627676 -0.9980482772038166 0.03808007854244396 0.04946471027384178 105.72488484988297
0.050949445608791326 0.04990640191761565 0.9974548488866033 25.77531644082942 0.03516732573812618 0.9980357037360711 -0.051734792060865016 -2.296428060096297 -0.9980804386118426 0.03771449687090447 0.049097314289017355 105.762887260264
0.050610108500324276 0.04882033999018871 0.9975258756050257 26.587784345755324 0.03507334518282668 0.9980956364183666 -0.05063067193039285 -2.340898183929325 -0.9981013122026783 0.037549908290689125 0.04880435788534911 105.80031592033976
0.0502278825312433 0.04847829959093839 0.9975618309108332 27.415378277887328 0.035383368465495675 0.9981015472651136 -0.05028876476398072 -2.3872805498225924 -0.998109083310712 0.03782323936308167 0.048420459982785005 105.83609724812212
0.04991370682824316 0.04824101123373119 0.9975889375553508 28.223340143516378 0.035232461106065587 0.9981197685139969 -0.05003222547430652 -2.432415855598123 -0.9981302442891039 0.0376449737944322 0.04812349365799228 105.87290214805851
