1.0 0.0 0.0 0.0 0.0 1.0 0.0 0.0 0.0 0.0 1.0 0.0
0.9999998807907104 -0.0002390146255493164 6.687641143798828e-05 0.005575657822191715 0.00023919343948364258 0.9999995827674866 0.00034108757972717285 -0.004790177568793297 -6.711483001708984e-05 -0.00034099817276000977 0.9999997615814209 1.446537971496582
0.9999996641036333 -0.0008870885277048046 0.00010089423987835744 0.012227874196797994 0.0008870842992436678 0.9999994977392275 -0.00021361466964364695 -0.012713045254985483 -0.00010059514343652154 0.00021375586010563552 1.00000006767179 2.8508213207999153
0.9999988769193779 -0.0015796844126801013 4.335953662908313e-05 0.019167822238163854 0.00157970673942958 0.9999970000440208 -0.0017745029022833978 -0.025430231668729212 -4.0395386817955246e-05 0.0017747815619637327 0.9999984286584388 4.247454085798401
0.9999986221423142 -0.001889610478485442 0.00013572146261981536 0.025264373403387233 0.0018895739058444687 0.9999960074559098 -0.0021923347810648176 -0.037731458914446944 -0.00013113010645654025 0.002192592606467125 0.9999979215534286 5.65813799807766
0.9999989243196402 -0.001655421390076176 0.0002915354556628939 0.029287883634002386 0.0016556426878874886 0.9999975608070273 -0.0015494723646878854 -0.046956871770706024 -0.0002886122685381669 0.0015500095960515226 0.9999991310382779 7.054146004768828
0.999999579307216 -0.0008875167346367783 0.0003603081874258903 0.03189539394982884 0.0008878344505615552 0.9999986568233032 -0.0012007599846986304 -0.05536815145482875 -0.00035906291140850503 0.0012014575901059018 0.9999992341207459 8.447877026836467
0.9999999829255377 -0.00038314276700830187 0.0004828865874047082 0.03581886678130796 0.0003834587622380389 0.9999993043958023 -0.0010344436956501084 -0.06436976731757263 -0.00048221613081771483 0.0010349498326666941 0.9999993897457289 9.869738921378467
0.9999996668532763 0.00032843444020257855 0.0009614486611226155 0.03982589446383862 -0.00032784434426697543 0.9999992732077744 -0.0006366670053185259 -0.07242389739292907 -0.0009616670466518879 0.0006371623371639436 0.9999989743442764 11.30306948120221
0.9999988899768496 0.0008135990453236068 0.0012935304094502252 0.04515191749448478 -0.0008126054675473919 0.9999989272927295 -0.0007433189613329881 -0.08216934279521575 -0.0012943607273824668 0.0007430005674157738 0.9999983486545101 12.73267431940692
0.9999984657354455 0.0010523742204623324 0.0013789444910159488 0.051563604709414144 -0.0010503337362116542 0.9999978545354911 -0.0013646470607053644 -0.09470927429974019 -0.0013807850317810826 0.0013644272593417255 0.9999974182196874 14.173718781122648
0.9999991374432561 0.000461412282493477 0.0013435905282303086 0.06058289077502145 -0.00045779321272662913 0.9999960341810543 -0.0026743898564407106 -0.11021105250991882 -0.0013451078595094201 0.0026749641307565962 0.9999949627748531 15.62470676822918
1.0000001284785107 -0.00047321799108969594 0.0007519937404141562 0.07003347775075888 0.0004775120618681989 0.9999827323521708 -0.005870333111059016 -0.13098187499587804 -0.0007492997311774237 0.005871721330161013 0.9999821999533542 17.079711837681188
0.9999980157560707 -0.002232818644975661 0.00016218049268838168 0.07936991229000183 0.0022342514726202364 0.9999560167824374 -0.009101009148444628 -0.1553409004539472 -0.00014215191189631538 0.009102770220450746 0.9999580718135798 18.507192023398126
0.9999914114617937 -0.004292817835362544 3.2124134617578226e-05 0.08723393801601581 0.004293004107018486 0.9999356205054344 -0.0104830814456694 -0.17891880320826817 1.2598057304174674e-05 0.010484656226116728 0.9999445584946404 19.90658362161143
0.9999880704630068 -0.004989136912182623 -0.00017321355511494264 0.09278324444197002 0.004987308515251994 0.9999307495620163 -0.010629406519724011 -0.20303462178753065 0.00022586805291964488 0.010630011372848261 0.9999430309041901 21.325685568243486
0.9999845229509351 -0.0055962048690772 -0.0004039907089767751 0.09832639226709836 0.005592271655361104 0.9999265159087901 -0.010665258220922583 -0.2269886333798213 0.00046310129648180585 0.010664821516637736 0.9999423714218014 22.74657066499583
0.9999867914675108 -0.005228540943408679 -0.0004746625158731438 0.10092184206549293 0.005223459126101721 0.9999239460986187 -0.011110913698660156 -0.249570907827052 0.0005325154154616458 0.011109975772524377 0.9999378271495876 24.190266085170208
0.9999897564924934 -0.004628121137369831 -0.000590185192838759 0.10214499008506975 0.004621686033993966 0.9999225044815049 -0.011491387497072196 -0.2729858714510029 0.0006429594700300513 0.011490188016437834 0.9999334248005697 25.611641330495978
0.9999912638717361 -0.004231962446034103 -0.0006376814315946458 0.10259643608275926 0.004225233597221319 0.999928145763043 -0.011139180412778775 -0.2953170560081866 0.0006843618181151382 0.011138050858811322 0.9999370873345611 27.031215043709686
0.999996066985009 -0.0029430981822232702 -0.0007249442668222742 0.10179482535731894 0.002935577417832105 0.9999376284453712 -0.010723596068019682 -0.3164840536696035 0.0007561599338419664 0.010722941648062421 0.9999421388423091 28.450026800242895
0.9999983283340529 -0.001812363286971809 -0.000796946725351485 0.1012883323687157 0.0018049362783347403 0.9999491330086012 -0.009832398044673514 -0.33701136652415786 0.0008143125356015827 0.009832534991944343 0.9999506916958281 29.884100245852323
1.0000001445190905 -0.00034346978087112465 -0.0008843234844809838 0.10042106151095052 0.0003362481862403621 0.999962061023442 -0.008617539584760178 -0.355635669445971 0.0008868748079032759 0.008618673557649358 0.9999622119495647 31.299847306623068
0.9999990340677072 0.0015121061637382047 -0.0009730597922065028 0.09879264801078282 -0.0015198679681747626 0.9999634557571196 -0.008313624978231035 -0.3743002574887142 0.0009599876616605561 0.008316450060371091 0.9999645146137326 32.744373033291744
0.9999950156506197 0.003241627924197531 -0.000823174280127394 0.09840321519908612 -0.0032485909080018725 0.9999552531546196 -0.008819730873528447 -0.3954331719585249 0.0007942078976955974 0.008823558707581189 0.9999605711959425 34.18351196539865
0.9999898590805244 0.004658246144484949 -0.0006407975273820463 0.09905355558550101 -0.004663964038943393 0.9999446382132835 -0.00939414847855329 -0.4183846167392994 0.0005966982012131556 0.009398109441821277 0.9999557733800413 35.6229475298175
0.999985709461842 0.005466378996197459 -0.0004970010455980077 0.10083703825463072 -0.0054709711352193754 0.9999381145517758 -0.009637550898101581 -0.44137488751823906 0.00044393962565377073 0.009640958838996651 0.9999535785624372 37.07059431375054
0.9999798048361142 0.0064308682022808684 -0.0003297820970043638 0.10243025277615551 -0.00643392572049826 0.999930697168418 -0.00982373972525929 -0.46407190320368935 0.00026620433166081765 0.009826328240837403 0.9999517477576055 38.51477855721425
0.9999766500024112 0.006952713709854989 -7.952656491208256e-05 0.10569906146404819 -0.0069534116922221195 0.9999260815726875 -0.009953467660641452 -0.4874830877013835 1.0032491308073531e-05 0.009954491771622926 0.9999506748499604 39.95038457964111
0.9999757245070735 0.007121318053706396 1.794435967346632e-05 0.11045173162748832 -0.007120950862223945 0.9999232650711057 -0.010131346695948217 -0.5115335587637689 -9.031578027455424e-05 0.0101316309165535 0.9999490310618085 41.36699771125986
0.9999806786687556 0.006375147640402433 0.00010883866159528775 0.11704107758131564 -0.006373940280489729 0.9999262408844943 -0.010339219021454111 -0.5360490890510704 -0.0001749748107479227 0.010338900879771233 0.9999469231367112 42.79528385722254
0.9999850893386489 0.005588182853521748 0.00023883886760089407 0.12455982599754534 -0.005585052815180988 0.999928590798364 -0.010493524527447713 -0.5600623791551216 -0.00029795519166319495 0.01049314202062551 0.999945313383525 44.20677522988927
0.9999895609218925 0.004628160522546084 0.00048729274387368944 0.13222809921702877 -0.004622365084579616 0.9999323867491264 -0.010575688123793834 -0.5838243409136359 -0.0005366115235281401 0.010574493352044132 0.9999443915922335 45.6254578283751
0.9999920546545819 0.0040856659063449995 0.0005218501557929569 0.13895585198882773 -0.004079475424887711 0.9999323633052681 -0.010804003896781062 -0.6060803754023841 -0.0005663371101368121 0.010802877553608993 0.9999419597354858 47.07359034758005
0.9999957192829594 0.003178471295730035 0.0005996482298735253 0.1463159418254909 -0.0031718115530167206 0.9999356492789474 -0.010826285754414489 -0.6283239327165255 -0.0006343345932094853 0.0108252481447181 0.9999417975490136 48.49595473321712
0.9999942732307225 0.003614045131129362 0.0008997007205185254 0.15025716659762675 -0.003604647023298047 0.9999372291074037 -0.010554084206043469 -0.6503441966191604 -0.0009377766235222423 0.010551402343734573 0.9999445648776191 49.92859740548423
0.9999927432505586 0.00390927914836616 0.0011496272691202032 0.15551287166377722 -0.003897494095573361 0.9999398229845246 -0.010174038456016192 -0.6726356237830093 -0.0011894616250048887 0.01017053702247292 0.9999481130814033 51.36298899792776
0.9999906488135439 0.004293579484350986 0.0016130589448878124 0.16172359495775937 -0.0042769050377387706 0.9999379189480451 -0.010204035815161744 -0.69602006584643 -0.0016570388599504834 0.010198300069177069 0.9999472153725593 52.788632855920405
0.9999842108086335 0.005341989002821238 0.002074544454198835 0.16746020120800087 -0.005319347552553934 0.9999274742582018 -0.010691340457745085 -0.720913483826371 -0.0021323107724815814 0.01068170995187212 0.999940662936314 54.22265079284094
0.9999816391816008 0.005521651977648023 0.002565428380699776 0.1761296915184794 -0.005492396865119756 0.999922440437432 -0.011047536819458779 -0.7467516717587828 -0.002627264612690168 0.011035236606772855 0.9999354774652812 55.629635507953715
0.9999766929316434 0.00611417502643045 0.0030328024219023727 0.18390324981459932 -0.006078317088109825 0.9999147676831336 -0.011412836658990804 -0.7730480350120413 -0.003103560435067994 0.01139628895796922 0.9999298835829781 57.06838139827309
0.9999754301637342 0.006156336975413276 0.003442443977700524 0.19370321946252178 -0.006116111214564931 0.9999151287925674 -0.011392917737435422 -0.7987602595823461 -0.0035133811532713113 0.011373364792523358 0.999928987239535 58.50767370973153
0.9999698181295915 0.006761262953182185 0.00392132702498353 0.2029823602870556 -0.006715101219498193 0.9999093928402331 -0.011565056307871767 -0.824095467628959 -0.004000128349764476 0.011539790050503004 0.99992537646599 59.93487239320349
0.9999678602868355 0.006864167583710597 0.004334172752762222 0.21394359791142192 -0.006813619974119546 0.9999093286747002 -0.011544883316996102 -0.8500199551903113 -0.004413665743215665 0.011516048699856118 0.9999241096158302 61.37090728579719
0.9999636617642214 0.007233802946342573 0.004662687820344533 0.2251483553228085 -0.007178522666276468 0.9999051365464406 -0.01166647345436284 -0.8758733058285293 -0.004747589237611795 0.011633854687659989 0.9999211622587834 62.804605341903525
0.9999641873588829 0.0070689678743570935 0.00483124239147639 0.23880322767265927 -0.007010491959188204 0.9999031534232039 -0.01196042050199873 -0.90382741013977 -0.0049161137472848405 0.011927312079832778 0.9999170653599442 64.25992005255549
0.9999668534134436 0.006663118687106516 0.0048236954438783735 0.25227144770361837 -0.006603799274178307 0.9999028133961831 -0.012222673807636116 -0.9321308351955602 -0.004905300554205855 0.012191372751402271 0.9999138453712564 65.71408699383451
0.999970640672031 0.006027510861413074 0.00483021684852603 0.2658416096467193 -0.005968035207438689 0.9999065680842096 -0.012209975606612213 -0.9600616794862781 -0.004904088972120912 0.012181922522184859 0.999913849919435 67.17584654312584
0.9999725153722941 0.005687112356397798 0.004854654168219456 0.27803211916863463 -0.0056263994585150825 0.9999058330678485 -0.012412704548298594 -0.9880845525506377 -0.004925438900106102 0.012386231410483211 0.9999111368714146 68.61852281964941
0.9999765731580086 0.005090682446347867 0.00469317001357886 0.2907251552652019 -0.005029065406173821 0.9999007536520567 -0.013054351460541049 -1.0145930920698918 -0.004759748500412378 0.013031689388200561 0.9999037761071472 70.05249217309641
0.9999785215487264 0.004952463192510264 0.00438967817274596 0.30090502661727403 -0.004890583757979074 0.9998885961732925 -0.013993220781354036 -1.0437090346221614 -0.004459122662679881 0.0139728611118123 0.9998924055576242 71.49598266418421
0.9999814314079912 0.004471828878882946 0.004242004106261412 0.3119150028141622 -0.004411749925709934 0.9998898804296569 -0.014068962980020184 -1.0737283689968244 -0.0043049856592757806 0.014051321394832023 0.9998918746376707 72.95758423779654
0.9999853921177774 0.003626952438712948 0.004086730905819281 0.323328230194893 -0.003570159869360987 0.9998973054077935 -0.013732925308642608 -1.1018445171023146 -0.004136650867314199 0.01371969838805687 0.9998970832959824 74.3968827792498
0.999987035035021 0.0032872900201820453 0.004015394341048477 0.334731115953825 -0.0032311868413071607 0.9998977729892025 -0.013795875674881013 -1.1315819775994678 -0.00406088584726106 0.013784101801372697 0.9998965102142711 75.8482312901852
0.9999919300463453 0.0020753315306736345 0.0036116406545503702 0.3477100947688786 -0.0020199218913447203 0.9998819242642273 -0.015116352735657874 -1.1650145595522654 -0.0036432196670667903 0.015110470874006368 0.999879255225404 77.30789830145139
0.9999942607660066 0.0014288681928246473 0.003304851066440571 0.35888202433845506 -0.0013772930055239653 0.999878491445156 -0.015405836904704182 -1.1977878596981277 -0.003327106795466099 0.015402751193988283 0.9998757481898989 78.75535758438113
0.9999950638934325 0.0010771708072137146 0.0031054333869428904 0.36802918410912056 -0.0010322760754828547 0.999896242196227 -0.014242059365897087 -1.2263033114058643 -0.0031210656046182393 0.014240378402534752 0.9998935655410329 80.17390438070852
0.9999953132073152 0.001228317573617625 0.003049574534404281 0.37603279138262447 -0.0011855922586967006 0.9999021101646516 -0.013835927142829964 -1.2540687633690946 -0.0030668286175525618 0.013833624502511611 0.9998995244954094 81.5934506439909
0.9999955922774916 0.001106934831945635 0.0030070021617165333 0.38506983981815535 -0.0010640598235503711 0.9998984927197914 -0.01409057255496969 -1.283693133474461 -0.00302282407240053 0.014088660904196049 0.999896130391595 83.01571553246717
0.999996102253991 0.0008665666191154239 0.002906106567261797 0.3944602261909179 -0.0008243419565428156 0.9998947629798556 -0.01437338005676192 -1.3143702061094957 -0.0029187942762169045 0.01437227413012845 0.9998924481443324 84.44973446982337
0.9999955418226526 0.001112883047043942 0.0030255059427981234 0.4030103318560908 -0.0010686467411541042 0.9998927855299693 -0.014497083882073759 -1.3450670368114894 -0.003041795205567429 0.014495013969786603 0.9998902034295976 85.90654326789897
0.9999953079289573 0.001256403119897582 0.003128803509553744 0.4128558889159321 -0.0012103921978540027 0.9998898944661582 -0.014682099802852303 -1.3765859778319134 -0.0031472751872406433 0.014679332356688056 0.9998873273220354 87.35302521675254
0.9999945882691087 0.0013685734429317105 0.0032755695239850874 0.4230101207407035 -0.0013200996041969114 0.9998896427717684 -0.014689875340237756 -1.408142373644082 -0.00329588559801793 0.014686876127514239 0.999886694221326 88.81840875885285
0.999993280074629 0.0016873131406025099 0.003469062647698172 0.43286415410287876 -0.0016371878827564623 0.9998943016582268 -0.014328396149424083 -1.437655303889855 -0.0034934725667591935 0.014323731191894793 0.9998911330012947 90.2557718537014
0.9999918617444662 0.002122288249625972 0.0035636857069717568 0.4422128038783243 -0.002074507353581994 0.9999078864969869 -0.013284555441443252 -1.4654793527490375 -0.003592132139175079 0.013278327861959522 0.9999051679316252 91.69536583503786
0.999991178709564 0.002268649334986284 0.0036681404669305882 0.45256238917493796 -0.0022247510138572522 0.9999248470463056 -0.011939737108794049 -1.4881121955483076 -0.0036955156283918 0.011932724561346211 0.9999218894173697 93.13151246340843
0.9999885597910567 0.002687217029339646 0.003993089368335361 0.4631405227012225 -0.00263962072350527 0.9999245553757864 -0.011866880425399582 -1.5121316919414203 -0.004025450219431606 0.011857597693354245 0.9999213287996995 94.54629013309106
0.9999888332528569 0.0023784852376235403 0.00411765310385822 0.47587841460918434 -0.002326922763118106 0.9999178559305557 -0.012491045577132088 -1.5400179549033717 -0.004147783697044393 0.012482532838634 0.9999131844768312 95.94447052378597
0.9999903675814281 0.0019257285413575946 0.004006460135728552 0.4878940984886708 -0.0018764612047370418 0.9999215142567724 -0.012272473237169889 -1.5671879485136917 -0.004030557824625938 0.012266182119788853 0.9999164923753379 97.36111628207476
0.9999937018374329 0.001984474127338036 0.00307250893762463 0.49595775806454184 -0.0019528442079504169 0.9999433396105247 -0.010331720194718971 -1.5901797720290474 -0.003093641083115362 0.010326935369873677 0.9999417925565032 98.76279589165145
0.999993622343651 0.0025859405103190545 0.0026915971045308536 0.5031492576717789 -0.0025615271945459905 0.9999537854841918 -0.009118912868636784 -1.6106032244198283 -0.0027157863252396377 0.00911315337960094 0.9999547806745543 100.17279171904366
0.9999914912084857 0.0031613142197230407 0.0028864344099776167 0.5125547258424867 -0.0031356596054607114 0.9999541433268286 -0.008892296359659 -1.6312773092107693 -0.0029151878893015834 0.00888441411199489 0.9999562037362684 101.56719428920856
0.9999892568920317 0.003573488187479733 0.0031677200654182057 0.5230149322583344 -0.0035446124328229675 0.9999507379422081 -0.009124284968197362 -1.6532529105944576 -0.0032009397348241146 0.009114350641183488 0.9999530898494333 102.9047450058009
0.9999892483132012 0.0032981320356397685 0.0034813988735359113 0.5352136628465765 -0.003264857906002044 0.9999476431173062 -0.009572056625248949 -1.67639450556699 -0.0035134714037875756 0.009561922633791515 0.9999478902847014 104.21333810237002
0.9999874870648146 0.00343653304786461 0.003839110821818205 0.5454876557269105 -0.0033985358019767297 0.9999440798087733 -0.009898830009009506 -1.698592637764077 -0.0038736431949209687 0.009886864743156474 0.9999433969277437 105.48699531567807
0.9999853267798702 0.003543982720899707 0.00430565802405972 0.5560567687898879 -0.0035009882561461755 0.9999425616095852 -0.010005015951457237 -1.7199445110430986 -0.004341528832737615 0.009991019321186713 0.9999404348440234 106.74342093948863
0.9999833022456422 0.0037090337885016264 0.0046676971975602105 0.5661632005499421 -0.0036612003887305632 0.9999393009044872 -0.01029907928794294 -1.7412289981721796 -0.004706166875997541 0.01028271355795339 0.999936052268009 107.96933804267607
0.9999824416352628 0.0036404645167475128 0.004881219414579962 0.5775564650702543 -0.003587637758536814 0.9999337701317209 -0.010856363393622406 -1.7637232924282096 -0.004920949289512305 0.010839540852813441 0.9999293150416372 109.13123932006128
0.9999823898908989 0.0033343854503594247 0.005071402390651932 0.588541085894499 -0.0032776016488484153 0.9999308343189636 -0.011195909257035147 -1.7855908866965815 -0.005109046371205125 0.011180207599380994 0.9999246401439976 110.30060951628923
0.9999888837654463 0.002348321773063911 0.00426319282476601 0.5974808415376539 -0.0022996582033349587 0.9999317064208586 -0.01136243415461151 -1.8056990125654453 -0.004290260373560886 0.011353674590638695 0.9999265173498749 111.43968736362056
0.9999943868584295 0.0022792840489002934 0.002618911153383295 0.6008233224934555 -0.0022489301897437803 0.9999315505956855 -0.011375502286918556 -1.8243134148353297 -0.0026455110534464614 0.011371179320353014 0.9999318305045309 112.53585955569453
0.9999956471730894 0.002684745520084678 0.0012836444005988401 0.6016314589035522 -0.002669092876749362 0.999928332188431 -0.011532556121680413 -1.8412487345369786 -0.0013157752463198904 0.011531023921660166 0.9999321112636724 113.63720059724845
0.9999906669253991 0.004299421507695963 0.00034226225132070586 0.5998076541016213 -0.004293855381724527 0.9999062451836241 -0.012868823481213139 -1.8612829731380038 -0.0003988939783175781 0.012869113466292643 0.9999163568624266 114.6877104943705
0.9999809422146797 0.006169276555714167 0.000567707281527881 0.6030151727976114 -0.006157908609023053 0.9998302201045505 -0.017278863217289647 -1.88813153084772 -0.0006750923141081593 0.017276817439013645 0.9998503343850743 115.68382792134338
0.9999781225031933 0.006588592983780701 0.0009975695814700228 0.6090600761094029 -0.006564672507610903 0.9997392524613089 -0.02181069230598279 -1.9197204278388145 -0.001141681722096247 0.02180548702328272 0.9997616904637026 116.66725776256096
0.9999791628384306 0.006410861068932471 0.0007043032600738991 0.6130778637238853 -0.006390273321584399 0.9996555633875817 -0.025410047353761046 -1.9518685922280947 -0.0008677446927195 0.02540672572232765 0.999676895363642 117.6376708382562
0.9999817620458089 0.006011751171088768 0.0006447927438617588 0.6164950468807197 -0.005992064092851348 0.999627185436199 -0.026594083694039435 -1.9831613571827102 -0.0008051848121765427 0.026591221746741795 0.9996462428910344 118.60753058099823
0.9999818167853585 0.005963424108487995 0.0009209493533428874 0.6194930710282545 -0.0059359520770047546 0.9996233170335692 -0.026752085215411326 -2.0159764005785767 -0.0010810411922955088 0.026747578208438687 0.999641741669703 119.65028068392822
0.9999789670425835 0.006243398555265706 0.0015577898394410145 0.6241161716437122 -0.006198172817023296 0.9996174335858519 -0.02690460499661582 -2.0490975062493226 -0.001726263489272659 0.026896138160986897 0.9996365954605126 120.6971686504606
0.999977358149183 0.0064036216810739 0.0019485110286708127 0.6297298599120399 -0.006347619764625791 0.999613708853452 -0.02700861457232674 -2.083231580231211 -0.002121819571703362 0.026997391246007932 0.9996330673522242 121.75283025584318
0.9999761035867012 0.0064651187804259545 0.0023289132555132704 0.6359711600166145 -0.0063988622339749245 0.9996135055424764 -0.027004192006773373 -2.1180809546947446 -0.0025037678410227727 0.026990334231192264 0.9996324449342407 122.83918425026415
0.9999731637034762 0.0067056087755039745 0.002770121435362387 0.6420384047969719 -0.006626910808921175 0.9996078373944484 -0.02716899300047825 -2.15567638434085 -0.0029523806860448985 0.027151506598561546 0.9996269046340246 123.9761865424982
0.9999677690041114 0.0073672994366418415 0.003201965246511245 0.6494845910905291 -0.007275353581593967 0.9995912383851014 -0.027626668629826236 -2.196206710136399 -0.003404790109544364 0.02760363745799838 0.9996136252118538 125.14698527942987
0.9999650085420431 0.007471560039267885 0.0038064264459638088 0.6582804753423958 -0.007360854729952597 0.9995776947550374 -0.02809190825123404 -2.2374826298464066 -0.004015406950354627 0.028064119841966 0.9995985915769319 126.29564038994765
0.9999600460845056 0.007819385522109257 0.00434910888543617 0.6662985919151612 -0.0076922149601039375 0.9995683083636077 -0.028334884396137686 -2.276789555622006 -0.004569587270504032 0.028301612328713113 0.9995895170843014 127.42563734363384
0.9999568611709482 0.007959017163662456 0.004775327525947306 0.6735847690179257 -0.007821133122951834 0.9995749045629715 -0.028067269572956598 -2.3136402730368637 -0.004997400157659664 0.028030057788072466 0.9995951889903383 128.55031500444903
0.9999535393583535 0.008157426565747626 0.005115105062586773 0.6820078322271005 -0.008010335760615883 0.9995746620035968 -0.02801915738983311 -2.3525419766647415 -0.005342134342179866 0.02797812031039871 0.9995947376417457 129.71206391838263
0.9999476531540291 0.008559025424766735 0.005567221179275087 0.6920615369830508 -0.008397371118436614 0.999563239548468 -0.02830311305489063 -2.3906485681388285 -0.005807802492088785 0.028256358241927203 0.9995842851165772 130.87068358982305
0.9999411092481538 0.009087239145380855 0.0059733730460204805 0.701891412369887 -0.008911904191827425 0.9995496906540705 -0.028627050030590833 -2.430626518879349 -0.006231572916897071 0.028573570564446895 0.999572849994793 132.0641527701553
0.9999336938129021 0.009611930190055155 0.006416441615449091 0.7130680767624967 -0.009420944624851862 0.9995320782435598 -0.029084157958599918 -2.472947814765314 -0.0066934833561296545 0.02902285127148013 0.9995572292483698 133.24854907504508
0.9999364830846603 0.009228999364374229 0.0065562399167662586 0.7264080288066775 -0.00902383232999207 0.9994900780045127 -0.030615215697440502 -2.519176654537429 -0.006835764576776839 0.030555117298960592 0.9995107074302014 134.44144043055343
0.9999379360420461 0.008975215244358266 0.0067286983904242615 0.7401420089458038 -0.00875710227420231 0.9994568883936632 -0.03176190159138508 -2.5677666744904073 -0.007010232767916734 0.03170187012356911 0.9994740342515279 135.66646890525257
0.9999480922108925 0.007553411905119069 0.006930658667974989 0.7544732352896285 -0.007326561587806656 0.9994549774165771 -0.03216906725499797 -2.6141205654884336 -0.007170039764457953 0.03211765280676109 0.999459675404015 136.8793904007567
0.9999483595120903 0.007250812373697238 0.007222063684678776 0.7679988287079375 -0.007012432624076175 0.9994465546265251 -0.032488780404550076 -2.6625973214421 -0.007453762170215583 0.0324379417883444 0.9994472445687639 138.1118786030971
0.9999538835292555 0.006270774901475939 0.007416863501790863 0.7835742970629145 -0.0060229204977400586 0.9994369023588748 -0.03298829514026987 -2.712373923835893 -0.007619646976021908 0.03294340088211833 0.9994295985222438 139.3716797572422
0.9999557504611479 0.005363848698714226 0.00781900086211384 0.798374180985464 -0.005106844842603192 0.9994573550138003 -0.03251386234695022 -2.7593075529305335 -0.007989233787639868 0.03247381136709236 0.9994421552367105 140.6263875781856
0.9999545280506325 0.0051923386336189745 0.00807737013165599 0.8117561237480434 -0.004939984024415632 0.999508277498411 -0.030934313228724118 -2.8051336056618346 -0.008233977456217708 0.030894432412054012 0.9994901503744019 141.91800283344534
0.999953358705658 0.004989649215936642 0.008293352365472977 0.8266192938266888 -0.004732991569988089 0.9995187666792366 -0.03061666642217535 -2.852387532514612 -0.008442262940881198 0.03057755541194494 0.9994979980663345 143.22647700795753
0.9999516889074752 0.004937602729333025 0.008526067992647124 0.8422765265072858 -0.0046697936911079254 0.9995046597108219 -0.031083182673991003 -2.9028646412027235 -0.008675482651069549 0.031043302354252043 0.9994816566827115 144.54584085605373
0.9999499983376267 0.004932726969241063 0.008713124535324229 0.8573190824686425 -0.004658939699592768 0.9995040977768183 -0.0311028824039497 -2.9522838033331227 -0.008862446410350359 0.03106217135384028 0.9994794482889549 145.8693042962861
0.9999486391298181 0.0050971659468382 0.008748852095497786 0.8704567168101078 -0.004830840029663109 0.9995333902957425 -0.03011853125707651 -2.9989702467471075 -0.00889852647846121 0.03007618206607142 0.999509233702658 147.20539209495985
0.9999453657607218 0.005622475788395434 0.008844809241522313 0.883707644980762 -0.0053655384188438715 0.9995697939442957 -0.028803339088508503 -3.0440656041062573 -0.009002839472316325 0.028755483815538163 0.9995474305438224 148.5495248028426
0.9999403235924432 0.006272018795385324 0.008988706556932296 0.8976307172556349 -0.006015696771562094 0.9995810848220321 -0.028286711543778646 -3.0898051998143594 -0.009162142686006838 0.02823183134427491 0.9995610452224845 149.92820506340203
0.9999344226411667 0.006929285963452262 0.009133308667643104 0.912728326114588 -0.00666812667983848 0.9995760322174967 -0.02830932046661853 -3.13359318641067 -0.009325754963125609 0.028247811582564564 0.9995588069079048 151.3001142058986
0.9999306862194122 0.007388078702581868 0.009207398776314315 0.9277562076814087 -0.00712400407276623 0.9995706778753983 -0.028399492379679814 -3.178565400112885 -0.009413201406396258 0.028333182726090558 0.9995558144832348 152.65725994961213
0.9999268992941439 0.007776438648665915 0.009255155390763575 0.9430952668101281 -0.007509304560686457 0.9995635011609494 -0.028542435844129507 -3.2247624572649674 -0.009473220627111983 0.028472486818487235 0.9995510745366272 154.01093520478517
0.9999282208548865 0.007805862324895461 0.009139203076710829 0.9594593404412051 -0.007541441242342358 0.9995610152714518 -0.028629809555898535 -3.2723687574634677 -0.009358584592559716 0.028560099958771522 0.9995497723275993 155.37224307250807
0.9999232869729486 0.008355708767882684 0.00916354164125371 0.9740598773325289 -0.008088331777171089 0.9995507500575134 -0.02882919868527147 -3.320294921970305 -0.009400472388689848 0.02875448501535641 0.9995435999567897 156.75074659923212
0.9999194662301343 0.008799581931724728 0.0091366713946585 0.9893618722542811 -0.008531005227854395 0.9995420185017844 -0.02899514838534572 -3.3690697262394522 -0.009387951697082127 0.02891659673606743 0.9995388211108142 158.13704283589553
0.9999114259243957 0.009599631340588098 0.009213071831894204 1.0045970661068675 -0.009323015797733342 0.9995176063725302 -0.029595729573962427 -3.4196045134382413 -0.00949284905377101 0.029508773932990676 0.9995206996656151 159.51076833990214
0.99990712101456 0.009979796738485492 0.009296749905403167 1.0216523793392864 -0.009692887910766964 0.9994900551305035 -0.03039357687385916 -3.4716731480977776 -0.009595597253195759 0.030302199348287793 0.9994959450643124 160.8721955588252
0.9999008217295389 0.010427773121300138 0.009493203565123905 1.038385298328312 -0.01012937964436946 0.999469113394969 -0.030937089776736725 -3.5239759464852622 -0.009811094007056227 0.03083953595116612 0.9994774699238027 162.22904614382114
0.9998936831660079 0.010761848748015408 0.009890790234965353 1.0568982280473658 -0.010446769033319715 0.9994521921185107 -0.03138050929007307 -3.5772098116293627 -0.010223095512408348 0.03127499811471237 0.9994597884877165 163.6008133411022
0.9998934760667949 0.010601843430926341 0.010110277625537577 1.0769051939798124 -0.010271287133799812 0.9994273334839313 -0.03223090332328511 -3.6317834769492476 -0.010445993302787686 0.03212449529030688 0.9994308555078744 164.95917402726528
0.999895424760283 0.010329859517603995 0.010155877821261277 1.0975051785816916 -0.009989718838247551 0.9994048195782324 -0.032999866140491343 -3.687586268508986 -0.010490666913489244 0.03289615892257695 0.9994049986242584 166.3302776570073
0.9998971982433258 0.010029742061960927 0.01028077623801967 1.1183051549697645 -0.009682284205844417 0.999397467331023 -0.03330854849145378 -3.742908126502834 -0.01060870016778249 0.03320653082853116 0.9993934172104342 167.69227215587242
0.9998951838581708 0.009929533132179078 0.01055134944622474 1.1389681416341357 -0.009570123204221664 0.9993895786670648 -0.03356670551288319 -3.7991571295493807 -0.010878454606075052 0.03346345669751165 0.9993817909274725 169.06965075301477
0.9998960574646866 0.009685605419707475 0.010698184986436973 1.1599447292792326 -0.009320123347575008 0.9993878789522345 -0.03369572223216954 -3.8549825313242456 -0.011018097183005383 0.03359372741286303 0.9993760263882092 170.42888662739423
0.9998922438876366 0.009665296283123138 0.01102822153520565 1.1799580550524866 -0.009291868433064244 0.9993970403577619 -0.033430088073213314 -3.9101483737111633 -0.01134480662305731 0.033325253398859826 0.999381330744398 171.80550379334
0.9998917711624071 0.00949005959708347 0.011208381237689634 1.199184804728818 -0.009116258568088056 0.9994150801547731 -0.03293594922050584 -3.959619823961817 -0.011514541815379859 0.032831482399390634 0.9993956340592389 173.16191522920485
0.9998815930117457 0.010075750715295997 0.011599204316860347 1.218731629898444 -0.009686845916726793 0.99940428742013 -0.03309845055685448 -4.011516552311298 -0.01192593756066555 0.03298347094251871 0.9993856567062414 174.52151539632533
0.9998839851232989 0.009599393631314077 0.01180689008143475 1.2403695108626303 -0.009201172238789848 0.9994014736589348 -0.03332185804449458 -4.065888600958461 -0.012119877081563004 0.03321063836365195 0.999375846916735 175.871596177265
0.9998777973276249 0.009981342783529634 0.011985056322735334 1.259616656720616 -0.009577131479495446 0.9993990525176836 -0.03327988131427019 -4.11960488847399 -0.012310520386511425 0.03316232754314448 0.9993749030861554 177.23330638768442
0.9998756514680516 0.009885644281570408 0.012253588763793963 1.280357579501735 -0.009475369178904425 0.9994072268954366 -0.03305998723292511 -4.172750718393684 -0.012573675733654885 0.03294117840273146 0.999379005486773 178.581306083658
0.9998873305345629 0.009267982646522684 0.011750335439142395 1.2992524932047276 -0.008875301779362316 0.9994148188239945 -0.032980963095910004 -4.224611333888465 -0.012049741028761215 0.03287448076480591 0.9993874923142299 179.90482575073398
0.999901950074249 0.009110008571017798 0.010610574891340898 1.3152025679717987 -0.008756653981067257 0.9994202836147925 -0.03285880039600122 -4.27601685869282 -0.010904165508984482 0.032763751910273996 0.9994044483741054 181.22309118757448
0.9999103205320464 0.009182784303817157 0.009737039589879842 1.3286609943444656 -0.008859815075377184 0.9994251810698288 -0.03268030976277152 -4.326854546308729 -0.01003185890503567 0.03259230073689374 0.9994192934412803 182.54837246728107
0.9999131451754251 0.009505120494645266 0.009081884624206546 1.3417055216205152 -0.009204486999797304 0.9994263908491924 -0.03254211492413258 -4.377301480045743 -0.009386468136098048 0.03245706871701175 0.9994297781974701 183.87437047534146
0.9999064803589184 0.010453049535460082 0.008737594345237458 1.353685088556189 -0.010160281864008976 0.9994074371080682 -0.03284070877903878 -4.429388263285759 -0.009076575629050109 0.032750265228732645 0.9994226473500832 185.22504850814155
0.9998871794803399 0.012141837384081222 0.008727225535628534 1.364610232394263 -0.01184390198145562 0.9993722779729738 -0.033338699863591136 -4.481104272833386 -0.00912764725864341 0.033233254891140096 0.99940589634533 186.5557156579203
0.999874423694341 0.013139939407624382 0.008738362102474938 1.3767409530669121 -0.012838922140868163 0.999352248129839 -0.03357495848969523 -4.532791104604346 -0.009175013760177623 0.033460193518980205 0.9993978578001528 187.8829101907173
0.9998572214558519 0.014360203309590338 0.008789652926223412 1.3887555704837513 -0.01405371276251791 0.9993249251284544 -0.033896754039665154 -4.584650124661048 -0.0092717385942584 0.03377036536543451 0.9993863593912444 189.20500631964669
0.9998445234440334 0.015168638059070913 0.008845217854236507 1.4020741463340267 -0.014854693118667208 0.9992947351339345 -0.034437072950752885 -4.637434134016873 -0.0093626417300551 0.03430237070597645 0.9993670661052151 190.49408531810082
0.9998359550144679 0.015742569776636774 0.008802204741461083 1.4155600832413011 -0.015425958903560761 0.9992719569824431 -0.034837755631264664 -4.690987715166121 -0.009345780963415743 0.03469828573608954 0.9993532811026196 191.7959695572711
0.9998346567456997 0.015817865581116666 0.008841979330303838 1.4298915836465687 -0.015499037810931426 0.999267542348488 -0.03494280967941779 -4.7430562745762535 -0.00938956043984748 0.03480157556720555 0.9993493875659265 193.07844150514237
0.9998341749138415 0.015812215225299166 0.008933396933318767 1.4450700662151685 -0.015488379352716734 0.9992603323138679 -0.03516087762478165 -4.793445477600838 -0.009483867309140939 0.03501802794707663 0.9993410726752906 194.35294252385177
0.9998271041979502 0.016198951595190993 0.009040064813260093 1.4587065047288579 -0.015868926397432898 0.9992458190066722 -0.03540223483088488 -4.844627558401119 -0.009607803359118523 0.035254156117228284 0.9993317460562998 195.63114491569584
0.9998188901790042 0.016632367803835275 0.009106201724392055 1.4716221369654967 -0.016300173226781112 0.9992413700899032 -0.03531363290566442 -4.8954173901832965 -0.009688258035365604 0.03516081939991935 0.9993336901982761 196.9130830337496
0.9998159518423687 0.01678259596740565 0.00918050691608855 1.4857329649201065 -0.016452200865547936 0.9992548423782168 -0.034865897565642505 -4.945979951222251 -0.009760315898207896 0.034710253349725384 0.9993488356052022 198.19987833749047
0.9998018382775962 0.017479922827934567 0.009404038064576358 1.4987857043673924 -0.017141825829230305 0.9992453365916867 -0.034804126689210034 -4.996945010343722 -0.01000695588583912 0.03463817535178376 0.9993488177319473 199.4925617114045
0.9997732753146346 0.018845869467298697 0.009768366407739553 1.5122139880219545 -0.018490628901082506 0.9992091792117159 -0.035147061117891475 -5.049130663550139 -0.010425063685375035 0.034961015183371136 0.9993330271917787 200.78752824349698
0.999760110892212 0.019312585254081537 0.010197148698563176 1.5279690952068652 -0.018939467571229204 0.9991924505693596 -0.035377952675077685 -5.102499888422638 -0.010874335844880045 0.035179052597845414 0.9993204156370846 202.06899468796374
0.9997295516424399 0.020688879783041406 0.01051631373037213 1.5420477025406367 -0.020299966447466147 0.999153655423431 -0.035718680142114906 -5.155787047186515 -0.011248480045008275 0.03549836001358016 0.9993050947914692 203.3657466472145
0.9997154284127044 0.021170306897800282 0.01090041025574856 1.5586829027861984 -0.02076549534545098 0.9991378157370168 -0.03589246080749827 -5.2104452721798005 -0.011652998938139002 0.03565860177891075 0.9992946609485566 204.65611727767123
0.9996897881480807 0.02212693390249546 0.011317520212875572 1.5756185570289545 -0.02170163204470747 0.9991028446432337 -0.03630628429003337 -5.266564831737509 -0.012112878135604108 0.03605220684069482 0.9992749471999157 205.96279231366412
0.9996756767731537 0.022688752990423684 0.011486618472539956 1.5934373164869666 -0.022252029781540554 0.999075549341594 -0.036722128197669034 -5.322447497633844 -0.012311063861400785 0.03645725505066636 0.9992579218015762 207.24021809004242
0.9996752266301182 0.022919120522388897 0.011081066307720372 1.6097737848337967 -0.022495133205099185 0.9990642372219279 -0.036877744914621195 -5.37867747288556 -0.011917811693035806 0.03661900021099546 0.9992567458924726 208.5377247598511
0.9996742286552066 0.02332707101127471 0.010315559679414608 1.6231818187613847 -0.022929944020196477 0.9990497697488899 -0.03700791473338835 -5.433568964744487 -0.011170642172337224 0.036761661842774435 0.9992603126851065 209.81220995265426
0.9996689522050761 0.02372406923178623 0.009928848288996378 1.6370345322690307 -0.02333675954803742 0.9990267099200214 -0.037378232072564514 -5.489496132862954 -0.010807691830149796 0.03713646169361374 0.9992503510793959 211.08001532805176
0.9996590146268785 0.02417912753475041 0.00981768654171406 1.651366857743856 -0.02379120898770336 0.9990002381815405 -0.03779378792498802 -5.545906256463332 -0.010723488034626225 0.0375498951232467 0.9992356718269274 212.34670606592465
