1.0 0.0 0.0 0.0 0.0 1.0 0.0 0.0 0.0 0.0 1.0 0.0
1.0 0.00021961331367492676 0.00015121698379516602 -0.0014146766625344753 -0.00021970272064208984 0.9999999403953552 -5.9157609939575195e-05 0.0008775684982538223 -0.00015121698379516602 5.918741226196289e-05 0.9999998807907104 0.03928208351135254
0.999999812573602 0.0004264812676773033 0.00030197229977257933 -0.0027935165675326903 -0.00042646227213705146 0.9999995333640115 -0.0001257393093805348 0.003148091877738582 -0.00030205873948574435 0.00012603251412990346 0.9999997348436196 0.04115818445616502
0.9999993176299905 0.0006368167948849246 0.000459835857408879 -0.003954700133293498 -0.0006364292981329222 0.9999992562586453 -0.00019399431147675274 0.0055304865923584 -0.0004602459796453982 0.00019436527585707172 0.9999995593476215 0.06062445791425547
0.9999990676345933 0.0008267444371079701 0.0006111936515274314 -0.00507335108240423 -0.0008257934388112998 0.9999990046109608 -0.00025360585774232596 0.007999842308647587 -0.0006120361225104064 0.0002539718772303235 0.9999994781006186 0.08328463152515869
0.9999987912743591 0.0010529888077257929 0.0007573129991742386 -0.006341312506084806 -0.0010519855782245204 0.9999987991635416 -0.0003273978401610915 0.01045629144874918 -0.0007582440911365923 0.0003273855281537685 0.99999936992249 0.10481391700464854
0.9999987983735438 0.0012753062303156306 0.0009109613208503318 -0.007697596101622125 -0.0012744395765370267 0.9999989006656528 -0.0003959856798740301 0.012964087406218558 -0.0009117990705319555 0.0003953451796191086 0.9999994693816244 0.12699263085161153
0.9999987642198698 0.0014798965146690557 0.0010544094973018855 -0.009071475890293062 -0.0014792144164870948 0.9999987344149136 -0.00045878330253039265 0.015439797839046584 -0.001055199668022761 0.00045777337955199527 0.9999995521769824 0.14874645705281644
0.9999983005721486 0.0016827669322884795 0.0012092891158999484 -0.01050784299316505 -0.001682067101551905 0.9999984057649186 -0.0005213589189902907 0.017921714708199338 -0.001210204963631917 0.0005200250197413467 0.9999993601099498 0.1713163440866315
0.9999974347098134 0.0018791470956843353 0.0013564706454030754 -0.011959872709354481 -0.0018779991502082987 0.9999979249665956 -0.0005817177852827684 0.020433318991911063 -0.0013578278622892249 0.0005799880376588182 0.9999990313986536 0.1930583219095869
0.999996729555677 0.0020793060509127254 0.001511160026025872 -0.013394380353067732 -0.0020779416184571087 0.999997627179208 -0.0006529379229684796 0.022891514049344242 -0.0015127964344153963 0.0006506757165702894 0.9999987800373052 0.2142120167251074
0.999996056288288 0.002287862911571077 0.0016697329259106341 -0.01489031721156075 -0.0022862749276638824 0.999997154981015 -0.0007130511593583299 0.02543566498436817 -0.0016716590349934773 0.0007101139315553042 0.9999987394791381 0.2354059008133057
0.9999951296910252 0.0024792316942765296 0.0018196519555930234 -0.016316553449232805 -0.0024773188103603466 0.9999964370819228 -0.0007724324583258755 0.027932518681573027 -0.0018220276939890773 0.0007689515572158444 0.9999984467148636 0.256128383976195
0.9999941048347564 0.002674376881660897 0.0019860235228574795 -0.017733692435163206 -0.0026721258325432978 0.9999959031105785 -0.0008386782072259343 0.03043770357238929 -0.0019887718800641174 0.0008343996393385563 0.9999982118692564 0.2768005622658642
0.9999933257476767 0.0028909671074937894 0.0021467992100179193 -0.019218528424661523 -0.002888325302392991 0.9999951474213841 -0.0009085474455390493 0.03296806797066085 -0.002149944484702074 0.0009032295350918412 0.9999978338116549 0.29806321728765917
0.9999921886564564 0.0030957490833579014 0.0022897629615634585 -0.020721438002502424 -0.0030925776823067072 0.9999944412876379 -0.0009697871268519215 0.03551640453519143 -0.002293507240497304 0.0009637947114171904 0.9999974711270819 0.31902570451955636
0.9999913061841161 0.0033023519902494287 0.0024477614681580524 -0.022198215860071365 -0.003299072909979713 0.9999939721954683 -0.0010417720413294315 0.038024044544732495 -0.0024517777996119977 0.0010345488383741448 0.9999972777578816 0.33944427990274656
0.9999903139785425 0.0034925900937520286 0.002596515063622254 -0.023469504369010803 -0.003488876469611513 0.9999932045089682 -0.001119957765543729 0.038853607259521326 -0.002601045133287642 0.0011119262719536428 0.9999967724311225 0.37978724742231723
0.999989185291753 0.0037077553250737427 0.002741805292152937 -0.02496777486542196 -0.0037035567699005897 0.9999923199520032 -0.0011871625608916776 0.04121519015141127 -0.002746987108908337 0.0011782133900642676 0.9999962601474419 0.37983014502170975
0.9999878563636404 0.003925368523360168 0.002888906154179322 -0.026211809687810606 -0.003920668437047254 0.9999914376716557 -0.0012524980041572957 0.043636509237957644 -0.002894614726991922 0.0012424657023708575 0.9999957790622555 0.39912173653548333
0.9999865147388078 0.004134596694071267 0.003027811610329169 -0.02746255126772896 -0.004129346313992445 0.9999901743816507 -0.001321618003109907 0.046186625010641844 -0.0030342289479710883 0.0013106138541563825 0.9999951121834648 0.4186184840492498
0.9999851733631216 0.004337730861286101 0.003173816967536173 -0.02876388840828532 -0.004332134535957684 0.9999891838012969 -0.001392822975308319 0.04875505865838024 -0.0031806446748905747 0.0013803907995340572 0.9999944565367063 0.437359080765473
0.9999833740879659 0.0045327524144043035 0.0033241210372299407 -0.030049385211343302 -0.004526410202118079 0.9999878311098291 -0.0014589201333590973 0.05131819369230022 -0.003331770150029947 0.0014454545318748685 0.9999935891973246 0.456615166601031
0.9999816807510875 0.004719459512378024 0.00347141566905142 -0.03140274484062331 -0.004712335706051727 0.9999864181746466 -0.0015222019763848522 0.053852750911684094 -0.0034800354072608906 0.0015078341633551972 0.9999929473800847 0.47673208543940077
0.9999799180163366 0.0049431401697496 0.0036064653512490512 -0.032897325469624546 -0.004935523663111253 0.9999851462007701 -0.0015884336874855314 0.056421376108787606 -0.0036157624207461127 0.0015725911872401049 0.9999922582003185 0.49507160146195234
0.999978071868631 0.005139231085437668 0.00375047491247702 -0.034319477950967604 -0.005130941596775161 0.9999840764678164 -0.0016538756327338117 0.05893008147914486 -0.0037606387553097533 0.0016367621544456576 0.9999915749287321 0.5148374917327165
0.9999768564336355 0.005319958682571226 0.0038903219454132464 -0.035677617834187186 -0.005311489415593578 0.9999832797089754 -0.0017207550422565175 0.061359085715873174 -0.0039008562719891984 0.0017020655996861343 0.999990939434241 0.5340718921592826
0.9999749853462873 0.005523899279143098 0.004031292405233444 -0.03713578357814377 -0.005514552447432218 0.9999817172742613 -0.0017926426856370822 0.06384967027268587 -0.0040428505462419065 0.0017727656308221935 0.9999902073528943 0.5508517166910141
0.9999733464350041 0.005719854149640038 0.004169351787460653 -0.03858063139336758 -0.005710012668524641 0.999980408267734 -0.0018548871913665614 0.06634433582268148 -0.0041815683253012305 0.0018336345869235347 0.9999896580289599 0.5690576484589328
0.9999715040588971 0.005916781319014205 0.004298334859172357 -0.03995649591078338 -0.0059062842856945135 0.9999789406387962 -0.0019125766883954 0.06881201548517402 -0.004311328262594103 0.0018900017199965635 0.9999890128712454 0.5882826240299946
0.9999694534914189 0.006108272080031915 0.004428619717003221 -0.04138062991989858 -0.006097239962474414 0.9999774456523017 -0.0019798654671619445 0.07125621035292408 -0.0044423400570278125 0.001955694945695692 0.9999880853165674 0.60671105335863
0.9999676870482187 0.0063036257657273055 0.004558007860242137 -0.04272741674778077 -0.0062921542407709235 0.9999762665045682 -0.002035848997301086 0.07372948092971789 -0.004572390120322335 0.0020097236318489704 0.9999873414676035 0.6252801057611286
0.9999655245924093 0.006548898475176883 0.0046931146112341015 -0.04423466296015009 -0.006536937041268823 0.9999744953197955 -0.002090791453431057 0.07627302543218112 -0.004708392076757714 0.0020627233304175933 0.9999867326296377 0.6433285119007214
0.9999639533820617 0.006762091519351357 0.004831797899008175 -0.045453408979129396 -0.0067501490562530434 0.9999733711114759 -0.002134734083667285 0.0770351372942667 -0.004847294474032972 0.002104516760941571 0.9999863471674743 0.6820673172708206
0.9999619925434305 0.0069824788918516 0.004978332532915762 -0.046874003894582426 -0.006970249634703399 0.9999720027395287 -0.002192736176916355 0.07932319695438549 -0.004994444531142507 0.002160103717833413 0.9999855149941769 0.6813593964880043
0.9999601565164424 0.007197261066913513 0.005117551416798479 -0.04805487875248715 -0.007184725815961361 0.9999705196548869 -0.002242583937874477 0.08175184949812636 -0.0051342937187090435 0.002207758523948166 0.9999849507864527 0.6975210278515277
0.9999581654470121 0.007402224406268572 0.005241675756023637 -0.04916530218532008 -0.007389303165343224 0.999969212905253 -0.0022764085970348575 0.08430282969585427 -0.005258990626977294 0.002239579005855017 0.9999844779695904 0.7194636656957243
0.9999552912798595 0.007629546634729822 0.005378091986886524 -0.05038542706945532 -0.007615836064766572 0.9999668335217927 -0.0023231334488304375 0.08682931428047487 -0.005396495329091421 0.0022846358737421304 0.9999831795189468 0.7395951152327109
0.9999527744566173 0.007866465617979388 0.005509967880831469 -0.05180038361317463 -0.007852061642232741 0.9999647952210245 -0.002374147655229127 0.08947175096084461 -0.005529445230360278 0.0023336043358730685 0.9999824707204027 0.7543473917584296
0.99995047568975 0.008068440979750171 0.005638752081062835 -0.0531399148520616 -0.00805347973712899 0.9999630896032553 -0.002426360674522936 0.09206233693614585 -0.005659106795733296 0.0023838077346151915 0.9999816368729597 0.7716991705806003
0.9999477840841203 0.008269057905982926 0.005776195639899251 -0.05463724004364711 -0.00825277890018539 0.9999610029087054 -0.0025748737688131964 0.09439661851459799 -0.005798397694816329 0.00253040418979553 0.9999803817062974 0.7863062754132539
0.9999446052789167 0.008481895569734192 0.005898127183072484 -0.05634204789926673 -0.008462726919906407 0.9999576753233849 -0.0029375406505373876 0.0965049251306587 -0.005924390969785252 0.0028913609671740504 0.9999782653532598 0.7983899591294212
0.9999420117713148 0.008697787682627347 0.005986941278648468 -0.05835056198102324 -0.008675529696603082 0.9999545418273929 -0.003390585670006103 0.09867515402983726 -0.006017867685785936 0.0033424870971193784 0.9999764087214574 0.8127443150815307
0.9999386178963958 0.009002745647546833 0.006110738315143171 -0.060320706168595 -0.008977278015323107 0.9999501726486771 -0.0038363829369670198 0.10074323537393948 -0.006146726717361254 0.003785426376617766 0.9999740347565736 0.8363587303946931
0.9999354653708323 0.009266245740879349 0.006277241410771307 -0.062054694920907906 -0.0092388210264678 0.9999470852277668 -0.00409207056166777 0.10273357699864374 -0.006316337886572162 0.004037726261523922 0.9999722734044693 0.8731241375855497
0.9999306911537635 0.009621574492054452 0.006456399130970203 -0.06368528368808496 -0.009591780318496244 0.9999424679016388 -0.004306073403375304 0.1045677094552858 -0.006499195375485394 0.004248032484932677 0.9999700334833919 0.9176489894595351
0.9999256490491131 0.009974736532203134 0.00665554503463563 -0.06518985622567679 -0.00994279635924518 0.999937816084037 -0.004479053458846385 0.1061342917175061 -0.006701817805011752 0.0044171895621223384 0.9999676440844205 0.9780062012344313
0.9999216378174042 0.010268071248484537 0.006854236451010751 -0.06642367110457821 -0.010234453976219656 0.9999344593785889 -0.004635053780904404 0.10716275680749439 -0.006903138452953831 0.004568946871405791 0.9999657409772866 1.054226364611844
0.9999183745902113 0.010491906339442733 0.007047007043135214 -0.06747709274603211 -0.010456463754807119 0.9999316890258814 -0.00479445001917644 0.10759220899533278 -0.007098463922669172 0.004724641798413803 0.9999639181890607 1.146504404284833
0.9999182319667886 0.010473310055033231 0.007111991331686106 -0.0671499162802252 -0.010435637910632843 0.9999305064190729 -0.005048727479061458 0.10627822803967829 -0.007166046526913695 0.004978602875528402 0.9999621206516791 1.273897098215459
0.9999220166526004 0.010440344948048444 0.006628346328903625 -0.07029022075780089 -0.01040452004034608 0.999930237112194 -0.0051310027206158005 0.104886862544125 -0.006683159725636482 0.005066189970981207 0.9999648474407977 1.4000541277654974
0.9999250158438613 0.011143395193915256 0.004870982477903178 -0.07703468276627155 -0.01111708344319657 0.9999231507810404 -0.005054593039929982 0.10263800373306495 -0.004928231728853756 0.005004448534389305 0.9999755206551736 1.5766997405578207
0.9999165146968904 0.012637462552534983 0.0022200652890073886 -0.08727526076928167 -0.012624496266583985 0.9999057069413768 -0.004936895674732365 0.10062522762836852 -0.0022839102264762957 0.004913319151750443 0.9999849194868065 1.7600027747985632
0.9998980115983207 0.01416840232574621 -0.0009738949949849151 -0.09877586236592417 -0.014170889096072116 0.9998866354794771 -0.004620855825290476 0.09886063412455656 0.0009069196355497647 0.004638789970966083 0.9999885108896176 1.9649853159746553
0.9998860221922573 0.01465045754911628 -0.0034618062204889812 -0.10700901770145657 -0.014663709181122597 0.9998812652934274 -0.004320676577679295 0.09555782536717883 0.00339696403199997 0.0043753017359260404 0.9999845590601206 2.21741463607072
0.9998725377544636 0.015208242052267259 -0.004652781172067738 -0.11480352283776593 -0.015225963758647761 0.9998731542885613 -0.004177427897483897 0.09352141995562695 0.004587371470311673 0.004252293589741531 0.9999799840238321 2.476065520096639
0.9998583884117007 0.015642724564385202 -0.006068706312415904 -0.12357071440330275 -0.01566482752857845 0.9998677534729141 -0.0038693127342276285 0.09227266590291289 0.00600629333997407 0.003968184300842337 0.9999737325189547 2.743941371390446
0.9998402328306322 0.016390528855925415 -0.00702351098656417 -0.13309608225617872 -0.016416778276130018 0.9998556789864885 -0.003883978962084384 0.09003380691306889 0.006957952463852184 0.004002984815895531 0.9999674648651244 3.021445622165303
0.9998200036841521 0.01744690457828323 -0.007319645567573296 -0.1417819092232115 -0.017475951604581968 0.9998367299330643 -0.004115925134569125 0.08803643306980137 0.007245614925619812 0.004247444804396825 0.9999643640174632 3.306598230350763
0.9997954346266047 0.018731033546366606 -0.007540855368056814 -0.15107661765531327 -0.018762113384956588 0.9998132433559901 -0.004231316090954967 0.08742711605612254 0.007459428713583839 0.004375661909216183 0.9999626271766651 3.6215605576301924
0.9997639198573195 0.020300148056660777 -0.007694543358796214 -0.16052385133879687 -0.020334455683363267 0.9997814648789025 -0.004530529852579947 0.08645192866388005 0.007600476136987336 0.004689029515051043 0.9999605587100086 3.9578966155729796
0.9997565620970061 0.020687190077462846 -0.007674649769493777 -0.16771744096144872 -0.020721013853075503 0.9997744186511542 -0.004431495720540782 0.0853779993463 0.00758111266183288 0.004592074246912341 0.9999613992121698 4.324623472354472
0.9997523095011907 0.02093214076973265 -0.007506975171273273 -0.17394116387409037 -0.02096349973315964 0.9997700184394727 -0.00423540277103725 0.08421082499011646 0.007416234463669639 0.004394578999623488 0.9999633171994357 4.716392011448608
0.9997481376049526 0.02127113003237121 -0.0070551965622435535 -0.1792611661808024 -0.021300494446294133 0.9997624900976383 -0.004286368169574951 0.08093650062761173 0.006961732674438912 0.004438459045207723 0.9999661946299591 5.119341792022049
0.9997401678961688 0.021819521335747955 -0.006489011151596488 -0.1843762136004438 -0.021847383107468515 0.9997501989785624 -0.004436027900165435 0.07672483764675575 0.006390086705162023 0.004579132122099386 0.9999694278321806 5.55505780367696
0.9997150154439869 0.023123172000694085 -0.005870415163690946 -0.1865443901235749 -0.023150410643961932 0.9997196335001443 -0.004774496077857888 0.07400573983575934 0.005758122474111677 0.0049108804107632935 0.9999721778252953 6.009133607966894
0.9997102386731765 0.02359582367578945 -0.004721002087731656 -0.18697832767860795 -0.023617966611876203 0.9997080327452178 -0.004886485160604824 0.07033931095494703 0.004604116501557288 0.004998538761313533 0.9999776751184472 6.45919795617695
0.9997116056299277 0.023794898436324433 -0.003159936605039774 -0.18616738365779917 -0.023808945327689304 0.9997032576840332 -0.00486634641241033 0.06610899967825376 0.003042851539007064 0.004942278119417852 0.9999838319351857 6.927471873324916
0.999719947442895 0.023619537633030575 -0.0014987512315338808 -0.18475469504081102 -0.02362554252719172 0.9997083455085313 -0.004793725705985731 0.06190326708429025 0.0013849146903801783 0.004829690111994096 0.9999880633711847 7.405384522579156
0.9997225604719794 0.023542047240863215 -0.0006608648781078195 -0.18495122844260992 -0.023543763760981582 0.9997103934001588 -0.0047067142870414035 0.057623716142243875 0.0005495978551416674 0.0047229943797214916 0.9999892594936148 7.9062187181729255
0.9997195103324258 0.02366746570789793 0.0004484593979144629 -0.18494529655753672 -0.02366374688390378 0.9997074498524089 -0.004705544293326787 0.05251925604927633 -0.0005600608162238036 0.004695674717028949 0.9999892230018987 8.405887419408922
0.9997111851521231 0.023945391789532047 0.0018279627810606552 -0.18400574872438857 -0.023934936697218894 0.9997008762974935 -0.004699216227099716 0.04688988766606757 -0.0019404819893601058 0.004656343435395606 0.9999876800058963 8.950146074660635
0.9996862994785787 0.024791937656204174 0.0034405949473084643 -0.183344304828186 -0.02477316073151129 0.9996794266999351 -0.004916205514619417 0.04100664009893235 -0.003561830279468635 0.004831693012032457 0.9999823998397889 9.497182068340235
0.9996728211417837 0.025194549539995666 0.004283957143562792 -0.18235921456413945 -0.025170946500905688 0.9996686934015574 -0.005056765045879504 0.03514862625933761 -0.004410648635915856 0.004949764321492461 0.9999785083969983 10.029088441236357
0.9996768520697299 0.025014241991439697 0.004377048371100191 -0.18230724658708983 -0.024989223385739185 0.9996722266765828 -0.005226290493868244 0.029708917964603284 -0.00450717247768399 0.005117838952294087 0.9999771326213394 10.594004294371144
0.9997093010972261 0.023730956567895332 0.004109802414208844 -0.1836932018649602 -0.023705937105378855 0.9997014253269451 -0.005514963506553394 0.02574744301810904 -0.004240431181866064 0.005418465992845548 0.9999766142943692 11.149858887141571
0.9997126422692787 0.023593016306174556 0.0040940793675014265 -0.18555633471224076 -0.02356648439694722 0.9997027660944179 -0.005870881470743636 0.02027097093422917 -0.004232403522459809 0.005775335732180999 0.9999745958800269 11.698485720093657
0.9997021464865431 0.024036413159241488 0.0040143491385285736 -0.188845012157871 -0.024009312858209484 0.9996907335995385 -0.006111595379407281 0.014748294971893935 -0.004161079714870347 0.006016135860233582 0.9999733892945534 12.261317048987307
0.9996844619213732 0.02485220943285044 0.0034431079105407686 -0.19511315791845935 -0.02482830417212461 0.9996704281421088 -0.006236018592131016 0.011184070564433428 -0.003597700701137906 0.006151081995319724 0.9999751607301438 12.844316727304841
0.9996892347737311 0.02476003978775706 0.0026362212573627017 -0.19972164574730003 -0.024741525958104808 0.9996734632244114 -0.006114202045164925 0.008572770852241876 -0.002787395859622028 0.006049521570853368 0.9999783419022957 13.43299907935071
0.9996945799113279 0.02462218066359154 0.0016822562806661323 -0.20499025945596977 -0.024610245685123606 0.9996794880966002 -0.005658658376664082 0.007668719495716545 -0.0018216901510041893 0.005617942376870796 0.9999829285910131 14.01349940217224
0.9997006286421254 0.024434615228107498 0.0003428081037022935 -0.20655594569684058 -0.024430390859051142 0.9996857544130241 -0.0053322961382978465 0.005393315510604452 -0.00047372730812565017 0.005324750304279639 0.9999861958423727 14.602167321267919
0.9996849134172119 0.02504923120200576 -0.0007526375498123891 -0.2136961205480996 -0.02505066170759526 0.9996705809223912 -0.005266558861954656 0.004010817109519579 0.000619531892141304 0.0052861318845363525 0.9999860883453989 15.213038796291533
0.9996700088883553 0.025599251207179766 -0.00161829351536586 -0.22110322164636761 -0.02560472899770747 0.9996589795204648 -0.004831741109256078 0.004354530799888039 0.0014931002128740585 0.004873775735325865 0.9999873710160867 15.842490015849599
0.9996495986395547 0.02636977584588568 -0.0019299755856280487 -0.22888373616905117 -0.026375714354643764 0.9996415547602074 -0.0042635353131782495 0.004726499253558702 0.0018158588441663554 0.0043150936590028825 0.9999893751954161 16.504812318274823
0.9996150907356619 0.027637598722066378 -0.002049020532379861 -0.23666802714804508 -0.027644658299623096 0.9996057062457632 -0.004594799216631951 0.0024355194598393434 0.001920082860628324 0.0046518616668957714 0.9999876132510983 17.161243182585643
0.9996433293898902 0.026549580765024845 -0.002565230648327195 -0.24075658797331517 -0.026560782479559338 0.9996312134301951 -0.005335707841751739 -0.0018113266620166353 0.0024213533353243757 0.005404146655220436 0.9999826136153793 17.812807682327175
0.9996389235884804 0.02671719516739743 -0.0025927235756184846 -0.24558687627511183 -0.02672885406955907 0.9996263837385181 -0.005426829857864081 -0.00623253454660853 0.002445687878804357 0.005496224209707389 0.9999821759204858 18.469181176425728
0.9996350336645854 0.026904533118253214 -0.0021169442623961213 -0.24838825884761492 -0.026913169005302787 0.9996217007039943 -0.005293141425530872 -0.009593755600310288 0.001972569894092966 0.005350560846638148 0.9999839559927681 19.10119203553535
0.9996250613899573 0.027335373683284325 -0.0010939413342611897 -0.2508791424908716 -0.027338842343448393 0.9996099063574483 -0.005335319500031906 -0.014591925788949883 0.0009465977549530339 0.005365536521722604 0.9999854799291662 19.778268050847917
0.9996003303413247 0.028239520731147147 0.0007959982866161933 -0.2510414994770332 -0.028232689154212304 0.9995833805197217 -0.00563495193625396 -0.021189964604267666 -0.0009558920344023841 0.005612643429487068 0.9999840387723408 20.445375261393625
0.9995663020224803 0.029116411954121447 0.004374520521273634 -0.2462521808103852 -0.029087830280474666 0.9995562919195218 -0.006099852917467618 -0.030218299817742253 -0.004551239193595302 0.0059723462161600524 0.9999722474398245 21.120955726820522
0.9994703908230137 0.031358069766398496 0.008689401908456075 -0.24090175721637078 -0.03129295979547211 0.999481190479101 -0.007348471426222983 -0.04091848103001927 -0.008916359383013488 0.007075242740603312 0.9999356143970334 21.788142346108877
0.9993457782333325 0.033858496046799046 0.012718748112082368 -0.2322475798234285 -0.033732305737675966 0.9993798747115974 -0.009889021725458818 -0.054336510736963786 -0.01304673438530287 0.009456078480517252 0.9998707718435873 22.44916321527493
0.9992212197630107 0.035855043155889325 0.01648407182428037 -0.21960434547514027 -0.0356420830982316 0.9992787526965514 -0.012941507344551942 -0.06970099043076816 -0.016937240740256744 0.012346354696130657 0.9997812282223321 23.09183599095444
0.9991019433641041 0.03681831461981919 0.020976402204651044 -0.20376714890311268 -0.03652002293974329 0.9992276810422314 -0.014353134597099554 -0.08530405263863824 -0.021489732523472582 0.01357668211367129 0.9996777907635355 23.697085681979313
0.9990018255079396 0.036640741093717684 0.025545281222564848 -0.1827181619332742 -0.036280591508780866 0.9992360889585366 -0.01434298633716174 -0.0975753211905665 -0.02605229801896031 0.013404250839749145 0.999571330203244 24.307805002708204
0.9988649833012504 0.03645055170280306 0.03066633817425114 -0.15368382918952397 -0.036075138497490916 0.9992664437016817 -0.012637306930647827 -0.10566489603086973 -0.031105510966624495 0.01151864127088172 0.9994502013533341 24.9678422904588
0.9986969406362719 0.03658062290371271 0.03558044104469481 -0.12405794038677148 -0.03625264496215008 0.9992920952344139 -0.009757511797651237 -0.11067451871499442 -0.03591275044057267 0.008456883534327757 0.9993194947260579 25.629862450305286
0.9985080774455057 0.0368327350717955 0.040305799697901296 -0.09228676081512063 -0.03656511356184039 0.9993016947537813 -0.007305288074438837 -0.11516137477281846 -0.04054739227689403 0.00582271410286218 0.9991610013532846 26.29723637211943
0.9982331260570606 0.03903093301888732 0.04479650645874343 -0.062438867438905525 -0.03873539165141211 0.9992194056888106 -0.00739774013748547 -0.12126212221327781 -0.045050915889311975 0.0056519109776365754 0.998969028092713 26.936603715785804
0.9979504636460463 0.041140903148909364 0.049003933880401966 -0.03022094471966475 -0.040788948935505706 0.9991320128511735 -0.008112993614301657 -0.13046927796150015 -0.04929568974741431 0.006100026974063173 0.9987653890962339 27.58190811316524
0.997806476751353 0.04183971192845037 0.05128901459250033 0.003755907566162592 -0.04145386957739495 0.9991012888351388 -0.008522924055770804 -0.14164897875746071 -0.05159993769263307 0.006380636566790238 0.9986472555632081 28.19668418397976
0.997836958940728 0.03974737331759183 0.052341174569072675 0.0388381786154835 -0.03932322193805395 0.9991820835316604 -0.009057513807809637 -0.1499292993879989 -0.05265875234602761 0.006982055752989751 0.9985877588491437 28.808778763888274
0.9978186191440649 0.03819208623784524 0.053827074057809565 0.06982255030927649 -0.03769908501523982 0.9992345161489321 -0.010090855596034308 -0.15874570567443505 -0.05417165816432637 0.008041980259386437 0.9984989476341177 29.360303949289147
0.9977058023373895 0.03823498793700169 0.055855505334393374 0.10271317171555092 -0.037691999275466306 0.9992286501253721 -0.010694931353975243 -0.16979099786915386 -0.05622162711523939 0.008567275187769703 0.9983813432780622 29.940420170730373
0.9975478032347744 0.039496624372674954 0.057761782799495454 0.13304062155040036 -0.038917965378043484 0.9991777613301521 -0.01106190377431989 -0.17853939623114007 -0.05815155756113743 0.008789010767935165 0.9982687326259314 30.50221613687969
0.9974495193162851 0.0402870167471984 0.058900073750867726 0.16477590318626445 -0.039694662252728094 0.9991461816799544 -0.011144153717744553 -0.18649023803422513 -0.05929926011356475 0.008780005643695158 0.9982013600253101 31.0693883741977
0.9973394955667827 0.04206494086137373 0.05951432312767956 0.1974102057400074 -0.0414494388158451 0.9990709609354121 -0.011487180758489033 -0.1949603417198421 -0.05994304137412845 0.008992551472432261 0.9981607474219997 31.69974306240095
0.9972527349067569 0.043172581955842046 0.060173040865830085 0.2316482762311588 -0.04250859584848538 0.9990178554383199 -0.01222123816583137 -0.2068202143514629 -0.060642210320231184 0.009632348857366923 0.9981126036925272 32.301457558853166
0.9972000260299998 0.04358598566458002 0.06074809568230515 0.26616362759517354 -0.042881688869504504 0.9989947035651326 -0.012800724664448114 -0.2186871110969177 -0.06124549257665836 0.010162363893413257 0.9980704798805942 32.879753477364886
0.9971650143254935 0.04378479974049841 0.06117637621439922 0.3017736978683146 -0.04305754207736623 0.9989830087830911 -0.01310435906719216 -0.22963148984414714 -0.06168852941294831 0.010435961765128687 0.9980405171641051 33.48496465440183
0.9971822834228238 0.04362445665833923 0.06101739374278074 0.33724432831026857 -0.04290783700395285 0.998991964240753 -0.01296059820584853 -0.23779992008591916 -0.06152161067280606 0.010308458589337982 0.9980522697659558 34.10984466731673
0.9971784713417357 0.04366638662235958 0.061049835359607105 0.377609939308133 -0.042953902844595764 0.9989908104351986 -0.0128874098989133 -0.24603005435368802 -0.061551269064044505 0.010231258842518494 0.99805135645257 34.74110028710544
0.9971788108376347 0.044102146038605294 0.06073465976927683 0.4121093713903747 -0.04339179882075913 0.9989715002970356 -0.012920635401193861 -0.2540533313864469 -0.06124209627299543 0.010251235423575115 0.998070325782238 35.352186784354956
0.9972591541011881 0.04424511850282306 0.05930410996238432 0.4458392703957338 -0.043560339752495826 0.9989667412315528 -0.012750889991090702 -0.2624124838130763 -0.059806693471404264 0.01013481362603028 0.9981588587569142 35.98697080423414
0.9973118595927919 0.044451631861820884 0.05825989479444043 0.4775768948934546 -0.04378741764625026 0.9989590891177713 -0.012594011731605431 -0.26968244064378477 -0.0587584644267624 0.010011048645722968 0.9982224850791732 36.60699179618114
0.9973236043251763 0.044741757344710496 0.05784556537003601 0.5106506511476305 -0.04407818778622764 0.9989457530646094 -0.012671367781080566 -0.27822275591632917 -0.058350545491272214 0.010089365741255237 0.9982460486600787 37.251124370589956
0.997359679729295 0.04464805090849941 0.05729601026785578 0.5445067153017735 -0.04396986675642072 0.9989461665951196 -0.01301613169382434 -0.28818296903575374 -0.057815786130222 0.01046401447602835 0.9982732774649502 37.90049482276807
0.997395469483389 0.044537441077384846 0.05675173611845377 0.5776270683210479 -0.043821181561442824 0.9989426027647205 -0.013774651609336783 -0.29920078219174995 -0.05730426480231749 0.01125350417380623 0.99829420623506 38.544978217323646
0.9974430958615915 0.04412410327460101 0.056232845410727365 0.6115341464541189 -0.04340299429326915 0.9989581951775276 -0.013948155272132143 -0.3084182779373941 -0.05678888882085275 0.011473442343900879 0.9983209513443527 39.19840938405051
0.9974411238860563 0.044619840252072475 0.05587766149879333 0.6448265713830199 -0.04389560385365338 0.9989350475912717 -0.014090850391384345 -0.318502020803128 -0.05644596911963696 0.01160323486975403 0.998338963654987 39.87569308925965
0.9974585649906742 0.04507729530514456 0.055200616118310994 0.6785684273812227 -0.04434057203670215 0.9989100119774006 -0.014472577169855103 -0.3301253299500062 -0.05579173687524829 0.011989294561623468 0.9983714692864772 40.558188642309936
0.9974595204213297 0.04571726692498188 0.054653574483786445 0.7132264637746738 -0.044958251715401784 0.9988743803033858 -0.015011138679595916 -0.3432738161517091 -0.05527733704123319 0.012517190135958842 0.9983935489552499 41.27368272619869
0.9974499826840049 0.04640877538227373 0.054247726368558145 0.7501707345425392 -0.04562849766580492 0.9988366720611296 -0.015514756434459062 -0.3571651455615818 -0.054903226875363566 0.01300082219542302 0.9984083118895142 42.01409684462117
0.9974767054346231 0.04701665139159058 0.05322144183443384 0.7886493378723418 -0.04614522626971152 0.9987804618899812 -0.017465433023813794 -0.37456199231862974 -0.053976376931193774 0.014966268233097244 0.9984311912743546 42.792643929503605
0.9974270262616054 0.04911667676728465 0.05224081668537521 0.8238018030220934 -0.0481054519188777 0.9986319836212667 -0.02042074610242219 -0.394704412979736 -0.05317110813850677 0.01785598119756128 0.998426688242256 43.56380309992223
0.9973089599575925 0.05200771304871473 0.05169485922066911 0.8591818253061119 -0.05089741850143455 0.9984477680741785 -0.0225469695444853 -0.4158369350222955 -0.05278587854161624 0.019856011857399283 0.9984093166448681 44.3859459320099
0.9972219952671052 0.05448552543063322 0.05080589227727569 0.8970247462776243 -0.0532461434539728 0.998256229031028 -0.025415590405226486 -0.4413102846321413 -0.052100978149553175 0.022640517792189438 0.9983854847248107 45.243648229322304
0.9971895506032914 0.05627262044014064 0.04947768789995214 0.9384933750749483 -0.05492010577550234 0.9980891594547747 -0.028263077681221233 -0.4707419664363359 -0.05097230841154185 0.025466782265909767 0.998375926225831 46.1370940388621
0.9971511864427158 0.057767823544370975 0.04850915275257929 0.9759771139479736 -0.056369878949702676 0.9979666954435837 -0.029682222633440475 -0.4985054125778094 -0.0501245214863323 0.026864297134962557 0.998381778210426 46.954870755038485
0.9970934974471055 0.05962267295356641 0.04743143512203552 1.0098552904915243 -0.05812544096876241 0.9977841651702367 -0.03231573834976702 -0.5277894812052016 -0.049252633842128905 0.029465828443297842 0.9983515443482618 47.72525404883534
0.9969731465533533 0.062262758929693136 0.04656268462865744 1.0434788175255243 -0.06067579440242142 0.9975513120922327 -0.034723773154313256 -0.5606212890079533 -0.04861022877269628 0.031794509092809 0.9983115857905513 48.57345228888843
0.996942141092231 0.06321951639025421 0.04594303417923786 1.0787800753683827 -0.06164436975955261 0.9974859201272441 -0.03490708072251444 -0.5904347997245968 -0.048033447877752274 0.03196887888867647 0.998334349542109 49.42201742043452
0.9970124520733192 0.06337203593115755 0.04417907104775083 1.107797918075993 -0.061883299503546395 0.9974933608664363 -0.03426889951751268 -0.6125401595790575 -0.046238987878660584 0.03143323123940415 0.9984362275168173 50.131253546017824
0.9971749331212203 0.06281249054554455 0.04120905553964575 1.1310589325423048 -0.0614755648060105 0.9975640129791343 -0.032924116642540094 -0.6303585369100371 -0.04317561188152812 0.03029836194950289 0.998608486463821 50.74840771425192
0.9972235129429619 0.06280418657886551 0.0400319284535637 1.1476301281856132 -0.06153749823542747 0.9975869067076403 -0.0320999394912342 -0.6440728807938404 -0.041950284561483024 0.02954802032327618 0.9986831602457505 51.245730517847036
0.9971765511034535 0.06375886810106736 0.039694253621579 1.160868111407736 -0.062477425068780526 0.9975088227686193 -0.032702574152862644 -0.6610640436984079 -0.04167930249566521 0.0301309338790473 0.9986770265577343 51.695518174316945
0.9971653630034225 0.06441541737092683 0.03891106752933427 1.1787975037423473 -0.06314695454951427 0.997457861420835 -0.032968645624360395 -0.6817229557446133 -0.04093477277247071 0.03041889666703179 0.9986989643383002 52.264792541638194
0.9971563746093138 0.06492621520497363 0.03830129887271517 1.2035249203362606 -0.06367212402560188 0.9974209367410541 -0.03308840894898739 -0.707760648883804 -0.04034941581299235 0.030555875206492337 0.9987188869555449 53.018841630302234
0.9971931709422204 0.06523630493620068 0.03678918631180784 1.2336048935721313 -0.06404811122838966 0.997413445481023 -0.03259301703158668 -0.7357783019373458 -0.03881873500971986 0.030145423241920665 0.9987919747895875 53.888565905722196
0.9972228263700409 0.06544581001091143 0.03559654999532807 1.2588902121341305 -0.06435380273513915 0.9974447766376028 -0.030996480238873945 -0.757185429003277 -0.03753265291379551 0.028619797902366975 0.998886091556129 54.65461947558965
0.9972114667193143 0.06659552425230293 0.03372856269814367 1.2850468670381 -0.06562896154732553 0.9974217463392311 -0.02898984953460792 -0.7802791920121652 -0.03557032685088889 0.02669547080824662 0.9990107478396851 55.53752172626399
0.9972046686787135 0.06714073547339171 0.03283584470460732 1.3099038594938763 -0.0662320854925375 0.9974097420799114 -0.028012489310516475 -0.8009190173109345 -0.03462972837121058 0.025759327179155182 0.9990682929692145 56.3560239120988
0.997076851274394 0.0690238734286491 0.03281365991370753 1.3237364055071772 -0.06810013030441076 0.9972709011083284 -0.028473259785467702 -0.8169708720457982 -0.03468765934247708 0.026155271379352668 0.9990559834270207 56.926196794353075
0.9970229163794854 0.06991230847284995 0.03257013990508788 1.3347745337357428 -0.06892195051530925 0.9971515971805188 -0.030590751949532962 -0.832015696160858 -0.034614240062525996 0.02825479699017101 0.9990013060276243 57.307059115665936
0.9969769656650787 0.0706575660399721 0.03236793510265778 1.3480062600287221 -0.06961542804022533 0.9970509164175907 -0.03226001264461081 -0.8504088248586296 -0.03455008923570084 0.029909099372175254 0.9989554706626274 57.76179392881998
0.9969591646214145 0.07121939348447617 0.031678071555527064 1.3615818357199114 -0.07011108492347527 0.9969305257420661 -0.03480865589527687 -0.8719795289495136 -0.034058170628560355 0.032481597599223616 0.9988920565346668 58.247993653395255
0.9968544204331491 0.07263126037482005 0.031767152092244066 1.3725418894916044 -0.07140279439262283 0.9967137323447975 -0.038219463641481405 -0.8920548495451933 -0.03443715037016752 0.03583060964122832 0.9987643483976021 58.67755517516163
0.9966838755033639 0.07464854751322658 0.03243522127224311 1.3820264942291165 -0.07322306345686574 0.9963823637837248 -0.043103335552482976 -0.9139215306382934 -0.03553387714334103 0.040584944259061284 0.9985439783243277 59.090490068255
0.996551309837312 0.0760057049765586 0.03334863172883537 1.3990580726422313 -0.07452189143508547 0.9962610597534622 -0.04367977299607373 -0.9404984616356795 -0.03654213363868923 0.0410433031033626 0.9984890694633201 59.673310360159356
0.9963667218389208 0.0783156509054899 0.03351854434567724 1.4136704603376629 -0.07692170624971721 0.9961914039126601 -0.041024977509826005 -0.9603128518688646 -0.036602088039551374 0.038296749370786115 0.9985960672300818 60.29624837503444
0.9961440323559305 0.08043226239060529 0.03508963370372498 1.4351259046517368 -0.0791370893786024 0.9961812987368497 -0.03685196053073672 -0.9822397990103124 -0.037918610476031046 0.033932497157670924 0.9987055185793438 61.04937736834128
0.9960261462258198 0.0819114319071768 0.035010674625498305 1.4604812710321893 -0.08072966927149341 0.9961576114864773 -0.03392717682662755 -1.0083232329478933 -0.037654054314486936 0.030965455483193922 0.9988118584399212 61.910960352534666
0.9959685105563505 0.0829466440865306 0.03420667725819656 1.48061147099743 -0.0819394555769782 0.9961890311360705 -0.02985914755472808 -1.0234503299559499 -0.036551650987145405 0.02693532485790163 0.9989693268421231 62.613575841550244
0.9959593314700437 0.08373638531238249 0.03250550299277479 1.507199174640154 -0.0829558044813223 0.9962466979738355 -0.024660876161933055 -1.0413366779065334 -0.034446797717622074 0.021863915767164947 0.9991674955442575 63.56565819882814
0.9958956475674734 0.08448726179333023 0.03251432147354905 1.5308155889126822 -0.08382367465819741 0.9962525228579868 -0.0212636217548102 -1.056993927506945 -0.034187679142443445 0.018450237926761155 0.9992456262858372 64.41082890518199
0.9958661065766796 0.08488287167167692 0.03238790136494417 1.5599066140793827 -0.08421895296114355 0.9962172729471311 -0.021339067269066706 -1.0804599824932652 -0.034075561234466305 0.018522660374795743 0.9992479553320571 65.38129251256021
0.9957852944875427 0.08613271384442801 0.03155779360923606 1.5948517979369974 -0.08537515004933441 0.9960434352644058 -0.0246118816569723 -1.1156895464434888 -0.03355174928742925 0.021813207094077195 0.9991991247762196 66.50358553808209
0.995814140685484 0.08646550658183835 0.02968918264111235 1.6343519080376494 -0.0856198258044717 0.9959143314673644 -0.028660819180409417 -1.160653112263347 -0.0320446481242484 0.025997990362434553 0.9991488061977402 67.78163394899458
