1.0 0.0 0.0 0.0 0.0 1.0 0.0 0.0 0.0 0.0 1.0 0.0
0.9999982118606567 -0.0015710890293121338 -0.00010939687490463257 0.004138277377933264 0.001571565866470337 0.9999983310699463 -0.000421278178691864 -0.0037965625524520874 0.00010995566844940186 0.00042122602462768555 0.9999997019767761 1.1812162399291992
0.9999984633957104 -0.0013972635786785315 -0.0003042460038540362 0.0033007593326955104 0.001397855992079311 0.9999984308410579 1.5929046806029135e-05 -0.006299017142154223 0.0003041340111096247 -1.6223178163965457e-05 0.9999996265009004 2.3468296915057696
0.9999984520459666 -0.0013313170852813255 -0.0006398466115280406 0.002524686019144977 0.001333771481064765 0.999994243671445 0.0029150928279100484 -0.0061479528669836706 0.0006357751705143394 -0.002915863900188624 0.9999953063001943 3.5241164627604293
0.9999988766453702 -0.0009820450919115434 -0.0008865865425944036 -0.0006777461205306275 0.0009879724217325089 0.9999802919835266 0.006101007391953387 -0.002497477820981185 0.0008804780733167133 -0.006102077548642405 0.9999809738344297 4.715193891453478
0.9999996461043624 -0.0004089208758345128 -0.0010557804818952634 -0.004473714059199071 0.0004178483750345994 0.9999666818265699 0.008111940667896729 0.0028542412688802895 0.0010521051637806635 -0.008112227688109961 0.9999665874902962 5.926355235555423
0.9999998703774132 0.0005937364836104408 -0.0010059617551021914 -0.007462933516386463 -0.0005855934583822052 0.9999687756976984 0.007846402759732933 0.0062544771287250354 0.0010105036445551242 -0.007845936817223415 0.999968913348135 7.1605806343959575
0.9999923414249268 0.003995531517407804 -0.0007986993071904496 -0.01541830339198647 -0.003989996834656197 0.9999704743110039 0.00656949710815197 0.006051423178874502 0.0008249806507774097 -0.0065668294670833465 0.9999787837926575 8.390253316578411
0.9999992573469487 -0.0011673202767389548 -0.0015336016537368445 -0.011111415590474134 0.0011748367645228331 0.9999874804578897 0.004928519362827815 0.00844201149463581 0.0015278566633881716 -0.004930723171691737 0.999987428594302 9.568976105093796
0.9999995597165878 0.00013113559542918949 -0.0017035792130490654 -0.017994939519460868 -0.00012376559749712108 0.9999911215350265 0.004354243048971864 0.007251422859421058 0.0017043421786449382 -0.004354570119975866 0.9999898196968733 10.787249445761907
0.9999984286269201 -0.00027617730428406415 -0.002468098141711463 -0.017930899227591324 0.000284754662214743 0.9999940354077393 0.003668800404671802 0.0033977462947981573 0.0024676851767649883 -0.0036702326041859338 0.999991382883528 11.973616596576187
0.9999953585612253 -0.0015008107486834885 -0.0032602933839427756 -0.018624896884590146 0.0015102377081050804 0.9999949326315813 0.0031007231835741824 -0.00035325389239326474 0.0032563333814621996 -0.0031063085091299547 0.9999910945277866 13.145091838727048
0.999993982366686 -0.0017810598561924073 -0.003663069018255084 -0.021430379045737392 0.0017926693456286392 0.9999936476026439 0.003377529034768563 -0.0026068427192845584 0.00365781867027402 -0.0033847109964755587 0.9999889225694074 14.335696903844081
0.9999924086759596 -0.0025138228123466632 -0.003770580257869998 -0.023702285424317744 0.0025331509931360795 0.9999834715129206 0.005397310378345861 -0.0010560172854376841 0.0037575943814508747 -0.005407405482567974 0.9999799172562481 15.524628297059532
0.9999928134098053 -0.002074061302393954 -0.0039556185254022375 -0.030020901807352583 0.0020992087924377916 0.9999774506027178 0.0066060543998048395 0.0020390080135801333 0.003942571215764711 -0.006615105995973713 0.9999719197260205 16.730015087559188
0.9999905343981156 -0.0027007609865819407 -0.004233146836436293 -0.031710049747173105 0.0027256040021086483 0.9999787613911754 0.006208036843050369 0.001461660878430073 0.004217233004197434 -0.006220510536910429 0.9999736898413294 17.93303696621038
0.9999837380091026 -0.003539311220760819 -0.005190436940059861 -0.03603937137792188 0.003557938767780706 0.9999881034836224 0.0038558258567544276 -0.003493105996290008 0.005177720063145212 -0.0038753570672492438 0.9999811423160962 19.16862407476605
0.9999835029711035 -0.0035012548980271063 -0.0052846122869508886 -0.04027776608249188 0.0035154003521383837 0.999991411949439 0.002913556076489178 -0.0067175862209055935 0.005275398352639588 -0.002933069413860321 0.9999838109154975 20.38619750986339
0.9999860754340214 -0.0030160438100853603 -0.005074312774729994 -0.04739345850895646 0.0030279727727105976 0.9999939370749162 0.0025942768472522948 -0.009494643784551188 0.00506746704907907 -0.0026103988556578626 0.9999858530695832 21.613184474767454
0.9999869498030093 -0.003402681595413013 -0.0046717594300079756 -0.050826943518027294 0.0034108151945757216 0.9999942007823411 0.0020459389619014016 -0.014172353262187494 0.004665987016837463 -0.0020626777647920346 0.9999891999710664 22.792396813758934
0.9999904853569301 -0.0022664775396176195 -0.004514767819198562 -0.05690069365870587 0.002267941125391442 0.9999990755291545 0.0005790553577073498 -0.02243764685097549 0.004514083592144228 -0.0005898150331655821 0.9999910882262802 23.971168346216842
0.9999916766789675 -0.002306927600179288 -0.004151451802544195 -0.061356261438985996 0.0023120745730821598 0.9999980180939607 0.0014095047108869138 -0.024942146787756577 0.004148712407665873 -0.0014195694121176454 0.9999917706025142 25.125048909269374
0.9999846721183098 -0.003429678005375784 -0.005017261329491102 -0.0672756084750506 0.0034559508981003386 0.9999812352708155 0.005439818545004086 -0.019520115001271685 0.004998353362432843 -0.005457102022052413 0.9999742675062736 26.285216568359914
0.9999920296301598 -0.0013844121974023902 -0.004584483266545467 -0.07668358282569046 0.001430956543034198 0.9999473058166282 0.010386375903640433 -0.007588468403172885 0.004569183354660733 -0.010392763092282833 0.999937965961529 27.471983622294864
0.9999938199466446 -0.00032603858811446 -0.004433101670446803 -0.08383065562816602 0.00038271073279019655 0.9999177294288062 0.013011027718056112 0.004615875288770825 0.004427630581519877 -0.013012291416224358 0.9999082384856172 28.62706307117869
0.9999895825049164 0.002821345050175989 -0.004543914400157919 -0.09581790888621756 -0.0027616602117602317 0.9999098107850214 0.013314121426929518 0.017610452647731915 0.004580161538278148 -0.013300894262113108 0.9999035650210819 29.789301014504144
0.9999929486409211 0.0004794447992469133 -0.004651973739398752 -0.09750913569130076 -0.0004221098560360245 0.9999237597606645 0.012509836765235968 0.027179261579355577 0.004656716365038607 -0.012507240424853154 0.999913663819713 30.89149617233261
0.9999902568878218 -0.0005889125732642706 -0.005236369328786772 -0.10202887492699893 0.0006449027327854142 0.9999429638664994 0.01086712810494178 0.03253356062753589 0.005228756216409459 -0.010870042363197802 0.9999300062515961 31.981467373404264
0.9999876601028708 -0.0008882314646003742 -0.005742988634231986 -0.10597434876254665 0.0009294243754993834 0.9999749068921062 0.007350635592240154 0.03148204688124668 0.005735755827830768 -0.0073561794344499465 0.9999597277492954 33.04005172576744
0.9999834172965034 -0.002634579871854006 -0.005990065500101185 -0.10933834554866635 0.002665106259812105 0.9999852954512038 0.005271162832717497 0.031079759075559574 0.005975647908459548 -0.0052876243513555795 0.9999715093623351 34.07743152919377
0.9999839815269016 -0.001970564261226908 -0.006127913834632982 -0.11978543217685488 0.0020058614391005067 0.9999827274419503 0.005967268478486463 0.035014166151850226 0.006115506999512792 -0.005980078662091702 0.9999666562241191 35.13124618666751
0.9999883149158804 -0.0016115405299601854 -0.005496566194749482 -0.12577357018959479 0.0016621567474805735 0.9999565242174465 0.00942376143826864 0.043389212774585725 0.0054808030440484275 -0.009433796853035772 0.9999434585773215 36.15666797779233
0.9999895353494966 -0.0006910351518206662 -0.0054226288992565595 -0.1334155596020576 0.0007548076291453577 0.9999309323189277 0.011932539798931075 0.05317760552456992 0.005413867833922284 -0.011937427231941295 0.9999168807964941 37.177966999885136
0.9999916696622475 0.0004891906094165832 -0.005102661268710146 -0.1387965292146502 -0.00043053146165400306 0.9999337370142097 0.011697062527141311 0.062140468596477975 0.005108039730156771 -0.011695809824940648 0.9999215454837894 38.16520826681606
0.9999922359210306 0.0008679195436763992 -0.004978943751017437 -0.14142837026220062 -0.0008147113862135978 0.999942290789181 0.010921213861748989 0.06669461280704715 0.004988221190284832 -0.010917978447967592 0.9999310150978853 39.116341520979965
0.9999921570660425 0.0009642211653376956 -0.00495424393300092 -0.14465796139608303 -0.0009144934587200691 0.9999489040425499 0.01025937693463022 0.07036508202762384 0.0049638576156088975 -0.0102554330474004 0.9999379500220923 40.03894870346413
0.9999931959726095 0.0011731485216338413 -0.00466796161419106 -0.14819229924269964 -0.001127291260890112 0.9999507838353172 0.010045739993433566 0.07466729597393174 0.004679388063958064 -0.010040839287853223 0.9999414412661723 40.94353823930057
0.9999942406798701 0.0009995630712523395 -0.004385782705014702 -0.15044815452184906 -0.0009560887658101593 0.9999499500424086 0.010118580696949745 0.0800827182147764 0.004395441703318726 -0.01011449767532119 0.9999417882532928 41.842277216110425
0.9999938579459082 0.0017949180332219184 -0.004170271550626819 -0.15428430746081537 -0.001756693150399313 0.9999561561684366 0.009352665944257293 0.08148363672752425 0.004186507376683641 -0.009345640434101 0.999949947553129 42.698089790668824
0.9999946208846081 0.0020880448955977273 -0.003861315098896269 -0.1567978306646184 -0.0020545022488197913 0.9999598183654169 0.008885944440038677 0.08275941350287525 0.003879394590601565 -0.008878318446260166 0.9999556014291205 43.52327633227607
0.999994598997867 0.0022593630936652465 -0.0037743084157783138 -0.15977511375470277 -0.0022283386052613517 0.9999632170102979 0.008449891502864107 0.08458207309376978 0.0037930181432518236 -0.008441776828587289 0.9999596932485628 44.33234554732863
0.9999934948038482 0.0028932380833251036 -0.0036244958858614377 -0.16550589474674865 -0.0028640473456935647 0.999963135936159 0.008263597080444638 0.08824120068707184 0.0036479669640494205 -0.0082534088432371 0.9999618329746017 45.12235059702412
0.9999940510877234 0.003041489738521776 -0.0034180241314558423 -0.16889474628001086 -0.0030137118753670025 0.9999617300765747 0.00843931320014438 0.09352083710474546 0.0034433820955026896 -0.008429535723288056 0.999961367570438 45.90037232735078
0.9999945344914326 0.002888564425275144 -0.0033953080435035403 -0.1722929644252341 -0.002860693962235047 0.9999614353206429 0.008514714915223431 0.09794975616157488 0.003419560684256602 -0.008505563456094491 0.9999605703744561 46.6557995804575
0.9999938083143675 0.0032138355996987784 -0.0032273145590911594 -0.17668241005842933 -0.0031867445077492238 0.9999590441763194 0.008658084771917278 0.10288158125478664 0.003254689225834737 -0.008648151936015742 0.9999598006398541 47.388839255755435
0.9999943894539832 0.0032513621609291305 -0.0030097868992878755 -0.1795063989031333 -0.0032251246788315316 0.9999558344629148 0.009000881033706252 0.10877346905977606 0.003038589186170081 -0.00899156483536192 0.9999573555737341 48.09741065105525
0.9999877335417766 0.004882052100540999 -0.0030232127995441817 -0.18581101802271968 -0.004854260496556265 0.9999452444770405 0.009454619609468846 0.11583769596548645 0.0030688513819084966 -0.009440264099574892 0.9999532307273458 48.80090309710815
0.9999381265334127 0.010990192182166025 -0.003359433006384467 -0.1942851620812419 -0.010947783119030477 0.9998614275088507 0.012677168111860855 0.12723409796953855 0.0034978837563126052 -0.012639898677699733 0.9999166171355958 49.480875446339155
0.9999401299253462 0.010929580082858555 -0.0030291554659307818 -0.1960883184104147 -0.010880026147072354 0.9998111010180601 0.016207310533515575 0.1411746899529998 0.003205419658693139 -0.016173856049572864 0.999866889245997 50.17942149583162
0.9999612142152002 0.008873292235946701 -0.0028764471255625676 -0.19457796415701387 -0.008828496685357408 0.9998407970379798 0.015635382252013018 0.15036149155518674 0.003014533386573578 -0.015609865867164476 0.99987650358222 50.868147330887105
0.999988049036669 0.004797707365282439 -0.003122894257057162 -0.1932495157597026 -0.004758796747725393 0.9999103358148823 0.012639657161280165 0.15402444375822635 0.0031828760458523305 -0.012625025317715387 0.9999178724580456 51.52062115283897
0.9999848367046321 0.005573022039506434 -0.002771565296875131 -0.1954194703499746 -0.005543130453376582 0.9999257226702438 0.011008457557069872 0.15440330541075745 0.0028324393170906163 -0.010993601773453269 0.9999383379899308 52.12918423616349
0.999958765653843 0.009393145908123204 -0.001719883437667934 -0.2004247778589068 -0.009380584907339593 0.9999280984562724 0.007717440129959705 0.15258662912545104 0.0017924516548100567 -0.007701852616235937 0.999972359989259 52.72956822611021
0.9999510816567989 0.010078746576210749 -0.002024545492878987 -0.2021958570582707 -0.010070916951253964 0.9999417150235075 0.004304668237155793 0.14791768488688903 0.0020677256637519317 -0.0042847766488362145 0.9999917401097717 53.30773589485312
0.9999764620573377 0.006813672476803579 -0.002916873357799874 -0.20787186514826753 -0.0068020055253606385 0.9999690653578938 0.004322370749776923 0.1520504724995904 0.002946250650440732 -0.004303105152954727 0.999989380562224 53.865986399833204
0.9999916797860463 0.0034671258226858463 -0.0034394195574888463 -0.21451369801286294 -0.0034484585769105763 0.999979848705334 0.00558446224928806 0.15903403900074123 0.0034589494899738187 -0.005573542686762118 0.9999813272736362 54.433428414849026
0.9999936581613775 0.0034566569221558944 -0.0029088930916041427 -0.21857836889817406 -0.003441288023434975 0.9999800898424599 0.00558844480507142 0.1606629435960071 0.002928571002638676 -0.005579570456367753 0.9999832491015591 54.963768696084905
0.9999930572687481 0.003997182569163325 -0.0024740229073130387 -0.22186986419863194 -0.003986157058575333 0.9999820249403035 0.004810066238558008 0.1576065832618212 0.002493600145430625 -0.004801491362336884 0.9999886268011764 55.46346899569134
0.9999912821473165 0.00436110104884376 -0.002651477659619431 -0.22797041133807516 -0.004349963126860644 0.9999816635318169 0.004583859186581075 0.15733340802918427 0.0026718685082881308 -0.004573670187052415 0.9999892760885186 55.96423867730131
0.9999885390519366 0.0047292917699448805 -0.003013233782905943 -0.23529718560522742 -0.0047164462020716615 0.999979845421875 0.004581111214077871 0.15917121041109134 0.003035139518311236 -0.004567887171615538 0.9999882697255937 56.44714007241536
0.9999977201181119 0.0024422008070478563 -0.0026457554571411137 -0.23935995243310407 -0.002432032349567047 0.999989735794635 0.004071686468181203 0.16123814736989084 0.002655971392232807 -0.0040663817832617246 0.9999914134178359 56.93128432366161
0.999999513350816 0.0017409275349656657 -0.00239019197390031 -0.2443202813326714 -0.0017326086055734393 0.9999925495532258 0.003622912989469243 0.16175800038228633 0.0023966448311175566 -0.003619687381385403 0.9999935598271309 57.385340915797364
1.0000002657601574 0.0016869510017275106 -0.0020400861558448817 -0.24856817422960686 -0.0016803240948777833 0.9999933584619115 0.003358810327802903 0.16136332728258806 0.002045858288347299 -0.003356244328427079 0.9999953537838616 57.81259890316647
0.9999992930777338 0.0021074173900053816 -0.0019943209960077597 -0.2544406724618562 -0.0021007178058167256 0.9999924370241983 0.0033519381238931376 0.16250440369356578 0.0020012534213876497 -0.0033483797705444085 0.9999953510325298 58.228594384981406
0.9999980098725697 0.002473857098153718 -0.0022503252456782872 -0.2606552911972281 -0.0024650495050082353 0.9999894926695189 0.003930876777888016 0.16639346743801825 0.0022599969123810403 -0.003925989119792614 0.9999926611304724 58.65336257216152
0.9999976500733572 0.002690748084183325 -0.002224914581284229 -0.261438496898862 -0.0026816004316847384 0.9999882758264045 0.0040589633264858935 0.16828612870800452 0.0022357536076007016 -0.0040537373471311216 0.9999921551221711 59.066998842446694
0.9999971808439759 0.0029789618931101956 -0.00208702078131656 -0.26354967212858615 -0.0029707634179072786 0.9999879984256541 0.003936405061817992 0.16850513980228504 0.002098790858640396 -0.003930844195036259 0.9999930786877071 59.447721189008504
0.9999997914490419 0.0022215257865000797 -0.0020312622001684533 -0.26554167422707 -0.0022135656903625833 0.9999900547472217 0.004015968764513992 0.1701736055229368 0.002040307594076542 -0.004012088323587052 0.9999931202321763 59.82875143350927
1.0000010894108688 0.001512000032490608 -0.0021100178983915687 -0.2694022000351151 -0.0015033351569453532 0.9999907778859507 0.004108663940139655 0.17167672884906338 0.002116196278661245 -0.004105921006087887 0.999992587923265 60.18662108571047
1.0000026513806584 2.780739363921053e-05 -0.0018117345914386497 -0.27350578144025384 -2.0565914446478206e-05 0.9999924006414531 0.003937460331326057 0.1727581653167536 0.0018117849789803923 -0.003937868696690705 0.9999938612016851 60.53781577835156
1.0000031218832708 -0.00025156116346999657 -0.0014904805224776033 -0.27703612045115167 0.00025744477937851887 0.999992358941334 0.0039044777053175305 0.17363142153244968 0.0014894775457707237 -0.0039050105423340917 0.9999945731013201 60.858880675917376
1.0000032852978824 -0.0001250958537358582 -0.001242213992842702 -0.280381174877046 0.00013017402478745295 0.9999922406035402 0.003973682484143794 0.17500811041563186 0.001241688601834821 -0.003973993609590789 0.9999946729156449 61.15934011223081
1.0000032395038372 0.00019537984975466353 -0.0008318321381081675 -0.28362391594654734 -0.00019147304034772142 0.9999918681369059 0.003958266724596093 0.1759223957978582 0.0008322261894621227 -0.0039578284161196475 0.9999947671100561 61.44913830292237
1.0000033337545884 0.0004890974887038674 -0.0005063387986427732 -0.2863693143363163 -0.0004865508140508911 0.9999925923266939 0.003760735340027827 0.1755516558266235 0.0005077703953117964 -0.00376041270776689 0.9999957003697425 61.7226858557902
1.000003820755283 0.00026037021717397623 -0.00023577939775664645 -0.28839837937575746 -0.00025928383327349184 0.9999944453551175 0.003360808859458378 0.17475319256209174 0.0002364869569769328 -0.003360763008494174 0.9999974604654973 61.97378417273622
1.0000040440377567 0.00011904613073868824 4.930352513495044e-05 -0.29007030791559196 -0.00011883126043659137 0.9999952252506817 0.003104227761054201 0.17459374753992085 -4.9225570317308154e-05 -0.0031041688683536295 0.9999983899640035 62.21018706149409
1.000004037875026 1.0992033871757135e-05 0.00043546049925368465 -0.29141902932967984 -1.1848225226683092e-05 0.9999958400753401 0.0029103481216249233 0.17457566549938752 -0.00043576906086233196 -0.0029102401493273696 0.9999988534394639 62.44642940852272
1.0000044147409073 3.7642205560867214e-05 0.0006643416337195204 -0.29361589245766784 -3.9008597821301357e-05 0.9999961642885176 0.0027577286986526293 0.17451243317193355 -0.000664603539779476 -0.002757782880220427 0.9999993170631316 62.66869311218908
1.0000044026501962 8.810762962525298e-05 0.0008591264526165263 -0.2960095165281266 -8.988170430965112e-05 0.9999964507158504 0.0026530256145337943 0.17462383913321547 -0.0008592526490075534 -0.002653240095559707 0.999999357124762 62.872185317279154
1.0000041276388474 -5.6613914930359856e-05 0.0011940044254706845 -0.2969927682357164 5.4247176229169154e-05 0.9999968292974044 0.0025151303019928435 0.17483176971631156 -0.001194615305135582 -0.002515324693041777 0.9999993755565432 63.070366984855625
1.000003587681961 -0.00024301677441147812 0.0016373529178484705 -0.297470470751367 0.0002398728050246376 0.9999971571567825 0.002380924517814934 0.17527252161858003 -0.0016384538935724623 -0.0023807232348441055 0.9999989451493211 63.25848994106903
1.0000030782857323 -0.00027643408568372166 0.0020164085608525436 -0.2951554689582042 0.0002723192473360772 0.9999972556151699 0.002386200748503456 0.17567385653483916 -0.002017499414880471 -0.002386018291745458 0.9999981925293187 63.45560402021122
1.000001103909443 -0.0002067156693643871 0.0028274028631267564 -0.2916103214323126 0.00020055641275388802 0.9999963869964323 0.002558737027727373 0.17812674219937538 -0.0028286988457264517 -0.0025583411170035297 0.999995668267906 63.614786990323424
0.9999920587289675 -0.0002449788880333636 0.005159587347488535 -0.2855205073263982 0.00023249732194831164 0.9999966588418266 0.002589745324043376 0.18007115096160975 -0.005160795639995685 -0.002588766388365968 0.9999863704451631 63.77662148649842
0.9999725879440692 -0.00036390330974420305 0.00813059465918548 -0.2794890036281209 0.00034457755632176095 0.9999975047055044 0.002437412746454879 0.1817138239341351 -0.008131970457160265 -0.002434908340265119 0.9999670826734552 63.9319951680806
0.999934846055388 -0.0005022009928016649 0.011959885728753061 -0.27264052507810815 0.00047480555497848116 0.9999985951211798 0.0022654683439487584 0.18365471666582958 -0.011961465777090237 -0.0022601103458273876 0.9999290328752667 64.08130041687652
0.999835341019839 -0.00041436631077052026 0.01850854915485487 -0.2609913459307511 0.0003742615401174375 0.999999539437456 0.002132690975584629 0.1862779526671591 -0.01850996400914326 -0.0021254924439374624 0.9998297235926163 64.23441861668756
0.9996406868588834 -0.00035879970511332215 0.027070317120214252 -0.2423009991933127 0.0003123838989693965 1.000001634705818 0.0017210295770962087 0.18901748291489395 -0.02707125455480987 -0.001711365396329042 0.9996355603434713 64.39297696201547
0.9993065667978546 -0.00019168678291157356 0.0374199124907448 -0.2192967926764387 0.00015703810868422297 1.0000024655788269 0.0009197307119890163 0.19143671688947855 -0.03742052928800352 -0.0009128833804465591 0.9993026458952056 64.56384281347782
0.9987500653499289 -0.00014697243782631574 0.05012496507428245 -0.19069736612324417 0.00015167756048859588 1.0000030411390854 -9.18372930105891e-05 0.19364934520826418 -0.050125178898634645 9.962860311371136e-05 0.9987462817640149 64.73640492989449
0.9978552332832812 0.00023398706486843127 0.06557597518816353 -0.15315589999655213 -0.00016917270097101294 1.0000031293336136 -0.0009881855538920732 0.1965289145061528 -0.06557634123582988 0.0009752593956935774 0.9978507287395266 64.93513803126169
0.9964780152782992 0.0006112786993652186 0.0839423701729505 -0.10592228080261051 -0.0004431416465423043 1.0000015922199745 -0.002016596907857642 0.1996186490196996 -0.08394362571405255 0.001972360997781926 0.9964721245858669 65.14968676998397
0.9945069538893883 0.0012388443529815114 0.10473550398328388 -0.049075389567137695 -0.0009239984182582208 0.9999984732603979 -0.003049483970044846 0.20242931025045513 -0.10473886347118899 0.002936291418091771 0.9944989674341931 65.38457960400135
0.9917770811223096 0.0022424018751887494 0.12801407802742454 0.019966483026075718 -0.0017417711456180103 0.9999939705222434 -0.004018269202702072 0.20559520053317878 -0.1280216939223678 0.0037624503953480903 0.9917673459593143 65.64174684559435
0.9881208020724112 0.003518159772064428 0.1536836205565872 0.10073277678298725 -0.002862079225533649 0.9999893464715172 -0.004486722447065969 0.20896323235957123 -0.15369653251223575 0.003993669282960802 0.988112802072019 65.90680241221406
0.983600204611572 0.0036117388525199164 0.18036452443231452 0.19283615733427767 -0.0028092231537999728 0.9999886393307301 -0.004701862135490976 0.21214024795140365 -0.1803780442219931 0.004118161908058613 0.983591736976257 66.18190566603518
0.9780074746053283 0.0029215498063372113 0.20858266776188997 0.2976829950176213 -0.0020647771295663354 0.9999919771942714 -0.0043230855032320254 0.21565000596663947 -0.20859223194266086 0.0037970767478732815 0.9779983321170724 66.4760705701507
0.9716104204122268 0.001978870514146071 0.23660697269687253 0.42636950861367406 -0.0010669316619366564 0.999995064546858 -0.003980737667318143 0.21828732297602646 -0.23661179688793682 0.003615025360318023 0.9716006478428381 66.81299256556494
0.9649680034446874 0.002694922778189585 0.26237892644594973 0.5526622387635314 -0.0016241866846867586 0.9999926155164259 -0.004295929079391004 0.22105897098796973 -0.26238627092922084 0.0037192079082280245 0.964958515670622 67.12085680793608
0.9590080252980762 0.0017160959593488748 0.2833961726686909 0.6877283526906675 -0.0002799723829135926 0.9999900950290906 -0.0051063301690969535 0.22080601826413854 -0.28339951672770924 0.004817538881938428 0.9589923453136793 67.45707498727413
0.9539464906649687 0.0009249748847176553 0.2999954485350251 0.8296507089138873 0.0006705808273189715 0.9999890727383013 -0.005214603443360952 0.21929321275258082 -0.29999402293260125 0.005175366090870459 0.9539291786323858 67.8148278593771
0.9492581000595774 -0.0007177267931588347 0.3145153404627449 0.98047316029483 0.0022806809392230823 0.9999896952482373 -0.0045999079970449365 0.21732176726714528 -0.3145056091566969 0.005083689738305158 0.9492439087383693 68.19405737506632
0.9461892774957711 -0.0018047881585387781 0.3236260668856873 1.1257584904356825 0.003041957504764723 0.9999921359842547 -0.0033159459873583833 0.21513420351047063 -0.3236144649936875 0.004121728985057225 0.9461816895670798 68.56215905908695
0.9444320868309901 -0.003812852880372931 0.3287017113013188 1.2692693652312954 0.0048296718967364045 0.9999880725663967 -0.002275676099029877 0.21355408848786955 -0.32868594831779113 0.003736466028591536 0.944433437683865 68.95240450404475
0.9446047775446508 -0.004433605586632792 0.3281970629593678 1.3953500888402834 0.005416061447255475 0.9999852765993811 -0.002077401572780874 0.21160460041551676 -0.3281798670062401 0.0037395653553670646 0.9446092994173377 69.33028521056866
0.9464209757972257 -0.00476705453305576 0.32291886629588645 1.5178804162287982 0.005486479853960061 0.9999861432694049 -0.0013158970059118124 0.2110785457972176 -0.3229050430284071 0.003016836099817701 0.9464283521340776 69.72678770908215
0.9487831554332591 -0.002749733812426804 0.3159355426801187 1.635834270963627 0.00305856297639415 0.9999971777847438 -0.0004796857057781695 0.21263563023512802 -0.3159304424126364 0.0014212396672018649 0.9487830831183239 70.1483095057735
0.9514571119750126 0.0009268858593247804 0.3078006862794588 1.7482020128836777 -0.0009138469436019432 1.0000015927425836 -0.00018449502537898972 0.2138583712740982 -0.3077983521589389 -0.00010596834052412502 0.9514537709256421 70.57832666719546
0.9548028873322745 0.00019187314869195248 0.2972618601780646 1.8618946741676665 -0.0002670632550191078 1.0000018970548765 0.00021427344603500563 0.21361716086371518 -0.29725954352903394 -0.00028445825347260404 0.9547987155289616 71.0120975002316
0.9586025707568848 -0.0005799680634980236 0.28477220680767723 1.970000458139997 0.0003266484164089219 1.0000018961436146 0.0009383333983802283 0.21452347707638197 -0.28477004228579017 -0.0008076071002108621 0.9585981341985117 71.45727567713114
0.962388673111091 -0.0020762525467606712 0.27169266119918206 2.072167622190015 0.0017738412877581317 0.9999994609162322 0.0013612833105241862 0.21502518775302382 -0.2716929429028831 -0.0008288923170033126 0.9623857934189428 71.90713668591702
0.9664680657768544 -0.0030307734944225425 0.2567948281492397 2.16810390018007 0.0026251990756183596 0.999996645331098 0.0019251501847543768 0.21564410389786304 -0.2567976928903835 -0.0011870944348704605 0.9664664148271411 72.37056700581134
0.9706083529473205 -0.0028454131103108835 0.24067555860313466 2.2563816273681114 0.0023371076708949296 0.9999963987227855 0.002400518419003856 0.21507779355379764 -0.24067948906974615 -0.0017680891151230739 0.9706049378918173 72.847305434483
0.9745586573254688 -0.0015441903241207868 0.22415650879952145 2.3372095969999154 0.0010706475292806283 0.9999987826244856 0.002237738937361638 0.2144707548744034 -0.2241577089275461 -0.0019413839151149884 0.9745530043819164 73.33306373272202
0.9781830778711529 0.0004642251205427875 0.20777573594265974 2.410316239421167 -0.0009660290962346363 0.9999987170273192 0.0023175424185542075 0.21441154904828863 -0.2077725305800752 -0.002468393537792187 0.9781761718951548 73.82488209233186
0.9817594276735625 0.0005247771510614304 0.19016177217324176 2.47550315138485 -0.0010557231672489347 0.9999975751604085 0.002695093133848956 0.21442824616205122 -0.19015816592875107 -0.002847287531969836 0.9817515072457376 74.30561163344811
0.9850706902094233 -0.002205502689712333 0.17217505019497004 2.532306485064924 0.0016795818047334874 0.9999952483574508 0.003205463696396464 0.2183628070526296 -0.17217964869655128 -0.002869016119314967 0.9850636080041719 74.78292251355116
0.9880846591899325 -0.0019449245877506411 0.15394402033532512 2.577629259614018 0.0014664237399300232 0.9999956718835655 0.0032268422719631193 0.21787800835188367 -0.1539477196385408 -0.002963362532287722 0.9880772707873227 75.26673653399348
0.9908038439445043 -0.0014374239830876683 0.13534992242952404 2.61355952401121 0.0010639963460952972 0.9999974756987531 0.0028369037733047752 0.21502083133330605 -0.13535164078964657 -0.002667687648304231 0.9907971741660041 75.74749009657492
0.9932156361974983 0.00039394721842668946 0.11634795494306124 2.638109983991361 -0.0006694858423865591 0.9999992176170738 0.0023358219756243305 0.21168619078616602 -0.11634511716724158 -0.0023986675202490974 0.9932090812247484 76.23029398414697
0.9952352187793135 0.0013581997705192552 0.09756676389400576 2.6534579274703156 -0.0015604351591317301 0.9999989639685278 0.0020041924685112846 0.2078574632808845 -0.097562066674109 -0.002147479606407013 0.9952305392675472 76.69448571371574
0.9968840804508446 0.0008877084232545995 0.0789677755539375 2.6618860021184703 -0.001079522335442819 0.9999988425567508 0.0023951960515501847 0.20694081363137123 -0.07896361473769371 -0.0024737564025104214 0.9968780528554207 77.16244294298238
0.998197891302766 1.9826907353083255e-06 0.06012924518428714 2.6600631432162856 -0.00015290634820034856 0.999999149241792 0.0025173757742915142 0.20545724829325795 -0.0601274083568884 -0.0025228208672521527 0.9981911193761404 77.60991614568503
0.9991197966275568 -0.0005636989612134867 0.042117488560130964 2.6505632822523806 0.00043389137667469073 0.9999974857150132 0.0031081706879973595 0.20524321272117696 -0.04211726960525333 -0.0030881719448071264 0.9991118135017331 78.0706271984506
0.9996543938560312 0.0001969740637628867 0.026566307873537767 2.635900805818141 -0.000296583085536704 0.9999953684742159 0.003770311666922994 0.2071811995262333 -0.02656360476823127 -0.003777915855566686 0.9996438779908428 78.53250876049073
0.9999059791543524 0.0018970110959803368 0.01411516661135003 2.620095509486987 -0.001958336540049964 0.9999907509445074 0.0043789046261924315 0.21048361621312336 -0.014104962086581489 -0.0044071151136751315 0.9998945854257922 79.00865503298847
0.9999731012654728 0.004470982457685653 0.006947248738987084 2.605459928616963 -0.0045130400692412025 0.9999729336326225 0.006147513224431971 0.21761820041303337 -0.006917846410813546 -0.006179654097661942 0.9999604720017663 79.49571805068875
0.9999887480853196 0.005891953943621556 0.0015410201454148162 2.593784762605652 -0.0059032531000668765 0.9999535213916015 0.007897145787317232 0.22551340921428706 -0.0014929405362577586 -0.007907436504741157 0.9999715876595142 79.9846819337674
0.9999919854855971 0.004740686174969652 -0.002761967598921263 2.585787722209304 -0.004716159026836447 0.9999542020974089 0.008562640105367211 0.23118998600873086 0.002803927272543183 -0.008551047246423624 0.9999632996146346 80.46103520512327
1.000001850997461 0.0004952455619338309 -0.0033851996351858494 2.584353186447211 -0.00046927679158707657 0.9999740889614739 0.007505300081927683 0.23440070684854672 0.0033902396225737245 -0.007505144336571313 0.9999700964430064 80.9455783506165
0.9999960043046457 -0.003334814865133343 -0.0036268539128323646 2.579806974651404 0.003358811979279027 0.9999750853702807 0.006658302881988763 0.23894527991208175 0.00360594511250616 -0.006671652929558385 0.9999754576308388 81.428602828242
0.9999954762960319 -0.0031590574598487613 -0.00376976141842231 2.572058636613058 0.003183754522836312 0.9999762593605066 0.006472451796732977 0.2408783429451491 0.0037501946958513757 -0.006485229241197303 0.9999756999786229 81.8961229988897
0.9999972792563308 -0.00259114600999406 -0.003799164801920014 2.565081097420833 0.0026145923810996755 0.9999804751833101 0.006100699279127609 0.24119502108770244 0.0037843746946816343 -0.0061117960918801425 0.9999781148458127 82.35745710385784
1.0000002928577312 -0.0003008199002005527 -0.003943228376783344 2.555468801384063 0.0003201168180811538 0.9999907952042074 0.004835511088484395 0.24082972530731986 0.003943141383763846 -0.004838247214255464 0.9999849299811775 82.82426976016437
1.0000002162825532 -1.3914189630714276e-05 -0.004165683551620567 2.5490750590757383 3.288939640689151e-05 0.9999922872908241 0.004570262380834719 0.2411866616525113 0.004167337912421616 -0.004572263115588444 0.9999855739249176 83.28127507916358
0.9999952933884219 -0.0006018727532454306 -0.005231298192204606 2.541636863541025 0.0006273330430764621 0.999990566546734 0.004915586431120802 0.24444622752603803 0.0052299610125855 -0.00492089758448821 0.999979017630183 83.73767159200695
0.9999882478519003 -0.0011309408010011747 -0.0063578782167784875 2.532888574299744 0.0011653406814769254 0.9999872510811383 0.005411781277429761 0.24828074430643232 0.006353341348805323 -0.005421162755550055 0.9999700859083522 84.20304893737091
0.9999875637146914 -0.0011351013053227524 -0.006502074092149522 2.5246013985147235 0.0011697883400890617 0.9999877030025616 0.005371231552907131 0.24936873152201455 0.0064977705267484824 -0.005380897317615377 0.9999693883999994 84.64838238756494
0.9999874844022782 -0.0010195768138659893 -0.006589232071189735 2.5171460036647826 0.0010534653541695574 0.9999888263948893 0.005253532203496484 0.24950944424450294 0.006585987658313744 -0.005262904877636265 0.9999696924077098 85.0859469044159
0.9999859805853774 -7.098413248881377e-05 -0.006856033286719016 2.507139020105698 0.00010546312066221591 0.9999899823798785 0.005122151101361255 0.25138178578403647 0.006857553310075337 -0.005124896768208917 0.9999684455086101 85.52547758616802
0.9999868158785853 -0.0003757824739136416 -0.006748581773907643 2.501451499547763 0.0004110978997935193 0.9999886313475549 0.005333085648299861 0.25388903384184514 0.0067483721498663085 -0.005337900043230965 0.9999679822913092 85.96358004923887
0.9999884385896738 -0.0009411694487775166 -0.006406128563066444 2.496127289682078 0.0009760145524129379 0.99998694273063 0.005494931701771512 0.25549571465545157 0.006402687541661288 -0.005502915297133565 0.999969370950176 86.40128017608207
0.9999881382879496 -0.001415143456046675 -0.006336899178931516 2.490063727989928 0.0014492759682023383 0.9999866970610236 0.005401465162217951 0.25565631810792727 0.006330850512549604 -0.005412338334471949 0.9999702091481605 86.83163716417428
0.9999843154278206 -0.0018185777677140857 -0.006812582493398603 2.4821966964098214 0.0018567910382891032 0.9999848525572391 0.0056113261511707285 0.2574129610034987 0.0068038560299691535 -0.0056257007074877585 0.9999659407220665 87.27236020698132
0.9999822781674506 -0.0015299087498935405 -0.007170867629791077 2.472461150464482 0.0015762423659223467 0.9999802312077144 0.006443088209819336 0.2616849619527331 0.0071624048526985175 -0.006455988922456266 0.9999585917923588 87.73408362268403
0.9999795480634501 -0.001150387032577366 -0.007624227485931843 2.466735894689518 0.001201453793669893 0.9999793846517036 0.006666423562896247 0.2653072452089232 0.007617819489848011 -0.006677118057558757 0.9999539005539291 88.199040772592
0.9999765748794418 -0.0013654666361756535 -0.007981718439702206 2.460986711245741 0.0014196305701041064 0.9999782770913573 0.006775111558340393 0.2679601559150026 0.007973766452101409 -0.006788101764714464 0.9999502111163793 88.64391704710889
0.9999697306676881 -0.0026192988757014275 -0.008535258407697503 2.4537987357356763 0.0026783854946410123 0.99997484420538 0.006920598859012147 0.27106587955042644 0.008518385980691545 -0.006945041432901301 0.9999446270459843 89.09042289136025
0.9999482771085149 -0.00668273503262596 -0.008819174064282306 2.4454701805296755 0.006763574879547356 0.999937471274543 0.009179957932052348 0.2794961972349675 0.00875872638289701 -0.009240872124748032 0.9999239988244139 89.57432475234856
0.9999499333989074 -0.006088302606649233 -0.00905252021216836 2.4338052608593146 0.006199272016657993 0.999907572849217 0.012294125951886775 0.28981503630836114 0.008978219847541291 -0.012351902044006519 0.9998882181345734 90.06094899483703
0.9999464555939506 -0.006083250868502646 -0.009519209025042864 2.4246339975393982 0.006211856834329236 0.9998906589468471 0.013639110301164301 0.29691601938389456 0.009436607753151558 -0.013699737420439782 0.9998666768583133 90.52791978471436
0.9999454094579008 -0.005814364583820498 -0.009800926918667581 2.4146430264862833 0.005946438581009552 0.9998926481596433 0.01360535154624799 0.30040597865070795 0.009722248985992705 -0.01366522178265301 0.9998642165059888 90.9575028458813
0.9999466991212519 -0.005566261891028833 -0.009865118710371901 2.4057620570929177 0.00569793729353859 0.9998958742282448 0.013502458913592544 0.3033035985370925 0.009790681779535414 -0.013560864785005738 0.9998651067505474 91.36610240173003
0.9999457283439537 -0.005505763802186076 -0.009973482263832418 2.397044129717417 0.0056377239498591036 0.9998976399153393 0.01337533569299437 0.3055779144847727 0.00990054801390502 -0.013433494187124306 0.9998654564308708 91.75459215120681
0.9999438527486991 -0.005068419427346382 -0.0103789728164914 2.3863879352873587 0.0052043050555489944 0.9999020867205036 0.013225745550512546 0.3080225650097211 0.010312830986220387 -0.013281677589144607 0.9998632933255117 92.1302963785896
0.9999406431745876 -0.00502359785704033 -0.010686966045031056 2.3769100387727176 0.0051660480931257045 0.9998992597727479 0.013436853954993078 0.3123225263133884 0.010620282757047208 -0.013493696427063839 0.9998571237786478 92.49373905700531
0.9999386404059613 -0.004821407536534469 -0.010936022448171899 2.3670340080542966 0.0049678845933603085 0.9998994032578951 0.013462798897460142 0.3155845153754304 0.010871633302115465 -0.013518571683752806 0.9998536952461625 92.84859513946584
0.9999457361081817 -0.0007353906823624358 -0.011299318317933637 2.352098949450973 0.0008846248562227037 0.9999142276283454 0.013241588776118784 0.3218559652478193 0.01129019645502534 -0.013253025339435558 0.9998525213129331 93.19642429492727
0.9999402996067025 0.0014173280009550002 -0.011712911976444283 2.339356904416476 -0.0012520401404620505 0.9999019169131631 0.01412594239569443 0.32967343080523187 0.011733349841972194 -0.014112486331426678 0.9998356557327939 93.52347968867802
0.9999311980894038 0.0023039695295516325 -0.012352085746472683 2.3286410214395596 -0.002127840582394098 0.9998983475967977 0.014263667833034285 0.33483019708384076 0.012385167613342716 -0.014238327407690451 0.9998259823584749 93.83904800180983
