1.0 0.0 0.0 0.0 0.0 1.0 0.0 0.0 0.0 0.0 1.0 0.0
0.9999993443489075 -0.000429004430770874 0.0010992884635925293 0.006813271902501583 0.00042891502380371094 0.9999997615814209 0.00015532970428466797 -0.0009094942361116409 -0.0010993927717208862 -0.00015473365783691406 0.9999994039535522 0.6551951169967651
0.9999896284523251 -8.976501521562597e-05 0.004432396729308952 0.013753928613908659 8.536996712571465e-05 0.9999988659947565 0.0011046956924829487 -0.0004339937414034045 -0.004432556738775517 -0.0011045047413320574 0.9999894531489366 1.3644278243214365
0.9999669453820482 0.0018551786770504954 0.00784053598723214 0.019851973080498367 -0.0018615688827183334 0.9999976707316156 0.0008737892054058021 -0.002537383965079941 -0.00783910002762519 -0.0008885317805377274 0.999968998778139 2.0453094678961525
0.9999499593041683 0.0011316930873704664 0.009858834613406245 0.03238645324973395 -0.0011397291581863478 0.999998537647433 0.0008749752485018497 -0.006190126779702262 -0.00985803982049787 -0.0008863597172619994 0.9999509668491323 2.7717484926926184
0.9999437054826944 0.0021435140633200987 0.010290439492841492 0.04217894305305288 -0.002133657761235158 0.999996989494499 -0.0008995162672561712 -0.016272167147928625 -0.01029277993912159 0.0008776611002374023 0.9999462974184029 3.4943765222212275
0.9999388785851346 -0.0010837416855364569 0.010875729992192242 0.056741573895179226 0.001150366998017644 0.9999806425268845 -0.006046311039369597 -0.032759394623690256 -0.010869431642797658 0.006058738509954895 0.9999220526641771 4.1969873551783605
0.999933973306605 -0.0020303713388365777 0.011203767650082713 0.0676856043726402 0.0021469288203011276 0.9999438896541238 -0.01033811030774218 -0.04905684142304152 -0.01118241040944227 0.01036173535744936 0.9998834711779184 4.885596132502851
0.9999309121584024 -0.0024876278680938473 0.011416444234098464 0.07848916268511258 0.002626604870158734 0.9999229033714438 -0.01213021846491822 -0.06354625722857561 -0.011385401176021036 0.01215934032790776 0.9998614258252763 5.618055510583483
0.9999318160515119 -0.0014738282877523937 0.011505573029829476 0.08283067495219577 0.0016172362619480756 0.9999211730420866 -0.012417581911903895 -0.07374757672707437 -0.01148648028751082 0.012435554924131016 0.9998565642136745 6.346585582005645
0.9999336185841601 -0.0019132826551854654 0.011281409126019309 0.09046228622615775 0.0020345244515713114 0.9999401950391316 -0.010706866993327834 -0.07962117238788197 -0.011260451659358206 0.010729279233155652 0.9998788997673899 7.109031178845733
0.9999292013327081 -0.003789189948695472 0.011189677833281095 0.09929233576617877 0.00386975280149416 0.9999663206368734 -0.007144851262796548 -0.08253350162869624 -0.011162389811471727 0.007187605487918315 0.9999115207145489 7.8847654277424395
0.9998896937766232 -0.009683258477046704 0.011168448794558243 0.11383116321237895 0.009742433595849285 0.9999382099186755 -0.005220799154821017 -0.08586055595104217 -0.011117272539859238 0.005328889062226666 0.9999235989717353 8.712001849459211
0.9998952755146749 -0.00906012634675624 0.011161042335779513 0.1186361575322695 0.009103953684066319 0.9999503160129988 -0.003797428949874819 -0.08856948421581551 -0.011126495218095618 0.003898823795573477 0.9999297421819672 9.547464896113922
0.9999016063340174 -0.008079801944828583 0.011347901335120533 0.12568570503965598 0.008118414676168377 0.9999606957140799 -0.0033010524404530786 -0.09216576583914186 -0.01132102701555872 0.003392691168486344 0.9999295415959928 10.389176925407227
0.9999006745817662 -0.008044395244278354 0.011476185613197399 0.13652839925187543 0.008085309509884765 0.9999604203274671 -0.0034658053500428478 -0.09921855553202577 -0.011448122211880957 0.003558179640266489 0.9999274822264543 11.228823037026416
0.9998348931335975 -0.014524735442677269 0.010854146147372302 0.15232334254065996 0.014573448633590426 0.9998838394867745 -0.004390288186522439 -0.10388503862190952 -0.010789396483599148 0.004547972880307526 0.9999308808238326 12.121600538874736
0.9996656816961187 -0.02379370379211266 0.010042425117841427 0.17850082424137204 0.02384126597130792 0.9997046496661394 -0.004600798809028371 -0.10995568322141054 -0.009930249605437367 0.004838907874790914 0.9999382910175071 13.03683787716153
0.9996707548315187 -0.023449247328083577 0.010293384983985637 0.1886255803270025 0.023496140448067717 0.9997132085294802 -0.004387897091021605 -0.1154236352966577 -0.010188114602499874 0.004628945222289885 0.9999362733088789 13.98369939311589
0.9998116004393666 -0.016729473025984775 0.009713161708814526 0.19042974106165597 0.016769949683936934 0.9998503378022848 -0.0040249715798086096 -0.12138493714377362 -0.009644955862022225 0.004187757958183662 0.999943720081169 14.899183404076393
0.9998491687315444 -0.014353305344105545 0.009625959760203258 0.19997130212700653 0.014418161942643393 0.9998729701595345 -0.0066158936437122045 -0.13654079147370163 -0.009530506315329354 0.006754475327572871 0.9999303216310751 15.81008595760601
0.9997729965877787 -0.019191714704577305 0.00908581177709058 0.21848876412190602 0.019292732058028308 0.9997514959029249 -0.011069193905044 -0.15718478849694717 -0.008871835377925736 0.011242630115027862 0.999895801076634 16.74302242502069
0.9997806772571353 -0.01817609240833953 0.010230709968744674 0.23317478699880886 0.018301785317825288 0.9997564733005314 -0.012237369770958429 -0.17648401456078464 -0.010006685887855563 0.012422539400604136 0.9998709737140108 17.67206343225009
0.9998209153920249 -0.01276565637140984 0.013854876070453078 0.2462080178075517 0.012922140358283212 0.9998526032556516 -0.01120188307238738 -0.19052542895074479 -0.013710861093004222 0.011379214857983393 0.9998395871038993 18.65328472491313
0.9997918391610237 -0.01079303020613082 0.017219761342242283 0.26861314085074284 0.010930615333317557 0.9999081168265471 -0.00786750431561148 -0.2022159070552497 -0.017134406046067724 0.008054474150463477 0.9998192261481808 19.686555522801942
0.9997625759669962 -0.010153247702590067 0.019211580134533633 0.29465245866476 0.010281632173923225 0.999924707671288 -0.006551967710160862 -0.21358109360366978 -0.01914470413849099 0.006748548362881475 0.9997924694793437 20.73773579010956
0.9996821621814644 -0.011055334958094099 0.02262172162919112 0.3282096621521411 0.011209891487584757 0.9999141766332041 -0.006699494099429374 -0.22902286806322697 -0.022546849062626294 0.006951628950255201 0.9997204267341164 21.781673133917252
0.9995546210926026 -0.011239956329438248 0.02761197555163966 0.3657808996804849 0.011458653043346432 0.9999036266112339 -0.007759141981456087 -0.24830500543716358 -0.027523182347953635 0.008072731228850532 0.9995874022192403 22.82101310984354
0.9993510469536039 -0.012832697225015822 0.03362439453633663 0.4122139390087326 0.013125726558219256 0.9998770263441341 -0.008499286781823993 -0.26780572351123844 -0.03351223484964736 0.008935722879188947 0.9993970817639866 23.864782229692985
0.9991701332319498 -0.012486719493319148 0.03873000972286823 0.461787312023595 0.01281272815433997 0.9998834899191532 -0.008166140402433774 -0.2839110580516958 -0.038624394841137 0.008655963911579466 0.9992147140585841 24.97113693184511
0.9989115395937037 -0.014644369724402946 0.04424615616285881 0.522671292302831 0.014870062426379883 0.999876905681688 -0.0047623713479098785 -0.2950807366148201 -0.044171732021670226 0.005415445078718051 0.9990074840215785 26.04871727637293
0.9986375020211999 -0.014599659753576282 0.050065991081116624 0.5890775632374846 0.014711895943094183 0.999888771692446 -0.0018625221314057094 -0.30398316297043987 -0.05003360826085067 0.0025968901438366255 0.998742482220579 27.17533806963272
0.9982970923676332 -0.014796185935612606 0.056398632601333834 0.6642726169535869 0.014921755436986144 0.9998854592985688 -0.0017911741833924733 -0.3157434921622676 -0.05636602044379295 0.002629652620332495 0.9984051117854456 28.327073754665186
0.9978360610048385 -0.01887505355759075 0.06295801911776433 0.751790296446134 0.01921432615317442 0.9998023391840772 -0.004779748270560239 -0.32721449977561756 -0.06285575596561986 0.005979117780043362 0.9980030686255776 29.48450383729095
0.9973852010015929 -0.02003219878096165 0.06941164884251597 0.8439965229923605 0.020468182759717665 0.9997730179291165 -0.005564040108520351 -0.34136867234869694 -0.06928474315934548 0.00696989863292934 0.9975710475344214 30.639465019471274
0.9968488512416985 -0.022603057904276264 0.07601545287750273 0.9498732981202753 0.023020766871264666 0.9997223565229465 -0.004616575789374762 -0.35309653270496594 -0.07589038185767885 0.006351678066238027 0.9970944275026575 31.852078282675937
0.9963827684002813 -0.02346242317153147 0.08165615548652969 1.065396169178014 0.023674760569302632 0.9997162833280018 -0.0016281266829697998 -0.3618373311648836 -0.08159506711754229 0.0035550771890749773 0.9966577878464296 33.10220582853737
0.9957778656606452 -0.028122099712967377 0.08736862277722927 1.1953674379935832 0.02827254166660253 0.9995983469027279 -0.0004810430290122813 -0.3691180911442275 -0.08732045096122328 0.002948983421212835 0.9961745941100861 34.35617874727198
0.9951953525616097 -0.02944700876204336 0.09336753998897711 1.3270442750886269 0.029780730660793137 0.9995526524381866 -0.002184033350020521 -0.3824334513712573 -0.09326200089356358 0.004954004101117758 0.9956280152229304 35.622192224544634
0.9946136698909152 -0.029532228366850533 0.09934762252768255 1.46057800347748 0.030015047598117166 0.9995425886614292 -0.0033699009778002187 -0.3983354608611031 -0.09920322152860304 0.006333583828882598 0.9950456967349621 36.837108237660765
0.9939446878701355 -0.032695702307893745 0.10489771513473065 1.6069406520816927 0.0331653955602792 0.9994451486583289 -0.0027360610628275033 -0.40878353913572585 -0.10475060709826779 0.006198361534902303 0.9944778334584603 38.08941985363233
0.9933900210724976 -0.03424952424376748 0.10955296447124502 1.7602349164215747 0.03434167035233242 0.9994088286488727 0.0010456182583005727 -0.4137444238345935 -0.10952460658812584 0.002723837929603288 0.9939790984912532 39.36523545935536
0.9927416678940055 -0.03777225573501228 0.11417342342581797 1.9228782024298052 0.03746265435816255 0.9992855584159537 0.004856408717849288 -0.4139532553867175 -0.11427585962511028 -0.0005433866403310125 0.9934475480989885 40.658192281234314
0.9922148678475656 -0.04273042325001546 0.11697290178529877 2.099716701733593 0.04215212340776133 0.99908340233848 0.007410855987099358 -0.4086391486058479 -0.11718301066781499 -0.002421704078028286 0.9931062469939209 42.0050500112308
0.9918522092269146 -0.047018286653117906 0.11839616291219633 2.267975982152609 0.04646425577204082 0.9988924036227849 0.007432390875661276 -0.4031260868424289 -0.11861509883368465 -0.0018695720541880357 0.9929374865438564 43.30214889057537
0.9917210730687173 -0.04718510571887494 0.11942626675951916 2.4296633138113735 0.04672796747543792 0.9988859671794552 0.006622443079940041 -0.40322444492056214 -0.11960634252776518 -0.0009861530955786683 0.9928199396110323 44.58533160610129
0.9914996155031114 -0.04998482010259278 0.12012486244484077 2.5883092986240426 0.04980039500480383 0.9987493590868298 0.004533330555701486 -0.40485151203202846 -0.12020184895634647 0.0014882937331079666 0.9927473169945584 45.81846904747751
0.9914610644891652 -0.05009462574996178 0.12039851889291842 2.7503041042486767 0.049916795275289486 0.9987437545544 0.004487515029181142 -0.40625800650022503 -0.12047260860598923 0.0015615560464204777 0.9927145329920916 47.112895105679726
0.9915316327303025 -0.049959268510591605 0.1198758625358759 2.914916297851713 0.049548341943273934 0.9987521198660503 0.006396823372356897 -0.4035080701417077 -0.12004649433642564 -0.0004018791346027152 0.9927674312677142 48.450775586679065
0.9917697233046968 -0.0514960783022529 0.11723026571120819 3.0805634698383395 0.050650862380925456 0.9986660402157234 0.01016544772587443 -0.3901915566843185 -0.11759857227338551 -0.0041421713807905285 0.993052460757353 49.82248502337269
0.9919308749606404 -0.05564025056466068 0.11392658624577526 3.247306528845551 0.05428969104023601 0.9984157000220424 0.014910296211443342 -0.36820233765419974 -0.11457684113026445 -0.00860276648222308 0.9933773363051943 51.23408441156852
0.9918824945182824 -0.06134378521969508 0.11139144899286683 3.4150351309031364 0.05952070528272615 0.998035975942115 0.019609344438580825 -0.339931212279929 -0.11237651642256898 -0.012818378691320392 0.9935830420657003 52.664337588306935
0.9921563752956671 -0.05918546559211505 0.11011462362370256 3.562684994354123 0.05792941450880541 0.9982163029938063 0.014560351294412466 -0.3325726817607635 -0.1107807551381548 -0.008065848002071909 0.9938126311768216 54.02181439237291
0.9921057621968699 -0.06066575996029225 0.10975925509136557 3.7140740670749333 0.06151855020748094 0.9980980138152264 -0.004409419416317803 -0.36169709031878905 -0.109283980438674 0.011128136992933538 0.9939485429623762 55.312732135973405
0.9923419820460958 -0.05665747841152054 0.10976904511541931 3.836786625336353 0.05943828088608813 0.99798615614919 -0.02223939243340828 -0.4120987371445882 -0.1082887542511799 0.028594787378820485 0.9937085907204937 56.49838758481011
0.9925832763514304 -0.05995309558615101 0.10576204628726364 3.960219026123294 0.06254019357751495 0.9978164161606587 -0.021327191897611564 -0.4393947890033371 -0.10425324852784316 0.027784818741951114 0.9941628825870142 57.652633137988516
0.9931812736303504 -0.06379441234622178 0.09758469968431777 4.084889548493586 0.06451803595465676 0.9979091841491705 -0.004287831679030352 -0.4311354940568197 -0.09710792939240583 0.010556331077243002 0.9952180935863594 58.97833695944424
0.9938086082904023 -0.0655312087053912 0.08973489639547108 4.195928879704617 0.06468758815716454 0.9978326799161268 0.012267378000204221 -0.4000793539971688 -0.09034522620209184 -0.0063855610236506835 0.9958904429365144 60.300866829245486
0.9942598494951795 -0.06551879558348564 0.08460509938433346 4.302241003250031 0.06436631412466225 0.9977963850912969 0.016267853908234722 -0.3807744486050297 -0.08548614587040113 -0.010727588902711752 0.9962826879032781 61.57858357397765
0.9946407845000276 -0.06333487545272089 0.0817455254797576 4.401223185342724 0.06286830687430175 0.9979904429849353 0.008256446550827837 -0.3868781063548679 -0.0821053967428827 -0.0030719536684648474 0.9966203814743262 62.83182832416431
0.9948908008730861 -0.062293035913477686 0.07947121451230324 4.497103040035535 0.06270525341613781 0.9980309735311972 -0.0027150819454594636 -0.4099617995891048 -0.07914700534499086 0.00768538662421313 0.9968349566131999 64.06709427696273
0.9951844056173711 -0.06375991709164064 0.07447370598252047 4.586010335276002 0.06443143804336068 0.9979024628287196 -0.0066625558911333396 -0.42878442741369255 -0.07389432379436096 0.011430169099861283 0.9972021198673235 65.25832389738815
0.9951734021230445 -0.07046168907814881 0.06832988090027078 4.674007734492689 0.0707191059935263 0.9974981910850031 -0.0013745775995117225 -0.42560667322553325 -0.06806372792590765 0.0062017337785617 0.9976637286451212 66.49741900471449
0.9957326334331021 -0.06829727682859368 0.06209030444189635 4.743627250988585 0.06794515737390613 0.9976614128019093 0.00774118703032046 -0.41585584182995283 -0.06247580755372025 -0.0034880878981337904 0.9980415860905381 67.75177350110108
0.9965275346133438 -0.06054543233462814 0.05718537420406569 4.804116509156178 0.05997955665611745 0.9981353320843077 0.011532196337930276 -0.405654813678276 -0.05777901746969838 -0.008060820415988717 0.9982979332421978 68.95817494746643
0.9968538329059349 -0.05974505530278529 0.0521143581590115 4.865068103317939 0.059533531639910445 0.9982133754230846 0.0055713816976243 -0.41150727836719353 -0.05235620118930957 -0.0024500328374161386 0.9986267090429207 70.12309477160032
0.9968939647576337 -0.062461310982988766 0.048006805524835786 4.922509862145603 0.06253772583252622 0.9980452776841731 -0.00012528720733482376 -0.4243182117839606 -0.04790711155255606 0.0031281999195038163 0.9988483797085475 71.25174882062191
0.9970347837510478 -0.06154020086762914 0.04623699879627309 4.971993977618142 0.06164504228078958 0.9981004482799943 -0.0008783586809067048 -0.4322034860720071 -0.04609729151274312 0.003727289689013441 0.9989314395709895 72.37689025310726
0.997326452720462 -0.058527456068811955 0.04380003501160667 5.019277939921787 0.058480900655546925 0.9982883940846372 0.0023082532344500433 -0.43203583039538246 -0.04386240227371615 0.0002604915068726752 0.9990389937817313 73.52618321851878
0.9974858430555051 -0.05787972945789111 0.04094471622437424 5.0651299454246566 0.057700865828035894 0.9983213950477141 0.0054978776436395834 -0.4286834497617656 -0.0411966043225056 -0.003120534246248226 0.999147748655504 74.64805151475501
0.9976102576136673 -0.05672581815720469 0.03950060678869278 5.108615103234399 0.05663838609907474 0.9983919321098598 0.00328632505238789 -0.4345100436816101 -0.039625959027089035 -0.0010402945090424525 0.999215638916878 75.75654733522788
0.9974478963235869 -0.06062036542599547 0.03777765101184686 5.1574081289848035 0.06076487767240806 0.9981511371586943 -0.002736098223529102 -0.4499233388517644 -0.037544347865030414 0.005025657011254888 0.9992839917438331 76.84957887547468
0.9973928303503794 -0.0626205268145811 0.03593095978696002 5.199983914106944 0.06293326583567606 0.997990775568079 -0.007685423116596074 -0.46873687913117035 -0.0353800683528711 0.009927905522924656 0.9993261778961864 77.91422956871311
0.9972242007415836 -0.06625979175872825 0.03403955361074653 5.239523576626287 0.06649438479381932 0.9977722851988381 -0.0058538914180661095 -0.4755359300353065 -0.03357843742230561 0.008102473352954075 0.9994048765989987 78.96744661243575
0.9974763325862506 -0.06335299136443119 0.0321290953649731 5.2753456577701465 0.06340906210968883 0.9979897696111832 -0.000780175215972876 -0.47681528049157285 -0.0320175055033874 0.002816920634690713 0.9994843487175992 80.08641133718099
0.9978784943588477 -0.05683857253720442 0.031824610424215534 5.308647887048703 0.05681763190670237 0.9983857835715435 0.0015098135912287097 -0.47862567142824675 -0.03186149654473314 0.00030295046328701484 0.9994931248237041 81.17954276524087
0.9976378927390009 -0.060645435252787205 0.032333698496743175 5.354256536406983 0.060697199359121774 0.998158565408112 -0.0006814689401885127 -0.48667720214299875 -0.032235268193502656 0.0026437275832176758 0.9994775377612533 82.24110991686291
0.9973247828551243 -0.0657571088715233 0.03199375052807139 5.396645998267582 0.06588965368991895 0.9978243689125936 -0.003154822985874387 -0.4954173692322748 -0.03171915605508551 0.0052557029454692854 0.9994837459896685 83.29160812085168
0.9969948745370136 -0.07088135223875205 0.0313407357158788 5.441879343679756 0.07094736767518901 0.9974824789917404 -0.001064782064198573 -0.4959239379903881 -0.03118915218113849 0.0032869040903818723 0.9995092225485699 84.39911284145654
0.9970155110564525 -0.07059188732417371 0.03133476449643439 5.480417705811258 0.0705662563876294 0.9975080351007527 0.0018610815487316297 -0.4956132339863464 -0.03139072535947432 0.00035736632865062757 0.9995079989714812 85.52764565770995
0.9975417639673432 -0.0620778120500337 0.03258142301933186 5.512679052769856 0.06207595969091145 0.9980733810202917 0.0010088655008206637 -0.4986251049543656 -0.03258381195158337 0.0010178753014694634 0.9994690072065077 86.63390062674465
0.9974098408942652 -0.06339828675856575 0.03404228633631424 5.560333646811913 0.06356226940685063 0.9979728960499663 -0.0038123082630047798 -0.5139554419794352 -0.0337342870102804 0.005967876410236054 0.9994134780615176 87.76863183973015
0.9973620302913747 -0.06385872091962498 0.034577704991572825 5.607202409653701 0.06391253410370339 0.9979575750194192 -0.0005087072698613014 -0.5168333542624294 -0.03447735441939269 0.0027190058795148035 0.9994021199366705 88.93753539681627
0.9981616311387894 -0.04794584965885908 0.037137170625679616 5.63815820762921 0.04743701168519592 0.9987723199711225 0.014407621448165433 -0.49671748407358846 -0.03778506196214569 -0.012617543865643252 0.9992064253399111 90.11539356067263
0.9979839549064515 -0.05451853839100884 0.032559625484427555 5.68688184605732 0.05376908207132858 0.9982808991724764 0.023404282708420966 -0.46502027433105564 -0.03378234692538804 -0.021604550428099646 0.9991958000254492 91.21621870181947
0.9984583958196412 -0.04597481000641466 0.03116655929306932 5.70807483257239 0.04526667200895587 0.998712153194907 0.02299648993816066 -0.4466137275492364 -0.032186422956459564 -0.021548228152216294 0.9992497352586419 92.1542109614238
0.9989921824280037 -0.02381683386913168 0.038100668853707664 5.718900167516538 0.023503848587702575 0.999688678471208 0.008588993168924041 -0.44389321298883044 -0.038295914519758875 -0.00768324752858301 0.9992367987049122 92.98081222993262
0.9988890745191614 -0.02499439839419359 0.03998816880152046 5.756860874053285 0.02511260533629087 0.9996832610952932 -0.00250306871690764 -0.46188164767117074 -0.03991576621090205 0.0035060507214506745 0.9991965632885135 93.7222022178311
0.9987627539380366 -0.031221059885082128 0.038748831230001814 5.790637325195284 0.03147689052329214 0.9994881378134322 -0.006063254881983845 -0.4713468984329015 -0.03854239097379432 0.00727700791248077 0.9992300836389765 94.39884333198995
0.9986012849998321 -0.03490581184501679 0.03976343046493642 5.8164924212442175 0.035210436661859086 0.9993574641737255 -0.007042626192780386 -0.4761582125078978 -0.03949485040198042 0.008434314327727422 0.9991839568207698 94.97840590733401
0.9986597131432219 -0.027295738650868442 0.04402041438920672 5.839535399395102 0.027562316395915967 0.9996075438524743 -0.005512101926925264 -0.47620218046932694 -0.04385576315714099 0.006719559087451437 0.9990154214255236 95.50151708133872
0.9986412534516578 -0.010715933008210358 0.051035277744288364 5.856493427889876 0.01074577051935966 0.9999447151099939 -0.00035365989698992167 -0.4672108894790283 -0.051031295009470276 0.0009032038616826358 0.9986962838312513 95.97408316702693
0.9985239691932797 0.0009943825459224136 0.05434064059222605 5.873421772950952 -0.0010724970331355023 1.0000009895937205 0.0013688653159334206 -0.4577562111322189 -0.054341727802187434 -0.0014235617945645277 0.9985208750441741 96.38823940636975
0.9981590414243885 0.002534581167306207 0.06063537125908405 5.906451056309421 -0.0025408895399834184 0.9999994301426979 -8.216599004457923e-06 -0.4614497064270828 -0.06063798830611833 -0.0001442736494590021 0.9981594063139311 96.75432312291473
0.9975714774831029 -0.001671170978881896 0.06965420217639598 5.947429659571116 0.0019420291296667436 0.9999928775057866 -0.0038450968265507637 -0.46831899353329803 -0.06964962352658104 0.00397225968852418 0.9975629887310971 97.07124788505438
0.9969623772446743 -0.004175229385630668 0.07780164985329688 5.979610699968338 0.004782692787905739 0.9999623084802565 -0.007655097104938722 -0.47258473523069866 -0.07776913407677848 0.008005732702788534 0.9969388790195319 97.34848506991183
0.9963993084912595 -0.003692241504998834 0.08473408252198994 6.006991759670368 0.004748753503149444 0.9999162435270003 -0.01229738678481495 -0.4775003529098848 -0.08468389497387234 0.012657243523952495 0.9963271027345942 97.62365506789722
0.9956343655789919 -0.001152969753282366 0.09335849692830162 6.039324708111114 0.002583622465616495 0.9998836844090562 -0.015228507691483692 -0.480979406305281 -0.09333230906863346 0.01540494264302387 0.9955153680754496 97.87803243192498
0.9945115746544523 0.0027650625002080494 0.1046159193645472 6.079176344879994 -0.0011041997753399747 0.9998755422913357 -0.015947606787534662 -0.4791572841914738 -0.10464910793916438 0.015746346631798327 0.9943843280376907 98.12549437992011
0.9929532608483053 0.004177067023617794 0.118457039113631 6.129253298578543 -0.0023219161108515626 0.9998758467493933 -0.0158107332047841 -0.4773363821723642 -0.11851044915110608 0.015425869797056764 0.9928328509896801 98.37520173959201
0.9909777958611173 0.0034017788946132618 0.13400387394570837 6.190993228364694 -0.0013116367474425904 0.999879593633723 -0.015697519448505625 -0.478351738836184 -0.13404306063139676 0.015381440281421516 0.9908560233126243 98.63021485746259
0.9885736594653473 0.0021382439750657896 0.15073780493992267 6.257674605321425 0.00035194275027394014 0.9998671452540322 -0.01650394629243529 -0.4809674198936361 -0.1507545223269205 0.01636959463871461 0.9884351359502688 98.87141104368811
0.9855931063818251 0.0020954427299115915 0.16913078521812863 6.32714836698903 0.0009607198644904188 0.9998408376557589 -0.01799736425723336 -0.48371725826819373 -0.16914258234423604 0.0179020793050768 0.9854283496677091 99.09538759590205
0.9821327966016674 0.0031138547771166107 0.18817199280244262 6.405764376380767 0.0004911605375539877 0.9998202165624679 -0.019118717821571526 -0.485694923888237 -0.18819854851985943 0.01887128078476697 0.9819488787145243 99.34735670517247
0.9778332774144999 0.005273974160642948 0.20932703094238958 6.490612643971843 -0.0010639321343645543 0.9997982398506361 -0.020228511212646644 -0.4867544498681861 -0.20939234851095845 0.019559012366106743 0.9776354627296429 99.60342198741247
0.9724232200163254 0.00740096659727428 0.23311103421012944 6.585556443329376 -0.0025295769874757474 0.9997754035829466 -0.02119729741933828 -0.4868254389578995 -0.23321571853460676 0.02002464397122353 0.9722175382786475 99.84825458542846
0.9659172394645689 0.009110306148675503 0.2586967755693098 6.691940757453002 -0.0033771091403246804 0.9997422912357748 -0.022605308481469053 -0.48816921347938896 -0.2588361504790921 0.020962656560856475 0.9656927502677136 100.08423525327507
0.9580387270853246 0.00894930954615488 0.286505312425605 6.8154559214517105 -0.0022736871092918633 0.999721694709074 -0.023631175214832083 -0.4924010639225721 -0.2866371021696051 0.02198939915055192 0.95778595101068 100.34110957760865
0.9486813984798502 0.007697277970459393 0.31614489797623724 6.950688099243932 3.477287654423636e-05 0.9997044225836457 -0.024451194965741427 -0.4982604948678558 -0.3162393567645072 0.02320849254024863 0.9483945933211705 100.60089297816523
0.9381893697113717 0.008169021019799725 0.34603101393013214 7.097324621759282 0.0005040643264211653 0.9996917121340907 -0.024972918084569293 -0.5030163651893788 -0.3461279037015317 0.023604646824591295 0.9378897004107405 100.86331570566
0.9257762295840399 0.009128322695822255 0.37796670676012956 7.260988354534317 0.00037419414580661006 0.9996898365009248 -0.0250655923269137 -0.5067308275147047 -0.3780775057016074 0.02334694715600492 0.9254790794850325 101.13162605675066
0.9111953502044702 0.010150808848329883 0.411853703905039 7.448672999971438 0.00014261597692756826 0.9996923850182134 -0.02495965733873941 -0.5110493538579597 -0.41197939388435556 0.022802202040499344 0.9109072398897647 101.42253062022891
0.8944769884805586 0.012114835379449825 0.44695376963996775 7.642940887458805 -0.0008503891246590489 0.9996807173817605 -0.025399811682373655 -0.5156331698162 -0.44711765011930943 0.022339886936300082 0.8941953744711503 101.68942601867893
0.8758442607700941 0.013364629997828004 0.4824116155938288 7.87179145772793 -0.0009048997910815811 0.999663085646924 -0.026057331404152412 -0.5224698532997832 -0.4825957218190301 0.02238696201333442 0.8755557178697086 101.97743198120192
0.8556128802110735 0.013741425116365832 0.5174364905873247 8.082690964886465 0.00011541721359714467 0.9996453517944283 -0.026743540236849158 -0.5265506671835718 -0.5176186284075345 0.022943239368203215 0.8553024195385687 102.20026324092458
0.8325430132572514 0.0135247389081564 0.5537976193177557 8.3101492243635 0.0017323469618117514 0.999636282146995 -0.027022146516837823 -0.5294731027005987 -0.5539596749211474 0.023457852561278043 0.832211460335075 102.42261962710226
0.806596828748437 0.013323343341869291 0.5909535012456663 8.54827038861197 0.0033287368142668515 0.9996299471896274 -0.02708569745211246 -0.5321594246075746 -0.5910938115971611 0.02381602072734845 0.8062491767653482 102.6297432749641
0.7780304731263618 0.01362373659157715 0.6280800163576679 8.801426385165627 0.004414227505287565 0.9996229185736745 -0.027156420745989382 -0.5358253368980737 -0.6282112681656165 0.023902907713284734 0.7776733501873119 102.82961134602117
0.7473603670614704 0.013979725371702894 0.6642735607046518 9.080145456771232 0.005465437644774281 0.999617701706553 -0.02719040534475993 -0.539660824619107 -0.6643970392803948 0.023953041283902514 0.7469940593370586 103.03540707822093
0.714842537905044 0.014709790015100909 0.6991324550424325 9.402509676436951 0.005888052903562595 0.9996188436558594 -0.027056539992021643 -0.5450163583578767 -0.6992610853704926 0.02345927288267993 0.7144795481431732 103.26610807654116
0.6790527177911545 0.016131526657416476 0.7339138163040848 9.740068637556806 0.004971309557281678 0.9996368894072569 -0.02657606720330929 -0.5484894426962424 -0.7340727366608997 0.02169692598521289 0.6787221124403514 103.48285853094761
0.6410155731011359 0.01756055104417303 0.7673283693543387 10.091299350504581 0.003287349975795638 0.9996687443590876 -0.02562784770150786 -0.5515215791674969 -0.7675203675343211 0.018952096472745917 0.6407419758904445 103.68142696240008
0.6017075727896213 0.018122302874123104 0.7985123667596281 10.451665170528718 0.0029522997365637217 0.9996881499026326 -0.024916080786976044 -0.5541425279042352 -0.7987106329820151 0.01735115832677983 0.6014627820346815 103.85627992180812
0.5595146677923682 0.01829555499393372 0.8286203991308211 10.825831664801786 0.0035046503289207828 0.9996986091831151 -0.02444230546704692 -0.5565776279841799 -0.8288130646447002 0.016581242253261536 0.5592779819419275 104.01337073842926
0.516549894126359 0.017714080673126582 0.8560759790557376 11.214219349997904 0.004934301352719911 0.999711667527254 -0.02366609518753251 -0.5586722882971161 -0.856242935327943 0.016449991594725648 0.5163096502196487 104.1532638517071
0.47208062120152483 0.01888596885192529 0.8813549801363683 11.599715513853514 0.0053319443991207745 0.9996951527878573 -0.024280188910737775 -0.5637203805792493 -0.8815390063611488 0.016162528889100466 0.47183234797181683 104.27033621054976
0.4266238840749634 0.020882055866411526 0.9041898676702166 12.003447171977124 0.00586557555251928 0.9996529146071222 -0.025856475576703286 -0.5729212906979496 -0.9044098498696261 0.016335422359843803 0.42634982238124375 104.37479434005161
0.3812028400176256 0.021579334931290526 0.9242416172962793 12.42241287418795 0.00753708044364758 0.9996267988349626 -0.026450018720029934 -0.5831507547338443 -0.9244605210899505 0.01704947794839405 0.3808944858191978 104.46355901887988
0.33660829334640424 0.02205224968623537 0.9413886712830996 12.85882942841341 0.008850739595574244 0.9996125299710582 -0.026582800312998284 -0.5930411491287351 -0.941602923732037 0.017280473540183475 0.3362795799770858 104.54367324377291
0.29310306167557276 0.022892594129575394 0.9558089385549017 13.35886271888138 0.008990158916479571 0.9996091270152478 -0.026700379252683683 -0.6053507117782941 -0.9560385824249417 0.0164186082734905 0.29277975597531847 104.624019721871
0.25250000335247913 0.02408557719822397 0.9672994878043009 13.830532651360489 0.008907626274788758 0.9995964360741929 -0.02721692407231167 -0.6175160657219408 -0.9675562704798845 0.015487821990378287 0.25218095823155184 104.68146430686538
0.21537994567824081 0.02495336429964494 0.976213726142779 14.333445992806995 0.010694200522993136 0.9995601318002365 -0.027911695482093483 -0.6310226568744557 -0.9764722265058958 0.01645044835862494 0.21501602826885757 104.7364760246896
0.1826689299283067 0.024986091792471157 0.982859357420543 14.84382630308291 0.013018780298752463 0.9995349761811697 -0.02783185430198707 -0.6449527872032675 -0.9830890937740764 0.01787848324225033 0.18225667764468215 104.7844515082197
0.1540994687665706 0.025171266742643264 0.9877369363846465 15.41284253165458 0.01694153879198518 0.9994682738967137 -0.02811556648092227 -0.6637214657314936 -0.9879102597508397 0.021065197475188487 0.15358910648392338 104.83419918708977
0.1315915848692856 0.02563369533654434 0.9909749883892547 15.989256504318902 0.019423872836084866 0.9994142877718621 -0.02843354658108652 -0.6848058257607138 -0.9911144215478828 0.022989021375527042 0.13101502653504632 104.87944428354955
0.11528101174478518 0.02540889287371863 0.9930103611662392 16.61395483236422 0.0207024074453913 0.9994015168539122 -0.02797805295188488 -0.7075771750881358 -0.9931180522985983 0.02378189926533053 0.11468467494529563 104.92676237135593
0.1047613932282088 0.023480131855806476 0.9942226095292287 17.26589911246837 0.022531404939420824 0.9994159935422005 -0.02597901470696915 -0.7282143251762405 -0.9942430589844465 0.025121595157785025 0.10416976189943121 104.97465554890917
0.09853749595472967 0.020665104541891587 0.9949213708012763 17.951946766352414 0.022860142631039027 0.9994810791050466 -0.023025696753845713 -0.7470329121796849 -0.9948718006366298 0.025011793509661387 0.09801281805660936 105.03088095702591
0.09296816502464385 0.01993276407771578 0.9954721030122303 18.62635173335797 0.022412343975373283 0.9995119887002363 -0.02210828001143927 -0.7660009426009099 -0.9954178267710706 0.02436511342379929 0.09247492923776188 105.08546082544689
0.08698036958695818 0.01987097583218065 0.9960144341161707 19.293545867514254 0.02221378896119126 0.9995215740192752 -0.021882196020311245 -0.7868982923402628 -0.9959637466011619 0.024027363992046812 0.0864962831566319 105.1342905943206
0.0838837335965932 0.019348666351237595 0.9962903292299645 19.98007525287764 0.023457907630646323 0.9995040959286694 -0.021387458846011287 -0.8060881869475184 -0.9962009301877297 0.025164043498323213 0.08338729318319701 105.18409967097227
0.08288361110810759 0.019137072795446353 0.9963782597066339 20.67525726887358 0.02663876082882099 0.9994240506589283 -0.021412842160236437 -0.8246684017607329 -0.9962053395680137 0.028316491787599735 0.08232521348669664 105.23737735308917
0.08219160154257904 0.019538262411991095 0.9964280306988033 21.3603769016749 0.026898150165599825 0.99940871771844 -0.021817032976559268 -0.8456837271568712 -0.9962559781551076 0.028594920970907222 0.08161626897037672 105.29083465352879
0.08139098601100363 0.01953031290574023 0.9964939966851034 22.035662602297606 0.027454387936615778 0.9993938985956167 -0.021831481547363946 -0.8637394722257836 -0.9963070110800784 0.029134957946196357 0.08080413256721994 105.34260650446711
0.08122001630108824 0.018778559670929288 0.9965222862003993 22.74675616642779 0.026515484240387598 0.999437161152554 -0.0209964132017361 -0.8793797811828877 -0.9963461326556453 0.028128351378942113 0.08067495443282503 105.40249991569983
0.08124513073600566 0.018490987132314347 0.9965253661554779 23.470841013310622 0.026029966851113525 0.9994566693790596 -0.020669436383078495 -0.8931407804833804 -0.9963567669603929 0.02761873394525699 0.08071830573124633 105.46144409942814
0.08134456335190318 0.017990908667523016 0.9965264161824602 24.213540477243384 0.026225531798480986 0.9994616756513027 -0.02018682314407449 -0.9067202067964985 -0.9963439088384017 0.027776729453445524 0.08082743420208013 105.52118105816098
0.08130723656806127 0.01761797517646897 0.9965363029134438 24.949835197246646 0.026581375472002334 0.9994594500864943 -0.019840738183725067 -0.9213479066628567 -0.9963374102697798 0.028102683296354593 0.08079344044730573 105.57993613725651
0.0812789114872125 0.01751231804285796 0.9965406124476204 25.68671040462346 0.02708354322253871 0.9994478683355226 -0.01977500324853553 -0.937604928473379 -0.9963265635213118 0.028597799985049913 0.08075790158689772 105.63863684593618
0.08108296575743995 0.01762587080784579 0.9965547108275119 26.400114056050946 0.026580145653799885 0.9994600551105941 -0.019842748605777095 -0.9538013457471861 -0.9963560533022612 0.028098166067294348 0.08056882184665909 105.69826492641246
0.08076476358231552 0.01767851169094589 0.9965799094064781 27.130256956214993 0.025839561136844238 0.9994801873901366 -0.019827137650764156 -0.9696334492479096 -0.9964014663100196 0.027353255113093427 0.08026394822348398 105.75872896615873
0.08082537280157985 0.017318312271334645 0.996581216827584 27.878938337205476 0.02580249932262138 0.9994880388450023 -0.019464264470251524 -0.9845654911570808 -0.9963971558398891 0.027288310641314324 0.08033510969006198 105.82010113420988
0.08091273208958956 0.01599097540030246 0.9965964102765584 28.619899021426573 0.027057857115694098 0.9994782257652624 -0.018236828670390857 -0.9971166844927516 -0.9963569018257792 0.02844224145589824 0.08043581565730548 105.88038030932597
0.08085629584837721 0.014372243377503834 0.9966258306622594 29.36536814473404 0.02800896512833377 0.999479291520787 -0.016688482960201128 -1.009247427836926 -0.9963351762626675 0.029264783819772953 0.08040969335189456 105.94047334004323
0.08060870903633761 0.01425667502914032 0.9966476994648172 30.092117023838245 0.027622059774882777 0.9994924773196223 -0.016533884768743158 -1.022760894516081 -0.9963659662232492 0.028863059568035504 0.0801722099643231 106.00063204133225
0.08036934576191108 0.01457476149951169 0.9966624281330275 30.80886719615082 0.02686006986851874 0.9995089119959584 -0.01678494947225056 -1.0380409961593517 -0.9964060974177933 0.028120262066274944 0.07993660346898422 106.0606322874709
0.08055463968721423 0.014580663006512598 0.9966474040727508 31.517279586013057 0.0271060355207853 0.9995017866298596 -0.016815893015288824 -1.0510559469573806 -0.9963845212022373 0.0283704738426671 0.08011742714409323 106.11936964520153
0.08122318468562703 0.014677046298497176 0.9965915921110493 32.21106726529903 0.027524298759901745 0.9994875767545871 -0.016965324595297208 -1.0640424424266324 -0.9963187939875117 0.02880895157126003 0.08077588678565746 106.17909684206158
0.08129834797580548 0.015127257792679432 0.996578451643378 32.896061095946635 0.02748323668344043 0.9994808304189164 -0.01741550753419916 -1.0794796568696299 -0.9963135615971319 0.028805324808246834 0.08083904454377008 106.23724138090243
0.08103850245468171 0.01552323379861389 0.996593850500592 33.60386115612049 0.02608637674124273 0.9995135903895372 -0.017692358115410062 -1.093026271350534 -0.9963725795107428 0.027431667922386747 0.08059252446482207 106.29955551727451
