1.0 0.0 0.0 0.0 0.0 1.0 0.0 0.0 0.0 0.0 1.0 0.0
0.9999998807907104 -8.150935173034668e-05 0.00025591254234313965 0.003169937524944544 8.162856101989746e-05 1.0 -9.22083854675293e-05 -0.0015790951438248158 -0.00025594234466552734 9.223818778991699e-05 0.9999998211860657 0.6753822565078735
0.9999999543754425 0.0002450040613188875 0.0005383285828992612 0.0032846614394846166 -0.0002448894463675799 1.0000001354035133 -0.0002058811929153137 -0.003164782906050309 -0.0005382600421866002 0.00020555245400011302 0.9999997384191053 1.3493623655393345
1.0000003397726749 0.0005378795183673841 0.0007964916467214901 0.0035752914334398027 -0.0005380615956068517 1.0000003840953924 -0.00038732145740268234 -0.005984716126428416 -0.0007961702619929689 0.0003862651840633296 0.999999919781723 2.040834089007511
0.9999994381889621 0.0011806700753799798 0.001044961806480532 0.003214273491925651 -0.0011803244065126972 0.9999993194937531 -0.0007042837139341824 -0.009751271207604842 -0.0010455654934517927 0.0007028798712153893 0.9999992418136767 2.719906790958565
0.9999983316380184 0.0018226766558765261 0.0012641902445998821 0.002920570972523383 -0.0018218427944789925 0.9999981185241772 -0.0010807969793852018 -0.014134954622019292 -0.0012658679539763714 0.0010782543146396505 0.9999986284604662 3.402252828482242
0.9999975544850832 0.0020299541860840493 0.0014389173613851799 0.003085172316740049 -0.0020283018581687957 0.9999972709614575 -0.0012955729972290568 -0.018028917516235143 -0.001441447172544916 0.001292657847858687 0.9999980563347732 4.099765826561347
0.9999963011324142 0.0023200183622405545 0.0016524683613083485 0.0028424246987871866 -0.002317492879528992 0.9999962841357487 -0.0014193283254303809 -0.0217193790208094 -0.0016559501128144913 0.0014160680914342854 0.9999975887375214 4.800198833835352
0.9999940541634607 0.0029337113947458904 0.0020062933305364855 0.003321865409719143 -0.0029302591306131927 0.9999944055480533 -0.0016585672903729693 -0.026078192883300277 -0.002011286120946851 0.0016532319113298597 0.999996664285946 5.50132882689226
0.9999891801844236 0.004144727610778262 0.0023674555358222703 0.003221219946665194 -0.004139667708227673 0.9999893387323167 -0.0021100892477684523 -0.03135665765289686 -0.002376187033313224 0.0021005718752557206 0.9999953097141633 6.212664934850203
0.9999856714224578 0.004724411071740015 0.002733852757228868 0.005485674825421906 -0.004717585033706973 0.9999859816406104 -0.002453917475383134 -0.03736324012716524 -0.0027456378391562688 0.0024415037159695435 0.9999935974500378 6.9117708140977365
0.9999811411805669 0.005418841244886207 0.0031252725286989628 0.0071509584842013646 -0.005410678177381912 0.9999821123718674 -0.002625728108026983 -0.04218802104952229 -0.003139587569428907 0.002609350811677512 0.9999921055685691 7.623261601820703
0.9999762356027795 0.006077649853470477 0.0035522718403134704 0.00906064398388913 -0.006068743609520078 0.9999785634862937 -0.0026227342554137134 -0.04621638757041802 -0.0035679841283701727 0.0026012325023040206 0.9999910172929631 8.343342651508566
0.999970658370057 0.00675900399996605 0.0038557830700710594 0.01071067518061557 -0.006749690218888488 0.9999743311843293 -0.0025245279791604497 -0.05001142248919844 -0.003872694149082075 0.002498694075224893 0.9999900775477384 9.073512035674161
0.9999684182197608 0.006929896452994892 0.0040444817212813965 0.01325391881264188 -0.006923236618065049 0.9999744991454198 -0.001710497280038368 -0.051992152099044 -0.0040563206342230365 0.0016828434271301271 0.9999910476190721 9.817131107333596
0.9999689866396981 0.006824099195233578 0.004202532746198726 0.01656685651992506 -0.006819653817202543 0.9999763023384596 -0.0012171899008181974 -0.054337533677030155 -0.004210538238179465 0.001188595460829021 0.9999913715832563 10.563780450340207
0.9999726324819329 0.006217595027766853 0.00429200564317431 0.021519192304132566 -0.006208632687782694 0.9999783343616072 -0.002286058229543481 -0.06232862495889778 -0.004305923262514001 0.002259511572977867 0.9999890983973836 11.28457165822815
0.999942398646263 0.009993602373330586 0.00416745573079879 0.020058128396666368 -0.009980484738950295 0.9999446194280961 -0.00334815697365906 -0.0671061431997626 -0.004200540760225228 0.003306573963696649 0.9999867278841457 12.004363897239916
0.9999697165960849 0.0063901586909735925 0.004605482897474485 0.02651015620337026 -0.006379705020695254 0.9999764462251057 -0.002385681057003032 -0.06719717681402132 -0.004620410188673643 0.002356236376297131 0.9999872907490194 12.755598231858144
0.9999685178932354 0.006525478950389042 0.004626293642325242 0.028022167520616956 -0.006516508103899431 0.9999764103352217 -0.002034527665797079 -0.06885064147403877 -0.004639357758129641 0.002004447347899551 0.9999879730573368 13.491304809660518
0.9999773666621956 0.00494306033155722 0.004661576051777123 0.031453817831841875 -0.004936440953819751 0.9999863832144718 -0.0014903440566433764 -0.07010205748837994 -0.0046686985308126835 0.0014673483860815927 0.9999886786520643 14.234340389183336
0.9999676517968614 0.0064569526523267085 0.004912997312662918 0.031580238774750156 -0.00646040131350892 0.9999786056024832 0.0006567714062180202 -0.0693219794118678 -0.004908422278558977 -0.0006884798146817815 0.9999885013489606 14.98073584417043
0.9999582908547536 0.007518630493422018 0.005325649086851317 0.03569321646617135 -0.007520329688700794 0.9999714272620437 0.00025155711107076735 -0.07430112639516628 -0.005323278975873483 -0.00029165235340958674 0.9999865017750389 15.73412049707527
0.9999649514695579 0.006794474371376179 0.004930106200865998 0.04036454805343918 -0.006787140097259368 0.9999752332108226 -0.0014793269161696447 -0.08186526254050062 -0.004939937317162869 0.001446247313333858 0.9999871363442221 16.464337085749094
0.9999710895598822 0.005734739058456415 0.005061450912766032 0.04555881393353552 -0.005726154125045373 0.9999817040694826 -0.0016497376312541849 -0.08542313170729385 -0.0050707216663995885 0.001621014276290653 0.9999862366354734 17.20298901508962
0.9999665841667561 0.006067381816287983 0.005574548346370161 0.04984036313030313 -0.006064642935086229 0.9999807001258376 -0.0004348592330991356 -0.08652600230313202 -0.005576935669326601 0.0004014989234819809 0.9999847501863123 17.954332065464186
0.9999558403093785 0.007602897521347687 0.005702460752788713 0.05170252153745833 -0.007602071036878045 0.9999705543194137 -0.00013560996414531374 -0.08834879951346016 -0.005703104261192223 9.234376491538477e-05 0.999984644257857 18.69995791102697
0.9999410010627585 0.009322321983181203 0.005770999998131367 0.05339289732572775 -0.00931974657697483 0.9999557828248584 -0.0004697178803192532 -0.09202614078486306 -0.005774898748785459 0.0004158817468825918 0.9999842080857465 19.45942758783936
0.9999365605627919 0.009691206482756856 0.005944545571668539 0.05750596329247428 -0.009688512068739684 0.9999522223242875 -0.00047911411455962843 -0.09536615121469896 -0.005948647938772661 0.0004213808228892799 0.9999832021648224 20.22752081426014
0.9999343978586612 0.009771389754710787 0.006198042047136725 0.06282796637132941 -0.009766945837955324 0.9999513489032097 -0.0007107607033540872 -0.10061986788733528 -0.006204470787409215 0.0006498793046527106 0.9999815843229084 20.9713364290378
0.9999377948215654 0.009271530384492514 0.006438243681993956 0.0694820909163371 -0.009263971631945554 0.9999560242688748 -0.001215210073349924 -0.1065784349013321 -0.006448786771124233 0.00115477271464135 0.9999796775628107 21.70789393908629
0.9999325069333894 0.009610825535173936 0.006789524231124509 0.0750449801506264 -0.009602024409463145 0.9999528581805567 -0.0013414042622018913 -0.11175168137807685 -0.006801553923050472 0.0012753728524030753 0.999977262776299 22.459104784263907
0.9999255158071467 0.010074714915257304 0.007110101675225825 0.07986048222103515 -0.01006893580684812 0.9999483670681139 -0.0008124570825203327 -0.11419072517851837 -0.0071175979587507765 0.0007403517971100187 0.9999755570586416 23.209583313400614
0.9999208102351897 0.010403930279239226 0.007305377734079596 0.08696898012234375 -0.01040061186623485 0.9999450695967789 -0.0004687290933602069 -0.11472911216097464 -0.007309438091034667 0.000392381629613089 0.9999744477709037 23.942180173346532
0.9999170135355224 0.010620869804269926 0.007499679533135549 0.0932133594086752 -0.010619675211906923 0.9999426885223734 -0.00018081764705927443 -0.1152567868293981 -0.007500789634179414 0.00010093022618954002 0.9999731036222824 24.68253106154647
0.9999114864360148 0.010957277876214219 0.007728540019736958 0.09950692175240762 -0.010963681367414041 0.9999385620368811 0.0008256014631146562 -0.11515282819730366 -0.007718746193640239 -0.0009102826451029455 0.9999710921841963 25.437700852679875
0.9999055956835615 0.011306851427359212 0.007971818888888742 0.10533037898658662 -0.01131570234797224 0.9999342409717455 0.0010971909563473852 -0.11656296757826783 -0.007958654109968894 -0.0011872601639501528 0.9999688685567534 26.179264435713765
0.999921026427996 0.009436425149365194 0.008516340947835774 0.11428257303028486 -0.009447650804808028 0.9999537757131446 0.001262127048626881 -0.1179859889698214 -0.008503783704111879 -0.00134236346592724 0.9999643467564617 26.928580030714436
0.9999122419398372 0.01011391913944825 0.00879691219703443 0.11961641241781669 -0.010126273582045677 0.9999473355889384 0.001288058234497155 -0.12022701644567672 -0.00878276661022253 -0.0013770941059163151 0.999962282220131 27.673550242021843
0.9998985599543933 0.011067763995421118 0.009228259570047477 0.12613592845670946 -0.011075809366005033 0.9999381201795863 0.00074403256982664 -0.1259877379981648 -0.00921855179491828 -0.0008463861265177515 0.9999593078619041 28.399250172456327
0.9998705818388651 0.013125760173037473 0.009525517945048748 0.13029482927375474 -0.01312772086648509 0.99991319596535 8.537609626594667e-05 -0.13058890038793702 -0.009522939419324594 -0.00021015446203332777 0.9999562205780282 29.127772820405895
0.9998593411643396 0.013773615640995251 0.009806480811643491 0.13612704275832652 -0.01377413030935776 0.9999046615025389 -6.641318905583238e-05 -0.13364958746880556 -0.009805823263715544 -6.846848198652816e-05 0.9999535572479106 29.844316906403712
0.9998723982903571 0.012745202671245232 0.009919623937100884 0.14467704952622384 -0.012741928019122847 0.99991897769426 -0.000497478768179132 -0.1382578019905283 -0.009924307971518186 0.00037092628234399003 0.9999524190226594 30.561493495754384
0.9998720390147253 0.012629288593440462 0.01009277041410794 0.15244704916218121 -0.012625203062494395 0.9999203109717492 -0.0005660603996939705 -0.14216260460671742 -0.010098330603664375 0.0004385392970271169 0.9999505482147509 31.297282062694855
0.9998446460494727 0.014462800626743318 0.010334881573750428 0.15686717400641004 -0.01445796308048514 0.9998954029533145 -0.0006328696944033081 -0.1450826611166473 -0.010342321143571481 0.00048368163975672667 0.9999479476811215 32.0278598984486
0.9997879388335604 0.01781758182411872 0.010601039274868902 0.16134287943574702 -0.017810836249140906 0.9998412031636558 -0.0008146270491476735 -0.1482035507524157 -0.010613196628309769 0.0006259076671950235 0.9999450819100978 32.762315452171286
0.9997303526862288 0.02068405943929416 0.010809193244889785 0.1660024550492281 -0.02067693142771427 0.9997859444512542 -0.0008516593266610571 -0.15080364360336315 -0.010823982341577247 0.0006282895706749221 0.9999425470654857 33.49726453192344
0.9997173367363241 0.02122256939531895 0.01095014380550136 0.1732649647358403 -0.02122649822945714 0.9997743862694033 0.00018500405944549075 -0.1518068851352732 -0.01094333263664163 -0.000416721220421873 0.9999411914836195 34.2142009822034
0.99973541762298 0.020122126362362828 0.011357370819538781 0.1827189363357568 -0.020154829689955807 0.9997926281158124 0.002738144037913963 -0.1497714375278008 -0.011299381064369535 -0.0029659680079732824 0.9999328638179151 34.94109199030507
0.9997262136198016 0.020133805330428484 0.012102980450339605 0.1946483034380532 -0.020196271764417833 0.9997821050809284 0.0050651500369090306 -0.14518931383309358 -0.011997569314678812 -0.005308264673420509 0.9999146264677821 35.65747020526659
0.9997128626372201 0.020425796044447764 0.012705284427678407 0.20567998683420471 -0.02049043261683989 0.9997766019420272 0.004978312862093925 -0.14489491021652043 -0.01259994387100332 -0.0052372585448123695 0.999907657337885 36.35671189949657
0.9996653015755823 0.022203206373326505 0.01340601824165299 0.21589895473753956 -0.022254619700378026 0.9997436661169216 0.003715678522307769 -0.14972989916588644 -0.013320036270071608 -0.004012124738872318 0.9999028945832755 37.07606232816895
0.9996297869522851 0.0234499498066353 0.013890549661305955 0.22792632483491573 -0.0234780294838309 0.9997204194080263 0.00189804378902174 -0.15717173801217524 -0.013842894502704225 -0.0022222458585145557 0.9999006479624685 37.767700299339765
0.9996050866421905 0.024356802090785657 0.014119554621012243 0.23794677700134378 -0.02437153429889257 0.9997003581960648 0.0009068042734052897 -0.16351139529429956 -0.014093902693568703 -0.0012493563310173317 0.9998988699876914 38.449709923112756
0.9995968420938719 0.024499589676747948 0.014456401044795977 0.248618221052242 -0.024531447002628527 0.9996948276568386 0.0020602840724131917 -0.16295234509036066 -0.014402126038048234 -0.0024128941832367683 0.99989229358202 39.16209608793546
0.9995834684901046 0.024648978918632932 0.015116789254534448 0.260487272240337 -0.024724085976464544 0.9996807104597768 0.004817011152334447 -0.15996213657683975 -0.014993949460170379 -0.005187410476140734 0.9998731341384064 39.94007149608702
0.9995883595818893 0.02415676896902124 0.015562879473600015 0.27405521562476476 -0.024262548212726408 0.9996810906169726 0.006676740724373236 -0.15677063850293918 -0.015397152501870032 -0.007050314613633658 0.9998555846165312 40.68801995867589
0.999579225705843 0.024301536558316777 0.015909662975679296 0.28603189772217397 -0.02440829454136355 0.9996779025423269 0.0065881916595318946 -0.1574558399490502 -0.015744982735960592 -0.006972545891133046 0.9998505394807298 41.40144766798907
0.9995581946916994 0.024873417357277827 0.016353794311051988 0.29781612579807626 -0.024975276334820908 0.9996671013494112 0.006089259548506439 -0.16041215687609378 -0.016197402530414653 -0.006493907250528417 0.9998465803596187 42.102793459682935
0.999548869545672 0.02513778706515747 0.016517873587981357 0.31104398408172057 -0.025208554184571075 0.9996712916088092 0.004120547955466878 -0.16651138170197807 -0.01640948488914468 -0.004533718816467948 0.9998539765826807 42.77765433554527
0.9995600974244895 0.02465281745226947 0.016541217868421314 0.32311479080209715 -0.0247042181238872 0.9996879530019491 0.0029596055279610322 -0.1708789388298951 -0.016464028927124078 -0.003365135821200472 0.999857539155407 43.45719057493844
0.9996364855831277 0.021070795102078398 0.01686794741754552 0.33636906044156856 -0.02112312453248436 0.9997698903515924 0.0029981252537175885 -0.17001570498271995 -0.016801760682156074 -0.0033516750700778616 0.999852019666612 44.17988833641854
0.9996428620549175 0.02043139452090143 0.01727852821891304 0.34865340992527816 -0.020533989760546243 0.9997695139737502 0.005850478029746841 -0.16502364468222933 -0.017156008173195233 -0.006201580799799617 0.9998324908259723 44.911192172730956
0.9996439581480053 0.020220555138482837 0.017484109694129293 0.3618484907534027 -0.020349524161039665 0.9997641723798475 0.007280452159251466 -0.16083636916899965 -0.01733379613162801 -0.007631975386145191 0.9998196785854945 45.65074704527343
0.9996292636791763 0.02064041719900892 0.0178250988335638 0.3737267739156541 -0.020768628157044153 0.9997570208741305 0.007090550997866306 -0.1610774165452275 -0.017675451868493165 -0.0074564854897169255 0.9998149785734354 46.361469750169505
0.999631717301255 0.020388519281006715 0.017976140739226258 0.38983843726200845 -0.020516182929371598 0.9997626421194258 0.007019570209105253 -0.15830141800099437 -0.017829960942119603 -0.0073840724440672745 0.9998127888678776 47.07173272273525
0.9996460180553406 0.01967709610046895 0.01798836502173652 0.40480769476678036 -0.019787078469095058 0.9997841637020812 0.0060175094806988105 -0.15863790195295874 -0.01786720035051089 -0.00637003717293283 0.9998193045950904 47.77175562235476
0.9996558725685895 0.019090906247452435 0.018095980228219108 0.42087712614282796 -0.01917867051921695 0.9998031373362164 0.0047275727875381885 -0.16187131471587124 -0.018003026956021233 -0.0050720026626063265 0.9998245937033481 48.47386553031408
0.9996406041918757 0.019538487213592592 0.01844094996361921 0.43481962928053375 -0.019624426408859204 0.9997950333977387 0.004543747813933555 -0.1630745345295407 -0.01834948077088518 -0.004902621352135111 0.9998188611004689 49.193635537098814
0.9996250677715426 0.01984586109714463 0.018970273725335784 0.44920643326146165 -0.01993578716372854 0.9997889468555742 0.004592137080366605 -0.16341646926385958 -0.018875882239316025 -0.004967550761746378 0.9998088777422677 49.89773915879633
0.9996184176381545 0.019819099315051006 0.019373355509060858 0.46589050499299883 -0.01991554908457545 0.9997889378353679 0.004788669437373836 -0.16322387049352263 -0.01927470960025301 -0.0051722261743175485 0.9998003269830836 50.63697026327518
0.9996179176155338 0.019233813542319858 0.01999115241217801 0.48327056889915093 -0.019340430167327206 0.9997986225357806 0.005135573231259393 -0.16252106591914822 -0.019888702100381118 -0.005519829890589177 0.9997863961624698 51.36359909371436
0.9996092421345275 0.01890949327139764 0.020719032453923463 0.5014560704985359 -0.019020156123236626 0.9998048798912635 0.0051463636345560745 -0.16384100738466248 -0.020618205344914632 -0.005538148018659395 0.9997716074318602 52.08070820657139
0.9996034726125835 0.018371809290065568 0.021465800277276095 0.5205498094320312 -0.018476700960026186 0.9998168105204869 0.004707562377486636 -0.16734265069507842 -0.021376141395847235 -0.0051018246124422155 0.9997578533260447 52.79455422465779
0.9995927238887033 0.018186450012357327 0.022136021579437937 0.5397720098941815 -0.01829535620889872 0.9998203317887443 0.0047233263780955565 -0.16882321848782383 -0.02204670317149526 -0.005125956678287337 0.9997433287310314 53.52478938474429
0.9995929416988135 0.017335904876934555 0.022803003888813057 0.5596393167096941 -0.017454683751284537 0.9998338631567542 0.0050156610134419665 -0.1684384944772569 -0.022712840292196196 -0.005411271502806304 0.9997267619456656 54.24999273746751
0.9996042718853474 0.014711628089627072 0.02411219815648683 0.5815516257293204 -0.014844169799610224 0.9998742318673275 0.005321217034122879 -0.16787424115816338 -0.024031437073155082 -0.005676772347945009 0.9996944724414841 54.975709496376396
0.9995498621823579 0.016183678252248132 0.025390644377946536 0.5986823607424233 -0.016325849286856164 0.999850949824661 0.005403684495875987 -0.16828937685354436 -0.025300073905708983 -0.005815629611889967 0.9996624819148511 55.6931538908166
0.9994944331082275 0.01756851071260421 0.0266055560967631 0.618039765413309 -0.01771719577022197 0.9998272906692994 0.005376650627437441 -0.16914592065091388 -0.02650734025674204 -0.005845071407422877 0.9996305174646096 56.41585970213379
0.9994563900906449 0.0179264280096378 0.02775329298514982 0.6405252822834937 -0.018099801981142697 0.9998163830715362 0.006034575805981378 -0.16802317349869722 -0.027641124672800842 -0.006533104187713889 0.9995954765936995 57.139216474658085
0.9994582809179413 0.015408249437159304 0.029169474161194968 0.6666835958297583 -0.01559525512571042 0.9998574720553193 0.006219789293888728 -0.166800628889671 -0.029070567774094443 -0.00667077000757581 0.9995540835523367 57.87144918717822
0.9994592152461643 0.012691684994646565 0.03042677162871432 0.6957520519209611 -0.012873302180215087 0.9998986039471564 0.005802421347419632 -0.16464660445608745 -0.030351158997607566 -0.006190411295448294 0.9995190937173372 58.59868191557844
0.9993902780811833 0.013345104453818455 0.03234029875074046 0.7208373649258807 -0.013549325251057386 0.9998872365823005 0.006137586718606429 -0.162749798236613 -0.03225600759697686 -0.006571360670072995 0.999456689520484 59.2975234467498
0.9993157752162569 0.015359771898316959 0.03372266064045859 0.7451633291898003 -0.015564365839188937 0.9998601696705622 0.005842198856573599 -0.16360013119034814 -0.033629182976008164 -0.006362981671276644 0.9994134136892593 59.99757907050765
0.9992750212480923 0.016472467499999397 0.03439505587642122 0.770440375651246 -0.01667292406194784 0.9998434766253285 0.005581239636754186 -0.1649612302974726 -0.03429877327238937 -0.006150421101030161 0.9993917732104549 60.72032628579321
0.9992741084232222 0.015335884606092642 0.034938521373214314 0.7981636201367623 -0.015531255070110416 0.9998629084641685 0.0053611964547798764 -0.16506328709306262 -0.03485259014464765 -0.005899672255688632 0.9993739398061213 61.435906913234426
0.9992830438222956 0.013879613249604404 0.03529203649565497 0.8262366748939318 -0.014029315277473147 0.9998917445488187 0.004022905798994227 -0.1682036837191467 -0.03523327355775977 -0.004514964217313162 0.999367805114326 62.15019484490565
0.9992702300552553 0.013781000655681526 0.03569354140317001 0.8532244899151746 -0.01393922917139301 0.9998921801150962 0.004214547574530861 -0.16823972021431022 -0.03563257775575045 -0.004708422057369457 0.9993528545384649 62.86620814789743
0.9992430764520992 0.014489698386977813 0.03617217936787055 0.8803636063336567 -0.01467583794272724 0.9998786318019117 0.004908731066482836 -0.16736156961204557 -0.03609753536973787 -0.005435408911738684 0.9993327124067013 63.612939866708636
0.9992163476522429 0.015051945492226894 0.0366650599379293 0.9088900858927303 -0.01523050129280574 0.9998710335385516 0.004627252666791698 -0.1706297276968844 -0.03659211252783401 -0.005180911915700284 0.9993156576452171 64.33935007484618
0.9992031196777574 0.015022554934254686 0.0370261544525132 0.9435455775259829 -0.015196480981968121 0.9998718440439188 0.004460023201700626 -0.17341258506927054 -0.03695609826052928 -0.005017870429057927 0.9993028248644513 65.17620956279465
0.9991771363530825 0.01471014900612131 0.03782991126793175 0.9815086161054565 -0.014891722525326612 0.9998756002093357 0.004575080375309656 -0.1750645251606228 -0.037759793356948075 -0.005133297918651601 0.999272052387159 66.05423861791648
0.9991117126228689 0.015606167683454283 0.0391715435605559 1.0172894122093505 -0.015774853481139776 0.9998642223344827 0.004053606950457032 -0.18063228801501527 -0.039104835509420045 -0.004666215671618683 0.9992224531919511 66.86805141830276
0.9990803762787637 0.016368033775502368 0.039651802532987 1.0523573389775458 -0.016519577378419307 0.9998540389379804 0.003548716606318635 -0.18672866857195128 -0.03958978350343506 -0.004198554519883612 0.999205493650504 67.66693906222486
0.999066326018946 0.01625864673659746 0.04005418703353636 1.09237151086009 -0.01639409407943377 0.9998575666724536 0.0031045692352618193 -0.19257320832935468 -0.03999974784238109 -0.0037566500134936596 0.9991908629533491 68.54862220668124
0.9990435957532797 0.016243910279269257 0.04061969971026238 1.1281704424241363 -0.01637422178294097 0.9998581997707161 0.002928016724866095 -0.19690073115986695 -0.04056819386261538 -0.0035885266207670123 0.9991683829674548 69.34547592160975
0.9990114847191477 0.01693543406658079 0.0411300507113706 1.1578016033028249 -0.017059412793868814 0.9998474761262638 0.002716047127620847 -0.2006963600234101 -0.04107945733789614 -0.0034134275489684602 0.9991482553951815 70.05592183305673
0.9989910636061146 0.017078398072977972 0.04157326307971797 1.1888051604651675 -0.017199870373805076 0.9998458521015091 0.0026084790615184205 -0.2018680674691607 -0.04152356144735543 -0.0033196543890648576 0.9991305407428955 70.72002247342066
0.9989837831253847 0.016987481062903174 0.04177969793241858 1.2185195623645306 -0.017118065249832216 0.9998466038301875 0.0028139426469004233 -0.2009804872633368 -0.041726870243460557 -0.0035249388833674825 0.9991213551043132 71.39931958132806
0.9989939987787049 0.01639932126898982 0.041779277867269024 1.2475855874426542 -0.016585937544249748 0.9998512152678152 0.004160228011942329 -0.19809665687080505 -0.041706334558137964 -0.004847654949173261 0.9991165687157626 72.09340441421372
0.9989899782182161 0.016411147017050588 0.041867924211087926 1.2755022560185947 -0.016600603687639492 0.999850704879425 0.004223315760933547 -0.19834727601855168 -0.041793950542671814 -0.00491290518979561 0.999112539492737 72.79393971823212
0.9989650193469063 0.017484868242497564 0.04202766677546643 1.3017718206381659 -0.01765310038643885 0.9998346810210806 0.00368117206229297 -0.2014026469101944 -0.0419581822364095 -0.004417993573164756 0.9991080169304672 73.48858728725486
0.9989638480331449 0.017438144790604168 0.04207490810655523 1.3300878837073309 -0.01759078380180128 0.999837044180559 0.003305489128269127 -0.20399994430278628 -0.042012293009172 -0.0040412076606792 0.9991073536510484 74.17381724402526
0.9989747123244993 0.017065405038728693 0.04197469128974011 1.3571419173986026 -0.017185995380226436 0.9998466540338277 0.0025538915971577867 -0.20748640372978308 -0.041926303012421964 -0.003272035175541746 0.9991140599925736 74.83644804446249
0.9989929914724892 0.015630342292372226 0.042095856578642815 1.3855478657334508 -0.015720203781970744 0.9998723396106688 0.00184700198424571 -0.21005816669076466 -0.04206324112217521 -0.0025064356213630842 0.9991105968905822 75.50377340812105
0.9989813000401774 0.015929122796741912 0.04226099924164902 1.4122617977114202 -0.016037075522645303 0.9998661677821696 0.0022641879566235555 -0.20954548462953598 -0.042221060800097715 -0.002938972616577648 0.9991025097069902 76.1922155640935
0.9989660445654946 0.01662897466390411 0.04235092833573326 1.4387050981611604 -0.016824140491184327 0.9998466439314414 0.004309990136932508 -0.20617090018731438 -0.04227455434305241 -0.005017374912149711 0.999092042594798 76.89093423445051
0.9989646223497088 0.01677081513734489 0.04233459620460428 1.466320508077783 -0.016988905384610304 0.9998416985256922 0.004842810755382512 -0.2039705690340939 -0.042248219675266714 -0.005556535620574798 0.9990904368109605 77.59011470361705
0.9989594186172484 0.016762585973820802 0.04245643248338793 1.4952732038154848 -0.0169840644287285 0.9998413901003144 0.004910812565518609 -0.20375286088586317 -0.04236898075748182 -0.005626135309413755 0.9990848848281267 78.2840143761686
0.998950722057152 0.01650683613853839 0.042767643317628175 1.5259098251175485 -0.016729964082518964 0.9998459664216022 0.0049073707552467994 -0.2043218458465401 -0.042681533924401535 -0.005617123800077347 0.9990719149549312 78.96557674990586
0.9989309137448315 0.016302789803123777 0.0433062475966295 1.558886251094281 -0.01652691724426685 0.9998494970433373 0.004867633731485666 -0.20609153061783933 -0.04322196312323644 -0.005577621695810119 0.9990487549094591 79.65332172635253
0.9988961938926583 0.016586258504849564 0.04398936384696393 1.5911234709296609 -0.01680653753771574 0.9998458390348117 0.004692636976684293 -0.20964748832846353 -0.04390645315277562 -0.0054263007509107826 0.9990198161648938 80.33912249181833
0.9988713245827853 0.016455810369637457 0.04460330908830983 1.6246435176834424 -0.016666949937056974 0.9998495009768744 0.0044123529614231004 -0.21361127444975958 -0.04452570330761013 -0.005150255702176189 0.9989939191158604 81.01918761453655
0.9988459695019992 0.01651926991207025 0.0451449780787281 1.6594869553102303 -0.016712075184695085 0.9998504486222194 0.003944776823573162 -0.21611586463448962 -0.045074956334809874 -0.004694153670305486 0.9989713810020527 81.67591849036002
0.9988193619739852 0.01642688988181035 0.04577019655172791 1.6939139546816824 -0.016618036602767953 0.9998524147010718 0.003844852196356587 -0.21744551117092473 -0.04570210842707764 -0.004600442938332848 0.9989433409690175 82.33608600880467
0.998783011352357 0.016576987099237647 0.04650565636991318 1.7282176391919137 -0.01677503388364751 0.9998499041731407 0.003912883046547916 -0.2185754804013972 -0.046435569354898544 -0.004687921611932444 0.9989092609444671 83.00712540316829
0.9987418800181804 0.01671606663342295 0.047341960577859145 1.763255212595695 -0.01691755770813947 0.9998477035785377 0.003895408654712739 -0.22106131987435962 -0.04727136453657057 -0.004690957246356449 0.9988702734523291 83.67116791291019
0.998713933092806 0.016266095397044048 0.048076458307698196 1.801104449456694 -0.0164751365263485 0.9998545572655159 0.003995975145486637 -0.2230520262828778 -0.048006326855006144 -0.0047825858817007105 0.9988345909810694 84.36170295319454
0.9986613156306828 0.016515396034716075 0.04908521810008756 1.8368896609395435 -0.01673384895909272 0.9998505741229146 0.00407623354535331 -0.22514520312341013 -0.04901220575411969 -0.004892136916606606 0.9987857141506957 85.03884805222542
0.9985972591185046 0.01692418665127316 0.05023874825623101 1.8737202815589864 -0.017124075308908162 0.9998454969772439 0.003585248594700799 -0.23121825444093616 -0.05017203280224801 -0.0044402508129460175 0.998730190692389 85.70228744495749
0.9985471781465327 0.01693211541584474 0.05121395287997315 1.9122169215307523 -0.017094594283477527 0.99984865908367 0.002773258270390644 -0.23844186778341578 -0.051161089149643846 -0.003644345982903929 0.9986832130118503 86.35845824888295
0.9985152943465139 0.01651891507665948 0.05196411848264728 1.9507352944027097 -0.016679623378141467 0.9998558409748242 0.0026984019921222034 -0.24167797704959423 -0.05191392707699722 -0.0035608068411309285 0.9986445322784777 87.02139205427225
0.9984751762571549 0.01661327158372814 0.05269574244107092 1.9876203746619092 -0.016783733958374524 0.9998535567583382 0.0028345548706537427 -0.24415402108571505 -0.05264294383187468 -0.0037142975791427534 0.998605735367836 87.6712092027525
0.9983841447887445 0.01737041195033532 0.054152542197210454 2.0245650745965653 -0.01755858648714047 0.9998394693594232 0.0030466345619920153 -0.24627041905014918 -0.05409306861941611 -0.003992008756398297 0.9985269435095587 88.32492917302174
0.9983022493817693 0.01840312317082215 0.055316541768574624 2.0638510564083337 -0.018635241829924327 0.9998182764614629 0.0037226231624183474 -0.24749618749400784 -0.05523967546008302 -0.004747189824947748 0.9984612155630036 88.99628145982334
0.9982578097033588 0.018597191022628697 0.056051818286987874 2.104074289068595 -0.018847762386411466 0.9998134657045233 0.003983719110727303 -0.24880727585361925 -0.05596895584933497 -0.005033273629898289 0.9984193860506 89.6559300789178
0.9982159971773787 0.017596850836241563 0.05710971583066299 2.14650705742105 -0.017834393727985478 0.9998331480811635 0.0036888215913424777 -0.2522125578576825 -0.05703687489249003 -0.004700784967630937 0.998360334438083 90.32671193536628
0.9981762880570308 0.017215703535008644 0.057908846150450936 2.188125165298414 -0.017440599055326984 0.9998406760917972 0.003421183632655559 -0.25602443888248566 -0.05784245932739738 -0.004424781356543237 0.9983148927630248 90.98810887343319
0.9981357072399639 0.01716199015748186 0.0586128547689829 2.228286525555744 -0.017383143990032553 0.9998415168941739 0.003310250388640313 -0.2593395885702781 -0.05854876321854035 -0.004322513143625404 0.9982738377035493 91.6326131984917
0.998094848345643 0.017491249587364685 0.05919981928516436 2.267646669066892 -0.017705859004225517 0.9998362431078421 0.003152245833195582 -0.2603685589834188 -0.05913729450935025 -0.0041939626831898015 0.9982395391746589 92.24906184079023
0.9980516014270804 0.018259837124575285 0.05969962681863377 2.3060500874698646 -0.018461802700654124 0.9998234700528458 0.0028812591427483506 -0.2620360184088536 -0.05963882953380342 -0.003977319613137369 0.9982106933317539 92.87922414892489
0.9980299092126869 0.01824950872599526 0.060063601910642354 2.3463019289097162 -0.01844369905749611 0.999824383377205 0.002723105704770199 -0.2643828486374905 -0.060005465780974196 -0.003825127358510816 0.9981892614437907 93.518334132107
0.9980085676713255 0.018295308006632004 0.06041232221931117 2.3847202533115457 -0.018481763666512975 0.9998243499460899 0.002566642440031341 -0.26697546860822396 -0.06035668057672882 -0.0036777359071040127 0.998168823608317 94.1497673361293
0.9979974525640776 0.01758473793626717 0.060811374945529455 2.4248137509589407 -0.01776105193961884 0.9998383577602729 0.0023937639142078346 -0.26917598140293497 -0.06076119777306422 -0.003468790264129523 0.9981453543549055 94.7856603406182
0.9979694259601908 0.017851125390803736 0.06119421527406793 2.4639127550107487 -0.0180175812131148 0.9998341309819899 0.00220468101863113 -0.27258755645765537 -0.06114654668906013 -0.0033024902562900638 0.9981222440290485 95.42436796384459
0.9979387055898472 0.018260616028152387 0.061573661798686306 2.503127812256386 -0.01841583357716111 0.9998273123806333 0.0019878998106865006 -0.2765640669315315 -0.06152862759284523 -0.003117587842831677 0.9980994585839345 96.05348684208003
0.9979179721124627 0.01846971970732759 0.06184574715656251 2.5426231983557033 -0.018611285323380147 0.9998239439964793 0.0017493688450427225 -0.28060033272906115 -0.061804468891886996 -0.002896744943478774 0.9980830882569579 96.69838762814419
0.9978951412932676 0.018386326106447623 0.06223135018877765 2.583055112932048 -0.018515446484541356 0.9998258542111914 0.001537936709402529 -0.2846675668697438 -0.062194262103382365 -0.0026867744183819422 0.9980593256112498 97.32802973028018
0.9978646707477388 0.01803074178295516 0.06281157796824802 2.6245981944128127 -0.018146995873497343 0.9998323907548845 0.001329040789878797 -0.28878366502032643 -0.06277945876035143 -0.0024655344143764617 0.9980231095677967 97.95457623130352
0.9978137515037216 0.01821589795999393 0.06355976558604931 2.666577682411857 -0.01833412743588351 0.9998288180320822 0.0013265512478085528 -0.2922123013721431 -0.0635271354497748 -0.0024879928011031535 0.9979755456650524 98.59047009181337
0.9977667911906549 0.018202306988177604 0.06429720026212021 2.710314324402402 -0.018328724024275354 0.9998290410826417 0.0014190101000675322 -0.29543589957456434 -0.06426256633208076 -0.002593632748946806 0.9979282162237739 99.23556785514708
0.9977168044337199 0.018482957286120073 0.06498402966080842 2.75340984885009 -0.018603350944406256 0.9998237609866224 0.0012937204800945643 -0.3004681288062847 -0.06495108578503139 -0.0024989115244566343 0.9978835428474129 99.87665610153829
0.9976790118363666 0.018312287281182886 0.06560933036283562 2.798904884014492 -0.018421594700648466 0.9998275142882878 0.0011016668455094342 -0.3056238677934578 -0.06558003584494483 -0.002307100966001717 0.997842950177649 100.5272925162204
0.9976425850672758 0.017411172304218594 0.06640753906154413 2.8451314518583577 -0.01751416142671945 0.9998443491763033 0.0010025431834546664 -0.309275708213505 -0.06638189013655453 -0.0021628232916340922 0.9977902165385655 101.17256334606785
0.9976102200635151 0.015812441047113168 0.06728690297870712 2.892546313127645 -0.015949198632386214 0.9998699319988971 0.0015291258052331142 -0.3105380694634009 -0.06725613265688053 -0.002598267615878511 0.9977305631263026 101.8286547696352
0.9975524128256613 0.016168194940126973 0.06805257823880413 2.9408869766346832 -0.016373447684899612 0.999860982073763 0.0024944737535698373 -0.3089737503845985 -0.06800500998690806 -0.0036022513636031032 0.9976765495959006 102.4761787051802
0.9974947676042909 0.01679478623122953 0.06873742191486479 2.9891706022819804 -0.017047606365294853 0.999847402371618 0.003131334203332699 -0.3076751718418932 -0.06867688070746747 -0.004294756119506306 0.9976275852775865 103.16061043405354
0.9974503614144785 0.01740939398351421 0.06923351351494436 3.0369749182825685 -0.017662495013764344 0.9998372012050164 0.003079666931531571 -0.30894979813252216 -0.0691709508255956 -0.004294353944005745 0.9975936847061679 103.85095508813095
0.9974254902302331 0.016874990362166012 0.06971827013526033 3.0882516537415152 -0.017058012796029184 0.9998503361316394 0.002066417251864739 -0.31410217447740846 -0.06967536516195919 -0.0032497719804349882 0.9975625714411377 104.53589702195791
0.9974583308615456 0.012238931174167767 0.07021149157016153 3.1420708117221308 -0.012225861335971184 0.9999227149479968 -0.0005764039013589997 -0.319671288371094 -0.07021564009802443 -0.0002828426420185609 0.9975296885680222 105.21672649171272
0.9973919326140039 0.014852795719591121 0.07065341909782757 3.1867669348029164 -0.014579058248719974 0.9998822099402794 -0.004350898313013393 -0.3307707444448116 -0.0707117054674143 0.0033098199131179565 0.9974896462493658 105.88403687303432
0.9972942135700938 0.016951855882878057 0.07155537263975986 3.2332743096858594 -0.016476561732393806 0.9998363768583879 -0.007189548642945978 -0.3434964141459475 -0.07166757890186912 0.005991453286227364 0.9974088934060173 106.5273770664034
0.9971921433871463 0.019781470568388873 0.07223963773060271 3.2774532902706968 -0.01925744061106888 0.9997808282515797 -0.007902978241382827 -0.3524539766882898 -0.07238281804289648 0.00649062290719063 0.9973529262314929 107.18647810772666
0.9971637325347221 0.020111943052322098 0.07254487398091503 3.3251203142506545 -0.019660500520672544 0.9997806927149414 -0.0068942640894111805 -0.3567462358029649 -0.07267027654450667 0.005449213264170322 0.9973384525656794 107.85625333192966
0.9971656508789514 0.0188514092908676 0.07285691237664302 3.3755775900050082 -0.018573132260663483 0.999815307816133 -0.004458456823356703 -0.35919482586605334 -0.07292998089431837 0.0030934010827317255 0.9973296069228382 108.54602363582148
0.9970765447143713 0.020121504076400804 0.07372985598219639 3.4240937305738575 -0.019990064391117442 0.9997947367561296 -0.0024811826706839474 -0.3617539107628433 -0.07376700973653916 0.00100076340499666 0.9972722257649786 109.22149922785411
0.9969575947160129 0.022073833467178183 0.07477453731835311 3.473583194812927 -0.02202662737058926 0.9997540619217334 -0.0014175241414438342 -0.3645381072383075 -0.07478973590587784 -0.00023329847167645695 0.9971967995491515 109.88856895135926
0.9969051789465395 0.023349727421792553 0.07508617259461045 3.5235675717571677 -0.023429189685508115 0.9997229235459847 0.00021887027702740462 -0.3653530658926524 -0.075062571657105 -0.0019766895462342395 0.9971742044571993 110.56876737134608
0.9968643092600209 0.024381587013290757 0.07530813240886121 3.570461493238462 -0.02445945785351119 0.9996984456001247 0.00014702845306163953 -0.368302355692002 -0.07528374737179296 -0.001988424228550312 0.9971579846035717 111.22240945998146
0.9968150529533838 0.024704348936921285 0.07584669662640177 3.6213197681296965 -0.024749352472477698 0.9996908079233096 -0.00030634923824119606 -0.37514736636891166 -0.07583307587867204 -0.0015714263299721892 0.9971166593777254 111.87331325720973
