1.0 0.0 0.0 0.0 0.0 1.0 0.0 0.0 0.0 0.0 1.0 0.0
0.9999992847442627 -0.0008866190910339355 -0.0005483031272888184 0.000450019259005785 0.0008875429630279541 0.9999983310699463 0.0012332797050476074 0.002823691116645932 0.0005471110343933105 -0.0012338608503341675 0.9999987483024597 0.44611406326293945
0.9999927448258688 -0.0036857332513138275 -0.000774928648895834 -0.0024663802180673183 0.0036870567869429216 0.9999917180797029 0.001293524925008338 0.005861244540306593 0.0007700853175869327 -0.001296616091731373 0.9999984305505484 0.8470932934482129
0.9999832346174597 -0.005665390935635104 -0.0008615426308891997 -0.0065508908924952775 0.005666587720060847 0.9999827735167925 0.0009070880499968657 0.007307945699558215 0.0008562570917486441 -0.000912157154286327 0.9999986249787659 1.251229967638991
0.9999759525627379 -0.006876997776939069 -0.0010725861922339808 -0.010781195073712203 0.00687789378841473 0.9999757445228785 0.0008884650745242095 0.008349856965320286 0.0010664912940310436 -0.0008960730330910052 0.9999985792889428 1.6523312756721829
0.9999772868056206 -0.006587365212550683 -0.0011285227288123693 -0.01757709103332329 0.006588536055761334 0.9999772951330473 0.0008489488284726019 0.008982027826942974 0.0011226888708138604 -0.0008563054473507646 0.9999983755945346 2.0623570421581836
0.9999755534347693 -0.0068394210350890255 -0.0014052379647343405 -0.02215067580831523 0.006840745179434583 0.9999758214892166 0.000906955243400478 0.008720865104275667 0.0013988596566646633 -0.0009165508876546526 0.9999982525521481 2.474813357894034
0.999976411258247 -0.0067724166248738105 -0.0012911276050228738 -0.02619881877985852 0.006773233389039131 0.9999765666826542 0.0007247156627164491 0.006798458102885432 0.0012862393934483306 -0.0007335901736213611 0.9999985781729341 2.88849481180052
0.9999719706433458 -0.007349256983634768 -0.0015203508832662901 -0.029997885283536568 0.0073499113069979 0.9999724981913883 0.0005367601916544203 0.005255146245063194 0.0015164112946382904 -0.0005479481611441173 0.9999983588417625 3.2644616785413225
0.9999634857184498 -0.008402087929483503 -0.0018563778918090543 -0.03470818843059757 0.008402322193070468 0.9999646093364474 0.0003731449237328132 0.004391750289411914 0.0018533748983517364 -0.00038893978059823523 0.9999979357734419 3.648736209222209
0.9999585304541374 -0.008902498538686293 -0.0020667213310049315 -0.040331410175054296 0.00890261279459695 0.9999599726929623 0.00010261058720520232 0.002809628718021381 0.00206577410332483 -0.0001208411281393571 0.9999974078401701 4.0124691457475175
0.9999566806138173 -0.009060519883185627 -0.0021650811165246243 -0.04589731710957125 0.009060328545661843 0.9999581163340321 -0.0001240563748061479 0.0006641559053728826 0.0021660987118521003 0.00010491326763313885 0.9999971085645207 4.391384302712332
0.9999567946464332 -0.009016185355423402 -0.002132494934983664 -0.05104565247927683 0.009015418794940567 0.9999584263240318 -0.00043112481157387393 -0.0021322379273102736 0.0021362015823948328 0.00041242080565587734 0.999996962060641 4.777328542851386
0.9999607977759625 -0.008582599104552127 -0.001977211531935635 -0.05623605273152869 0.00858116145336385 0.9999620915210903 -0.0007327370514003484 -0.0048544300376994545 0.0019834047133211186 0.0007161390768550431 0.9999971629918792 5.149206223488014
0.9999641172203105 -0.008197324307047456 -0.0018186103842773211 -0.06122653942175286 0.008196004225599508 0.9999646399946872 -0.0009569576861906017 -0.007235501352552496 0.001825981004867675 0.0009428046744101268 0.9999970737733999 5.526425921680937
0.9999667918604704 -0.007924790756377966 -0.001774722163335447 -0.06706490324577835 0.007922710076869515 0.9999669285183205 -0.0011518991365296 -0.009420719501836318 0.0017837623980209078 0.0011382694317073013 0.9999973244953582 5.8962653419728595
0.9999675754130362 -0.007848405823254532 -0.0017417487532039968 -0.07195300639927435 0.007845919186513043 0.9999672879667568 -0.0013676515407136478 -0.011634991764210153 0.001752412604439512 0.0013543832250373497 0.9999971343860431 6.234428710133779
0.9999705991648655 -0.007550478707719914 -0.0015538531180875087 -0.07177451098940821 0.0075478655342912804 0.9999696592344858 -0.001517875801796643 -0.013252156643927928 0.001565536593038549 0.0015061226714228706 0.9999974945480458 6.547437603009428
0.999968862209876 -0.007758623450334828 -0.0015053870620472991 -0.07243120995077884 0.0077559780939136305 0.999967312382905 -0.0017949469193106473 -0.014809995231417428 0.0015192984576885722 0.0017834048736127188 0.9999969704889295 6.8515486365894045
0.9999671451385342 -0.008020215823963015 -0.001536917605152481 -0.07502660085672053 0.008016139908283926 0.9999643994048267 -0.0024250810885384604 -0.017194987736572305 0.0015567178712058132 0.0024124324339556934 0.9999959110504376 7.160273597578126
0.9999707396320263 -0.007570364428702437 -0.0014687863178229122 -0.07981870382420143 0.007565882266666845 0.9999674247322151 -0.002715026204097472 -0.019536071174296225 0.0014898277893746663 0.002703287956312642 0.9999951935079824 7.476670561992464
0.9999732099592061 -0.007237923933977399 -0.0013380912241831133 -0.08427657709512108 0.007233710657483233 0.9999697852117188 -0.0027712294209086977 -0.020514106040558484 0.0013586631731337404 0.0027610333613072094 0.9999952329790031 7.776076630567304
0.9999783034874332 -0.006474624832526935 -0.0012589810731282874 -0.09009960296266376 0.006470741519727099 0.999974504251979 -0.0028017708007721776 -0.02039679737234013 0.0012774006115121024 0.0027936886443978813 0.9999950158363236 8.073350810597542
0.999981819757907 -0.006013521676769954 -0.0010284580040333092 -0.09433650465396522 0.006009669145745629 0.9999770395645768 -0.003003952190795296 -0.02179839995049263 0.0010470812875055177 0.0029974695527319414 0.9999949780583047 8.34763362863771
0.9999823546081927 -0.0058500720555307 -0.00088281269842581 -0.09795325967352662 0.005846787139986667 0.9999767689745591 -0.0032217383438789236 -0.023544318415363138 0.0009019313800873343 0.003216744720308152 0.9999941161346348 8.603212997065196
0.9999855126355308 -0.005285723847996435 -0.0007734727061974554 -0.1029157921647171 0.005283052388451691 0.9999791512007077 -0.0033021020709186307 -0.023507736765203395 0.00079089173575211 0.0032986413484849403 0.9999937749480663 8.841035559769109
0.9999880912801915 -0.0048574188536313154 -0.0006765547394525537 -0.10743019504526383 0.00485488629688802 0.999982254808014 -0.0031554693995969533 -0.022690270953214815 0.0006921148826398308 0.0031524738829921788 0.999994691837583 9.079904861676072
0.9999903925801861 -0.0043477949359657115 -0.0005810656883687712 -0.11194303466041099 0.004345574270391446 0.9999842993594419 -0.0032723084312357175 -0.02316562419389052 0.0005954988553473277 0.0032702171971105125 0.9999943877420971 9.303218296189513
0.9999883100418439 -0.004745294183300961 -0.0007791765405366994 -0.11561291005996407 0.00474254002880909 0.9999821772548041 -0.0033755857426370525 -0.023187790461464547 0.0007952962798249419 0.003372469936369391 0.9999940537881512 9.49546434722687
0.9999882144822195 -0.004780815299994329 -0.0006857570805991389 -0.11888554493410729 0.004778288835100534 0.9999816414724508 -0.0034484567482775843 -0.022573173417352044 0.0007022542773440947 0.0034460228257865095 0.9999938805601924 9.654836869094595
0.9999885454044352 -0.004778158852922833 -0.0005699220059619032 -0.12160978930159083 0.0047759474803061005 0.9999819187674832 -0.003440602057269117 -0.021577896718819205 0.0005864636824670274 0.003438425964342705 0.9999941063013328 9.802094178299914
0.9999887317764611 -0.004753576131127693 -0.0006587945691627302 -0.1248538464900487 0.004751088482968531 0.9999824863671362 -0.003240783349876304 -0.0200124200128498 0.000674414856037012 0.0032381392657278786 0.999994624049324 9.94419494795526
0.9999887237332518 -0.0048129391018080815 -0.0007872993225970873 -0.12782714997525368 0.0048099227866820376 0.9999831933375259 -0.0030097396534688172 -0.018824704483074967 0.0008021602014140294 0.0030062688802648474 0.9999954074603351 10.09163946283479
0.9999894594525695 -0.004670309289397261 -0.0007245054655140076 -0.12819218250273262 0.004667691923457711 0.9999843173884029 -0.002823917341097008 -0.018387348464664808 0.0007379255534738896 0.0028210132236780854 0.9999961354780754 10.242173622434276
0.9999903433072779 -0.004668044164988719 -0.0006730710059133052 -0.12859523244713186 0.004665248400200013 0.9999848034264512 -0.0027399630313715197 -0.017255025270822264 0.0006864504430561182 0.002736973299311271 0.9999967675088102 10.350222249838197
0.9999909667345422 -0.0045122991351873275 -0.0004705602883145608 -0.12955336100281878 0.004510355189440952 0.9999850430780374 -0.002829617100121196 -0.016606217985158777 0.0004836677049749737 0.0028278869830156844 0.9999963602438011 10.444709111915063
0.9999911303495718 -0.004458579510173699 -0.00038332046135402186 -0.13135221533769817 0.004457017624697191 0.9999852043952777 -0.0028576849853984908 -0.015984601800165265 0.0003963148382794611 0.002856552899788359 0.9999963218920458 10.539473261095413
0.9999910947984072 -0.004436972356997445 -0.0004147576474678009 -0.13338521258758665 0.004435500968345639 0.9999849118193797 -0.002785165820753851 -0.015255820311196364 0.0004272478824738443 0.002784021162502497 0.9999962190907246 10.631017530830187
0.9999904738756158 -0.004490840617621637 -0.0003271775665801034 -0.13474769452421387 0.004489864015578566 0.9999842748472857 -0.002756047121451467 -0.014582651978563815 0.0003395414640514223 0.002755684714529058 0.99999609812957 10.718212572676768
0.9999906419514257 -0.004468162435475236 -0.00012630152169133263 -0.13568062382696153 0.004467618951772958 0.9999844905439945 -0.002757439995742954 -0.013627839997391856 0.00013870117529595988 0.002757629887082461 0.99999616000878 10.792480543407633
0.9999913351202022 -0.00431694686115917 1.2349276716125423e-05 -0.1375530501269546 0.004316786523687153 0.9999852970827684 -0.002752767417119165 -0.012520325502285753 -3.258943396665544e-07 0.002753389474054511 0.999996190419494 10.862988174347594
0.999991782176464 -0.004185429936692478 0.00013277304910074 -0.13901874686985646 0.0041856024694346345 0.9999857632421302 -0.002702447528264899 -0.01131946883796809 -0.0001213571572576011 0.002703678690367062 0.999996267893677 10.939287221718402
0.999992196419113 -0.004080646500271374 0.0003140355016658349 -0.13973519000789794 0.004081368680621779 0.9999859973221642 -0.002688933393616705 -0.010019637527130004 -0.0003029867559064763 0.0026911185984549806 0.9999962803760083 11.00906123828349
0.9999927555562812 -0.003986833105352023 0.0005182734866357949 -0.14041399813041536 0.003987624960105259 0.9999867560406683 -0.002681841312297175 -0.00858462875386043 -0.0005072367239081202 0.0026843260333318467 0.9999962353287156 11.074123479712757
0.9999936515800908 -0.003831173750726045 0.0006799321431537885 -0.14152146304665408 0.003832045929312846 0.999987945208914 -0.002691628793841091 -0.006878585110584137 -0.000668975064627448 0.0026945304406155134 0.9999966021857943 11.125896468088943
0.9999945196086184 -0.0036464125995945606 0.0007971663546610824 -0.1431957554470118 0.0036472911017387103 0.9999890525809014 -0.0027203269343115503 -0.005294649049689253 -0.0007862986142081727 0.0027231672793249484 0.9999966837145188 11.182950733983375
0.9999955904116271 -0.003385335409645638 0.0009489537964398726 -0.14486147592206217 0.0033863402302619907 0.9999898678958864 -0.0027701694886241223 -0.003522776850423557 -0.000938376039450079 0.0027732383762180367 0.9999965464810772 11.238952728034775
0.9999964849291321 -0.0031401229213744004 0.0011333163433225124 -0.14640971428678035 0.0031414609938934346 0.9999906419263993 -0.002832964928680375 -0.0016627794406720272 -0.001123085499777667 0.002836308574407617 0.9999963170124149 11.284739227501602
0.9999969613325573 -0.0029093719348868645 0.001299456083883081 -0.14788969123764725 0.002911293314486945 0.9999910000812819 -0.002877533434733736 0.00044749908469838423 -0.0012898273305020414 0.0028812885613703665 0.9999958238763961 11.32324913487669
0.9999975895393312 -0.0026700404579837306 0.0014431756589759846 -0.14895375717306855 0.0026725458694641865 0.9999915350468189 -0.002891926598262905 0.0012884938422140315 -0.001434282386525462 0.0028957614360721204 0.9999955362765457 11.391238924230926
0.9999979643357865 -0.00240959499970155 0.001624107021362848 -0.14961304650607773 0.0024125987671872215 0.9999920455262725 -0.0029145098439990053 0.003597873473126075 -0.0016159358560756286 0.0029183054691482115 0.9999951504565673 11.42137109995907
0.9999984957400269 -0.002169662019743458 0.0018005157547960893 -0.15010454154354277 0.0021729074380202485 0.9999929475391188 -0.0029671925602344834 0.0057367420374187595 -0.00179261909818845 0.0029705797282378772 0.9999949490310229 11.470753200490101
0.9999981013180166 -0.0020714648740274705 0.0019389507001067734 -0.15073083736811196 0.0020754471013484624 0.999992571131722 -0.00306479144524699 0.0077021271552323006 -0.0019312806741242131 0.0030686012869710426 0.9999941720105275 11.513852292790018
0.999998369796499 -0.001963809797692352 0.0020999373388538327 -0.15168740776730527 0.0019685633676899818 0.9999924496770737 -0.003176931303878846 0.009472321279411564 -0.0020923040501505397 0.003180777697998399 0.9999936356208033 11.558565051054682
0.9999982589379967 -0.0018675344104125307 0.002242876647386599 -0.15243749236502063 0.0018727562994121233 0.9999924824920098 -0.003225794525308033 0.011686692077603922 -0.0022354220565545648 0.003229839402112817 0.9999934188516252 11.594710640259564
0.9999983302505269 -0.0018104316235809197 0.0023651225744022934 -0.15329250372024328 0.0018159901911615323 0.9999927819327568 -0.0032397816237558 0.014333992233391175 -0.0023577065211637348 0.0032439282076175305 0.9999932189339042 11.617590289400438
0.99999827256035 -0.0017712550354597866 0.002470011768007254 -0.1542027865930924 0.001777229330202565 0.9999927859816732 -0.0032972584128585854 0.016686239324986925 -0.0024625582926366724 0.0033012652328145518 0.9999927848124979 11.63951969471092
0.9999981551211256 -0.0016709161931783222 0.0025895919772100707 -0.1554204214770595 0.0016773985947338183 0.9999926534213746 -0.0033553088008125742 0.01906646930872829 -0.002582306206823437 0.003359072607374609 0.9999921790403344 11.656257383546265
0.9999978160765008 -0.001594847362920503 0.002723479138789201 -0.1564511157054112 0.0016020308256300912 0.9999925702552878 -0.0034176096070316 0.0217066116159551 -0.002716371955138874 0.003421609991496359 0.9999917427540586 11.666634678033658
0.9999976709749288 -0.0014763859510537145 0.0028459968410958023 -0.15767603748090808 0.0014843138101664807 0.9999922631928708 -0.0034927528252677504 0.024274615952146462 -0.0028392329033731555 0.0034968064108349683 0.9999910332818598 11.685387823572839
0.9999977044954833 -0.0014408636128532858 0.0028945487014282083 -0.1588297331406931 0.0014491676580490123 0.999992025359391 -0.003576126798845921 0.0266183354569016 -0.0028877850738170327 0.0035797943555879066 0.9999906039850259 11.703026431798115
0.9999976922808329 -0.0014056906476590822 0.0029161584250326786 -0.15997726918775745 0.001414316882992172 0.9999919210797737 -0.003619606617214116 0.029031499749838114 -0.002909516590740755 0.003623055117491175 0.9999903859998618 11.725793376730802
0.9999974975722582 -0.001337040739857094 0.003016195382995529 -0.1610112287663157 0.0013460143683081652 0.9999918880380241 -0.003655317108392048 0.031678579713996666 -0.00300963198838707 0.003658767136904024 0.9999899651921584 11.745953415961889
0.9999975793054264 -0.0012507163100630922 0.003146214067131805 -0.1618956793088 0.0012599144436860833 0.9999919473039972 -0.003670788657659037 0.034385046172143496 -0.0031397972408478718 0.003674064128884813 0.9999896359090515 11.77054383691292
0.999997529181516 -0.0010314453789985415 0.0032493542900543866 -0.16292643718760247 0.0010409794364877908 0.9999923589841885 -0.0036660696196309226 0.03646035962253881 -0.0032437179860468897 0.003668965356896773 0.9999894481224179 11.825725888518866
0.9999975290733878 -0.0008113784364726934 0.0033927453645023345 -0.16339015696054388 0.0008213569208913558 0.9999927844933826 -0.003677246035101225 0.03704504325751535 -0.0033878145353017797 0.0036796964856463488 0.999989179906926 11.909039652073222
0.999996999257425 -0.0005881258761420241 0.0035494681668098087 -0.16425204785307534 0.0005989241602022509 0.9999927475363762 -0.0037044462987705527 0.03903012057844145 -0.00354542286309005 0.0037064174669416933 0.9999886676808873 11.951380740042625
0.9999968443254482 -0.00024894227923676434 0.0037505310515208784 -0.16531144299751963 0.0002603408128853917 0.9999933808242707 -0.0037817829039838986 0.0412015816901263 -0.003747308787583741 0.0037821374539915267 0.9999880255304794 12.010271548182018
0.9999959888322358 0.00021338897964961063 0.003945500749600589 -0.1671793831554469 -0.0002006156605312322 0.9999926232907372 -0.00391917865333949 0.043288877529077174 -0.003944227170054529 0.003917941602164898 0.9999865367772524 12.075563717325208
0.9999945622108461 0.0008513707590837178 0.004106083429590003 -0.16994610153647485 -0.0008368258180939811 0.9999911544820548 -0.0041547061590419985 0.04531644579962228 -0.004107679884921909 0.004151130674422232 0.9999847421156327 12.144340175046281
0.9999929835686905 0.001535174255492927 0.004261376422707085 -0.1730833348163465 -0.0015187644186890246 0.9999891172619905 -0.004406991511844021 0.04756453070486983 -0.004266345912149876 0.004400716354161478 0.9999830565978962 12.22115649635395
0.9999912249872693 0.0021017907108166083 0.004385793125871453 -0.17582366330842325 -0.002083825162645043 0.9999871098394139 -0.004586200967982469 0.04970428970132106 -0.004393822334307946 0.004577647977267954 0.9999816175800442 12.315595927744917
0.9999899522499612 0.0025429674627800627 0.004491741896748237 -0.17851830156472978 -0.002523959942277924 0.9999856130850141 -0.004712871926380105 0.051461127184148456 -0.004502053419420294 0.004701862850701174 0.9999805720387825 12.419471715876417
0.9999880918237413 0.0029640756310360854 0.004640966796479779 -0.18098125305657228 -0.0029442375135462434 0.9999842324296088 -0.00478113771725382 0.05336570376621287 -0.004653339043099743 0.004767558701046718 0.9999795802283008 12.527703249759812
0.9999869554164573 0.0032475881503742123 0.004781872265800418 -0.1827225517128189 -0.0032272196227852434 0.9999834465712787 -0.004821548153077511 0.054643954273170134 -0.004795446560258828 0.004805996890261526 0.9999789717296236 12.644991614922167
0.9999849422604973 0.0035476723768151407 0.004924278588837488 -0.18425858234505532 -0.0035263672418822927 0.9999822900171046 -0.004836103002572203 0.055745950017781105 -0.004939457193194254 0.004818892203193429 0.999977982432506 12.777831664503962
0.9999832674625935 0.003817227796945569 0.004997492902751586 -0.18586992054018275 -0.0037951501378772007 0.9999806533521144 -0.004829802412429425 0.056587018416093544 -0.005014332720237197 0.004811507381015056 0.9999771756598478 12.92674321802367
0.999981203165121 0.004281336999352538 0.005103747093534856 -0.18868454399724213 -0.004258501065003894 0.9999785809664795 -0.0049448259916902845 0.057040752354416545 -0.0051230173106514895 0.004923384050483251 0.9999763275885373 13.086253106960273
0.999978990370089 0.00460089731755709 0.005198958778972411 -0.1913080821763238 -0.004576723344379494 0.9999761437975272 -0.005078356834500922 0.05707747842645153 -0.005220724606833072 0.005055617206774707 0.9999749430338886 13.24860958295557
0.9999762238746019 0.005066989238989865 0.005272627424571864 -0.19383322532223776 -0.005040738461835398 0.9999724485621772 -0.00536381142035766 0.05658412316540206 -0.0052983500192745605 0.005338630451799663 0.9999729909122523 13.39621284983259
0.9999724029154525 0.00576187441979533 0.005374607472264613 -0.19645208827355665 -0.005733695706671773 0.9999673161986214 -0.005658862520122092 0.0562386482130178 -0.0054054650476114885 0.005629097494419983 0.999971108663967 13.569499970723317
0.9999709701098701 0.005965738261176625 0.005422633245911669 -0.19537098996525015 -0.0059369951713131395 0.9999659325343804 -0.005718504140102415 0.054956649892522524 -0.005454948987713271 0.005687332593362047 0.9999705130278381 13.793020599639366
0.999968103585231 0.006296349402107983 0.005587597115514456 -0.19455669380521856 -0.006266218165970745 0.9999636535693661 -0.005817355195147427 0.05465532287355905 -0.005622195041367028 0.005783043645848344 0.9999691725324958 14.003685844064547
0.9999670404210619 0.006386163510703853 0.005761903913972734 -0.19348374913343763 -0.006353977718688525 0.9999620429257904 -0.00604113111964458 0.053148121390047716 -0.005798271216267875 0.006004984729651186 0.9999668968461101 14.235239774683595
0.9999618651962641 0.007028499436252701 0.005927451421441539 -0.1943557021770062 -0.006993511761068158 0.9999561355606282 -0.006326676754886975 0.051733919201386 -0.005969630453577159 0.00628548428459534 0.999964218014432 14.470733044579292
0.9999610534532772 0.0071897025531828225 0.005913411564328449 -0.19495535107256123 -0.007155606210053492 0.9999558966199343 -0.006242477462959972 0.05094426131686339 -0.005955719730140967 0.006200064439524424 0.9999650724004919 14.727285457860924
0.9999566175392579 0.007712075384169621 0.0060182130509689276 -0.19661306422061445 -0.007676942401161521 0.9999515195859664 -0.0063272094934714775 0.04947096859382687 -0.006064333248417521 0.006280786425356 0.999963685493306 14.989062284633865
0.9999535709215965 0.008000854796586552 0.006213548753636179 -0.1966563988149756 -0.007965109004272513 0.9999498730119748 -0.0062954210857659445 0.048185184131827465 -0.00626093404730334 0.006245152110923895 0.9999629499190152 15.256271150965242
0.9999528049634657 0.008161144723342962 0.006130599696129881 -0.19727265460073626 -0.008129385978160129 0.9999520502186807 -0.005722636274213094 0.0483152296821019 -0.0061744006116855165 0.0056720613078178874 0.9999668920739792 15.543654794228155
0.9999518130591818 0.008412946073019808 0.005928470174315623 -0.199127091611474 -0.008386445333739076 0.9999538690612991 -0.005018418443155319 0.04852174972527912 -0.005967852467725128 0.004968002152023807 0.9999718625037756 15.836398788223725
0.9999543246011008 0.008324904033081436 0.005669967771178382 -0.20084474677559785 -0.008301093187086947 0.9999560251887781 -0.00480306920308584 0.04736365166278786 -0.005706988170756583 0.004755173022290582 0.9999744750446993 16.134165117092422
0.9999491366643889 0.008821164232956287 0.005824699625106071 -0.2027683844824012 -0.008797134809001341 0.9999520781194358 -0.004717805585821887 0.04622887715755933 -0.00586336401342868 0.004665912271137585 0.9999740076044396 16.439503886461804
0.9999430631092215 0.009382812850278078 0.005955527204935848 -0.2049126569304167 -0.009358712790454356 0.999947259389764 -0.004590265748048645 0.045721156249539915 -0.0059958603346230615 0.004534197448516678 0.9999737283612377 16.749040579997747
0.9999422599828878 0.009591910042432785 0.005801000520260139 -0.20722019750755508 -0.009569737121737722 0.9999461751281519 -0.0043962604765795 0.04470022790865841 -0.00584035729181728 0.004340478444946073 0.9999756580505241 17.075230002943297
0.9999452342410391 0.009477838025596179 0.005476886342603798 -0.20929087527697218 -0.009458105297265268 0.9999479014219462 -0.004219464079761884 0.04349029879082537 -0.005514120158506801 0.004167484391409151 0.9999783147217588 17.403179567573503
0.9999545262702146 0.008736364886951965 0.004998532803375059 -0.21159685163109626 -0.00871987951670114 0.9999556152923449 -0.00393273047854496 0.04295234111225941 -0.005030242600003333 0.0038890576540786064 0.9999820837655504 17.755791355052995
0.9999628042414257 0.00799284737653614 0.00466453575176646 -0.21378001917557882 -0.007981044439904626 0.9999645288354816 -0.003366811576242175 0.043425838109663335 -0.004688849728393516 0.0033293185274192306 0.999985918558953 18.1224555138975
0.9999611870803233 0.008015556043856863 0.0048958972980207745 -0.2092806350640735 -0.00800288211687741 0.9999643339571512 -0.0033369173825087027 0.04203372509244804 -0.0049201861257607265 0.003297501726516074 0.9999848213492286 18.48999447883225
0.9999594081049991 0.008141136172459503 0.0050778393839722375 -0.2080745745707706 -0.008127678149617264 0.999963349158617 -0.0034046263429601243 0.04055554952280645 -0.005102987690533659 0.003363046365779302 0.9999838242616694 18.838760016427667
0.999955685230321 0.008497830633740615 0.005192215000680775 -0.20933395338541932 -0.008482929187146581 0.9999596549747912 -0.003588606655171038 0.03848480179419195 -0.005220171340534174 0.0035444221352278413 0.9999824385684214 19.18168591442159
0.9999555893119658 0.008415147902494232 0.005391896079737286 -0.20936538820835643 -0.008398916778948357 0.9999599392406491 -0.0037079945628994398 0.036500557661510044 -0.00542059246002328 0.003662544266718653 0.999981212211876 19.544642131085553
0.9999522967615536 0.00851724422909423 0.005776727803848654 -0.20951179504597917 -0.00849934517885764 0.9999587606594882 -0.003766301944374918 0.03452354389990161 -0.005806300392826126 0.003717095446943049 0.9999785642458408 19.91118583972472
0.9999527524973892 0.008275113839506335 0.006054909044364069 -0.2094203763505155 -0.008256882984019135 0.999961335224901 -0.0036297376753152513 0.034642704205824944 -0.006082469231612547 0.0035795463853104423 0.9999772338060873 20.250692369226535
0.9999553379465735 0.007956101128838135 0.006043719723058793 -0.20981221922563054 -0.007943948906517968 0.9999672217570155 -0.002671217159603138 0.036636223954991776 -0.006062450091698359 0.002622974164920265 0.9999803038956272 20.620756757519498
0.9999545092716531 0.00788941191956997 0.00626879669311933 -0.210008521039446 -0.00788033115215575 0.9999691656089374 -0.002042949603527179 0.037916218640708425 -0.006282370576536559 0.001993420582022672 0.9999804434581389 21.011508851159498
0.9999528988337005 0.007813237465177375 0.006659529230229453 -0.20991718836659928 -0.007803123243357916 0.9999700212175009 -0.002097574052598155 0.03730218176452624 -0.006673307979026146 0.002045235408754759 0.9999781217412591 21.383450089410072
0.9999493800505855 0.00788412402753217 0.007140664596016775 -0.21020820028622528 -0.00787157978093507 0.999968907357996 -0.0022881349682277183 0.035486988229158536 -0.007156119504189888 0.0022314479234660143 0.9999743402153586 21.73083496808413
0.9999459580283085 0.007918298676240821 0.0075821575214698655 -0.2091791400746527 -0.007903855497288892 0.9999685721162381 -0.0024284668937961376 0.03381794785988099 -0.007598657513967789 0.002367702007953037 0.9999708675790279 22.114133552332124
0.9999453823737299 0.007691354997029265 0.007895111243138643 -0.2083496536771906 -0.007675231823076207 0.9999700808741745 -0.002551181784815114 0.03282000366103517 -0.007912001805214421 0.002489786675756971 0.9999681975009685 22.478904285377983
0.9999415740838219 0.007879108858157513 0.008194740303017745 -0.2079730072842094 -0.007857675805669517 0.9999671541181002 -0.0031018898378409147 0.02902647144862447 -0.008216312810991614 0.0030369485593953987 0.9999643087387384 22.85914812058003
0.9999355264641249 0.008302141001082763 0.008525960678929276 -0.20739813163838783 -0.008276181256110913 0.9999624417399956 -0.0035030499307741603 0.02558783204225537 -0.008552165715789078 0.0034316138601370063 0.9999601125759991 23.224163777994747
0.9999197251836077 0.009813536899628305 0.008815895909669028 -0.20978530517275887 -0.009782622232883167 0.9999471429678383 -0.003971483894934 0.023823605720605903 -0.00885179737062868 0.0038840319760674717 0.9999562389813925 23.629304769615832
0.9999167882549502 0.009915354976281106 0.009035749145517939 -0.20899664619206212 -0.009880046491667686 0.9999446197229909 -0.004351276331311303 0.020409273582219115 -0.009075865683013863 0.0042608579767125215 0.9999527932144356 24.002889844165217
0.9999050326420197 0.010845167278416867 0.009263144843390924 -0.20577469670628493 -0.010803561149734457 0.9999323748285187 -0.004931175905175942 0.016648264315934636 -0.009313440067906438 0.00482997513768834 0.999948096837584 24.403966290305487
0.9999000309237274 0.011014527756635119 0.009604915766428369 -0.20148245774161122 -0.010969553022729756 0.9999296427922849 -0.005096941658780462 0.013883928319688817 -0.009657852985599015 0.004990467671813183 0.999944114331133 24.806876871325827
0.9998898458303229 0.011639103326251473 0.0099490275518703 -0.2003596966725695 -0.011591632694425981 0.9999225022556208 -0.005182885939109079 0.01267528146133021 -0.010005909050849192 0.005066126796148972 0.9999403718347247 25.23485096260939
0.9998859796024512 0.01179778059459872 0.010140078021151477 -0.1978572542515044 -0.011748936870788262 0.9999207080894389 -0.0051997047466247415 0.010535091691197637 -0.010198118778917287 0.005079113446323347 0.9999383843082927 25.6955209515428
0.9998863992119095 0.011579910505791366 0.010375700985918043 -0.19469575354529614 -0.011527928210166398 0.9999224828569563 -0.005404306683977418 0.006766876794011913 -0.010434842540727591 0.005282838729642234 0.9999349317649463 26.16811285798136
0.9998793928771637 0.01181748869530021 0.010774287617200862 -0.19291871622843032 -0.011761629435166244 0.9999189134435207 -0.005566117506798193 0.0025557409169200103 -0.010836574791095115 0.005437483990126076 0.9999298033904518 26.645828986571715
0.9998691309866851 0.012286221034646513 0.011190347268560956 -0.19124933954793005 -0.012225964155589901 0.9999122726924558 -0.005756570346438312 -0.0014034331161236974 -0.011257505139321214 0.0056176929284502165 0.9999240230697621 27.126137362420916
0.9998346570114304 0.014558863635114423 0.01152899364563737 -0.19138910019062616 -0.014490004342875652 0.9998784518361998 -0.006335987863596562 -0.003830382902247062 -0.011617674176029248 0.006166945113205603 0.9999162434532859 27.606084304795672
0.9998104751342067 0.015859112518462504 0.011942536015339565 -0.1896371133329866 -0.015784021452471673 0.9998569411050054 -0.006668794985386125 -0.0062002065733248336 -0.012044115295369692 0.006477886368845106 0.9999097253733992 28.092264345609575
0.999790095173158 0.01658176713472243 0.012609075894589636 -0.18584942197409945 -0.016500959144826396 0.9998443029807236 -0.006777404537217135 -0.008756849311871675 -0.012717243041262585 0.006566933864381174 0.9999005650206685 28.59918554453458
0.9997756244088493 0.016885644259635717 0.01334746520785322 -0.18003263714071957 -0.016799678415359183 0.9998393215270746 -0.0068030022881594284 -0.012667813753730673 -0.013457873107451003 0.006576063986320502 0.999890843441638 29.13455031105884
0.9997698222584238 0.016861809155686195 0.013780967778349586 -0.1745135212820252 -0.016773965472808645 0.9998400683433325 -0.0067214628160912 -0.016399937552591136 -0.013889923462830838 0.006487491512034098 0.9998853142781601 29.635209865710536
0.9997656279496809 0.016852938973858853 0.014070287870104607 -0.16980396977220755 -0.01676481782749174 0.9998405983603237 -0.006584424415720656 -0.0196797087675821 -0.014177073548011402 0.006346203166393303 0.9998820695332784 30.11466055942596
0.9997475106750013 0.017333744746269357 0.014764877173421582 -0.16437396184589018 -0.01723633819170879 0.999830293210767 -0.006912251523325962 -0.02658170384367719 -0.014880304687006702 0.006655105338870998 0.9998697804639018 30.60715215918531
0.9997459446151019 0.016933197961612002 0.015325886845854467 -0.1572036429341924 -0.016822434478060776 0.9998328488487183 -0.007512588640869091 -0.03286359793986423 -0.015448778736575557 0.0072518289434392695 0.9998567514339403 31.074892385710086
0.999728462339632 0.017216311233612155 0.016107024982657977 -0.1508265570732995 -0.017096683744096428 0.9998264638615155 -0.007691716117355591 -0.039250485801695226 -0.016235144017212128 0.007413405802109284 0.9998427184065436 31.57329555519582
0.999716866109404 0.01748561169259323 0.01652413263619629 -0.14122106975287524 -0.017363858489274023 0.9998222091350759 -0.007635481815220756 -0.042612639643740756 -0.01665317950645803 0.00734566522063785 0.9998364321903092 32.06924458147173
0.9996911250116278 0.018656951091166992 0.016803367831153885 -0.13465486498941295 -0.01855388845079706 0.9998096096198622 -0.006424328971832992 -0.041904744627248976 -0.016918422608467067 0.006109775449869011 0.9998404699428783 32.57218775080451
0.9996760736321202 0.018679867180231926 0.017642475532264654 -0.12467618242239566 -0.018626931529504863 0.9998235527853445 -0.0033088276660287433 -0.03982101643081491 -0.01769943889946167 0.0029780533294954258 0.9998411983685387 33.115430874338905
0.9996585891648129 0.018986694369815173 0.018300394381820444 -0.11557361057850368 -0.018975194182422113 0.9998222560956954 -0.0009571697080966064 -0.03756647829308849 -0.01831371456532931 0.0006087463007955498 0.9998345682722538 33.65296634187052
0.9996340682518041 0.019764065700586513 0.01879471511777842 -0.10741745859489185 -0.019787546048680438 0.999806856127555 0.0009099739322461043 -0.034498674330514754 -0.01877152671980971 -0.001282352279287443 0.9998254589964695 34.185711772841636
0.9997175460362868 0.014616446257658575 0.019065301462839697 -0.09661515909748765 -0.014703125801135981 0.9998858471416886 0.0042641166638889205 -0.026545080260816187 -0.018999079670862295 -0.004544038348640149 0.9998115941261103 34.74336032312502
0.9997468407100071 0.012295988560485364 0.01918148656107702 -0.09002827510926752 -0.012442730229265703 0.999898474169512 0.0073807685559849285 -0.017666233706580547 -0.01908734807320869 -0.007618160637524599 0.9997913144002206 35.304284243667794
0.9997337935729057 0.012722523754484044 0.019594369549306757 -0.08350118547883109 -0.012896142330791699 0.999883491898826 0.008566616815784711 -0.010784111188447723 -0.0194814429109966 -0.008817850138946691 0.9997739826878503 35.84518107805267
0.9996830128189218 0.015549532509409407 0.020140064219206322 -0.0782445661313684 -0.0157045853089726 0.9998527314322746 0.0073769114932936974 -0.010121892077787914 -0.02002069904674023 -0.007691708214535502 0.999772470308438 36.383038993406124
0.9996117300752458 0.020107548427265698 0.01964042969864859 -0.07800659135597124 -0.02024306745054696 0.9997772699426678 0.006539841426405617 -0.006108821642169662 -0.019502801568017016 -0.006935903587336084 0.9997885924247203 36.92050430780461
0.9995476421235782 0.02342647643406951 0.019215294531831028 -0.07633934337243256 -0.023554983005027123 0.9997064254601307 0.0063000465147177095 -8.163545061130179e-05 -0.01906028625736156 -0.006750880368399191 0.9997983928948546 37.44987077795126
0.9995726849598057 0.022323590745229334 0.019225918906191485 -0.06749484480235432 -0.022454798833606095 0.9997309747928168 0.006442608525864293 0.005715807812216658 -0.019075153590021005 -0.006872612005272452 0.9997972902197273 38.00050786830898
0.9996428833230798 0.01863637770425155 0.019497999816164808 -0.05883885150043443 -0.018739645126293836 0.9998158353430712 0.004945166395123849 0.009128817686128533 -0.019400564926607043 -0.00530993284174475 0.9998004578369911 38.565182484291334
0.9996941432043587 0.015378751881011166 0.019689944477987185 -0.04852816345620928 -0.015417372646263807 0.9998824076350933 0.0016608780831307377 0.007191655769021407 -0.0196605673656957 -0.001964635151533871 0.9998073000537027 39.123143479233775
0.9996580345492182 0.017389933948924415 0.019851607653575392 -0.04156400512997309 -0.017386295837287194 0.9998515333103195 -0.0005087156466327949 0.0031973118296735343 -0.019855881718397465 0.00016240690110984725 0.9998056954298361 39.71600274810862
0.9995675412537136 0.022337909261091842 0.01944570767537653 -0.03932849117802628 -0.022319828183952187 0.9997527081253037 -0.0012992740848602581 0.0027577069627393357 -0.019468277493488728 0.0008636829395569201 0.9998127565411139 40.32543277121418
0.999410530827917 0.0289901549840773 0.01871924838368572 -0.035983063003654295 -0.02897315009727277 0.9995818738169978 -0.0013418373775012902 0.004229679143024752 -0.01874867738412582 0.0007976409869607799 0.9998265907789579 40.93994808828221
0.9993642784635393 0.030620185499770903 0.018594400910201148 -0.027978257997404422 -0.030604186676102346 0.9995333333283678 -0.0013049743969174785 0.0066332864307280595 -0.018624001648595134 0.0007340930585169769 0.999828977461676 41.57708798016778
0.9993282447972172 0.03204015910147389 0.018123278670318804 -0.02199200305909696 -0.032034463455574105 0.999488565933302 -0.0007630354266272213 0.009968907406324586 -0.018137097667245947 0.00018125689459826946 0.9998378490069255 42.21388651488616
0.9993302673883041 0.03220062694205153 0.017725306200596997 -0.014245266264918007 -0.03220572798688766 0.9994835293843822 -0.00016018587574724097 0.012812921910573725 -0.01771993293130814 -0.00041166103301071955 0.9998451641054438 42.860064361504776
0.9992439028612273 0.03490648364425362 0.017471036782963467 -0.009250327741519217 -0.03493106502845293 0.9993914612410205 0.0009505532722977514 0.016777328839826744 -0.017425798874781857 -0.001560923462698617 0.9998489541095256 43.51541186509207
0.9990516833769233 0.04035670579008305 0.016707194418121716 -0.007025079634418192 -0.04039173508543034 0.9991847456874682 0.001610270045644079 0.02103430781900054 -0.016627158706394952 -0.002284344415338581 0.9998610166101076 44.14628777468829
0.9989467274809241 0.04322541748479185 0.015772365787310144 -0.004493841134844703 -0.043281118889178676 0.9990603927006009 0.0030436805749497337 0.02689784326830755 -0.015624550309066742 -0.0037239077379077274 0.9998727761071443 44.77924212235636
0.9989358224201873 0.04354127717086356 0.015612090037058109 0.001812887931084639 -0.043590996688594404 0.9990481880658351 0.0026848178671644166 0.02654020014373157 -0.015478695723573585 -0.0033635773750053583 0.9998763968575489 45.40536564622007
0.9990243504466352 0.041577928431380425 0.015288055455478814 0.013469446892349933 -0.041558455260514465 0.9991367624257815 -0.0017646559398719112 0.01882429300219177 -0.015346671274445708 0.0011266074663196343 0.9998832745823316 46.02794116112996
0.9990949660010477 0.040065662911564694 0.014686097123562954 0.02311567008988827 -0.039990943683974975 0.9991869553794105 -0.005503948064161637 0.010826682577449407 -0.014893396888649763 0.004910963119626279 0.9998784903217801 46.64992288471335
0.999039378353481 0.04159026387268432 0.014193983935359734 0.02634653408004547 -0.04149400375279136 0.9991149316335834 -0.00716319781742041 0.0031661039701652693 -0.014478650694373775 0.006567417564028094 0.9998743202371548 47.270043264594364
0.9990002184660688 0.04267542584895257 0.013706976163165813 0.03178455444289682 -0.04255384902931037 0.9990535252064481 -0.009193380773580437 -0.006598758510718871 -0.0140858685194952 0.008601220770072823 0.9998641851075829 47.87847704943025
0.9990307291073409 0.04229873751482851 0.012617825171594356 0.038654641335079766 -0.04212607927576619 0.9990185187178325 -0.013805830188784117 -0.021148556797690524 -0.0131888769918683 0.013261463690832847 0.9998254375394996 48.49102884408325
0.9991490948361946 0.03966801916190996 0.011753543096890098 0.043789785033177556 -0.03948233506994819 0.9990970286675805 -0.015783849226243565 -0.031269523081347346 -0.01236856902802567 0.015307039942214938 0.9998067648133669 49.1253402785095
0.999350957527467 0.034461056654892575 0.011038418219389433 0.04821212322541461 -0.034319997378063585 0.9993294886076055 -0.01289319958103339 -0.03208352579313009 -0.011475083535743487 0.012507061800483228 0.9998566941876241 49.82404115408732
