1.0 0.0 0.0 0.0 0.0 1.0 0.0 0.0 0.0 0.0 1.0 0.0
0.9999997615814209 0.0001182258129119873 0.00024145841598510742 0.0014097769744694233 -0.00011807680130004883 1.0000001192092896 -0.00010213255882263184 -0.0008756762836128473 -0.00024148821830749512 0.00010216236114501953 1.0 0.2729894518852234
0.9999999563299786 0.000137650412787238 0.000412929579859167 0.001536255333092755 -0.00013781828803516305 1.0000004647118788 -0.00019871236733237652 -0.0012777342181379964 -0.00041267483429763274 0.00019844901612753318 1.0000001871428115 0.5342289864762169
0.9999998600239047 0.000145978661229327 0.0004990737197530367 0.0002599194580061655 -0.0001462352379796601 1.000000681214046 -0.00030347947711335663 -0.0019164773526564752 -0.0004987456065935349 0.00030299221091280553 1.0000002500081138 0.8200415201230984
0.9999997743162785 0.00017711657502060093 0.0006618468557251633 -0.001523882406975219 -0.00017750816298129057 1.0000009003314738 -0.0003523195186523835 -0.002291408269374981 -0.0006613268062576488 0.0003515843653348395 1.0000001540312322 1.1181134393979955
0.9999996233433801 0.00035163004278287936 0.0008432101620217731 -0.004370493439090083 -0.0003518475869807858 1.000000842367558 -0.00042906296143016965 -0.002971501848872 -0.0008428246903359154 0.00042809077107255146 1.0000000071113528 1.4279862626425497
0.9999997361132312 0.0003012204310044832 0.0008718736053389112 -0.007387801473429365 -0.0003014693732855946 1.0000009712504059 -0.00044778902536381617 -0.0034332278359370133 -0.000871443261639094 0.00044693858754658373 1.0000002133542034 1.7534943363525637
0.9999996137544555 0.0003980136558692156 0.0009787256686466326 -0.011132563961222508 -0.0003979512801549765 1.0000008542704037 -0.0005106743493169561 -0.004351643870342192 -0.0009784767646954609 0.0005098563819031184 0.9999999729212891 2.099263423245709
0.9999992568731342 0.00034981463821914376 0.0011192646038378213 -0.014439216727000645 -0.0003493908846620648 1.0000005047366467 -0.0005323070890004318 -0.004977013370859372 -0.0011192081741247658 0.0005316292743004124 0.9999996455835389 2.4535641604388054
0.9999991602802724 0.0005601035964624584 0.0012462808294064491 -0.018656938089530846 -0.0005592508836712158 1.000000310167755 -0.0005357191318860235 -0.005593245365378208 -0.0012465161780507873 0.0005349403331325428 0.999999501634169 2.8331452069057836
0.9999998744896685 0.000587495807459594 0.0013306661728120016 -0.022354020151772583 -0.0005873696422964632 1.0000012342847369 -0.0005631847333112839 -0.006520029712717212 -0.001330366174950294 0.0005615202010676795 0.9999998585978364 3.2286264877445685
0.999999763412648 0.0008199636772433312 0.0014905712432678033 -0.026555891727623286 -0.0008196188264351883 1.0000009365780904 -0.000637993163412338 -0.007548534822822833 -0.0014905652060334578 0.0006358062010489485 0.9999995442487178 3.6319120638214897
0.9999997483359826 0.0009272224078349758 0.0016016338637253626 -0.030058651872200564 -0.0009268962616774592 1.0000007675257139 -0.0005783304399393077 -0.007890776179209975 -0.0016016474142134174 0.0005758626846496882 0.9999994167673777 4.059687595394493
0.9999992297664848 0.001287237639331331 0.0017914882316691625 -0.033769041284104066 -0.0012868585686215798 1.0000006067487919 -0.0006923812744009873 -0.009230571284151189 -0.0017916062329501937 0.000688833278039735 0.9999990469422548 4.5001864123917095
0.9999987543389403 0.00122752818738243 0.0019666547431565705 -0.03634412748356378 -0.0012266850700497736 1.0000003591609097 -0.0008170613867991665 -0.011088395574614794 -0.001967010544888597 0.0008135736826390663 0.9999985278876207 4.952077390356476
0.999998041617105 0.001433370200910585 0.0020793052137300506 -0.03975072739186293 -0.001431781431429975 0.9999998875189531 -0.001013001099755326 -0.013606328733389765 -0.002080276659244344 0.0010090002697708564 0.9999980273215807 5.422206614254729
0.999998413334084 0.0011603017270959187 0.002088710538799004 -0.04236636813891961 -0.0011586931817559561 1.0000002593197135 -0.0010320882098825241 -0.015070121376329246 -0.002089478242606457 0.0010285524528836315 0.9999981076634078 5.914131181894552
0.9999986420489418 0.0010525334602974141 0.0020961561777282935 -0.04028853353922035 -0.0010514869871440955 1.0000006640549182 -0.0007023335496556733 -0.014571761838101879 -0.0020964909735169818 0.0006990885648402974 0.9999983724788079 6.439205362851805
0.9999978023862109 0.001157371933446183 0.002330359739311382 -0.04030516759990507 -0.001156226524707353 1.000000446410904 -0.0007709165747699017 -0.015866874930930235 -0.002330720276888484 0.0007671460393456579 0.9999977143386519 6.953755659677392
0.9999956886954035 0.002194520357533 0.0025172599843368603 -0.04304197144090079 -0.0021920848328035028 0.9999981632519179 -0.0012511295978732276 -0.018876244190749923 -0.0025193873422066867 0.0012446960924526046 0.9999967303890223 7.481324428300437
0.9999927072427709 0.0032379070584467894 0.0026496384284422254 -0.04656654179898865 -0.003234460006477172 0.9999948384341018 -0.0016058300556972425 -0.02106577457295663 -0.002654138456001136 0.0015965663546323222 0.9999959537837566 8.039053625445032
0.9999932788081158 0.0031489477759222896 0.002542762721070722 -0.04881282775981127 -0.0031466876253664817 0.9999956058999657 -0.001155988167514298 -0.019757552530793136 -0.0025457564463919396 0.0011471880045074699 0.9999967801434342 8.606776835535753
0.9999951926530452 0.00257769469684839 0.002286927353909247 -0.050659879031942565 -0.0025769871746137095 0.99999723323615 -0.00036896690336058477 -0.01816586866286113 -0.002287356629209496 0.00036234146462281436 0.9999978628385269 9.20455107609893
0.9999969762845088 0.0013082809490096256 0.00252099921840284 -0.0512485532923785 -0.0013071142318789102 0.9999997353191592 -0.0005177180252546936 -0.019969889887788243 -0.002521192258433542 0.0005138024032890774 0.9999972728766994 9.80566534835109
0.9999966563369465 0.0016165494042987341 0.0026299102386436166 -0.053973351883459315 -0.0016152440861431092 0.9999992909975041 -0.0005985353881404423 -0.021862137162215356 -0.0026301892912399746 0.0005934619569098565 0.9999969565731962 10.41854121856895
0.9999938820747427 0.0028314396432272864 0.0027110709985355636 -0.058085930102229906 -0.002829310020525435 0.9999963710766361 -0.0009063164422129197 -0.023983308315018274 -0.0027128643928019088 0.0008977080404868837 0.9999965592180439 11.019533348581483
0.999991332082336 0.003508809767674189 0.002811907250064065 -0.05905801640234807 -0.0035048318037083515 0.999993424987336 -0.001521634534736021 -0.02872557884968027 -0.0028165260071210283 0.0015109625234712644 0.9999952519801499 11.64092663903076
0.9999910633193569 0.0036333477927734826 0.0027519164115373885 -0.059454930897069685 -0.0036271070918960607 0.9999913990328818 -0.002336313298997225 -0.03444446362144691 -0.002759818267598456 0.002325439092860303 0.9999938240045266 12.256230946903834
0.9999949053399643 0.0028711747749119 0.002448410356221249 -0.06039132437092938 -0.002866136605328373 0.9999945919248566 -0.00225389698596145 -0.0365385395916146 -0.0024542148668460504 0.002245884648290597 0.9999950899624358 12.908726103500152
0.9999962365663174 0.002461139332163528 0.0023126158809748656 -0.0614878799563374 -0.002457051818512066 0.9999963096426683 -0.0019060413875694304 -0.03743285645952296 -0.0023166370968594947 0.0018993353657368846 0.9999961464435937 13.575498239500222
0.999995661301358 0.0025771925071554113 0.0024378831353634406 -0.06264575896936599 -0.002573609473508435 0.9999965007696129 -0.0016243589378341005 -0.03880263562410875 -0.0024413129490046532 0.0016170763995534809 0.9999963934442929 14.268165764356343
0.999994637283444 0.00294909994385464 0.0025135662113706034 -0.06409022127393471 -0.0029453885542201266 0.9999952217763892 -0.0016763203206672736 -0.041790396729226464 -0.0025177016683896416 0.0016677262047717185 0.9999960054315433 14.953847160112119
0.9999939884153953 0.003220634486491619 0.002547778014199599 -0.0644520200750945 -0.003215993254738387 0.999993765051904 -0.002141846173793864 -0.04756424375663584 -0.0025535884830275167 0.0021321090840923525 0.9999953780614276 15.640646930048621
0.9999921065165391 0.003542932382341473 0.0027388424331703993 -0.061470031993732716 -0.0035386405276060713 0.9999931040122089 -0.0017988076257610265 -0.04831006374635931 -0.002744175883476351 0.0017876936753472676 0.9999951488473199 16.376842165518514
0.9999877556760245 0.004464937918970693 0.00296271203647009 -0.060129806857588786 -0.004468009491920276 0.9999905475208184 0.0008266916568736703 -0.04499257908413337 -0.0029575811707177714 -0.0008416869678003146 0.9999955595073762 17.128287972478095
0.9999853002608564 0.004915839881318718 0.003071981420369819 -0.058839577737160996 -0.00492882636220047 0.9999811297387551 0.003963224863229656 -0.040202940895565954 -0.0030513679365672557 -0.003979843810917294 0.9999879286031894 17.91494009346881
0.9999824336415848 0.0051748341536842265 0.003512449953378844 -0.056214433092687935 -0.005200122462219072 0.999962569090929 0.007061475066722094 -0.034334691182949434 -0.0034743760854199176 -0.007081597378655316 0.999969165866154 18.696615783086678
0.9999810934912108 0.005340489990268905 0.0036164093325154007 -0.054217120896991704 -0.005366311344875033 0.9999608482803878 0.0071321902149063185 -0.031646659429993756 -0.0035770320221297698 -0.0071530390156029685 0.9999681821240579 19.492023109794594
0.9999791849190536 0.005650781284661844 0.0036526851155236633 -0.051771835096928245 -0.005674177720343377 0.9999643599611302 0.0063579743383042255 -0.03289520398041847 -0.0036153910642993028 -0.006380284113798066 0.9999730973848192 20.270237785210902
0.9999821418218602 0.005361536268542133 0.0032897939540641984 -0.04737261572032365 -0.005372946300030619 0.999980614659013 0.003368100544339788 -0.039464003739448125 -0.0032704093020462137 -0.003387455364558967 0.9999889076553318 21.038436793406753
0.9999815920360192 0.005699120669259821 0.0029039400350223434 -0.044355701980012166 -0.005700862594929094 0.9999845630445373 0.0004358702264681061 -0.048173411081265854 -0.002899958180207105 -0.00045432888765421656 0.9999960046942039 21.811551690382366
0.9999900234047108 0.004227589950325389 0.0025419973189440615 -0.03997417401438124 -0.004221250932372005 0.9999884936754817 -0.0026187660541722346 -0.05778946481450513 -0.0025518224231020742 0.002606451036039275 0.9999935645382161 22.59228204739634
0.9999983334920588 0.0001676332931385483 0.0027932350253055856 -0.03542597669358395 -0.0001580709915977895 0.9999947458508532 -0.003501830836562134 -0.06252778126673067 -0.002792697917937994 0.0034998169204019615 0.9999901977809996 23.399833922525488
0.9999987244625832 -0.0004177509642916443 0.002686011370710697 -0.03428160946111265 0.00041692038617003604 1.0000009183226148 0.00019245583783478485 -0.0611165619964345 -0.002685244667493628 -0.00019265214134271116 0.9999968717113821 24.25515511614005
0.9999988561344468 -0.00034947956366977934 0.0028253371481372492 -0.031928022182216555 0.00033466870937058705 0.9999882634440559 0.005112105665030974 -0.05503936274341107 -0.0028265224756067373 -0.005112024616449963 0.9999840405557837 25.158420155576827
0.9999985919903148 -0.0006511292396345587 0.0029645785348904156 -0.028515311832369 0.0006236774542944543 0.999960494645528 0.009044752842811428 -0.04764525831835975 -0.0029700398998560823 -0.009043309760575918 0.9999560289955182 26.078618199545463
0.9999982781744643 -0.0006655833291880774 0.0029864952469190837 -0.0245520030596954 0.0006395420001122717 0.9999641557733584 0.00861273590275181 -0.04636006954772328 -0.002992088202296531 -0.008611056792739442 0.9999595142322907 27.006896173705314
0.9999999153684427 -0.0012522733247741177 0.0022116126925747046 -0.018753140740231936 0.0012434713558371856 0.9999934575709702 0.0038500036534895067 -0.05680488462211844 -0.0022161725927937977 -0.0038477326923868835 0.9999914070009694 27.911210352975147
1.0000015585475412 -0.0002215490551233375 0.001642843082028501 -0.01662052365909735 0.00022653698168155086 0.9999962853554988 -0.0031982996796456123 -0.07824924995530522 -0.0016420761194893014 0.0031982972777762617 0.9999945318022386 28.832671108859287
1.000002345903109 0.0006481760988734139 0.001131189222024892 -0.013742583046534824 -0.0006385098774720747 0.9999625945750169 -0.00879829108971148 -0.1004897132487263 -0.0011368892140012606 0.008797195343566171 0.9999619069522323 29.767072105757496
1.000001729367392 0.0015010647678860723 0.0007632371421533215 -0.01167501250182484 -0.0014925670030853223 0.9999356517444864 -0.011385040887099391 -0.1187676622159764 -0.0007803227812480035 0.011383461608440218 0.9999362263179805 30.6898540101401
1.000000503648352 0.0021553052075075573 0.0007708712485873691 -0.01236253965222662 -0.0021468492866141943 0.9999406550071268 -0.010786117656952317 -0.13102553718812598 -0.0007943280183864488 0.010784399762500459 0.9999426221750551 31.655384976488477
0.9999987891752892 0.0026067492894482425 0.001265817392564835 -0.011516796288678386 -0.002597056303183261 0.9999688267055598 -0.007610250729880768 -0.14023967223076816 -0.0012858540534369134 0.007606761841660111 0.9999712520963274 32.63937969416737
0.9999970543899616 0.00300184053931697 0.0014461946584933228 -0.00818142317381201 -0.0029903373146522552 0.9999664067821482 -0.007730965442757234 -0.1524542016773422 -0.0014698697196427173 0.007726797307276816 0.9999696878017899 33.59917476005742
0.9999953735607102 0.0034406732904261003 0.00153243338374434 -0.0033240295405695466 -0.0034265847682033524 0.9999549404766812 -0.00894503650980457 -0.16912363622404464 -0.0015636333871744568 0.00893999046601711 0.9999594612882281 34.55091244615697
0.9999944843063341 0.0035361148784902037 0.0016656225779493844 0.0019066157302527241 -0.003518387655555881 0.9999423569625743 -0.010182625420311894 -0.1867479461805786 -0.0017024735902170843 0.010177444004882494 0.9999470535156595 35.503401875216674
0.9999940935605085 0.003565396867671411 0.0018374911797183974 0.004171866439299388 -0.003549335992206835 0.9999591437706681 -0.008353715153818699 -0.19734061100814654 -0.0018681104457906406 0.008347978161941381 0.9999636043195755 36.488526199413094
0.9999946570111422 0.0033474584741371768 0.0019518623072411103 0.008271346463909186 -0.0033387121195499535 0.9999859959169328 -0.0041729899490267845 -0.20242810973213798 -0.001966789265753559 0.00416742200388592 0.9999896208877312 37.50337530266614
0.9999975744687806 0.0021423126123560118 0.0018796355808503645 0.01290503067590251 -0.002139690014116749 0.9999973107445281 -0.0010496617560228289 -0.2059034430850514 -0.0018827238045802423 0.0010464756391508285 0.9999977323137249 38.52514642503661
0.9999977970047017 0.0018460859763421568 0.0019405883074499449 0.018381003358120682 -0.0018430333328166596 0.9999973501612137 -0.0009906640696614902 -0.21240349933269945 -0.0019435074887875702 0.000988471026742601 0.9999975008564315 39.55210974865738
0.9999987079878645 0.0014454707510729778 0.0018219992283344572 0.025099378784327248 -0.0014394172277325595 0.9999950546063531 -0.0027357589306396396 -0.22476849048073536 -0.0018270285399008758 0.0027343851388468643 0.9999946885781223 40.569312827325206
0.9999998797036294 0.0005190659931403289 0.0015225688864530184 0.03157288381258981 -0.0005106424828287036 0.999988575094542 -0.0046341417891557395 -0.23888716093430193 -0.0015263147132099641 0.0046351303529859784 0.9999878927496846 41.56503264904933
1.0000001572175965 0.0002750265449665511 0.0014236064313012913 0.03613917475268694 -0.0002666054044040885 0.999986668757042 -0.005072479076988902 -0.2517855368708176 -0.001426268721507524 0.005073831103356973 0.9999861306535396 42.586985074907375
0.999999456116431 0.0008138858304274028 0.0015608849530852492 0.038070305217336425 -0.0008056232362543865 0.9999897125636174 -0.0042790968502007705 -0.2603180717127973 -0.001566006035751778 0.004280117306963858 0.9999895436569182 43.63829231121703
0.9999980526233269 0.0014747069575554357 0.0018495547113761778 0.04079142105469259 -0.0014695544222660213 0.999996237499435 -0.0019612850596806425 -0.26652565926591887 -0.0018538787677242455 0.0019605575086127543 0.999996155097457 44.71525555342689
0.9999986223102698 0.0007772989733671896 0.0019678801610530493 0.04843224406772479 -0.0007738292002515646 0.9999984629182892 -0.0011049927867818362 -0.27038636648169306 -0.001970136627893723 0.001105420502673064 0.9999971403925603 45.79257812786873
0.9999959408948225 0.0024175095929980534 0.0019523856619820229 0.05346100489778224 -0.0024102978566626267 0.9999919112504887 -0.002974938364522241 -0.28362444878330934 -0.0019612139811152757 0.0029724470416960906 0.9999930147966442 46.87806065226715
0.9999932002097317 0.003290155677629057 0.0019352673168270516 0.060821980812360135 -0.003273269556593515 0.9999621420082124 -0.007974485513099277 -0.3071642413800718 -0.001963152008433286 0.007970602381747086 0.9999654081531433 47.94292948969601
0.9999866464362073 0.005065509411517552 0.0016460620077062133 0.06468516004642814 -0.005043094164204025 0.9999072384779172 -0.012615366213095024 -0.33501698074735764 -0.0017115612845240828 0.012609468471369635 0.9999180983647957 48.997045763592034
0.9999708555120339 0.007570933717226017 0.0017869426763283713 0.0679057246228398 -0.00754278668718439 0.9998641894640745 -0.014632034605768568 -0.3621640471669396 -0.0018989276599894068 0.014620280117027127 0.9998909276542921 50.069566588969494
0.9999567564086956 0.009030320345966052 0.0023943251061658982 0.07312909831546792 -0.008991495372137108 0.9998443836848703 -0.015124482147166492 -0.3869596773178391 -0.002532758531023469 0.01510508820871079 0.9998813224868269 51.14251899577764
0.9999094763946772 0.013220700968815665 0.002652106629404325 0.07541527862945611 -0.013178565982686914 0.9998027849820116 -0.01481144408270672 -0.4081827298484734 -0.002849571853068106 0.014777728863245411 0.9998856790547967 52.20814271337682
0.9998926194127756 0.01433180512271848 0.003243712476199816 0.0814821187312727 -0.014280972118016315 0.9997884089136426 -0.014785893272476038 -0.43053994022428654 -0.003457025635379305 0.014740289861519111 0.9998844871547872 53.30819620281201
0.9998684265705189 0.01584093153084993 0.0036467921232923163 0.08644310039819271 -0.015789653562406306 0.9997857980963215 -0.013349299640173336 -0.4492201842018345 -0.0038596408959095585 0.01329227908426885 0.9999032336029156 54.418757298786545
0.9998593682365505 0.016194810101237814 0.0044372027855860505 0.09475837839954243 -0.016147346706196775 0.9998168716219846 -0.010231610431339931 -0.4650880388625608 -0.0046042670781779906 0.010160640108348856 0.9999367338049086 55.54210654043946
0.9998499102846219 0.01655544556589557 0.005205261729784234 0.10419846708649383 -0.016515194093836463 0.9998359097552151 -0.007421203638740563 -0.47851376517384603 -0.005329488526338137 0.00733648331541757 0.9999580334062761 56.67907706731234
0.9998195522913352 0.018114121378887668 0.005850730727815058 0.11196377724111753 -0.018068390715737345 0.9998085022116378 -0.007529776183675323 -0.4938508006655879 -0.005987955292960479 0.0074246963922688656 0.9999538063808687 57.84483140163594
0.9998132286701047 0.018318832578027754 0.0062578985794874056 0.12280683651987001 -0.018266402139214457 0.999800496792574 -0.008068817773008998 -0.5124598219951603 -0.006406601318720095 0.007955284186840912 0.9999470054700812 58.98311397940185
0.9998059290967743 0.018587366914842463 0.006562499227535901 0.13271040954161062 -0.018530543447675712 0.9997932707531488 -0.008328627151524456 -0.530379150423214 -0.006718260263755573 0.008207741797078451 0.9999425246360356 60.122235508115836
0.9998044321910907 0.01856086263662748 0.0068836955778556275 0.14400345511193097 -0.018502265333101515 0.9997947023147872 -0.008205249668195113 -0.5466987532462938 -0.007036887421150951 0.008078816967547635 0.9999413842454025 61.270387891906935
0.9998070173255339 0.0182367933910844 0.007347491821262351 0.15732700644163194 -0.018173600004235374 0.9997998283886982 -0.00832146368525487 -0.5645896154287102 -0.007500118392592717 0.008188936459621588 0.9999372364550098 62.433212776426295
0.9998174481392483 0.01751505204150354 0.007654775754010399 0.1722216432819817 -0.017449216485592303 0.9998124707812972 -0.008326676640496931 -0.578904196217913 -0.007801594382602169 0.008194331778967296 0.9999349344458678 63.58928610277436
0.9998380999887979 0.016178742644229308 0.007852277530019859 0.18763272648404142 -0.01611202109584256 0.9998358310493355 -0.008179700391707945 -0.5929888264149406 -0.007985704490357475 0.008054538741030718 0.9999345867547483 64.73675008131674
0.9998313534528893 0.016478099267643032 0.008154237881330535 0.19908040295185636 -0.016413409719089795 0.9998350581571139 -0.007711707838341747 -0.6062074110955598 -0.008282017023787492 0.007578711315036815 0.9999361636013545 65.88850803649537
0.9998338972046273 0.016128793368829615 0.008575398781572187 0.2138763266218187 -0.016072031210380058 0.9998498872230562 -0.006463068813685464 -0.6189499377408322 -0.008680438048704112 0.006326349144311034 0.999941705086301 67.05166581594108
0.9998346317942801 0.01581349481817266 0.009080683184416955 0.22918869295633 -0.015765072248015224 0.9998624656050021 -0.005236455208356657 -0.6305476648967703 -0.009164339733920958 0.005094624525219628 0.9999442883278212 68.22072016868002
0.9998199500522049 0.016286128339466303 0.009847654247906549 0.2449567248429539 -0.016232717479525382 0.999854248327818 -0.005375549242009373 -0.6444851320073456 -0.009935746976254586 0.005217074378533749 0.9999363545959994 69.3916084126421
0.9998160487434772 0.01607539350972628 0.010546230954983254 0.2652675747906823 -0.016002482393815666 0.9998489579161051 -0.006839680793531899 -0.6638982272926088 -0.01065665531823709 0.006672373432990675 0.9999201683540349 70.57468824684169
0.9997819987933796 0.017657107674119342 0.011249839396572536 0.2818647336616229 -0.017567526600630396 0.9998148244590619 -0.007896871792866073 -0.6833346415855202 -0.011389202264071193 0.007700301053341309 0.9999047962677233 71.74715107787078
0.999825873841454 0.014277112377526107 0.01207740802608964 0.30629525936176843 -0.014183251865282916 0.9998693813628011 -0.0077160020784459845 -0.6999254546920984 -0.012187934505570564 0.007545912694122057 0.999896555042562 72.909173630551
0.9998268362377892 0.013860152330347176 0.012470622816671132 0.3264978301974559 -0.013768775316007736 0.9998783286345735 -0.007271799125771971 -0.714990710837164 -0.012571858675260686 0.007101643414049827 0.9998949953266416 74.07097695032085
0.9998237505327073 0.013503822062863106 0.013074966309993096 0.3486622169646615 -0.013419359286593721 0.999888785186182 -0.006414284281226752 -0.728641351845227 -0.013162144812235798 0.006240510999218925 0.9998929802887347 75.24100602990488
0.9998273426098161 0.012974285178104682 0.01335593816424314 0.3711449307543818 -0.012893367261039321 0.9998980584857362 -0.00602290780410281 -0.7426584284293686 -0.013434710265023783 0.005852499165134512 0.9998916982137565 76.43573903164845
0.9998204095632676 0.013119755502398663 0.013742472499486954 0.3918577099707451 -0.013041765324245991 0.9998986150121796 -0.0056531036916621195 -0.7555641564108877 -0.01381717130691376 0.005475516604217709 0.9998887629822263 77.61291270196351
0.9998073539586301 0.013392873026810234 0.014379658248269103 0.4148299173357196 -0.01330892743026643 0.9998938135064837 -0.005789630155999776 -0.7708147400568376 -0.01445801176893731 0.005600078077200191 0.9998785763340002 78.81340423282704
0.9998002367848029 0.01330858322166054 0.014986182373013744 0.4395954424167832 -0.01321893274578979 0.9998942105487536 -0.005970152565651388 -0.7869485276728881 -0.015066113258066303 0.005773406756104262 0.9998688064590034 80.01327271044974
0.999790165505741 0.013376485225327304 0.015585858935183687 0.4640151457644929 -0.013283082098271205 0.9998931740396629 -0.005991700818572004 -0.802151597174601 -0.015666373500877247 0.005786093542005907 0.9998595096647129 81.21636729719724
0.9997946590473127 0.012435555075538002 0.016090285607742314 0.4911030178280457 -0.012333580086559168 0.9999033454375852 -0.006359721732964637 -0.8158297481205793 -0.01616959179917136 0.0061623907431212575 0.9998494392622487 82.42052335488994
0.9997953770964666 0.011861890888343765 0.016489071550411006 0.5171200643432768 -0.011754020938302787 0.9999090751033821 -0.0065831340588721615 -0.8302087745344391 -0.016567338062654684 0.0063903372800761735 0.999841539815913 83.60082744423224
0.9997808556794805 0.011957317295023211 0.01727209486904338 0.5429538111227655 -0.011840356146630586 0.9999063439990301 -0.006806923321833598 -0.8462365433606469 -0.017353707532263455 0.006603325968183047 0.9998266146506127 84.79898680620829
0.9997876670235994 0.010344783955600288 0.01789426841929989 0.5729635297484659 -0.010222661250224897 0.9999238047189166 -0.006844457103610312 -0.8624029498114792 -0.01796557631776775 0.006662488549491008 0.9998153713637276 86.02678084094339
0.9997758833354973 0.010455129854237624 0.018488871049755475 0.6009583745818047 -0.010329688263076404 0.9999232641828988 -0.006816471356698147 -0.8784337377688445 -0.01856049492874816 0.006625962528971413 0.9998048603868047 87.25751421070584
0.9997703541143015 0.01009827884440045 0.018982944505714586 0.630856916525759 -0.009977927316922703 0.999930079921119 -0.006385121570782003 -0.8931091648249747 -0.019047740514079085 0.006196277967927259 0.9997985454033662 88.49062105912343
0.9997799960207239 0.007249316022320585 0.019751987864180556 0.66493611021418 -0.007125204622388631 0.9999548451916818 -0.006309195374181905 -0.9069726866910948 -0.01979837253396319 0.006169097092671494 0.9997838910368176 89.72659894697635
0.9997765319893068 0.006900698471011228 0.020067358431485174 0.6964485025778334 -0.006773379928153194 0.999957133547497 -0.006382016042611031 -0.9218180377183771 -0.020111995754687584 0.006246467198454964 0.9997773195730906 90.97009725160676
0.9997767698042322 0.005424606375856465 0.020487071397044053 0.7313946474186622 -0.0052798985232269564 0.999961153624197 -0.007074284944772112 -0.9386737600417252 -0.020526160589221732 0.006966526862829029 0.9997641761713475 92.21760377821198
0.9997657646991007 0.004337235831882772 0.021272233227957394 0.7673783314565642 -0.00417280806606229 0.9999615035688969 -0.007731865519085926 -0.9564525382131972 -0.021306406016724448 0.007643291285006882 0.999742715804944 93.45087005588688
0.9997399411067203 0.005573306129488775 0.02217151016529441 0.7992542534646003 -0.005388861326669275 0.9999508509831858 -0.00832252567565394 -0.973706535391247 -0.022218444938913035 0.008203237864623398 0.9997179375576576 94.69398232337532
0.9997262043545982 0.00610224162166602 0.022663357837937027 0.8319576770672633 -0.005908237935809349 0.9999458972046222 -0.00858197856912108 -0.9911718498127601 -0.022715950534848595 0.008447866462446666 0.9997048681701296 95.91448720608513
0.9997334204088308 0.0029823802742598693 0.022977572942958043 0.8667941064532555 -0.0028025334455903947 0.999966044480916 -0.007822994459324991 -1.0043509379492943 -0.02300159780466153 0.00775884314949315 0.9997040827513076 97.08805856587651
0.9997278131740387 0.003291383854441682 0.023192323314006027 0.8983068094736664 -0.0031536602215576615 0.9999779637345868 -0.005945593998592681 -1.015982389372861 -0.023212894900031887 0.005872901723207363 0.9997122324020207 98.33161358281824
0.9997295119705949 0.001899472671784258 0.02329002148688943 0.9344160608787904 -0.0017751741147512125 0.999985061372738 -0.0053426204576426965 -1.0281468117779338 -0.023301372433712594 0.005302029546189129 0.9997134934664383 99.5691259683651
0.9997283582704443 -0.0003112243201171363 0.02342284726269352 0.9709010831294542 0.00043934240425588876 0.9999860167028889 -0.005453056573354927 -1.0408603066212982 -0.023422409971023097 0.005464100705902645 0.999709808435491 100.78995413369462
0.9997235232816628 -0.0017999178702112401 0.02356881627308423 1.007087485314947 0.0019299647688693178 0.999984185387403 -0.005493740389194949 -1.0517940579802139 -0.023560126093170763 0.005539880578651921 0.9997064046909045 102.01920802432737
0.9997261585889641 -0.0015114920990244895 0.02346174078297389 1.0385913680513346 0.0016120554904933148 0.9999902051196894 -0.004249323444720726 -1.0597643994094703 -0.02345662846674888 0.004288279155241389 0.9997149357480499 103.26427054809247
0.9997322931241983 -0.0020617047262475505 0.023174592979345238 1.072381098258346 0.0021401867275327373 0.9999930213136288 -0.003358422147608765 -1.0682564546481552 -0.02316903230846434 0.0034093071488623264 0.999724986975343 104.52305387158647
0.9997290792038194 -0.0018779172471677379 0.02332439194098089 1.1064604263060576 0.0019657786071141854 0.9999920935709161 -0.003745560260375204 -1.0808734081432685 -0.023318685882018058 0.00379281803404201 0.9997201532716226 105.79095721446203
0.9997314540569514 -0.0005977898213586945 0.023293134243407815 1.1390230248824245 0.0007255901401880428 0.9999858688496567 -0.005485663844720082 -1.0978330125770646 -0.0232907481700074 0.005503151012898372 0.9997133453239541 107.03786701248688
0.9997350453233294 -0.0006591116316105793 0.023137536712993467 1.1721049900118004 0.0008056451474785537 0.9999806893949548 -0.006332237919616052 -1.1148501214961135 -0.02313409410640908 0.006351328695015987 0.9997118468279556 108.27557617243401
0.9997402039253569 -0.00037249907715630244 0.022917657159698686 1.2023757419866483 0.0005155929889013783 0.9999814628150733 -0.006247033061276669 -1.1289705223029116 -0.022916106581764552 0.0062592618411195 0.9997174758877182 109.52217198762425
0.9997567501917604 -0.0012240353472439945 0.02215800723473675 1.2336125569774814 0.00134571825347484 0.9999852845412134 -0.005490935064934816 -1.1411355664128515 -0.02215212398571024 0.00552163181529814 0.99973908073213 110.7736060145254
0.9997639620251495 -0.0012430055368527634 0.02180976484570885 1.2637788389040185 0.0013465234740121697 0.9999889145438278 -0.00472093246854152 -1.1524884030959472 -0.02180505157170404 0.004751764800044839 0.9997506726147025 112.0391790410756
0.999766360687684 -0.0004422645369702321 0.02173990416595398 1.2927916824565129 0.0005504792126287523 0.999988720292999 -0.004964003740036055 -1.1651536584592015 -0.021738752470529123 0.004977184202512913 0.9997512867739117 113.30454917262668
0.9997692346988302 0.00024146361136042258 0.021599422549165623 1.3218070061076879 -0.00012803406858617647 0.9999874775630104 -0.005241478045662555 -1.1786471414279642 -0.021601811527766156 0.005239867727858717 0.9997529633793256 114.56374027681802
0.9997763519775458 0.00018680797277250186 0.021270537289906907 1.3511711846626575 -7.483299012844259e-05 0.9999873246057799 -0.0052490947163523925 -1.1919538393854936 -0.021272706544553308 0.005248828150648237 0.9997599697456891 115.81424139142563
0.9997871696873176 0.0002513477432549295 0.02079002186287596 1.3791745460953935 -0.00013857156264864354 0.9999867963499721 -0.005440328884323969 -1.2058425350514048 -0.020792057113668813 0.005438113582553577 0.9997694276547494 117.04257495381337
0.9997960296743682 0.0012266374728370922 0.020317164424837556 1.4044838815693452 -0.0011077066054293449 0.9999836940406619 -0.005875787453338471 -1.2203611918963726 -0.02032515989358877 0.005853983315502435 0.9997766522154526 118.28667138842047
0.9998146401684791 0.0003672576488661268 0.019426394991541873 1.431103367470218 -0.0002623375633508719 0.9999871097671733 -0.005434392714040393 -1.2324494531954564 -0.019429327488830698 0.005430112599640105 0.9997968135393202 119.51468441418707
0.9998317956112382 0.0004096241964100645 0.0185552739864663 1.4545765887981632 -0.0003251301928360511 0.9999917103484591 -0.004629226026862375 -1.242623453942846 -0.018557897983489766 0.004623653001812292 0.9998176417434648 120.74926770855525
0.9998421240981944 0.0018542250958472292 0.017909580063438003 1.4741994101157845 -0.0017761901725672578 0.9999912903564584 -0.0044499055603221165 -1.2505057776394133 -0.01791827899824777 0.004418440343775749 0.9998304559946385 121.99018285254981
0.9998610754299763 0.001432154575828453 0.01688531254502685 1.4957491629857727 -0.0013625976291210934 0.9999932531860417 -0.0042282330674955695 -1.2598308795703577 -0.016891744790125597 0.00420537518454891 0.9998492541881308 123.21320091297243
0.999872243058799 0.0020700746572886067 0.016148953333211036 1.5141109073267152 -0.0020066672430594434 0.999992954344255 -0.004048564498165988 -1.2691719364355727 -0.01615762328256578 0.004016385293087396 0.99986221153342 124.45437957082407
0.9998947141302111 0.0012881298480906043 0.014797537725756305 1.5330854892906478 -0.0012568113761502156 1.0000001694395313 -0.0022548631661200107 -1.2758667323970367 -0.01480104977347819 0.002237153201972125 0.9998890975435156 125.68725932780758
0.9999083268502172 0.0015108151202925277 0.01381418715601044 1.548880284901129 -0.0014920549076065132 1.0000011244972111 -0.0014876448903039334 -1.2818489798984907 -0.013817150845921947 0.0014683003747590897 0.9999046665821861 126.9253140150556
0.99992159241302 -0.0005690781339046363 0.012897395374074052 1.5679148123059614 0.0005973986233933316 1.0000001673175978 -0.0023059315043187432 -1.2917973641647698 -0.012896996257536588 0.002314920623299085 0.9999151608192869 128.15196169294362
0.9999344747932577 0.0003385515586841561 0.011891639195613818 1.5814937800238331 -0.00029712793618771833 0.9999968287194034 -0.0036228699034748955 -1.3050098719536214 -0.011893459910814582 0.0036200307167827935 0.9999242609791431 129.3731928786863
0.9999468601984352 8.338326575150627e-06 0.010819456845890758 1.5949896196551823 2.77657330665344e-05 0.9999972506325138 -0.003500479428045689 -1.3159322753677836 -0.010820087503259159 0.0035015517399898588 0.9999369196853525 130.58801908176252
0.9999562829733436 -0.0007414872145154441 0.00988264752545803 1.6085709547629756 0.0007690370934849228 0.9999988457015466 -0.0029715959596169736 -1.3248199630735935 -0.009881090626323691 0.002979951788444181 0.999948431770824 131.8215774692403
0.9999611323839257 -0.0006586579682480926 0.00935606836419597 1.620254464611203 0.0006712430279947211 1.0000019787759595 -0.0015014227793562064 -1.3307816637526453 -0.009355704175544599 0.001508640202599484 0.9999566952800856 133.05218317361874
0.9999648310722169 -1.991818174856991e-05 0.008949525583075189 1.6295706253914546 1.6857298377310003e-05 1.0000032754263921 0.00022072505362065995 -1.3344708032392996 -0.00895006901245458 -0.00021951950560011976 0.9999614178068343 134.26961807051873
0.9999758179996161 0.00022007095395310138 0.007589415742288795 1.6376731340396742 -0.00023205030611022726 1.000001811925711 0.0014699596121668236 -1.33671578970612 -0.0075897589175246034 -0.0014705034507359865 0.9999717074613991 135.48738989061974
0.9999786359531169 -0.0020899590988751695 0.006877424441705759 1.6497999004397634 0.0020812153270476893 0.9999999169172487 0.001176268960707794 -1.3407568420371456 -0.006880522540240104 -0.0011608073863461452 0.9999770662066718 136.69383822911246
0.9999825138972035 -0.001144992029410288 0.006574214664616607 1.6574162050070425 0.0011404300196028534 1.0000019797539774 0.0005800954838902927 -1.347584192330551 -0.0065755713145112474 -0.0005716053447687833 0.9999797927579107 137.9299771572928
0.9999860078517699 -0.0010224705216889485 0.006009527496200175 1.6665728849093617 0.0010252139608689218 1.000002061406043 -0.0005682699997486874 -1.3576050402497404 -0.006009776863670868 0.0005753330675189522 0.9999833361619428 139.17620713934363
0.9999905372510101 -0.0006347552198186797 0.0053117353527703266 1.6738205530458325 0.0006442105122592537 1.0000009000236185 -0.0019336971072342643 -1.3695951303620424 -0.005311142666139347 0.0019378860198108676 0.999985918538833 140.4150033589246
0.9999936756370948 -0.0011858524254088133 0.004520325466201481 1.6825771281196624 0.0011950660632118967 0.9999995675485719 -0.0021930843506753625 -1.378210180712265 -0.0045185745725320765 0.002199246571203246 0.9999892038279591 141.64547872580374
0.9999965374345862 -0.0014078220835281056 0.003775968476895911 1.6878273429267692 0.00141281026344611 1.0000003202797205 -0.0015143299703631557 -1.3837737925283047 -0.003774709931852365 0.0015203019851931245 0.9999934622880718 142.88345832587294
0.9999984943442062 -0.0013033127995490466 0.003296606716720597 1.6916521488551228 0.001306435839067375 1.0000007362575294 -0.0011815480835230996 -1.3899197526813674 -0.0032960099651383637 0.0011864463723934423 0.999995657720823 144.11261994690122
0.9999991116018071 -0.0023680256609779488 0.0025448488178685656 1.6975970939894633 0.0023713962356539053 0.9999979752166053 -0.0017354239591500697 -1.3991790618836548 -0.0025414784906987314 0.0017421358676041158 0.9999972435035073 145.33365386677863
0.9999990700144371 -0.003069664916207381 0.0016742014824108853 1.701056583071342 0.0030718753905804564 0.9999956713879139 -0.0019000604479809452 -1.408452826891641 -0.0016691643275415294 0.0019060436848437003 0.999998935573954 146.5665645856259
0.9999999535405395 -0.0032098136508853558 0.0008883878137773206 1.7018374885412686 0.0032095937519868896 0.9999965077697472 -0.0010188296429295644 -1.4142811053985136 -0.0008859332132299885 0.0010223086095172997 1.0000012116970383 147.78552282200295
0.9999954196156849 -0.004563316267894076 -0.00024339165449333586 1.7037626306112785 0.004561432821786049 0.9999922420982145 -1.3273267609636768e-05 -1.4180534482410192 0.000242248394461816 1.3206001981298354e-05 1.0000023491314283 148.9898601917997
0.9999950931637939 -0.004492098636642852 -0.0007184623517373764 1.7040555843187921 0.004489899007825941 0.9999919613487407 -0.0008004138908994947 -1.427345225141714 0.0007205161131341305 0.0007984865294626485 1.0000015075543536 150.20695819750378
0.9999949370476187 -0.004453321502936765 -0.0010944937226340004 1.703301140939295 0.0044507947205482965 0.9999918553072067 -0.001003896119753428 -1.4356547167400457 0.0010974254286324192 0.0010003957142842193 1.0000009556258895 151.41204878145703
0.9999941503202584 -0.004428190815484526 -0.0015870927558915197 1.701717962431143 0.004426131334357126 0.999992077324674 -0.0005377989308307298 -1.4413608845012698 0.0015877985404405578 0.0005321678346962562 1.000000587766382 152.6276228789607
0.9999920334754678 -0.004509457685575708 -0.0023155439316148697 1.6990506168840853 0.004509870892313029 0.9999912224130606 0.0005473299117165696 -1.4451229925845874 0.002311335145758855 -0.0005563459760040844 0.9999990046754895 153.83549954912743
0.9999902812635321 -0.004599935087747774 -0.002741661762252853 1.6977214968446601 0.004599241870824508 0.9999910559206018 5.3538337803531785e-06 -1.453138860573374 0.0027399609057304816 -1.662404171619671e-05 0.9999979569616727 155.0468481155988
0.9999904971459808 -0.004317167313403873 -0.0031377466308252834 1.6947166414327255 0.004314932390489753 0.9999923650023843 -0.0004723869744018006 -1.4619535973380406 0.0031382430548723226 0.0004602156399049728 0.9999967543974317 156.2768991162201
0.9999915793836027 -0.003883321621704437 -0.003427547430550945 1.6896311918630362 0.003881384325828473 0.999994313668169 -0.0003066234064389869 -1.4675904241937194 0.003427453377934103 0.00029456384888000884 0.9999959240478319 157.50595346122017
0.9999907042037062 -0.0036921012137871114 -0.0038640606398182317 1.684579520881857 0.00369460050906613 0.9999946932089605 0.0008939492859277307 -1.4704148832258546 0.003859425593996659 -0.0009068817637787608 0.9999940827883785 158.70795214553038
