1.0 0.0 0.0 0.0 0.0 1.0 0.0 0.0 0.0 0.0 1.0 0.0
1.0000003576278687 0.00020226836204528809 0.00018802285194396973 -0.0003334428183734417 -0.00020265579223632812 1.0000001192092896 -7.50124454498291e-05 0.00022808578796684742 -0.00018778443336486816 7.471442222595215e-05 1.0000001192092896 0.0958477258682251
0.9999997947854169 0.0004215427408089667 0.0004095830350205887 -0.0007460794839446241 -0.0004215073269691061 0.9999996500832777 -0.00017429905958721292 0.0012857748535680946 -0.00040976842004170067 0.00017412357991108962 0.9999995933479608 0.1501841409422209
0.999999315099864 0.0006468873953003144 0.0006213477718249607 -0.0012656272438070783 -0.0006464180982271446 0.9999992999964674 -0.0002698749133416509 0.00221896413483889 -0.0006218211019102049 0.000269845642807864 0.9999993111165801 0.22016941473252505
0.9999992949317397 0.000876989217685112 0.0007979866106379113 -0.002123333205113885 -0.0008764741602067081 0.999999019846146 -0.0003151396016540902 0.003400646600561775 -0.0007984917834599265 0.0003149722423371533 0.9999991890769151 0.28814565353499727
0.999999059629459 0.001098038957373556 0.000999350854966609 -0.0028478622015850794 -0.0010973053631354148 0.9999986330905906 -0.0003603771192870883 0.004593271941813813 -0.0010000547926497815 0.0003599461899382312 0.9999987756460152 0.35733859547418356
0.9999989193821057 0.0013592781471110527 0.0012105324347936655 -0.003965612045863617 -0.0013585062761014438 0.9999983277788765 -0.0004127033441078432 0.005827300578371362 -0.001211268589252897 0.00041160057010990495 0.9999986648535212 0.4242881486233862
0.9999984467119195 0.0016045962272163358 0.0014239546655481692 -0.004854663543713815 -0.0016036612005285238 0.9999976809921969 -0.00045072292857874165 0.007205470886708932 -0.0014249328330257053 0.00044900324331100254 0.9999981523312843 0.48823433234394464
0.9999976409368775 0.0018146157430817581 0.0015857820452874333 -0.005876140702777848 -0.00181345529306043 0.9999974719407825 -0.0004318792052230128 0.008775694918887486 -0.0015869722453198825 0.0004296603454805793 0.9999980495682078 0.5478053410124508
0.9999967383447402 0.002051207110085292 0.0017338324778928883 -0.006926704502663842 -0.0020499909439790557 0.9999968309003561 -0.00037039722961434957 0.010470862556151171 -0.0017351609759772583 0.00036768334228432257 0.9999978413252553 0.604390949292883
0.9999959427066453 0.0022548726962968555 0.0018830365552916983 -0.008004503153854039 -0.0022535740523639534 0.9999962477025238 -0.0003347018330170113 0.01219001410886716 -0.0018844555499742037 0.00033153726256634477 0.9999975361918014 0.6453312785530155
0.9999951617994406 0.0024990242279455677 0.002005360345835945 -0.009397107685761949 -0.002497762250900682 0.9999956953988691 -0.0003412956006003186 0.013947030045024972 -0.0020067853465663647 0.00033739526719021303 0.9999973035555901 0.6843861308353644
0.9999942803898807 0.0027652897594836407 0.002113019884039368 -0.011042802804887153 -0.0027638292113799034 0.9999948889191338 -0.0004074873746719541 0.015715421152420025 -0.0021147890474937274 0.00040287311776595 0.9999970649323372 0.7071427129795885
0.9999927266420219 0.0030351366761880035 0.0022414754319759703 -0.012526119533476002 -0.003033007925007438 0.9999936285601398 -0.0005014813483905339 0.017450986193073136 -0.002243999661901682 0.0004961797097912674 0.9999962781643099 0.7334591322960434
0.999991541437429 0.003301348176524522 0.0023566887565168275 -0.014092606140838593 -0.0032988144296052287 0.9999927577243292 -0.0006300109457378609 0.01930474714367312 -0.0023597042880420856 0.0006237622831872811 0.9999959551505387 0.7517156806838938
0.9999906626865752 0.003478964540036266 0.0024807004178684583 -0.01529211702101348 -0.003476327000156303 0.9999921335023924 -0.0006920216657750466 0.021231714773370297 -0.0024839114317270795 0.0006848850465930383 0.9999956236126927 0.782451343150924
0.999989450947766 0.0036493443145742613 0.0026343444963636002 -0.01622936200655206 -0.0036460615833594123 0.9999912528826981 -0.000765303401384066 0.02299847459906825 -0.0026381939017607707 0.0007574774892421683 0.9999949530995389 0.8183682639742896
0.9999889530115358 0.0037704848429475045 0.0027912810313217165 -0.017103967903084456 -0.0037668793196331566 0.9999908378158917 -0.0008886021307618326 0.023501404235463222 -0.0027955227122896252 0.0008796755656102744 0.9999944449224285 0.8619734699644537
0.9999880250215218 0.003904180324684994 0.0029433316279718104 -0.01807981615267713 -0.0039000783102849977 0.9999902580174795 -0.0009759000886591837 0.02539084790178018 -0.0029479886300832567 0.0009660565682290509 0.9999939426530554 0.8684899423233405
0.9999870444051671 0.004102825390561545 0.0030940011671224564 -0.019104679380418908 -0.0040984135208727976 0.9999893698669357 -0.0010323674946301176 0.027525178601206998 -0.0030990693234565158 0.0010212609932140136 0.9999935630594825 0.8812363592465244
0.9999849645177661 0.004333436195541031 0.0032487185060847126 -0.020010292917166467 -0.00432793410271248 0.9999877882000338 -0.0011305148534638434 0.029476055139658435 -0.003255047795674387 0.0011186851073437156 0.9999924463037009 0.8997660230356432
0.9999834360657415 0.00456641957215372 0.0033901075249467543 -0.021113165233580485 -0.004560377756663486 0.9999863321481306 -0.001211504041339489 0.03151565525461721 -0.0033971657987916155 0.0011986014492351954 0.9999917758089407 0.9202106171151546
0.999982278202907 0.004726943215683618 0.003550441757384921 -0.022098490813741458 -0.004720547723629674 0.9999854032072208 -0.0012773238334761513 0.03351587426036969 -0.003558051219776341 0.0012629954443488718 0.9999910328836448 0.9366446976500317
0.9999812959181037 0.004880900694485775 0.0036894769661061574 -0.02311009130803849 -0.004873671298612209 0.999984583721416 -0.0014462157259188357 0.03506048845091234 -0.0036979577237855285 0.0014305633154694868 0.9999904420817658 0.9542333135301949
0.9999807882249394 0.00503954017886268 0.003811004270247637 -0.02434316429515367 -0.0050315072046648 0.9999837747982242 -0.0017226311645360559 0.036278556557339726 -0.0038206131850299888 0.0017054113693444075 0.9999898315329226 0.9824084809126372
0.9999790813776122 0.005243085592013611 0.003927223392196522 -0.026148052682628153 -0.0052332992605793865 0.9999815673652964 -0.0020675547042486465 0.037592388251664284 -0.003939151576179495 0.0020493576352815066 0.9999885552118513 1.0017827816553533
0.9999776148264238 0.0054771118168948285 0.0040185221136557195 -0.027991697948157875 -0.005465500753629535 0.9999795490577997 -0.002513998476574491 0.03864073303201018 -0.004033146930763384 0.002494340140517343 0.9999872724185109 1.0325819432192194
0.9999759422568931 0.005728398241804877 0.004092382403453885 -0.02981208795521741 -0.005714241085255824 0.9999766521431481 -0.0030780884926363975 0.03903977949497107 -0.004110686683881718 0.0030568306155095938 0.9999854964531381 1.0864680838334695
0.9999735434771557 0.00600872319950766 0.004184234896991347 -0.03163896317950658 -0.005991576462656773 0.9999727082958794 -0.003649898178141944 0.038877042426938874 -0.004207108324144493 0.0036272266880456668 0.9999829418727204 1.1605727878586247
0.9999706071451115 0.006344288919612522 0.004332798973750261 -0.03332572989998642 -0.006324709811958461 0.9999688145767834 -0.0040716297308419375 0.038979021989336 -0.0043596510751281025 0.00404665240728078 0.9999805412965223 1.232667607597332
0.9999678291946023 0.006656149334214942 0.004517270131244428 -0.0345805174002175 -0.006634661099163947 0.999965860285615 -0.004345132066628425 0.039349323863575605 -0.004547079932200626 0.004317537310619186 0.9999785082616082 1.3119779482887413
0.9999652023768956 0.006944714544811252 0.004726452651012307 -0.0353723004731499 -0.0069215104941254425 0.9999634752594592 -0.004511329489882429 0.03993344147521345 -0.004758574345001189 0.004480496420755555 0.9999770789318176 1.40035673745217
0.9999626647481881 0.007158665709379343 0.004936317280675218 -0.03545507067767258 -0.007134116116551156 0.9999617116658486 -0.0046024892144692405 0.04049460274998877 -0.004970019909888053 0.004569213575063738 0.9999759137716326 1.4991784882883075
0.9999598255363394 0.00738503575084695 0.00515893680317187 -0.034028547431952855 -0.00735921995081918 0.999959858155191 -0.004682547985316949 0.04020999275427185 -0.005194117609622878 0.004646409556723313 0.9999744459709424 1.6254519625562953
0.9999574798659465 0.007504133650492431 0.005442988196284815 -0.03158501571637502 -0.007476854452302608 0.999958968843291 -0.004738849660648985 0.04094844439994803 -0.00547903689034279 0.0046998833226867525 0.9999727165519623 1.740653791480498
0.9999543428818184 0.007667943862740684 0.0057827062042608525 -0.028862947898783468 -0.007638551765129312 0.9999574921176257 -0.004794885766071298 0.041091145653720434 -0.005820018163239667 0.0047526002764906395 0.9999706015246957 1.9129296602300592
0.9999508764216911 0.007887896624069425 0.006090226054988847 -0.027380072214906438 -0.007857037640974684 0.9999555737790015 -0.004847363757596299 0.040958567775447485 -0.006128823132567901 0.004801447808699896 0.9999686904084856 2.0966879090485815
0.9999483172329843 0.00803137395823347 0.006363523964981439 -0.025676707007992173 -0.007999535420738852 0.9999547466932945 -0.0048617612888390135 0.0403340854908825 -0.006402585296919926 0.00481252095591674 0.9999671943477284 2.30678071475649
0.9999427145730512 0.008405626701815076 0.006752875743936321 -0.02456764706103488 -0.008372511816728193 0.9999523871142441 -0.00478276969870862 0.0405520451648556 -0.006792938600193513 0.004727811138646852 0.9999652199272996 2.5258984502518746
0.9999378876488126 0.00862846756028761 0.007190129174157834 -0.02264678269506155 -0.008592821368214897 0.9999501306854655 -0.004869283160472367 0.03905101140235537 -0.007231920030764573 0.004808940064501999 0.9999618530891832 2.766854586451274
0.999933783770078 0.00874895591456069 0.007608077382203311 -0.02072640048742009 -0.008710941125155613 0.9999487926826536 -0.004911111186132129 0.037369180624415244 -0.0076507570949892545 0.004846215568697384 0.9999584652544323 3.030950491279461
0.9999290505130844 0.008857219814019402 0.00808982866362799 -0.01853591729449329 -0.008817618616578945 0.9999482295670781 -0.004837044826456494 0.03591371436112252 -0.00813233375365165 0.004766946192412974 0.9999551041507 3.3276295654605894
0.9999234693833869 0.008923830153237016 0.008655350907899175 -0.015680270096797358 -0.00888166458167427 0.9999475595119427 -0.004784032904681309 0.034117493525687013 -0.008697824399536005 0.004708704224011615 0.9999503682057692 3.632546034711967
0.9999164773047922 0.009039849733388464 0.009355471270559168 -0.01248593475137369 -0.009017231709312044 0.9999553860103597 -0.0023765128350021823 0.0357105962248067 -0.009376925092348972 0.002294169453990466 0.9999529100831905 3.9618139672399457
0.999911724224655 0.008843295161471717 0.010050329006438577 -0.01009549372276117 -0.008854490441692968 0.9999589292198579 0.0011463483495387037 0.040620468960522335 -0.01004031120771745 -0.0012331579776721693 0.9999483515930512 4.3024079084712845
0.9999031899549491 0.009234910111291189 0.010577423171209348 -0.007942634779457598 -0.009271007541543565 0.9999505545031175 0.0033765478857198904 0.04424972379320048 -0.010546652387937396 -0.003472208188109739 0.9999381768385758 4.607572768615672
0.9998954842817557 0.009355116198748804 0.01117842906134522 -0.004955800256889326 -0.009391795324446792 0.9999497404453879 0.0032500019632383838 0.0433702894480815 -0.011148475404726415 -0.003352680859204894 0.9999318286131136 4.874273318354112
0.999887748714983 0.009642209466119309 0.011651458799476079 -0.0027381436611944652 -0.009668785974068438 0.9999498235259823 0.0022392142347435855 0.041394123073282336 -0.01163034913355793 -0.0023496370879846993 0.9999293464937867 5.11965217266644
0.9998754856789565 0.009969615676149639 0.012392114465199602 -0.00023976622680184183 -0.009991257879980425 0.9999475767646294 0.0016889696240804226 0.04006034481984201 -0.012375608398601879 -0.0018105004371599058 0.9999214100485987 5.374769517800769
0.999864513261347 0.010170784040702497 0.013096491625189772 0.006511402772432539 -0.0101905051998772 0.9999459891234348 0.0014488357371019518 0.039413617660506974 -0.013082042779990309 -0.0015798889325543204 0.9999128466678763 5.640798698006554
0.9998512501179173 0.01032565804127229 0.013925142075455265 0.012739268117743898 -0.010345410780368103 0.9999440638168756 0.0013962200483822902 0.03977649951489759 -0.013911353747353083 -0.0015374160580021478 0.9999014725632619 5.883193943045934
0.999838362105273 0.010353810271146067 0.014829563649196966 0.018692220940625386 -0.010375341559649356 0.9999438776727615 0.0013956982394024103 0.04019039045740755 -0.014815482641153661 -0.0015469431996241877 0.9998884593750382 6.133752956178367
0.9998181184139576 0.010446818189784544 0.016065325570852086 0.02447940835541419 -0.010468754417357876 0.9999427750260949 0.0013177669995903933 0.039725353659177065 -0.016051955281666096 -0.0014831810242539947 0.9998694637843896 6.401700986457367
0.9997938737602722 0.010621029152922378 0.017412755129587197 0.03042096452490333 -0.010644021950452952 0.9999407805586414 0.001257848637038373 0.03925443410054786 -0.01739958777605797 -0.0014401656411405228 0.9998469970433117 6.665801530251836
0.9997630705972147 0.010735517755996677 0.019063548127215554 0.03742310429552806 -0.010761030494298081 0.9999400316906896 0.0012444895588129346 0.03885625150739415 -0.019050129263733017 -0.0014469128885288146 0.999817130051932 6.932766482373687
0.9997201865555553 0.01085777554220165 0.02114363351549959 0.04521498298182739 -0.010886228258086102 0.999938945528595 0.0012276408212684665 0.038272376989786576 -0.02112997555527078 -0.00145521920677508 0.9997753417247351 7.200942946230872
0.999676522041237 0.010999618679041314 0.023039520749307207 0.05384222838735575 -0.011032469492983877 0.9999371540492744 0.0012945577799966638 0.03797754231685083 -0.023024695347018256 -0.0015458255320603728 0.999733493836402 7.4878843422886385
0.9996218389767534 0.011112520547241574 0.025249585560813168 0.06353748987474361 -0.011152238506792304 0.9999357820127934 0.0014282295030523526 0.037938252082629596 -0.02523286106025691 -0.0017068225267643628 0.9996799425804963 7.7778641337968155
0.9995570582442388 0.011260222116979092 0.02764044171300593 0.07381495691514248 -0.011308854562677132 0.9999340414064547 0.0015949652622119026 0.03795685594311925 -0.02762139021465626 -0.0019043128659163647 0.9996166923279155 8.071294718003498
0.9994727933439979 0.011661956564893267 0.030385941466230398 0.08406871835562608 -0.011717075611022108 0.9999291283482123 0.0016306795392082576 0.03809454748926147 -0.030365575713365265 -0.0019832995759267178 0.9995369612913273 8.351677752219167
0.9993668242497424 0.011877219734865448 0.03362021269584952 0.0964539516380221 -0.011940785886294424 0.9999266596255134 0.0016845018106404173 0.038053684743816575 -0.03359845636156867 -0.002082273439299444 0.9994333615406605 8.631344488006386
0.9992618276129498 0.012039258519650039 0.03654561557986963 0.10932300811040112 -0.01211188454856109 0.9999240004042925 0.0017671617980672583 0.03806631869916881 -0.03652239228670639 -0.002205826422288592 0.9993303990743477 8.90036505316718
0.9991559781657708 0.012086013899520392 0.039311847072727286 0.12279047009799794 -0.012168993227390002 0.9999225644350416 0.0018840918858985777 0.038320948476491805 -0.03928696534387473 -0.0023582034347294804 0.9992252121352294 9.16579804945667
0.9990289195550472 0.012015017132526638 0.042441607275333706 0.13740372406292484 -0.012109840194798039 0.9999232077143984 0.0019903868123677766 0.03865035850706802 -0.04241536430224833 -0.0024996807538835908 0.9990969862083102 9.424923087921306
0.998869262306237 0.012071321648704218 0.046026572803000584 0.15200946623451964 -0.012177721636703595 0.9999217292311967 0.0020503010646763984 0.03882674532338422 -0.045999140416762195 -0.0026057636353302312 0.9989381916772695 9.67198417063397
0.9987220539511492 0.01224893973897143 0.04906849966288818 0.171357162060283 -0.012367054432351433 0.9999186600815696 0.002130542922359708 0.040035468242458114 -0.049039431199138575 -0.0027318676783461373 0.9987931529958438 9.921355051034416
0.9985873322204031 0.012503901138411795 0.051679944361500314 0.18773291649653592 -0.012642594576332726 0.9999144294866921 0.0023807423039775067 0.04271682471810718 -0.05164683195429545 -0.003027908404146876 0.9986609219164228 10.147922715470676
0.9984410704499829 0.012784880660202697 0.054371175732839644 0.20302811938485643 -0.01293852726336123 0.9999102819091323 0.002501150382294739 0.045029909342283535 -0.054335450622806966 -0.0031978429458597054 0.9985176634456817 10.356132651519083
0.9982970240892695 0.012892360092700244 0.05692745442587076 0.21891129834441075 -0.01305198703004767 0.9999089119937035 0.002460532990197316 0.04615824016544478 -0.05689176986555548 -0.0031965438121535007 0.9983753453361706 10.561919765815299
0.9981633399735509 0.0129479625825477 0.059211021263059715 0.23379347016602497 -0.013110654591830308 0.9999082030634923 0.0023877501786956612 0.04744785008437939 -0.059175948954849976 -0.00315681694195425 0.9982427460549982 10.751446285253989
0.9980191905093461 0.013034128910307509 0.061579863809878205 0.24798886476857016 -0.013201575872416714 0.9999074932353739 0.002336003021618798 0.04914754127290516 -0.06154501111879509 -0.00314158026504021 0.9980997913954969 10.93110963080225
0.9978521619208366 0.013146133576079931 0.06420317856657692 0.2615210111623732 -0.013323645885782102 0.9999055796854427 0.002362502728334792 0.05139746705344867 -0.0641673720760195 -0.0032100333025005764 0.9979343525845732 11.097442474257244
0.9977074323077958 0.013340610772594805 0.06637276030008767 0.2750564174288587 -0.013525692957138485 0.9999026307685067 0.0023684274426208833 0.05368553034103509 -0.06633616389216318 -0.0032579422293564247 0.9977923649408253 11.262293388451395
0.9975650841251839 0.01350859531417041 0.06844825044967567 0.2890497214497622 -0.013700538096806157 0.9999006531445078 0.0023574659546465636 0.05568712827267811 -0.06841093682252797 -0.003286883621922064 0.9976521772852132 11.43017259572773
0.9974600155483665 0.013553707485712002 0.06995765278335217 0.301451412945717 -0.013750460088838078 0.9999002266113584 0.0023503390353717037 0.058125080271337747 -0.06991999688065477 -0.0033037788607421653 0.9975477970785228 11.572575216080118
0.9973434650162282 0.013677058393630865 0.07158544785965294 0.31374736058037583 -0.013875182887860384 0.9998991499353089 0.002283084252727313 0.06032935784258477 -0.07154793686564441 -0.003268001937848291 0.9974328412775393 11.715956706112113
0.9972650536281084 0.01376247914356179 0.07265155546883344 0.32617100610688615 -0.013956942172933015 0.9998980631318553 0.0021827097538635984 0.062367066052992796 -0.07261511017352441 -0.0031883920892744875 0.9973558388092055 11.863480695676003
0.997198639079889 0.0139007744817293 0.07353037945524708 0.33734004901975007 -0.014095281270892724 0.9998961612073126 0.002141199970522032 0.06473807632868196 -0.07349407033300799 -0.003169267921221645 0.9972914336513847 12.000046592932597
0.9971429289654092 0.014030806057043297 0.07425310843108394 0.34793830771185186 -0.014225796682357968 0.9998940734228738 0.0021158419750664714 0.0672963641214105 -0.07421683345360171 -0.0031636401771637755 0.9972377822487635 12.123584775121508
0.9970928909075175 0.014122487170037477 0.07490538394131196 0.35828978146056584 -0.01431663621755784 0.9998927519276255 0.002073362002711462 0.06971532682547239 -0.07486930726393172 -0.0031370824835838377 0.9971889454010555 12.243757230188393
0.9970462305144588 0.014237428724005971 0.07550164448175105 0.3676790355928503 -0.01442762504674965 0.999891209810548 0.001992342988245259 0.07200575078216652 -0.07546631758323205 -0.0030732688483118345 0.9971439056774497 12.354792589451254
0.9970119680270296 0.014268195812069003 0.07594580116500173 0.37963220338376547 -0.014449641492733027 0.9998909712582192 0.0018610610755208264 0.07293358253120666 -0.07591241325412054 -0.002950278895148751 0.9971102975471637 12.4841231017167
0.9969971756686397 0.014244480500748079 0.07614751988446122 0.3871175359807784 -0.014412688069295571 0.9998915956176396 0.0016831806658811265 0.0741610557849155 -0.07611687013196894 -0.0027726982962871564 0.9970952049924819 12.576238584085766
0.9970217526603982 0.013989317899279909 0.07587835322662839 0.39274272318850934 -0.014142590782032094 0.9998957995932694 0.0015017140444134034 0.07437420714877266 -0.07585079763843043 -0.0025675769759398413 0.9971164258253995 12.685341901607748
0.9970978172375483 0.013874770804523843 0.07489595390258867 0.39573312894367185 -0.014025188430020664 0.9998972779403678 0.0015030104599933103 0.07373269494177002 -0.07486891644838391 -0.0025462792388434444 0.9971906451915002 12.791260916954993
0.9972206937856541 0.014008176658967485 0.07321621881586399 0.3977421374277046 -0.014154469078564493 0.9998954677752304 0.0015009270951681583 0.0722436129186574 -0.07318910542918773 -0.0025302803278718163 0.9973153753121677 12.905284009568142
0.9974284820049156 0.014460378299695459 0.0702327138445629 0.39814242336472017 -0.014609456828972153 0.9998885236492367 0.0016343321916490474 0.07041978631141764 -0.0702031077762633 -0.0026532950265364444 0.997529425969786 13.02135605810923
0.9977904753760652 0.014139931813102186 0.0649705251132651 0.3974822543465986 -0.014302794196337152 0.9998926266916298 0.002065896163891157 0.06772590528519824 -0.06493607450904851 -0.0029876961584543024 0.9978853581539329 13.146044123443263
0.9982449305176057 0.013374123968984849 0.057747134203738 0.39415898332015376 -0.013538956767389887 0.9999020828380483 0.0024926011966362395 0.06401348073986268 -0.05770992686327529 -0.003267125189035181 0.9983283266009262 13.264713784622057
0.9987047541327733 0.012665037145392825 0.0493551704397645 0.38707815784879623 -0.012815169328178241 0.9999110613700904 0.0027589346228321368 0.05932288874634668 -0.04931734202949743 -0.0033849591414581333 0.99877787171395 13.37612295335297
0.9990910351894493 0.012238982693413107 0.040921119365725324 0.37768252034438643 -0.012369902878260968 0.9999159923705288 0.002986373947838879 0.054378807972155094 -0.04088286130721122 -0.0034869439684162328 0.9991580415798296 13.48695766204345
0.9994228998540828 0.011809013466046852 0.03195554372190644 0.3667198684877274 -0.011916048537947218 0.9999204752505987 0.0032147250499274175 0.04911329675885093 -0.03191694402652014 -0.0035906553111177213 0.9994839380705438 13.603555299505514
0.9996841212634068 0.011168093143856927 0.02266889153545481 0.35404251378040985 -0.011247845243771308 0.9999273219776539 0.003474180601504704 0.043322662493413704 -0.022630463280960033 -0.0037250280454350117 0.9997368568266556 13.721543822136093
0.9998580487365456 0.010381030530773296 0.013501830581411684 0.340538561238367 -0.010430702549027088 0.999935192482891 0.0037544090693577194 0.03716210875182431 -0.013464330486364034 -0.003891478907465044 0.9999014915601326 13.839332945133263
0.999946367647105 0.00961975215127847 0.004590096989664573 0.3263943885166896 -0.00963637328915945 0.9999423551664701 0.003994543030094204 0.031054217768081847 -0.004553755705371565 -0.004035347325558141 0.9999813656687083 13.961827352350731
0.9999547800454244 0.008909833536460719 -0.004325129335744953 0.3112940944482064 -0.008890754382925574 0.999948895780109 0.0040452497229530975 0.024159164974912623 0.004358788091242277 -0.004003278878490968 0.9999825875333582 14.09491964934191
0.9998815112586945 0.008000009315336516 -0.013459861262270969 0.2937332194490692 -0.00794707301770377 0.9999578267839636 0.003863408872133866 0.016729141774691023 0.013488455017787417 -0.0037525679531451505 0.9999025259107543 14.233575981136669
0.9997104802487686 0.0075087119534835 -0.023057686466412895 0.27373598212068195 -0.007428271880248081 0.9999633546225433 0.003502565363350697 0.01180836791682693 0.023081831756581246 -0.0033271000757499566 0.9997291957854171 14.388433895289467
0.9994410307387461 0.007054365162237036 -0.03281204280924317 0.2524622147019396 -0.006943317170018865 0.999967014868106 0.003449221217055156 0.006087904512944283 0.032833985557688884 -0.0032164415338926692 0.9994566066146828 14.526992147512857
0.9990626399221001 0.006666547470239615 -0.04286002246976405 0.22953171666457967 -0.006511090713151763 0.9999687980597797 0.0037240086127069416 0.0005838319360834355 0.042881668737554966 -0.0034381030270703595 0.9990743928336964 14.67164130885339
0.998568255679804 0.006143049737237044 -0.05321047427288145 0.2024965181150576 -0.0059293320903497405 0.9999709843525569 0.004141029018529455 -0.004741153519544618 0.05323258228162256 -0.0038166480330418607 0.9985750763476998 14.841101712321763
0.9979734335374933 0.005637497770775207 -0.06344465991918913 0.17423798701236387 -0.00536730149489791 0.9999733157382441 0.004402736702645701 -0.011224754790107809 0.06346635627625546 -0.004050345985033804 0.9979766806308438 14.996976199109199
0.9972956668544307 0.0049779805214525295 -0.07337405331209253 0.14459926884322702 -0.004652535934905316 0.9999758481834012 0.004581762210980208 -0.018066956204337167 0.07339327891812239 -0.004224949165950787 0.9972946743275936 15.161870758679735
0.9965755233956906 0.004780171655887311 -0.08259388550859335 0.11338555787961517 -0.004410375692564458 0.9999768264595675 0.004638020400204658 -0.024683748855629094 0.08261245141781196 -0.004254582705334034 0.9965736109660044 15.33347529396482
0.995862066306629 0.0050367973792356125 -0.09077904923073382 0.08144422440225985 -0.004625470143884039 0.9999754982946488 0.004721114043828854 -0.030359437525374483 0.09079900056871737 -0.004278509658889367 0.9958612599146834 15.516918669595647
0.9953425984310409 0.005377340968894023 -0.09629223070752647 0.04913011188997325 -0.004922433648154343 0.9999731984269221 0.004943202066563328 -0.03485068840317741 0.09631505997296154 -0.004443024841858171 0.9953424551094963 15.728147445342199
0.9952289997256658 0.005246588595043738 -0.0974630195341461 0.021734052955359757 -0.004773594557459793 0.9999728628722763 0.0050622957772603625 -0.03751843098524557 0.09748546649487205 -0.004569331652313764 0.995227522591123 15.93665880393178
0.9951918999145786 0.004437620801375467 -0.09788306712783446 -0.003612252206860983 -0.003938678310837245 0.999975737611841 0.005269707179648439 -0.03701637460808922 0.09790267034450471 -0.004855406899862356 0.9951852138877234 16.16198829613544
0.9951543219100945 0.0032995587408865554 -0.09831211287927875 -0.03008289230446487 -0.0027694290723384546 0.9999788308922504 0.005511095948712598 -0.03536156722093408 0.09832684361671011 -0.005208655335036852 0.9951416778886755 16.385539758938116
0.9951253237705024 0.003052619553747131 -0.0986149398696162 -0.05823509787359531 -0.0025077591531429515 0.9999792315441377 0.005634513860743356 -0.03427973656475904 0.09862891250388042 -0.00535664767359466 0.9951110185619043 16.61889046755149
0.9951315354229601 0.0033046115195540012 -0.09854445535641272 -0.08576588257377141 -0.002766599514617914 0.9999788753284962 0.00558239146800298 -0.033836753060113745 0.09855965483927179 -0.005279652721579434 0.9951182983962487 16.85332150024092
0.9951416221203729 0.0034616574329473485 -0.09843830362039035 -0.11175796580733151 -0.002930597791700855 0.9999790769961335 0.005528960711033576 -0.03321753395010891 0.09845441715570229 -0.005210973377606396 0.9951293493801975 17.08820102715933
0.995130925748032 0.0033536324457009324 -0.09855024337776762 -0.14058357111547043 -0.0028206929331704243 0.9999791885151856 0.005534414746104045 -0.03243273084177629 0.09856580347434224 -0.005226990484531028 0.9951179466701144 17.34374560482471
0.9951140724403775 0.0031901062990937782 -0.09872599416716735 -0.16817851675076984 -0.002650888040725883 0.9999791793195425 0.005579406648542664 -0.032027793675964124 0.0987408156348999 -0.005287987917346053 0.9951001717475084 17.6241301626857
0.9951173593239477 0.0031846320194148093 -0.09869177011149344 -0.19574747411900775 -0.002654358962161595 0.9999796579772632 0.005492024918563003 -0.031350470144601815 0.09870639023964986 -0.005200812699195862 0.9951039370827258 17.89238858848665
0.9951201825784051 0.0032190290858349147 -0.09866209408148419 -0.22698274271929744 -0.002708198474193393 0.9999810427059835 0.005300499157033023 -0.03124286381647177 0.09867647916428791 -0.005005286062945457 0.995108176426819 18.183521340340725
0.9951191547195739 0.0032270745859340625 -0.09866876577447699 -0.25716461850745187 -0.0027305762019375302 0.9999814634675649 0.005153532259010791 -0.03086251962829795 0.09868260598310459 -0.004856573006593416 0.9951079979981833 18.459421488571895
0.9951322987067099 0.0033439140075064836 -0.09853124579424363 -0.2897593455426159 -0.0028549965897844893 0.9999813366658079 0.0050891699417483 -0.03002065374583249 0.09854541078771063 -0.004780567381088149 0.9951219666174235 18.76374772489028
0.9951690963888654 0.0034222705223356667 -0.09816249734438692 -0.31907435416742885 -0.002940029555819667 0.999981779641698 0.005047850590103298 -0.028900681767917026 0.09817740912932924 -0.004732890041118632 0.995158928229143 19.05441247169645
0.9952386351834448 0.003471641757188099 -0.097454018015132 -0.3481732685491548 -0.0030094876263582777 0.9999823042319335 0.004879698633398084 -0.02848823578493626 0.0974686387042013 -0.004561245836660616 0.9952293051885508 19.35628823904922
0.9953226732630874 0.0034561824327837324 -0.09658974836117543 -0.3798110259384859 -0.0030138454927837633 0.9999829744303887 0.004715227473519916 -0.02820207413365625 0.09660368552590383 -0.004400010454291191 0.9953142016823643 19.69252085614432
0.9954176356286055 0.0035313705638546676 -0.09560662439802707 -0.40970624937993044 -0.003100189982994787 0.9999832626335932 0.004649038145783815 -0.027585064842605297 0.0956207396764546 -0.0043296859532204164 0.9954094416484721 20.017136521750054
0.9955895203861947 0.003352494657223262 -0.09380243905639549 -0.4412032516095286 -0.0029272647512413076 0.9999835756947397 0.004658848813566376 -0.026643485681546522 0.09381584536676088 -0.004361927530928749 0.9955808849327908 20.37971101629676
0.9958316488512763 0.0033188157950094694 -0.09119560781363137 -0.4697685357741518 -0.0029078914237943613 0.9999833102219049 0.004625687891343775 -0.02658024745368179 0.09120885250952171 -0.004339355625945642 0.995823117402084 20.727692776557248
0.996142485917329 0.0033635306225758637 -0.08773297378348394 -0.49732278161784865 -0.0029654682643288303 0.9999827898780985 0.004650239418007819 -0.027282876740743058 0.08774663396468865 -0.004370123746932315 0.9961338764048879 21.087439429605983
0.9965204416237676 0.003488758508120626 -0.08332806745782248 -0.5211903148461344 -0.0031036553842712145 0.9999824614755569 0.004735109903369807 -0.027941925448167884 0.08334258586062704 -0.004458002078050994 0.9965116185233689 21.439155340230116
0.9969559130258433 0.003626233132426552 -0.07793997622472747 -0.5428633334625643 -0.0032621218060729425 0.9999822103679332 0.004784796883884881 -0.029458385103817264 0.07795534450576641 -0.004513720701655097 0.9969473337825682 21.81357525999954
0.9974288473848498 0.003837417541428438 -0.07162299340253903 -0.5592792355902252 -0.0035055838732230603 0.9999817226673099 0.004744068499999241 -0.031242736111466902 0.07163929181013785 -0.004478584730436176 0.9974211681099654 22.17410528278141
0.9978965438496153 0.004197250635826946 -0.06475851671801248 -0.5715610214227502 -0.0038984454403996924 0.9999793445457698 0.004725556578972235 -0.032403523439658855 0.06477647012629047 -0.004461788260816283 0.9978900925251165 22.542172895218993
0.9983782796263779 0.004607371923478302 -0.05681179180027186 -0.5777338701122126 -0.004351737710410913 0.9999772724346903 0.004609044561063383 -0.031277223917101284 0.05683115511629096 -0.004353482089284262 0.9983742676076127 22.941957027104856
0.9987935087431379 0.004718153160703442 -0.048962350258588576 -0.5788628921282163 -0.004495579099967785 0.9999763830954227 0.0046395456468708764 -0.031474773922798446 0.04898247180958077 -0.004413144539745459 0.9987899205609551 23.33318932481889
0.9991435765623297 0.0040930329079955875 -0.041269147815294664 -0.5770166557739475 -0.0038928769057017688 0.9999778451161773 0.004915714184096982 -0.03187776793919399 0.041287686293846736 -0.004750027012633402 0.9991360452446 23.731313672903354
0.9995121887229563 0.004598588300581738 -0.031029495329134616 -0.5701431734207001 -0.004447791211879197 0.9999760987927975 0.004898844940260642 -0.032451564979517546 0.03105069715697101 -0.0047573842141214 0.9995066877777791 24.187946336978136
0.9998396365095352 0.005156471018488068 -0.01742381385303981 -0.5530350207581685 -0.0050730409852356275 0.9999745249597968 0.004739795569376368 -0.03312316916356203 0.017447540869754363 -0.0046492944836192185 0.9998372904508123 24.658747637940092
0.9999835251267143 0.006034306328644372 -0.002326323436871957 -0.5293887821370195 -0.006022574850764897 0.9999701741203546 0.0044730519410651455 -0.03377556293815928 0.0023532116691841794 -0.004457994788943364 0.9999874267530858 25.089480757040974
0.9999033133012117 0.006976043802188729 0.012361792203000634 -0.4978121486277479 -0.007026910116836878 0.9999646332538312 0.004167131393103391 -0.034948066520967894 -0.01233251985991938 -0.004252643992102384 0.9999149590761539 25.565917790384702
0.999554066558226 0.008209464099159522 0.02885841464399432 -0.4558988398434813 -0.008331337394196864 0.9999550334312435 0.004151197534570151 -0.03452609818826415 -0.0288233487003553 -0.004388834413289041 0.9995749292343771 26.045935179289387
0.9988864045909173 0.008853616735579928 0.04644593256211221 -0.3999502155516145 -0.009063338711860497 0.9999481222202945 0.004343830654274872 -0.033557914126915736 -0.04640529732719886 -0.004758703736508635 0.9989116236044376 26.538020733386272
0.9978358203321267 0.009570419001548947 0.06513448310073001 -0.33350094766414823 -0.009864622053737738 0.9999412876013978 0.004228644782830317 -0.033447968246433424 -0.06509043401299557 -0.004861488075037378 0.997867922930377 27.055840043858318
0.9964505284404891 0.009737994239343645 0.08367471984193461 -0.25761753833421824 -0.01005250673042076 0.9999427604619654 0.0033632732108754126 -0.03617143584364864 -0.08363731501689917 -0.004192009896929524 0.9964878221887817 27.576430125078055
0.9946851456597353 0.009248310758198404 0.10259489714073373 -0.17410585192078004 -0.00951412602635595 0.9999514480033272 0.002121897692018963 -0.040545989669570924 -0.10257027948399339 -0.0030864946199103188 0.9947214605909374 28.084647091869094
0.9925229433506685 0.009274374211216694 0.12175171736375363 -0.0818722793038893 -0.009447409510343854 0.9999541258163527 0.0008619552931965443 -0.044718685529910755 -0.12173841853818206 -0.0020057606974794246 0.9925611442656186 28.584696187479548
0.9901321589105083 0.009821638965428365 0.13983338744622822 0.006647413105620864 -0.010020176996669376 0.999948751719915 0.0007312027361758378 -0.046507725015259016 -0.1398192362545832 -0.0021253855920563215 0.9901758081583827 28.99494778437947
0.987657757564146 0.010461599760971213 0.1563159347015235 0.0986617635070694 -0.010706763173193858 0.9999416317682532 0.0007418056516268922 -0.048112162552535954 -0.15629917901833618 -0.0024063667865251563 0.9877079353361701 29.404871938433526
0.9851704686863112 0.010201082573384843 0.17130938704256393 0.19800433954733154 -0.010438388588083007 0.9999447809922486 0.0004987469351325567 -0.05127127392270962 -0.17129489606980877 -0.0022795945601324155 0.98521823448502 29.832395432158048
0.9827235080060243 0.01043177742202387 0.18481879589580674 0.2984988060658359 -0.010602885347463675 0.9999435027720674 -4.787576126838466e-05 -0.05259642559905497 -0.18480893852031616 -0.001912767574931216 0.9827738028458254 30.244478418846136
0.980717433946165 0.009217552624558197 0.19524720623447755 0.40483618273324423 -0.009271681757218162 0.9999568798066917 -0.0006248321443686015 -0.05606724568761081 -0.1952449127618306 -0.0011970887974200165 0.9807551391717826 30.67865936989517
0.9792310050962848 0.009180324413521184 0.20257408492038112 0.5095414838913769 -0.009200297707020293 0.99995811658756 -0.0008320357036048515 -0.060750665377913265 -0.2025735845661709 -0.0010481027815424308 0.9792680069937302 31.11171379665894
0.97806514875735 0.00873935525401179 0.20814863664354974 0.6176127633550454 -0.008757093252882738 0.9999621988334196 -0.0008252235127573821 -0.06524500040450897 -0.20814818296681165 -0.0010148854691723176 0.978098232861705 31.57183037769915
0.9774736962662961 0.00866513870005254 0.21091110752357836 0.7151147816326936 -0.008689282626158581 0.9999624543496439 -0.0008002864378506873 -0.0691069830148227 -0.2109104364396934 -0.0010496368117719067 0.9775062321808198 32.00271465300442
0.9773522275559844 0.008605058380645767 0.21147725053616606 0.8116020248618661 -0.008575901843326317 0.9999634841604075 -0.0010450736241897544 -0.07332571642639625 -0.21147862411567372 -0.0007917307119466647 0.9773836954286647 32.44976064888422
0.9777304802712138 0.008375939308115267 0.20973232996892166 0.9017568172532244 -0.008401603585985887 0.9999652759899295 -0.000760489467299127 -0.07443364229996394 -0.20973139973090874 -0.0010180918090591505 0.9777598404407092 32.9037448294489
0.9791533348979488 0.006903638932933791 0.2030416197563934 0.9923395063069826 -0.0071003258249093355 0.9999754362874158 0.0002488556008076031 -0.07056404443336073 -0.20303509470295134 -0.0016849875573583257 0.9791713498939495 33.40007580578973
0.9809777610656718 0.005774136151670663 0.19407337436914504 1.0714138300270686 -0.006043784345009185 0.9999821685740288 0.0008048818496220857 -0.06678083726637045 -0.19406521435028282 -0.0019623803753945125 0.9809879459659722 33.903806073264754
0.9833281192463608 0.004914544944658764 0.18181496226444593 1.1397258950420015 -0.005241683381197 0.9999863123766531 0.0013270836205112012 -0.064508681276115 -0.1818058952038798 -0.002257901033823819 0.9833330455923793 34.40726559161309
0.9860577823984699 0.0047962345893643316 0.16637916972104838 1.195967461937179 -0.005179666561027946 0.9999855635839259 0.001879875486586378 -0.06388859721474056 -0.16636789556051884 -0.0027149595484586993 0.9860611386308352 34.91747239078335
0.9889377269773113 0.00558266048720715 0.1482754664456679 1.2390889501730187 -0.005984459467432861 0.9999801729279602 0.0022741755188377764 -0.0635884301736467 -0.14826001149779977 -0.0031359164246738827 0.9889446888328125 35.43895078179679
0.9915817870307233 0.008328283941054478 0.1292709082716273 1.2684241211274043 -0.008762427258624715 0.999958189081496 0.0028012298138012895 -0.061875633628157234 -0.12924246079034754 -0.003910039273998092 0.9916067583181543 35.971527741136164
0.993772811385697 0.010795239896887762 0.11097060301046562 1.2904933570787418 -0.011158490546664786 0.999934933343677 0.0026659895088865086 -0.061645692563253536 -0.11093478762277277 -0.003887421526872647 0.9938221426689581 36.49291715126541
0.9955753844139866 0.012527027393626844 0.09320476953100398 1.3049944394579067 -0.01281768679561433 0.9999151626139169 0.002536657669439209 -0.06251363354635525 -0.09316569612794712 -0.0037198379855812773 0.9956448894981675 36.99506829588852
