1.0 0.0 0.0 0.0 0.0 1.0 0.0 0.0 0.0 0.0 1.0 0.0
0.9993242025375366 0.00041604042053222656 0.03675049543380737 0.07419204711914062 -0.00038564205169677734 0.9999995231628418 -0.0008322000503540039 -0.0010619251988828182 -0.03675086796283722 0.0008172392845153809 0.999323844909668 0.5865046977996826
0.9974500664718837 -0.0012654899419883847 0.07135564784808857 0.16233483226507012 0.0013935360532979502 0.9999974797846516 -0.0017445114573693132 -0.005290209270008783 -0.07135330623216696 0.0018392855220104032 0.9974491864188677 1.1309138698405472
0.9946422083793334 -0.003094366508099025 0.10333226381951932 0.25993466036821156 0.0034077317789646434 0.9999901762714773 -0.002854306077952664 -0.011736061282280878 -0.10332267680782342 0.003190547800233717 0.9946426196322429 1.6569558565234412
0.9914752427671679 -0.004107306466882026 0.13023116634708448 0.373976129983852 0.004568240548807184 0.9999845415260665 -0.003239283976393424 -0.019801000863944252 -0.130216153773801 0.00380588977639487 0.9914782305539547 2.2384687951758506
0.9886302455122882 -0.004952949663799137 0.15028272772388865 0.5120156485577111 0.0055412240368866795 0.9999785201361573 -0.0034948782582166662 -0.03029750068337945 -0.1502621474596387 0.0042873057891139234 0.9886363236656868 2.9313911863201634
0.9859558596642725 -0.005232810431417928 0.16692286664325337 0.6578832898509581 0.005907215999475228 0.9999761950743644 -0.0035425651949764153 -0.04181902637064274 -0.1669003410754145 0.004478453307677642 0.9859631973081255 3.622237394359693
0.9832471283871644 -0.005752826030675386 0.18218930453605503 0.8151714102645939 0.006603169625792953 0.9999702817832585 -0.004056943455850004 -0.055043699872483476 -0.18216065231435016 0.005191108314619986 0.9832549400945942 4.332166882377349
0.9807120867366994 -0.006413299229515479 0.19535699760422173 1.0046141478396908 0.007741748996828385 0.9999524855586727 -0.006032454696150239 -0.07383069185949595 -0.19530900335977083 0.0074275124513116415 0.9807136883946174 5.172267447731339
0.9784462263104297 -0.007141089216437161 0.20638072934203852 1.1820220679114664 0.00909814583211122 0.9999222659490183 -0.008532523208263617 -0.09306630038050562 -0.20630390224466874 0.010225057231312805 0.9784344502593949 5.922994021090268
0.9763639266810025 -0.006021597174757254 0.2160515414041925 1.3680158619715204 0.008311177824036118 0.99991855318438 -0.009687890725319864 -0.11296286100615358 -0.2159757710222588 0.011253327802874951 0.9763336490850368 6.6975307338558645
0.9743922006428422 -0.005677546978189133 0.2247862848293652 1.55281163495501 0.008128934379687 0.9999171054499545 -0.009979751607854487 -0.13035439849483627 -0.22471120391392244 0.011550160552315628 0.9743567677152508 7.426245333066156
0.9724636880353434 -0.005074004370542311 0.233002158264844 1.7461643585513973 0.007646009196857249 0.9999191141492186 -0.010135907716721779 -0.14783915805406456 -0.23293219919148037 0.011636824908805158 0.9724232888793052 8.172003450532326
0.970676346472156 -0.005509670213651323 0.240331400673306 1.9587095351399533 0.008003068503336997 0.9999239036416343 -0.009399278575489388 -0.16327990587350788 -0.24026163595740482 0.01104562831979302 0.9706453856468604 8.96743832080207
0.9690244223318671 -0.0058409879573886984 0.24689952228893736 2.1854652763875975 0.008190143504143871 0.9999304975178758 -0.008488186928615237 -0.17835355624778396 -0.24683305698636432 0.010245764979187662 0.9690037479357779 9.802952530079065
0.9672908636149044 -0.006214458371339092 0.2535966663359494 2.4363565016525777 0.008591962309287252 0.9999283234837473 -0.008269174678393179 -0.1959766540559236 -0.25352758210001053 0.01017522465062566 0.9672741553935792 10.711326156731554
0.9655875279249148 -0.006270715395376057 0.2600056081069921 2.684117809231567 0.008725650257410254 0.9999269466934706 -0.008289203198897295 -0.21491553119163 -0.2599350830138211 0.01027028537320011 0.9655710331660333 11.589380758774878
0.9639072823471873 -0.008165715769242101 0.2661156336414774 2.962982550053558 0.010893486130324358 0.9999015860004099 -0.00877606267454454 -0.23018693021358674 -0.266018205229815 0.011355838922581508 0.9639005806955027 12.552574849240587
0.9623843249337362 -0.008619841137830745 0.27155704744294057 3.2310657368900584 0.011597887499053366 0.9998878726068882 -0.009363183610927828 -0.24838895223698182 -0.27144634688226493 0.012157878751676168 0.9623761410023255 13.463365553875697
0.9610660241857973 -0.00878534076918724 0.2761812281955395 3.496120523824551 0.011864105231426359 0.9998836978602748 -0.009478687406658292 -0.26715648289275284 -0.2760662671376652 0.012383831198574523 0.9610581818657379 14.34905801357392
0.9599819996925691 -0.010045023003217133 0.27988416953102885 3.756708760359284 0.013303745630312872 0.9998632036280345 -0.00974630143609299 -0.2848731655482838 -0.27974840412490437 0.013077393011098285 0.959983731829056 15.205823095491729
0.9591902294068377 -0.010345152525734527 0.28257551491633964 4.0238384940703655 0.013657375092392326 0.9998585234960783 -0.00975501151334417 -0.3030328242580408 -0.2824349809059272 0.013213782495862483 0.9591950060414584 16.08532838209442
0.958726076134036 -0.010086995507136636 0.28415568996324164 4.338731860482859 0.0134296757178237 0.9998607307250317 -0.009817846919580802 -0.32314771800017356 -0.28401767891749075 0.013226318196013682 0.9587273621512802 17.124397892930457
0.958210374697333 -0.00987379437151343 0.28589651888885054 4.625426644832642 0.013225456104648179 0.9998635899828255 -0.009794110024718042 -0.34089963234348214 -0.28576141313572273 0.013163763313972475 0.9582099652757801 18.053299301138747
0.9579008498147847 -0.009589430025891875 0.286942452232126 4.913251385569995 0.012755584208625315 0.9998757008198762 -0.009167238765304658 -0.3565022597653179 -0.28681938298563564 0.012439180205798933 0.9579033682714096 18.995245067733762
0.9575901887854119 -0.00928522297918889 0.2879854578897757 5.220422536360728 0.012338037952313984 0.9998839291072104 -0.008785874414686715 -0.3726480987509949 -0.2878713201100745 0.011964459868796327 0.9575936489727958 19.998333011793736
0.957351014523854 -0.008593697220252368 0.28880006858356183 5.503155437288192 0.0115766773667302 0.9998942514884519 -0.008619772662917196 -0.38765306001580235 -0.288696652470182 0.011593724272950369 0.9573495651792012 20.922218292751094
0.9572000623244823 -0.00796997145684896 0.2893183281620235 5.804608583612628 0.01098343605028859 0.9998996446330871 -0.008791484801155752 -0.4045631561111492 -0.2892201883830064 0.011590963414988676 0.9571916777563343 21.904995916253725
0.9570821764341243 -0.007627309725987782 0.2897183568194681 6.094067082480873 0.010632675609372673 0.9999038992305391 -0.008800158013125127 -0.4202803298890638 -0.28962407383038963 0.011500725046574671 0.9570708109267971 22.848623786452002
0.9569714829323236 -0.007166754279589353 0.2900950091676787 6.388897638471944 0.010252181180979288 0.9999049321995928 -0.009115746024513111 -0.4382247123475148 -0.2900030124251127 0.011695595919945683 0.9569536429043124 23.806291564849953
0.9569020592167315 -0.006669190437328212 0.2903354368136851 6.674207664439765 0.00992976558552292 0.999901924083995 -0.009756140717997719 -0.457160271349128 -0.2902430874587358 0.01221682770805939 0.9568744103598043 24.73146584298872
0.9568572472222551 -0.00620707617847961 0.29049401596253377 6.965621372394332 0.009661955241843488 0.9998973863037387 -0.010457149447878827 -0.4768502957446717 -0.29040081098242587 0.012811162721254881 0.9568187740871086 25.677604166650006
0.9568113096851121 -0.005914464376739724 0.2906499093770074 7.24936164091752 0.009438599364514806 0.9998964460422507 -0.010719310530482478 -0.49461198881955215 -0.290558372207032 0.012998403373709333 0.9567682055003651 26.60260081109433
0.9567929076593144 -0.0056107383824351865 0.29071682638490726 7.532222179425742 0.009050482841824643 0.9999022752554628 -0.01048396693011156 -0.5071041460031079 -0.29063157580574506 0.012660748323979266 0.9567504513935559 27.525282399475913
0.9567793240394246 -0.005523836272866088 0.29076504405106246 7.812476349687774 0.00885721732672738 0.9999079270070234 -0.010145809147889323 -0.5198086253878004 -0.2906839528479327 0.012281200481802163 0.9567397543621795 28.439340678733615
0.9567725822318836 -0.00528197314613974 0.2907928656426513 8.083273292636786 0.008517663965232944 0.9999139534686983 -0.009860146436983946 -0.5326461494628112 -0.2907173083180036 0.011909094467113024 0.9567343280119921 29.325561232365487
0.9567505445738713 -0.00494897541505114 0.29087233104400606 8.367622103661803 0.008154660900604046 0.999917562047755 -0.009807915760049978 -0.5475642685423918 -0.29080129035001345 0.011753842658387477 0.9567109624112726 30.255550361214606
0.9567153056500984 -0.0038255446892094267 0.29100578612841294 8.662211358397807 0.007120223800595245 0.9999209489835909 -0.010262168506761819 -0.5652317059461305 -0.2909450026608369 0.011888050690649694 0.9566656690971203 31.21853036677005
0.9566760905881113 -0.0032193120265266518 0.2911430052066503 8.945394426937668 0.006590886180432526 0.9999213776430904 -0.010599537008119525 -0.5828370845100008 -0.2910873162698063 0.012057100036839985 0.9566204349523253 32.13970094628546
0.9566418216460826 -0.0022851476896519974 0.2912644357037718 9.243524986118036 0.005721972194888383 0.9999230118076109 -0.010946442598027933 -0.6013242507389525 -0.2912183864290548 0.012136404449644178 0.9565795103929692 33.1142716876619
0.9566377784070157 -0.0022585519995047833 0.2912776207873555 9.527097211421435 0.005620422905896064 0.9999259023813016 -0.01070271537489577 -0.6167571228856994 -0.29123345855883087 0.011873833754397692 0.9565782843248456 34.03898168635831
0.9566205854149884 -0.0020479815043487276 0.29133682558331964 9.821935858533768 0.005309261852434277 0.9999313504044983 -0.010401891957612347 -0.632327719537168 -0.2912967561024085 0.01149532741027548 0.956563870988806 35.002526494980486
0.9565993328430343 -0.0017029088641723972 0.29140693831330877 10.105601903845482 0.0049548085165873655 0.999932351912724 -0.010417470229406754 -0.6484103659953299 -0.2913713717415829 0.011407500970912348 0.9565418491459774 35.927983823248084
0.9565550351212088 -0.0013725411560169714 0.2915532363455958 10.387604457817865 0.004698655618060115 0.9999302864299222 -0.010703003687695792 -0.6661889484933801 -0.29152034191284953 0.011606525225603497 0.9564939213042597 36.84246304848149
0.9565250537319959 -0.0008894434032928476 0.2916528258063669 10.671572182611698 0.004178832549359958 0.9999331222084452 -0.01064935050319153 -0.6819576254747007 -0.2916260718262218 0.011404027204639379 0.956464165203059 37.76879136821158
0.956506857485272 -0.0005806899561790254 0.291712890403851 10.959576974172293 0.0035063154045142015 0.9999472218307809 -0.00949967782145046 -0.6956858145605507 -0.2916941609205154 0.01010836543075967 0.9564580265092979 38.708882781124835
0.9564727064985306 3.5101280784009895e-05 0.2918271605203341 11.259186989080577 0.002734236044660374 0.9999539490698652 -0.009076923075021164 -0.7101581033150038 -0.2918158311465518 0.009478441924772074 0.9564274981378665 39.68540221302663
0.9564273794513586 0.0012777363504609524 0.291971356774836 11.549331054988672 0.0015623910551541948 0.9999524042537156 -0.009488385028184169 -0.7268040702456814 -0.2919716944974503 0.009530089229391423 0.956379097385479 40.62853883975233
0.9563639316319155 0.0025540482162174634 0.2921718410303747 11.835018679280061 0.0004625945679419098 0.9999463009217187 -0.010250302264634262 -0.7461200323390867 -0.2921839838421528 0.009936998670836404 0.9563102083025972 41.55368041671951
0.9563185316794559 0.0031945823573492713 0.29231497437827725 12.12845203629125 -0.0001356953426768462 0.9999443493293739 -0.010479551781103155 -0.7613372128624502 -0.2923335289972809 0.009980837697656867 0.956264270347168 42.50392141528192
0.956306846178094 0.0035271825982666843 0.29234892606605767 12.416592527836448 -0.0006157858864490295 0.9999487178403762 -0.010045000632474925 -0.774338609541012 -0.29237071506560874 0.009424886372208056 0.9562584043134482 43.440901402627304
0.9562968043308787 0.004645444109627895 0.29236967948026643 12.702515875041621 -0.0019236158353528217 0.9999522150233972 -0.009593776397539007 -0.7875986621710025 -0.29240079830762383 0.008610327042802454 0.9562575470587533 44.37384135525943
0.9562178344067516 0.005243125722567475 0.29261828167719733 12.994708858983548 -0.0025551984115267865 0.9999512757933257 -0.009565430001754381 -0.802977728131825 -0.2926545039306328 0.008397038086609751 0.9561819475691813 45.319479204925535
0.95611983507033 0.005454090691393588 0.29293504351932004 13.289924344084788 -0.002759292057628044 0.9999502122375225 -0.009609577198166394 -0.8194341309472419 -0.29297333073618154 0.008377784741038709 0.9560845058374315 46.26955619034876
0.9560269237245335 0.005751681785163608 0.2932322131213878 13.586172471077518 -0.0029700174176260116 0.99994657013706 -0.009928026299211617 -0.8378258664382885 -0.29327415467956136 0.008618729989429402 0.9559901311329883 47.21929789520354
0.9558887119032027 0.006886878948458174 0.2936590449227505 13.878858321321035 -0.003946875864234437 0.9999363994548374 -0.01060071461142317 -0.8573856127218556 -0.2937137897373673 0.008972033268755796 0.9558521612777465 48.15962379159074
0.9557702609620936 0.008229112884379575 0.29400978160915253 14.16016876521524 -0.005165909220711391 0.9999242544606654 -0.011191390247385725 -0.8759250811736624 -0.29408005938878357 0.009175784574442677 0.9557374833818348 49.06676856100358
0.9556667588198412 0.008542000684393522 0.2943362939710288 14.447661818345564 -0.005414255701104288 0.9999197470485166 -0.01143671836766812 -0.8938133864496216 -0.2944110675737809 0.00933439697506595 0.9556337932290021 49.9883604745828
0.9555583361658818 0.008586772190049916 0.2946859043288361 14.73391012345655 -0.005478614879401469 0.999919885397109 -0.011367828481719919 -0.9100556744402486 -0.29476081424632616 0.009246698285620773 0.9555266254010031 50.90603340900869
0.9554271652313558 0.008986827718727499 0.295098234178185 15.024696190645578 -0.005849914850438053 0.9999159087362899 -0.011507275528875816 -0.9276066272570529 -0.29517792900411843 0.009266588654755702 0.9553974291387111 51.837952115341984
0.9552836046474698 0.009394525492618565 0.29554970116134066 15.31558748473241 -0.006247418570350867 0.9999123150602867 -0.011586358999331345 -0.9456592269178333 -0.2956339160089843 0.009220442255929294 0.9552567803331696 52.76724882166808
0.9551504817665477 0.009578793410411878 0.2959733164098173 15.600206202037668 -0.00655533866380882 0.9999146176634004 -0.01120123023392385 -0.9610954441557902 -0.2960567616405588 0.008757227022476182 0.9551301379994643 53.675534011560856
0.9549750957136693 0.00985105847909917 0.2965296746793783 15.889416675888553 -0.007035248428029762 0.9999185191247161 -0.010556618582722797 -0.9759418927778585 -0.29661096401213166 0.007993691190020667 0.9549648571407197 54.596868556968424
0.9548366280966686 0.009787673403542373 0.29697775241130525 16.181298225993803 -0.007103533114509372 0.9999228659973817 -0.010110727544990436 -0.9907035845782585 -0.29705515778462094 0.007543042449216158 0.9548305889362322 55.52107846149624
0.9547284388062579 0.010598815175600849 0.2973003743172006 16.48032002609248 -0.007861872548099684 0.9999148359173463 -0.010396729142274831 -1.0087660979276436 -0.29738598003730204 0.007586780058589174 0.9547277160055863 56.47007748957432
0.9546305840279271 0.010914019556006039 0.29760394083320596 16.77341467345502 -0.008110229752685766 0.999910476576334 -0.010651565709019498 -1.0238619298975207 -0.29769396673788606 0.007752412347120377 0.9546304113464015 57.39310932806921
0.9545568352660015 0.011050619484290935 0.29783410991850146 17.06312595158589 -0.008208868495922811 0.9999079986498386 -0.010786170259104659 -1.0390499370475752 -0.29792657117387944 0.007848941887824938 0.9545569678221311 58.305562071168076
0.9544834826032107 0.011138908370407 0.29806471440689564 17.355707183233456 -0.008324781795270433 0.9999078126522939 -0.01070372265491695 -1.0540894128033091 -0.298157197974807 0.007733192879884856 0.954485885343452 59.23104613008759
0.9544295622821711 0.011215995068317167 0.2982337017394486 17.654767029119203 -0.008439979485657965 0.9999079693184161 -0.010587922836156421 -1.0701488390041312 -0.2983259947358043 0.007586538952026421 0.9544342879071187 60.17829354800051
0.9544225485267939 0.011298464706625475 0.29825277949547463 17.950451120110515 -0.008521473469427547 0.9999067705730833 -0.010601829087122315 -1.0866806019855975 -0.29834612752217693 0.007575494473845768 0.9544279850430256 61.118101820182865
0.9544778085626169 0.011028773845141494 0.29808607446598634 18.24352427443095 -0.00826693950864232 0.9999096669919574 -0.010516162426934017 -1.1026298845850397 -0.2981766204116307 0.00757173244061898 0.9544809060104164 62.04936136648775
0.9545200307592753 0.011113022566518476 0.2979467850412512 18.530170634056585 -0.008584435628785374 0.9999140165564316 -0.009784225292801279 -1.1157562245177859 -0.29803165985760466 0.006780335311648556 0.9545319706096873 62.967942719139025
0.95460726217047 0.01091238055472298 0.29767566980275245 18.824241429057395 -0.008688978859143222 0.9999227979035208 -0.008783318666747133 -1.1283299767406425 -0.2977500668001731 0.005796682735406199 0.9546265435665685 63.91003151991725
0.9547283773022112 0.010776353887170681 0.2972936812882031 19.111093818401475 -0.008792735681491613 0.9999287614153993 -0.008001983202495512 -1.1394638593206592 -0.297359935053121 0.005024186619418091 0.9547527205446198 64.83455549939728
0.954935893466488 0.010419587741982648 0.29663932412033944 19.393012741990642 -0.008492188410739896 0.9999331941399273 -0.007778421974854264 -1.1509168468612887 -0.2967017538536113 0.00490708832185946 0.9549580376613617 65.74099785407304
0.9552305641063117 0.009899270931189823 0.2957051144897652 19.67141139007229 -0.007957120652301315 0.9999370910629486 -0.007761466611026311 -1.162723524168109 -0.29576505784155915 0.005059649403919506 0.9552474338840711 66.64091504463133
0.955495731036468 0.009979815789395571 0.2948442629408257 19.94644841123634 -0.007873382409123593 0.9999331771854291 -0.00832147223304131 -1.176758107035941 -0.294909289923315 0.005628329706324979 0.9555088694194912 67.53680510835713
0.9557552408996095 0.009993435161564323 0.2940020819940332 20.21892387188308 -0.007627813957030739 0.9999273512450417 -0.009183338351473334 -1.1916125907970312 -0.29407423583421 0.006533108724379404 0.9557603653865752 68.42538375890227
0.9561222675695319 0.009309090816356726 0.2928293217602098 20.49035955637079 -0.006791041463026455 0.9999295638175801 -0.009606869641978365 -1.2048227006549572 -0.29289984958956805 0.0071952632270031805 0.9561161771504622 69.31066490898391
0.956459841730656 0.009294592041129285 0.2917255590651451 20.75989524674932 -0.006862226527267799 0.9999315233979594 -0.009352366715868747 -1.215988073153646 -0.2917942079474234 0.0069417434941865365 0.9564560355355055 70.20338477655625
0.9567420375648188 0.008829580797928479 0.2908130574981573 21.028446544739328 -0.006650638733734865 0.9999404858823998 -0.008472547729032649 -1.2251998844332808 -0.29087234848658594 0.006170335171546613 0.9567420848860707 71.09066287855013
0.9569014099940968 0.008451349625504838 0.29029955190870815 21.29224117457969 -0.0063024756511121235 0.9999440228276928 -0.008328310953562122 -1.2345697998924245 -0.2903554863560843 0.006138260783543464 0.9568994483750202 71.95319434399465
0.9569904496589441 0.008609010204483007 0.2900003794716534 21.549955009141136 -0.006516909534756474 0.999943630511316 -0.008169370955265104 -1.2429316965254702 -0.29005656731074364 0.005926948600342402 0.9569914686490036 72.80588426191943
0.9571156786727636 0.008092411447323943 0.28960324693792955 21.80170576268694 -0.006916246220913159 0.9999618236621733 -0.005075074190826592 -1.2468662240335724 -0.28963606263297137 0.00285402562638328 0.957133742736468 73.6419834729735
0.9573377737493958 0.0069008179051930855 0.28890035236924305 22.043350717956645 -0.006732959110212461 0.9999746862894278 -0.0015656585262801325 -1.24722739003105 -0.2889069252999018 -0.0004465832783740768 0.9573584297743954 74.44178978453928
0.9574045286677468 0.006718119954787587 0.2886833544723487 22.271089392402875 -0.007035847726173074 0.9999737778433654 7.235052938618864e-05 -1.2476936859695968 -0.28867824693757327 -0.0021006565457203086 0.9574252231889674 75.19687663211486
0.9573295767665213 0.007296155776352617 0.2889174298484415 22.47601761588488 -0.007565169052937696 0.999969832866584 -0.00017607925873094785 -1.2523249702369725 -0.28891309526578624 -0.0020172102030389053 0.9573545383739048 75.87890686709622
0.9572166243350899 0.0072744360459281645 0.28929279793800233 22.669530295783765 -0.007374371089459838 0.9999711771385525 -0.0007356490282878082 -1.2588157678786405 -0.28929278220777604 -0.0014293350835909132 0.9572411529994724 76.5060676220506
0.9569833118249488 0.0073267062444912065 0.290062294427052 22.852979987528123 -0.007378156923329415 0.9999710224293636 -0.0009075215902598399 -1.2638049761472194 -0.2900634422459521 -0.0012716244832773895 0.9570080923018172 77.10281633015612
0.9561137391195215 0.007453665019234167 0.2929119078763843 23.030451432407663 -0.00745218621574158 0.9999699274929653 -0.001111475566809355 -1.2707175462889093 -0.2929144589530648 -0.0011201758616980891 0.9561394629230493 77.66709664834531
0.9545608462973124 0.006340707714442948 0.29795838614964 23.2072949137626 -0.006170788045509649 0.9999774687883687 -0.0014997610507493072 -1.2783323900102033 -0.2979642747707083 -0.0004074849165863258 0.954578184113169 78.20398406464409
0.9528204266474382 0.0060342245450947145 0.30348366290826556 23.37387193260567 -0.00583390758309154 0.9999790415990895 -0.0015544709443611217 -1.2856004645842678 -0.3034896962386103 -0.00029024411079750046 0.9528359041872952 78.69889158346786
0.9508125864663761 0.003480740092546483 0.3097574273232666 23.542736365239424 -0.003146758173654624 0.9999918125991911 -0.001567140688913587 -1.292178277623763 -0.3097634227645642 0.0005149634175664063 0.9508151870306049 79.18044773400501
0.948720323523822 0.002112928274864094 0.3161198695757177 23.69716212576605 -0.0016252795817428623 0.9999952078208563 -0.0017962807160338667 -1.2993760033623365 -0.31612527382424127 0.0011902047763953842 0.9487184025583617 79.60835677593475
0.946444460662739 0.001893212441987905 0.32287097676429993 23.84203354183257 -0.0012649161734841533 0.9999953952297207 -0.002145772233786233 -1.307002993986312 -0.32287653570529357 0.001622470578752822 0.9464413835685017 79.9953106461078
0.9442559672331297 0.0018339446198463386 0.3292167305369448 23.983062443306522 -0.001151540355826309 0.9999952949144998 -0.002258373463101653 -1.313356281944368 -0.32922233870669154 0.0017533411471977649 0.9442524449747262 80.36286685991743
0.9424607978702504 0.001641348159223905 0.334322210774871 24.113541392585965 -0.0009780717256860831 0.9999957524762875 -0.0021436796561058874 -1.3182490947045897 -0.33432741351368805 0.001693486964785284 0.9424571396503265 80.70299456823254
0.9407467060576975 0.0015633794499989157 0.3391153540009971 24.233143276618826 -0.0008048133904706845 0.9999952581722401 -0.0023684816280004585 -1.3207855947739378 -0.33912052796291514 0.001955241857006691 0.9407424750609872 81.00612656215493
0.9387114856974405 0.0006216406940362466 0.3447123583154459 24.34018660449043 0.0007109223715169579 0.9999913757068509 -0.0037308262174248134 -1.324477411296467 -0.34471483434963024 0.003747441090639311 0.938701425056822 81.2675383895493
0.9363448144904714 -0.0005717015962437903 0.3510900968869867 24.444172475722635 0.0028758549359604816 0.9999760196130023 -0.006032764381199372 -1.3287841737175632 -0.3510815650245893 0.006658598454838239 0.9363224008888983 81.51630553642082
0.9339662881235136 -0.001530403579913586 0.357366560940268 24.533376529580877 0.004755365975980106 0.9999541880173103 -0.00813705198061254 -1.3321346804178695 -0.3573410524475575 0.009299566113317054 0.9339289436192215 81.72581519659683
0.9317178141400543 -0.001971360535277601 0.363187048441377 24.62188119238647 0.005619028522988625 0.9999425065714641 -0.008978069816146397 -1.3343654821046917 -0.3631519501351973 0.010406068820814933 0.9316732146049297 81.93215208712465
0.929445642733693 -0.0016719730087153318 0.3689646708623564 24.705161897999904 0.005418253590905934 0.9999421255369324 -0.00910873478276418 -1.3355260275826564 -0.3689316440692815 0.01046513066374108 0.9293990982095905 82.12512121785242
0.9270697431048269 -0.001295936712338269 0.3748969066989764 24.78489456982152 0.005208981815021016 0.9999413105576146 -0.00941630604238154 -1.336975560063762 -0.37486619705879 0.010682932956516362 0.9270191495735652 82.30211158960967
0.9247477182995928 -0.000373244848063841 0.38058976931754435 24.855619983239084 0.00450983724474407 0.9999388569365038 -0.009969116005309359 -1.337367718231605 -0.3805663061446465 0.01093553188728556 0.9246904330165223 82.46168966344544
0.9227644544645723 -0.0003288238921795248 0.3853732744969266 24.923500342800164 0.0045676856698447545 0.999937530683717 -0.01007608311802936 -1.3369289297593194 -0.38534927034632915 0.011058335405876302 0.9227061370618984 82.60995258353387
0.9207843085428971 -0.00033590461981436806 0.390081300894348 24.98722434592245 0.0047429691670009475 0.9999342010926858 -0.010326908694593677 -1.3365862904915298 -0.390055495417228 0.01135920531596702 0.9207231683019342 82.74817647518721
0.9186101491166662 6.99797977881579e-05 0.3951747655692664 25.04874979872463 0.0046536802898547265 0.9999279462804069 -0.010987356728796114 -1.3363856557838585 -0.395150366501245 0.011932425155700513 0.9185408503281686 82.88002641751514
0.9163967521918939 0.0004837533733822255 0.4002804862062865 25.109210642491277 0.004578923723258362 0.9999203099787615 -0.011683798409003503 -1.3362333984644352 -0.4002575526902616 0.012540064520081072 0.9163187305648863 83.007901105299
0.9145434739965844 0.0008714210764370948 0.4044966215557151 25.169392414886946 0.004357873343836668 0.9999178819500129 -0.012000240752713083 -1.3357294406414015 -0.4044771468520525 0.01273782525889175 0.9144612879381593 83.1369003333548
0.9123924184584278 0.0008215195701893401 0.4093257172027431 25.232122475811494 0.004548111064015007 0.9999156320115048 -0.01213791108429277 -1.3352252796787811 -0.40930427742496417 0.01293657232335823 0.9123082825828548 83.26289678487717
0.9100168661723955 0.0005915264545265536 0.414579812613623 25.298217723166243 0.004883061539150573 0.9999137307470085 -0.012138032728243466 -1.3342426143703576 -0.4145543397157154 0.013070445444211347 0.9099324267235054 83.38998955973798
0.9075555176924702 0.00032056349629572815 0.4199407162459399 25.364313349558874 0.005256955544055384 0.9999118984200432 -0.012117031063797228 -1.3333150178756097 -0.41991075719547055 0.013204586422806733 0.907470927790755 83.51339211523945
0.9050686280978263 0.00019197216282075343 0.42527386103421255 25.442778241957317 0.005475911746908514 0.9999111992210635 -0.012098105533625513 -1.3338174849566549 -0.4252413689420371 0.013278681964635124 0.9049841632622356 83.65700592872366
0.9025786366255193 -0.0005292417251521822 0.43053191739153 25.508196257136497 0.006351230853928676 0.9999055239452772 -0.012078066043458804 -1.3325148684089454 -0.43048767374593727 0.013635519671417417 0.9024946352575813 83.7696972828471
0.8998589283209204 -0.0008120377139268238 0.4361875957844704 25.579361222369958 0.006826599056260203 0.9999010702464909 -0.012214312261264945 -1.331933087063887 -0.43613709732502615 0.013968549709347472 0.8997731231730266 83.89417138800958
0.8967331746906392 -0.001315761515192239 0.44257775631774776 25.65200855015173 0.007612731245418704 0.9998932991747264 -0.012445278726589126 -1.331464040193819 -0.4425166104315984 0.014529549212952965 0.8966443701882226 84.01483803479996
0.8934353899867216 -0.0015265763248781543 0.4491973710783415 25.728895702161672 0.008058494918507 0.999887666302975 -0.012623251093375946 -1.3309059767175981 -0.4491300247708152 0.014898066554253603 0.893344050548851 84.14033409624315
0.8899404125602692 -0.0015756001880782397 0.4560817319577418 25.80920770610889 0.008310766038648179 0.9998832345370534 -0.012756050052304716 -1.3306025639377683 -0.456011032256809 0.01514246653524979 0.8898469003278956 84.26890527135374
0.8860233461562304 -0.0014664942666646307 0.4636465339628258 25.892023015130412 0.00854958188522949 0.9998765934433655 -0.01316846116575162 -1.330784015823987 -0.46357232561651707 0.01563172610310704 0.8859229973862222 84.396573752407
0.8815404727838982 -0.0008938282513119872 0.4721161132555857 25.97715633710877 0.00842217634928614 0.9998693516687929 -0.013825352935537905 -1.3310380749596096 -0.4720442818539956 0.016164047628793657 0.8814284770841645 84.52628965852013
0.8767954505191475 -8.999658125672993e-05 0.4808722256798719 26.067790502870906 0.008124774511613619 0.9998606365360715 -0.014619696140147055 -1.3310709580175286 -0.4808059665607107 0.016725655171641915 0.8766694777390749 84.66271478798424
0.8715606331749082 0.0010355832358569404 0.4902952852564173 26.161417219092584 0.007388787927888763 0.9998573951090334 -0.015238744987375945 -1.329779558826131 -0.4902432222229801 0.016904341401554893 0.8714236324997767 84.7998244662364
0.8651262468300547 0.0022261025558933884 0.5015567381063415 26.270099636399635 0.006494179126236016 0.9998569156988237 -0.01563334822695884 -1.3283199372775054 -0.5015220917065727 0.016782448709806077 0.8649839021073601 84.95241855842794
0.857799829805081 0.0030137407654326417 0.5139829779218419 26.388215695228876 0.005994319761022002 0.9998566630790406 -0.015859851375567148 -1.327771894561492 -0.5139591345602065 0.016686058002936616 0.8576543334831557 85.10681626352853
0.8497754770856667 0.003488258081994238 0.5271407003871961 26.511154305764542 0.005857415302127172 0.9998542122031554 -0.01605256839200164 -1.3286333824603216 -0.5271218032075976 0.016729454310365415 0.8496269132289135 85.25647243724295
0.8406417323265563 0.002608304379316983 0.5415926825451443 26.649229041238574 0.007436615175054645 0.9998389617272838 -0.016351764409214185 -1.331424344815044 -0.5415501802881237 0.017774393491167943 0.8404826215983456 85.41409479898225
0.8302427537708895 0.001139073596717159 0.5574076548438143 26.800573633821895 0.009506440798547152 0.9998238908540501 -0.016196948361362103 -1.3343830095826217 -0.557330027378419 0.01874698660044497 0.8300812806184438 85.57621719980203
0.8192365347580519 -0.00018490227351330453 0.5734622589846157 26.96700806655939 0.011221281423921032 0.9998140792020118 -0.015702478199997344 -1.3377020391241294 -0.5733546927023832 0.01929963967684833 0.8190817753973074 85.75165036380405
0.8077139895876111 -0.00022181413359340167 0.5895804594278171 27.15437048770783 0.011674433344579852 0.99981014761265 -0.015611877685968438 -1.3400139331745962 -0.5894668041868117 0.019493697209898162 0.807558943286687 85.9445708272069
0.7949733500887088 -8.551166037742158e-05 0.6066502993650474 27.33424849843284 0.011878101407374993 0.9998106901077951 -0.015419259626718767 -1.341245614549322 -0.6065358852589474 0.019464388324611188 0.7948194738039881 86.11817409730008
0.7805161906888783 0.0003489760823596034 0.6251407829501701 27.52979911856934 0.011743584514380503 0.999815103771416 -0.015215721113973154 -1.3424759851836379 -0.625032061866655 0.019218208532254113 0.7803632828115763 86.30235182681886
0.7650030302511451 0.0003654167179501016 0.6440314446166153 27.740104092591892 0.011737334984908419 0.9998255465113318 -0.014504486848393307 -1.3436584278194115 -0.6439253427534827 0.018656004046479532 0.7648607428686989 86.49256041979422
0.747917714784068 7.807603166301775e-05 0.6637960154819705 27.967517372048132 0.011827720145592089 0.9998393290453497 -0.013439254431034216 -1.3445211967778077 -0.66369097807994 0.01790373727649066 0.7477920161477909 86.69044719974282
0.7291594422663383 -0.000505789257484036 0.6843476259002141 28.213552635756415 0.01205880153564751 0.999853346824832 -0.012104535082219727 -1.3449784000523382 -0.6842415288238527 0.01708001919802698 0.7290539220930955 86.89482436992711
0.7093338856405831 -0.0006393280870785729 0.7048762341141778 28.47614653673415 0.011893372587817775 0.9998675404004979 -0.011056777569864394 -1.3459691179669777 -0.7047761816292475 0.016227632153327974 0.7092429677815999 87.10044270892806
0.6876197053267364 -0.0010142447297434181 0.7260740724525572 28.7572656272237 0.012611321496695544 0.9998642686128659 -0.010541947107019119 -1.3487880884014098 -0.7259649380515034 0.016407043330953223 0.6875346141594235 87.30664425964297
0.6644784332549749 -0.0010896396969933254 0.7473103796725133 29.05619492603899 0.013683943039225568 0.9998486378165072 -0.010704545975952209 -1.3535838236841686 -0.747185599901377 0.017340478556132705 0.6643881228434629 87.51214976097654
0.6398591381028363 -0.001281896953201939 0.7684944705375572 29.376054775638117 0.015375366938470192 0.9998192773245119 -0.011129380910483983 -1.3601479148313589 -0.7683410184461003 0.018938915035438326 0.6397586160794907 87.71738489310486
0.6146885814729345 0.0008703399572690257 0.7887727188786031 29.712864146127046 0.015145119590245523 0.9998016318605799 -0.012901342832444533 -1.368597359478841 -0.7886269519260432 0.019878134369797084 0.6145488110307534 87.92154092547602
0.58857257892627 0.006444840744321979 0.8084217190361465 30.050881781527142 0.011261374122235436 0.9998052369348643 -0.01616511113434407 -1.3793259527118409 -0.8083681778642259 0.018619997628996195 0.588380665763833 88.11311081456034
0.5606708215703449 0.011612496814938207 0.827960221176234 30.391374346344083 0.00740084502524676 0.9997907143688847 -0.01902990039809258 -1.3907412000324033 -0.8280075625574705 0.016798846944666088 0.5604628632267294 88.28833665791798
0.532125064893593 0.015620306018910837 0.8465244196938806 30.751434081724543 0.004068712416981908 0.999770448649838 -0.021001484215426677 -1.4021450019136785 -0.8466574161085207 0.014621284939915498 0.5319351071520086 88.45967858303592
0.502098361018703 0.017596686391596256 0.8646344299255514 31.127878120367928 0.003572497045030075 0.9997422970103407 -0.022416994186399076 -1.413895987685492 -0.8648046831514471 0.014345577335574558 0.5019016430332841 88.62025973557958
0.47071476182105193 0.017652846453232326 0.8821117042170985 31.513225516955192 0.005759006009122384 0.9997170725880395 -0.02307567304122639 -1.4250200619347066 -0.8822680154269652 0.015943312645824912 0.470475509350099 88.7643384076007
0.43765414695000787 0.017609191419360848 0.8989742167668149 31.963561122041092 0.007083060337440882 0.9997103069871074 -0.02302702961097317 -1.4334297298061047 -0.8991175083674374 0.01644581858972808 0.43739821104601884 88.91906010265562
0.4034530041960585 0.017131695777943216 0.9148433517463249 32.37884857377449 0.009408650615290608 0.9996951764957852 -0.022866303526999095 -1.4397441297216735 -0.914953886344828 0.017833298957095917 0.4031642338703679 89.03538373877376
0.36827198739075045 0.01751428306223417 0.9295565443500939 32.82627322693233 0.009988700229190352 0.9996915098317898 -0.022789439565401543 -1.44696826340976 -0.9296665808046187 0.017678061498495226 0.36797877702161513 89.1534560585953
0.33219179134403387 0.017968224409659735 0.9430442171868059 33.28288561747388 0.01086254452153901 0.9996806726782826 -0.02287013852953223 -1.4559328145939985 -0.9431513568079506 0.017841254673115182 0.3318860313990247 89.25587075058205
0.29609718214218905 0.01877700148348316 0.9549767581060226 33.74531328847628 0.011980335456594535 0.9996568892566449 -0.023366725855145803 -1.4677600612946946 -0.9550849631459043 0.01835951264037742 0.29576606857769766 89.34217545503168
0.2600229102990658 0.019021248720590783 0.9654185357379438 34.21927179902353 0.013531691788015485 0.9996375243282829 -0.023336744603784806 -1.4790905125494969 -0.9655097385751097 0.01913168090939187 0.2596668133723246 89.41414163789982
0.2248703990770347 0.019920450750373034 0.9741886257723533 34.7166400657711 0.012799343702193478 0.9996460706796466 -0.023392383379990948 -1.4919783234841095 -0.974306752986435 0.01772896586360813 0.22453145638645283 89.47902401625052
0.18983300335179723 0.02117588529054782 0.9815916509275394 35.20257951196129 0.011606733057435873 0.9996508936192573 -0.02380728072460439 -1.505535512409677 -0.9817499114564776 0.015912160048236233 0.1895167905629045 89.52389393528773
0.15511171481450323 0.02248441753748963 0.9876445417060068 35.70589113169298 0.01105315801677423 0.9996405595881894 -0.024490401654249056 -1.5212953402391212 -0.98783684659511 0.014715350879937469 0.15480328113703942 89.55493203053332
0.12128879267609141 0.023998421751815713 0.9923306492489516 36.198919988633165 0.013020475672346429 0.9995849044983917 -0.025762337026530222 -1.5391059874451625 -0.9925335152601913 0.016045368291815916 0.12092183037992932 89.56783175524625
0.0903785979297429 0.024626364147797505 0.9956063846294635 36.707257226433235 0.015273309259368954 0.9995439317663233 -0.02610709097356496 -1.5567831868388857 -0.995791480059542 0.01756593289844106 0.08995709304070462 89.57182817902883
0.061931783922805836 0.02467395912759686 0.9977787008895066 37.20985941769952 0.017761638808932285 0.999510421359521 -0.025816027993217406 -1.5734972479790896 -0.9979236461181721 0.019321234207546775 0.06145923442077367 89.56401697259167
0.03687871644786251 0.024509217435817854 0.9990222034844544 37.73214269937468 0.01793731960269078 0.9995233299577736 -0.025180233138746594 -1.5903810835309047 -0.9991596197513829 0.01884837975474556 0.03641730160287356 89.54827929359725
0.015226871560945137 0.02477335232181394 0.9995801859319073 38.260382443950846 0.0183547145500726 0.9995189416389478 -0.025047750517318706 -1.6086799877326856 -0.9997165149636683 0.01872818778813714 0.014760737824600956 89.52271962884636
-0.0024427857128170513 0.02524370770009018 0.9996814748189882 38.81505932273094 0.018605562318075874 0.9995107955892298 -0.025190269856625563 -1.6292507923641728 -0.9998250547305535 0.018537673791674675 -0.0029151459211693397 89.49299458674406
