1.0 0.0 0.0 0.0 0.0 1.0 0.0 0.0 0.0 0.0 1.0 0.0
1.0000001192092896 0.0005912482738494873 0.0003046095371246338 0.0018308593425899744 -0.0005912482738494873 0.9999997615814209 -0.0005832910537719727 -0.006063966080546379 -0.00030493736267089844 0.0005832314491271973 1.0 0.987868070602417
0.9999984754961613 0.0015552392195683495 0.0006986837575535532 0.0016690407975087362 -0.0015545559132768005 0.9999981809059024 -0.00109064018027194 -0.012152574996141682 -0.0007005884259339012 0.0010896362073182786 0.9999991667418939 1.9813094407160667
0.9999951234305138 0.0029222244928381606 0.0010030173497537816 0.002392305417543663 -0.00292101331914797 0.9999947487158447 -0.001306434868012289 -0.017644033899701123 -0.0010070737375663583 0.0013036712213724498 0.999998420648837 2.9744410248082485
0.9999919349291461 0.0037181775385415304 0.0012688654589734175 0.0012692247992560203 -0.0037163514891263216 0.9999916539279252 -0.0013945320429084602 -0.023535352599603557 -0.0012745726019633453 0.001390427950705186 0.9999976811966201 3.9970118263191052
0.999988689080068 0.004354953153339578 0.0017257997121008356 0.002232154472608397 -0.004352673231865437 0.9999893913490079 -0.0013217238883846101 -0.029194942242230314 -0.001732147605394231 0.0013148423529926016 0.9999971431394876 5.007880137635179
0.9999812629916693 0.005423282984526956 0.002917584254063836 0.0017419162652166998 -0.005420318224535637 0.9999846296192814 -0.0011413005909139372 -0.03368070870837243 -0.002923943001406225 0.0011257731401321804 0.9999950261926709 6.0218520920889
0.9999747631035166 0.005784101198747862 0.004147426054806424 0.007926086764109691 -0.005780765395195508 0.9999826823972399 -0.0008758666894828171 -0.0390698835694386 -0.004152673995000411 0.0008523086714436755 0.9999907274876666 7.0228121658336295
0.999964969309603 0.006636977526448492 0.0051179378400153935 0.01329139055890605 -0.006634031604877296 0.9999776341731452 -0.0006709497268639177 -0.044714249907954244 -0.005122412043193663 0.0006372280373443427 0.9999864048138429 8.040707398949598
0.9999570071603736 0.006597817834737785 0.006514363875420117 0.0205586859197465 -0.006595478901438439 0.9999781580378533 -0.00045287618602387215 -0.05048763497807211 -0.0065172464154605765 0.00041001922517715103 0.9999782119771281 9.048808604191864
0.9999424027398036 0.007183092208421626 0.007961993194531041 0.029148885519849357 -0.007181013875822081 0.9999741090767501 -0.0003418113523691986 -0.05643648044423461 -0.007964319652539797 0.0002847277989900225 0.9999677587475428 10.076820380447737
0.9999253141745742 0.0075378984042442036 0.00960836930418591 0.03888542097113675 -0.007535496561977205 0.9999715142178531 -0.00030924266094100515 -0.0627280326367731 -0.00961063656688566 0.000237062834072415 0.9999535283819951 11.095535746619484
0.9999177089542878 0.007599781306891912 0.010301671776656966 0.05136683019278976 -0.00759738488101161 0.9999707640269709 -0.00025420532828462813 -0.06921883899105956 -0.01030378671126593 0.00017653274342898745 0.9999464662058711 12.113387509826225
0.9998961520265855 0.008598980756193482 0.011518250502272523 0.061015597765029336 -0.008598244877192351 0.9999624300290061 -7.79835988143616e-05 -0.0745515285285187 -0.011518983957218393 -2.0276586853600824e-05 0.99993302334568 13.137900557444762
0.999878610092578 0.009191443793956765 0.012541759622989647 0.07265834954377474 -0.009194362484834418 0.9999570311064643 0.00020785157088906153 -0.07921567969685621 -0.01253983409438386 -0.00032228348906128195 0.999920778679728 14.162404222651567
0.999862498941399 0.009760157056837108 0.013347586698252499 0.08410379833869981 -0.009772929835948619 0.9999506666410385 0.0009451727102288208 -0.08242672335166984 -0.01333848552374323 -0.0010744723563479676 0.9999096838242645 15.186622382521453
0.9998452600294021 0.010229786294498654 0.014264142200099838 0.09664917628839352 -0.01025155398522522 0.9999451073956038 0.0015040930136584747 -0.08551945333401356 -0.014248792299506095 -0.001649117178901459 0.9998963243757162 16.220404316100577
0.9998329223093527 0.010558956114998025 0.014876142667118088 0.11167233123022396 -0.010588050883224459 0.9999408886738048 0.0019367382411160016 -0.08603393633035618 -0.014855722608141131 -0.0020928399311298715 0.9998865852842607 17.236698196152425
0.9998215747568775 0.0108983856302583 0.01540599001079965 0.12825195807757364 -0.01092853652411612 0.9999372952997218 0.0019304415138104117 -0.08804202632555289 -0.015384809301755967 -0.0020973467449449355 0.9998785948086525 18.285572569135446
0.9998087785244921 0.01114717016232506 0.016044877274155347 0.14495463928530053 -0.011179285904883773 0.9999343851276821 0.00195749383698861 -0.0909079723117557 -0.016022808906898736 -0.002135302306257871 0.9998684597756032 19.35116194878941
0.9997985952853609 0.011207666883049031 0.016652186002192915 0.16339143889224697 -0.011244751986917977 0.999933479771884 0.002169360904582545 -0.09384015860162287 -0.016627463832811423 -0.002355004096114237 0.9998582993095826 20.40910398878399
0.9997803463025072 0.011612946675012665 0.01746075068279451 0.18210419388858284 -0.011646848839396049 0.9999296201966488 0.0018635373779989804 -0.09888909831283413 -0.017438515216767148 -0.00206526043723857 0.999845495674172 21.472394040583517
0.9997623233917959 0.012322157329623983 0.01801398989782678 0.20361973058476499 -0.012333343639217622 0.9999233387589608 0.0005230525845603459 -0.10761928601333953 -0.018006472228286944 -0.0007443713832914109 0.9998376748914453 22.53117740098965
0.9997445003449519 0.013181062378678369 0.01836163247825935 0.2247243415020077 -0.013171141450492202 0.9999122957437765 -0.0006409028526351044 -0.11757988484925713 -0.01836924163189429 0.0003997474853431063 0.9998308271109353 23.59002562065115
0.999727569365038 0.013690368652709037 0.018917950797842017 0.24469733936451632 -0.01368092642052934 0.9999056002250377 -0.0006127046509302983 -0.12448268280849738 -0.01892519465871494 0.00035444187810566917 0.9998206281579958 24.67167308296007
0.9997101496730619 0.014032864865102213 0.019565360853762332 0.2640940712580292 -0.014039912599461375 0.9999005062643275 0.0002497133634170776 -0.12897293608270619 -0.019560703757506317 -0.0005235581936324373 0.9998082512603302 25.75461785228203
0.9996834542067528 0.014822985875218828 0.020338272845749756 0.2846983848414588 -0.01482921596848454 0.999889260404232 0.00018207954225720412 -0.13428375422929878 -0.020334158739129832 -0.00048291926543925353 0.9997929634620737 26.846788173612
0.9996720555044333 0.014982697764711603 0.020770610787083067 0.3077389924781483 -0.01497977743610617 0.9998871036672584 -0.00026348912188617644 -0.14206438610723293 -0.02077303812538089 -4.699954689632016e-05 0.9997841298749749 27.928742982496026
0.9996620431428143 0.01525051581283532 0.02107090663998228 0.33086540700936173 -0.0152393684484749 0.9998832289226199 -0.000670573860523138 -0.14956738550638624 -0.02107915383553771 0.0003496745637398182 0.9997777833644714 29.00076891621955
0.9996646679881068 0.014906422863458111 0.021189732696231287 0.3558254363617488 -0.014891025844123612 0.9998884051753039 -0.0008707129069002418 -0.157071751054788 -0.02120086414769366 0.0005552788987750418 0.9997751446527289 30.07535083541306
0.9996682422872536 0.01472251016370512 0.021139388731359916 0.3807991523408239 -0.014698052623694427 0.9998904956392063 -0.0012872117077716828 -0.16596631773869938 -0.021156624592764784 0.0009769224746309624 0.9997757295539998 31.162063861196692
0.9996733781868966 0.014516845270521907 0.0210512117261164 0.40687482611515646 -0.0144738259065228 0.9998925281382615 -0.002179514010953537 -0.17670959547496148 -0.021080997701184757 0.0018747094417314114 0.9997762059459762 32.24954585771362
0.9996896556344581 0.013287599177153726 0.021087493334806858 0.4336621048315326 -0.013225065865416172 0.9999074370482998 -0.003085064210511826 -0.18735660831907888 -0.02112692287133135 0.002805805578422379 0.9997731096246169 33.32431677281051
0.9996940163250696 0.012818623389253011 0.021198881193041114 0.46088804327890764 -0.012751742184355944 0.9999135405086244 -0.003292728072764398 -0.19561033952705587 -0.021239454573149484 0.0030215929086376105 0.9997703577062959 34.39453443003776
0.9996940647629925 0.012381908069916374 0.02143527728652276 0.4866902830733607 -0.012318272266814439 0.9999190452943273 -0.003080389824998868 -0.20299874634156753 -0.021472164232350044 0.002815917000338332 0.9997659253152296 35.47398241837501
0.999715042715032 0.011099291328119732 0.021167521000210153 0.5150791794551357 -0.011031935064316335 0.9999331023266458 -0.0032745894173969027 -0.21194589900670577 -0.02120291474447818 0.0030406641979593956 0.9997709485230367 36.540761974871195
0.9997279109716344 0.010181688381572011 0.02103022145918347 0.5421993671466057 -0.010102563337973092 0.9999411382180136 -0.003842926201663252 -0.22312443299247953 -0.021068505379550285 0.003629891277436435 0.9997719341148016 37.63218382789262
0.999730455370935 0.009750251077658648 0.021129558179611263 0.5679916372543131 -0.009667746130558947 0.9999451740603669 -0.003998998773414097 -0.23415296566243 -0.021167597549324083 0.0037939302051747024 0.9997693637758281 38.71800431085041
0.9997317624559879 0.009259488731205984 0.021254582907031448 0.5937206491395716 -0.009181764385868433 0.9999501194931556 -0.003711500186148994 -0.24406185022768684 -0.021288405759129606 0.0035160369591901676 0.9997675733900785 39.806738915211135
0.9997267869705927 0.009396677324079589 0.021428897261078817 0.6194955178714189 -0.009319693519076772 0.9999490590490623 -0.003656504528786809 -0.25448471221658836 -0.02146257037491422 0.0034563595340295844 0.9997640716673669 40.90381206861029
0.9997237585657193 0.009381005095281805 0.021593765612896974 0.645482120978071 -0.009305836473296669 0.9999497804483256 -0.0035610909626846883 -0.26476148543835054 -0.021626316927763255 0.003359221429251502 0.9997608868425661 41.996531750826385
0.9997177589922762 0.009470670546112071 0.021832625428173928 0.6711195042074957 -0.009396477145452152 0.9999493224752982 -0.0034867489598337824 -0.27502583150248167 -0.021864658096368735 0.003280642943268782 0.9997558732468987 43.09271189239943
0.9997146604573257 0.00950901075806252 0.02197993157174765 0.6984749375424795 -0.00943297924074328 0.9999491402923818 -0.003579661123900618 -0.2858245578350304 -0.0220124542057136 0.003370843607202105 0.9997526900391273 44.18594257916241
0.9997016347103123 0.009776245935847267 0.022456706509330727 0.7247990349537712 -0.009694197587990548 0.9999457103791586 -0.0037829188259665384 -0.2973692101350395 -0.022492085843545975 0.003563667869034192 0.999741361244885 45.28804853207212
0.999692519645953 0.009872231134210513 0.022820666939635095 0.7514713961708258 -0.009789106773239565 0.9999448378268984 -0.0037702640166900904 -0.3078822569289546 -0.02285631061885341 0.003545172617152705 0.9997329953241185 46.38347609573399
0.9996826503094451 0.010272194719609988 0.02308527234271526 0.7764487285679392 -0.010197497360959639 0.9999421102144327 -0.0033702089761819065 -0.3162798670054293 -0.023118286645525486 0.00313350393770758 0.9997284638296431 47.488223767558345
0.9996738449940613 0.010562732181918754 0.023332346758652093 0.8025035846133131 -0.010511692770956977 0.9999419148552904 -0.0023183016404420696 -0.32303844794602293 -0.023355300866297675 0.002072249556092625 0.9997257082369821 48.589447667775914
0.999667343399215 0.010918179743279258 0.023465548478560146 0.8294252743595462 -0.010873323061443448 0.999938715313987 -0.0020605575971569335 -0.3305324054642384 -0.023486140517424293 0.0018043265462873172 0.9997233164292539 49.69589042658444
0.9996571445875367 0.011245936331744462 0.0237526913924615 0.8562822850141899 -0.011200538072227713 0.9999350210475236 -0.002069314226861392 -0.3389252609760024 -0.0237738305434001 0.0018022005664941254 0.9997167971823845 50.79791686541683
0.9996382766124294 0.012041807816487225 0.024159848071031623 0.8856102855935993 -0.011985593115126352 0.9999253242640743 -0.0025067813138397736 -0.34724720427247785 -0.024187320521881186 0.002215707427090469 0.9997062182806273 51.899122198075425
0.9996209709279879 0.01262660708962289 0.024581905276005022 0.9159520394061962 -0.012555575788651734 0.9999168088577873 -0.0030829830662001223 -0.35806257595817687 -0.024617641633448314 0.0027724076053486915 0.9996943954943078 53.00975292013662
0.9996043315328321 0.012707240045109057 0.025197823704859165 0.9465895497566177 -0.012623981732246948 0.9999144986975177 -0.0034940331562942897 -0.37023584815867133 -0.025239013413657224 0.0031737377950821683 0.9996774472093145 54.106842514675385
0.9995845852517405 0.013124035442565917 0.025747112680319525 0.9784302751448342 -0.013034713196643077 0.9999082584854391 -0.0036583362825816524 -0.38213894247450575 -0.025792009575479904 0.003320588268251459 0.999662432082051 55.22516475171775
0.9995749848031996 0.013010774630239537 0.026172936355079546 1.011820394807445 -0.012919228186747367 0.9999096546201179 -0.003688149699221815 -0.39436894582780163 -0.026217806481055476 0.003347837348110299 0.9996512366517258 56.32369845162302
0.9995622087201245 0.01318330258697694 0.02656589706430436 1.0438969678885646 -0.013079895433435783 0.9999060183665459 -0.004077141594587837 -0.40803716242587695 -0.026616631388100723 0.0037276827910685834 0.9996393346449484 57.436221634527854
0.9995606559625242 0.013118806491069404 0.02665630974981193 1.0779308835170216 -0.012998199538762616 0.999904444278065 -0.004710898863588052 -0.42324537917353805 -0.02671508739163832 0.004361994716644427 0.9996343472122119 58.549363066072985
0.99956023215262 0.012820606248967926 0.02682822249607442 1.1106170209451802 -0.012686347358831528 0.9999061716414388 -0.005192361902187182 -0.4376763476730405 -0.026891591784104225 0.004849202850721266 0.9996274942824461 59.6469891745495
0.9995572200556553 0.012785664536284151 0.02696620349380853 1.1440716801757 -0.012639357662469734 0.9999045731246264 -0.005615160137784324 -0.4527430355819513 -0.02703458030302553 0.00527115829388614 0.9996217145568363 60.77132869600491
0.9995580148016349 0.012548891873242173 0.0270378717195238 1.1785522169264975 -0.012395919615481683 0.9999058773784213 -0.005834679009571624 -0.4674454335254458 -0.027107977313492116 0.005496295567257439 0.9996181905556726 61.88312675125555
0.9995681999275807 0.011772566031804103 0.02699981779147127 1.2136058808000707 -0.011611432698128178 0.9999133119216578 -0.0061244985764901125 -0.48308376033358064 -0.027069149999142502 0.0058078270009758876 0.999617349477088 63.007759040974086
0.9995720525580368 0.011111188017112696 0.02713694094243036 1.2478333662773087 -0.010941029250879867 0.999918826902636 -0.006406649322076161 -0.498363908374719 -0.027205644336139558 0.0061065850169734065 0.999611857648549 64.11488898284611
0.9995721524738481 0.010128291369994796 0.027514050719669433 1.2820835941462123 -0.00994660543112818 0.9999268216723131 -0.006726096560905153 -0.5132151023578609 -0.02757998306734834 0.0064492126230115635 0.9995992748009019 65.20254746117602
0.9995831635259413 0.008288878957052045 0.027731045353924406 1.3179396963120789 -0.008098341154994963 0.9999421752510336 -0.006981991602498533 -0.5282242992115329 -0.027786981494147885 0.00675403780928301 0.9995914610166077 66.29255028428064
0.999582551783945 0.006926783570593434 0.028138785582350036 1.3534486740121574 -0.006731243440658112 0.9999523469558179 -0.0070598607024447806 -0.5432437232688454 -0.028185957195955152 0.006866805080709687 0.9995795459966234 67.39474617289925
0.9995846328305142 0.005204047940731494 0.028416747554680842 1.390341480889819 -0.0050111925671545805 0.9999634233918154 -0.0068599693562592535 -0.5572775139945035 -0.028450990449790287 0.006714025648208071 0.9995728944593778 68.49696676451356
0.9995864350449746 0.0030219441558273987 0.02868535477093254 1.427862901199352 -0.002832333455256503 0.9999737081388717 -0.00666517362990759 -0.5684982610735213 -0.028704388255272443 0.006580707076545354 0.9995665354839763 69.58568562461747
0.9995801652389794 0.0001535322130012361 0.029071870377458505 1.465810509924649 6.857482366623534e-05 0.9999708819202506 -0.007668041029839371 -0.582386654606809 -0.02907186272620328 0.007666313759665819 0.999548160473829 70.69844764039533
0.9995769288580338 -0.0031336737037888076 0.029023055888687303 1.5043949312043297 0.003433195359494875 0.9999416582164835 -0.010314564897952017 -0.6005444962930604 -0.02898853333709083 0.010409057214978699 0.9995257008353053 71.81220268969302
0.9995701720158993 -0.005065994959111999 0.028986262200330102 1.5431366626877938 0.005407113058693303 0.999917254691308 -0.011734604412243723 -0.6206731892231879 -0.02892393000788339 0.0118854292149137 0.9995111025078153 72.92965311935772
0.9995573287087469 -0.006676149541278192 0.029112844841097597 1.579909516699803 0.0070190376783116635 0.9999073680044303 -0.011732416154847559 -0.6401034280982985 -0.029031352522665272 0.011930714118132632 0.9995075765841313 74.0301031922338
0.9995334523791277 -0.00874285582611069 0.02936378220301848 1.6161650353456192 0.009078559615955932 0.9998945597455277 -0.011337852912530146 -0.6578674690249107 -0.02926094968221774 0.011598121972049978 0.999504719848007 75.12216889982226
0.9995288030159734 -0.009249784501128247 0.029375367540803086 1.650763654757417 0.0095849212851293 0.9998903172300907 -0.011317035610360602 -0.6772642659017394 -0.029266728188413225 0.011592049516204598 0.9995046156179502 76.23340858235342
0.9995242914548498 -0.010149841910296397 0.029221031028438125 1.6865483871675528 0.01048633775918533 0.9998799638362165 -0.011405282560706748 -0.6966648806220099 -0.029101132586503296 0.01170525630865609 0.9995080927103059 77.32262372605814
0.9995202268826311 -0.010775987917973143 0.029147076261415925 1.7213004507350376 0.011116638453084379 0.9998713289375251 -0.01158271071278189 -0.7162040136256268 -0.02901769929250408 0.011899934881954894 0.9995083495856353 78.43493204728131
0.9995227343732166 -0.01118210559622267 0.02891950854892704 1.7562887755303493 0.011526295136387131 0.9998642851780692 -0.01180789148224052 -0.736781665889885 -0.028782599864119626 0.012134041229381668 0.999512257093044 79.53372611246913
0.9995131650433222 -0.011784270550633047 0.029009295577080322 1.7899032316995167 0.012134143509222244 0.9998552148080257 -0.011962331569320578 -0.7575476243619774 -0.02886317735870136 0.012306925829481166 0.9995076561589011 80.64814330489291
0.9995065766469275 -0.012647815169866948 0.028873818004972112 1.8251337082492674 0.013013820176606553 0.9998368373397015 -0.012576348935291954 -0.7792830623968547 -0.028709084287423067 0.01294406038152626 0.9995038825237441 81.74432897645215
0.9995080853955676 -0.013299787207302884 0.028516038420579995 1.860146582874763 0.013690164424135714 0.9998144418629938 -0.01359046461407533 -0.8033077005926533 -0.02832918721313184 0.013972368608269366 0.9995008034074232 82.86342887020932
0.9995040615857633 -0.014353004360753662 0.028145991975408808 1.8949063766168068 0.014765194445210317 0.9997855034721381 -0.014540017601144893 -0.8277234883258475 -0.02793056047794708 0.014946721032320568 0.9994979142737365 83.96954470005863
0.9995043176785898 -0.014741186273767049 0.027926379030076692 1.9273080154893496 0.015160437246926723 0.999774141779916 -0.0149076503692539 -0.8531172774662253 -0.02769963849991663 0.015321973159989098 0.9994985124161551 85.1046948572142
0.9995002311918566 -0.01476569618235376 0.02806847365529696 1.959182766573285 0.015185954960022298 0.9997742904311555 -0.014871462736800093 -0.8775771160536131 -0.02784172988547641 0.015288698318931183 0.9994952013041655 86.21205367395973
0.9994913233078788 -0.014361161885521575 0.028590075258116045 1.9908779333876416 0.014783913312935184 0.9997831318881301 -0.014679775065262224 -0.897992530555588 -0.028372246654602206 0.01509340727108127 0.9994832863953863 87.34098014938346
0.9994811643490796 -0.013861833772756049 0.029196156707426122 2.0216747042918892 0.014296184615151536 0.9997891065562926 -0.014772821345077864 -0.9197163013891833 -0.028984269385798535 0.015180592525316174 0.9994644643652941 88.46145664188703
0.9994801878407538 -0.013035069907188022 0.02961007496329864 2.052907893218633 0.013478737445733293 0.9997987767715709 -0.01488938682081166 -0.9420057200811518 -0.02940882790568658 0.015278929508717341 0.9994506508237831 89.57950899477196
0.9994720917200453 -0.01246065487389621 0.030130076339750553 2.085276975993603 0.01291171336304551 0.9998064064307132 -0.014874474976440946 -0.9645160911615903 -0.02993778814149812 0.015254064517315832 0.999435348629714 90.71089631016578
0.9994710675835473 -0.011885751293767144 0.0303957868959588 2.119071592586206 0.012339823261567393 0.9998139483719715 -0.01484406852469775 -0.9873593265170226 -0.030212672121915092 0.015209769998892758 0.9994275524948225 91.81543795245989
0.9994583674163277 -0.011706943474750415 0.030867251025730527 2.153050275950862 0.012170621411665887 0.9998148448051253 -0.014916444067701755 -1.0103766598422947 -0.030686123851391026 0.015282710739236635 0.9994120201881456 92.91852540728034
0.9994486140628348 -0.011946939810663292 0.03109612468638256 2.1880854984310396 0.012418107936758769 0.9998099498724492 -0.015050445679234347 -1.0334327273372703 -0.030909505472991837 0.015426908028195482 0.9994030709942149 94.01761579267703
0.9994681684061876 -0.011928643475685018 0.03046333505872986 2.22247402020031 0.012401534153560226 0.9998042585724722 -0.015433857623267079 -1.0580538130433113 -0.030272332144455707 0.0158021655052139 0.9994167473917189 95.12499179462843
0.9994768729690807 -0.013162688789992593 0.029652322786227297 2.2561971007591444 0.013640331739813445 0.9997787439514424 -0.016014643282277828 -1.0814651331913674 -0.02943409722483945 0.016409568039419866 0.9994319024242218 96.21845327544747
0.9994854015325464 -0.013856150049398505 0.02903315248635644 2.288086052486506 0.014340047058639468 0.999759661301891 -0.016565613281865905 -1.106370430867304 -0.028795920742692726 0.016972397392781256 0.9994409073559056 97.3143847525207
0.9994922298469829 -0.014170975715173643 0.028641734974951046 2.319378404832416 0.014674207621993238 0.999739287786824 -0.017466022307743787 -1.1332152541507008 -0.028386295068694452 0.0178768179231252 0.9994365192605287 98.40471836901527
0.9995125625798035 -0.014305431483453602 0.02785161216466766 2.3505745902681703 0.014818448699145526 0.9997215886537045 -0.018333515126444346 -1.1610229231574578 -0.02758112034291577 0.018736676492775117 0.9994431674251789 99.47903182189194
0.9995162986986605 -0.015043765575549347 0.027317262696052485 2.3804665477186786 0.015558587900208315 0.9997023578136899 -0.018764493357644234 -1.1876848359255336 -0.0270264502111044 0.019179983723050076 0.9994499138401244 100.55228262247309
0.9995291973132961 -0.01502623522693536 0.026850528542065134 2.4083178998920487 0.015523460905967226 0.9997091202681977 -0.01843996059902515 -1.2126367326373155 -0.026565242898917128 0.018847481283719 0.9994687634199204 101.64222694153652
0.9995394548643413 -0.014926525644473821 0.026528642407377383 2.4356692268709814 0.015357658404627769 0.9997511942907421 -0.01616617920837213 -1.234722648950962 -0.026280683372826137 0.016565684963751298 0.9995168553376337 102.7323962714987
0.9995403549454334 -0.015102603555098727 0.02640454985681735 2.4634368103588553 0.01550354934473808 0.9997656326228233 -0.015097821895280328 -1.2559373643807632 -0.02617026215263897 0.015499725046891795 0.9995368913334098 103.83835870526593
0.9995411401831208 -0.015783476470699578 0.02597870497697596 2.4954410145947588 0.016177731458770366 0.9997552259507083 -0.01509487169794366 -1.2764269984780878 -0.025734012801542243 0.015507610520751218 0.9995479467283584 104.90944111053889
0.9995528471611144 -0.015946220036095384 0.02542100296470266 2.5254401091489345 0.01636740141821604 0.9997300355576755 -0.016508209934454426 -1.3019686272026794 -0.025150790805094636 0.016915961329917923 0.9995399059582439 105.98395007804325
0.9995533416272332 -0.015998717743042557 0.02537825802601218 2.5548456215312734 0.016449680890073818 0.9997079468580166 -0.017728071191851668 -1.3299839307456602 -0.02508706946703662 0.018136614931815696 0.99952019126781 107.07541795777821
0.9995606761367541 -0.015396979340864512 0.02545144919358753 2.582170383672049 0.015868334878884095 0.9997035220525889 -0.018483428909079072 -1.3585699617248348 -0.025159435640995705 0.018878361247799996 0.9995045187895684 108.16439664282338
0.9995660297440248 -0.014780645739416957 0.025633475425699635 2.606764439310292 0.015256770616588968 0.9997121315266935 -0.01855612294859487 -1.3842224835225723 -0.025351452970168588 0.01893769672855078 0.9994990164945033 109.24558433696455
0.9995674599183776 -0.01495854910992059 0.02546061192262454 2.635104301158794 0.015421650374735212 0.9997167920296228 -0.018150253246486586 -1.4093694624394162 -0.025181720579740642 0.018533983576272832 0.9995108053720289 110.32477904274998
0.9995684493530966 -0.014539003602582107 0.025668530986711534 2.6613780436859806 0.014999613907876203 0.9997278802856567 -0.017904742055229798 -1.4344093781340583 -0.02540093020351101 0.01828090768616754 0.9995103249154468 111.41244390054186
0.9995639149503539 -0.014392137679771528 0.025933063770124616 2.68949265399303 0.01485953073797088 0.9997286286290309 -0.017986985920062575 -1.4608938601611368 -0.025666785398020888 0.01836329058972088 0.9995020583446679 112.50117313601731
0.9995672037244604 -0.014259580696556745 0.02588948061010288 2.717090635616586 0.014731083968016118 0.9997269223071173 -0.018194509670918683 -1.4870897373215932 -0.02562236912169345 0.018566543145151302 0.9994994547906069 113.55819591131197
0.9995637410975098 -0.014385575471537047 0.025949378872512103 2.7445212547545075 0.01485908286412047 0.9997245429310847 -0.018234826040509123 -1.5135353834415446 -0.025679196471755407 0.018610747139939796 0.9994971694775127 114.63675870106879
0.9995630809347837 -0.014077639999483013 0.02615032906729589 2.769807087490705 0.014551373045052256 0.9997316841545466 -0.018107004564397965 -1.5380514016892595 -0.025887610132063487 0.018477948315019213 0.9994942842493729 115.70160265857973
0.9995666845146562 -0.014044172000898924 0.026049264069570376 2.797623593529178 0.014512423552763977 0.9997347558329651 -0.017981798606301422 -1.563326806227228 -0.025788789976193577 0.018350165790276717 0.9994994349584397 116.77492710457074
0.9995692844536354 -0.013652565305454065 0.02615576377635434 2.8246115252699626 0.014136621714693631 0.9997305426758221 -0.018513023415641004 -1.5911065985311974 -0.02589490953781548 0.018872808466613804 0.9994869840190342 117.85117908382574
0.9995679520932028 -0.014442951633755745 0.025790210357209253 2.853896962580519 0.014936361913365028 0.9997073729223365 -0.019140951323741474 -1.6185217491372965 -0.025505076290753062 0.019515803792362257 0.9994847413513107 118.91177125948515
0.9995731024961927 -0.01372934461900685 0.025973633237807613 2.879494607123091 0.014240730770595443 0.9997065262723983 -0.01970643284876023 -1.6468854481284687 -0.025694305116082918 0.02006576033203415 0.9994689418264258 119.97519175121197
0.9995704246392569 -0.013474263757070722 0.026201946018720296 2.9076737052631674 0.014010074250956626 0.9996945258530924 -0.020470090439515705 -1.6766849458930049 -0.025917052015380956 0.020826176823077972 0.9994475957014217 121.03458704678806
0.9995775058863207 -0.012966741035246322 0.026187663770545058 2.937932410313744 0.013518389331668797 0.999688021627566 -0.021089202735229077 -1.7055771869456027 -0.025905181399279942 0.021432284500472333 0.9994348140870088 122.1284031470725
0.9995868861912013 -0.012549224336477168 0.026025336596130093 2.9657518905037525 0.013092922381960843 0.9996971980183454 -0.020921426285026707 -1.7322843185660328 -0.0257537980056952 0.02125127099346093 0.9994424879573803 123.22016613314975
0.9995937277802811 -0.012378684599393844 0.025854286366266813 2.9942429432877287 0.012898952755067868 0.9997155819322149 -0.020153080316553103 -1.758689327755751 -0.025596148999561183 0.020476007568472836 0.9994627854445136 124.32241715083653
0.999599529348561 -0.012437030302329606 0.025592683158713887 3.0247085367752695 0.012950215082314963 0.9997163528275486 -0.020076057012636855 -1.7873783618223258 -0.02533444441341791 0.02039729113738554 0.9994709858971015 125.42027692756926
0.9996061019145465 -0.012240073405263212 0.025417485374248767 3.055009554587774 0.012786017957414299 0.9996883409946888 -0.02152011113888295 -1.8198152836018893 -0.025144957583795438 0.021834613299360876 0.9994452759133227 126.47755862668902
0.999604979652978 -0.012035733219557079 0.02555952698894562 3.082522817481646 0.012614220295881622 0.9996648425641878 -0.02268042005848062 -1.8525263057422237 -0.0252769384208299 0.022992144760972725 0.999416026228442 127.5011072198705
0.9995961851227186 -0.012237477377043702 0.02581323665614012 3.111577134700712 0.012831868732442143 0.9996531029140929 -0.023076882360745225 -1.8837382322066518 -0.0255207992687998 0.0233969501155862 0.999400481894679 128.5242671117088
0.9995864255066491 -0.012361710229886852 0.02612056406328157 3.1375200257388194 0.012952618320594564 0.9996608324918429 -0.022659338982227575 -1.9119305216792692 -0.02583064771360127 0.022986477512009898 0.9994019464493671 129.5563304676611
0.9995865713533643 -0.01270632476987516 0.025928421608362534 3.1653534176377223 0.013265732786978594 0.99967983333959 -0.021584746164012167 -1.9382084037921115 -0.025644900337107895 0.021917888304266175 0.99943061462206 130.5754255184151
0.9995791659349027 -0.012540891821752258 0.026299600470698122 3.192300098349312 0.01309212643205858 0.9996955668790661 -0.02095147121447557 -1.9655723866225217 -0.026027997222697958 0.021285345736077394 0.9994345418676984 131.64622719923236
0.9995785071468714 -0.012203151907072102 0.026499904032084458 3.218413614732356 0.012743743434617491 0.9997120355936268 -0.020394726487772963 -1.9920517595963367 -0.026242287368744288 0.0207220775626584 0.9994411800664605 132.707652432755
0.9995688412316033 -0.012212658290606372 0.026874128753519532 3.2460629967040266 0.012746444792700951 0.9997232485955183 -0.019860766075704053 -2.0179195407034425 -0.0266227647235713 0.020192823700556667 0.9994421532072114 133.7553083530854
0.9995632369086251 -0.012178215468124703 0.027107368245389084 3.2736403612558966 0.012703791288848996 0.999733268283766 -0.01938364955222828 -2.0425486975720166 -0.026862550244275116 0.01971763180101628 0.9994453622333743 134.77470908780623
0.9995557667330986 -0.012653634678438391 0.027178205846778235 3.3040086837891414 0.013177965367487152 0.9997294100578196 -0.01929039199973246 -2.067994537182055 -0.0269251052348663 0.019637818278287943 0.9994454881145858 135.78858690781604
0.9995489179158993 -0.01254394330153131 0.02747215715973198 3.3318139381977088 0.013070807443060816 0.9997330262938988 -0.01916403707842373 -2.0935772799188475 -0.027222939783945646 0.01951226019271455 0.9994396951041509 136.82677789538985
0.9995389171090863 -0.012419452973054875 0.027879895515653553 3.360244228500635 0.012957505290098714 0.9997324541234702 -0.01928374171209981 -2.120177713691569 -0.027631390505245167 0.019633799244038113 0.9994261333455399 137.8673838858815
0.9995306563074444 -0.01257625943125145 0.02811048661313537 3.392541924285751 0.013121687601663077 0.999728482044628 -0.01938556073239698 -2.143832806940369 -0.027857513154031954 0.01974294191514424 0.9994179753926473 138.86545136191017
0.999520087360633 -0.012998359013034231 0.028310573593802683 3.423860310854223 0.013543555002162333 0.9997259320705156 -0.019249676927916435 -2.167145904074083 -0.028050809289441626 0.01962136547233988 0.9994152218620096 139.8745377318965
0.9995158004168339 -0.01235983553694663 0.028751391282420997 3.452425625122221 0.012903768482879403 0.9997410409558317 -0.018912306996151658 -2.1901887798842457 -0.028508249218939706 0.01927146654627662 0.9994093521045687 140.87989522146623
0.9995055484612214 -0.012550589150307231 0.029030010234881286 3.483849957243262 0.013083975394796298 0.9997489834734247 -0.018362992037271767 -2.213810697631596 -0.028790265289006387 0.018731009846836816 0.9994116114693505 141.8868474094856
0.999494128333392 -0.012980300257527081 0.02922918590925227 3.513828411283276 0.013503589772031718 0.9997522021621232 -0.01788860683765365 -2.2362767597116866 -0.028987699317461254 0.01827142526815695 0.9994143624663299 142.87443947171954
0.9994885789174123 -0.012591026983179706 0.029596431382089106 3.5417921868274003 0.013107995556169545 0.9997654341228127 -0.01745443343554308 -2.2587586049879036 -0.029367454702301597 0.017830484107707007 0.9994113927630572 143.88770148384637
0.9994778734227794 -0.012696920865049132 0.02990860425203258 3.5739478957089745 0.013219491255036771 0.9997641176740864 -0.017446224819254702 -2.282764136596386 -0.029677942763149737 0.017829541277926193 0.999402172916959 144.91592919230385
0.9994661326721046 -0.01349718591652715 0.029974263781855765 3.607505462464152 0.014035920232639592 0.9997446857512214 -0.017968387780374698 -2.3079270172452104 -0.029721640308893106 0.01837606254242178 0.9993914522629033 145.9116861305439
0.9994592043178887 -0.013326970964586963 0.03027991565019867 3.6395603159717407 0.013873147882074732 0.9997456424624589 -0.01802908997386744 -2.3329845305284733 -0.030029482906897758 0.018436013734645214 0.9993811946010824 146.91417064327493
0.9994552921537732 -0.013408519496136728 0.03037311696371043 3.6711424568750526 0.013939293520052987 0.9997547602125877 -0.017459309515040003 -2.356799393797367 -0.030129115110180817 0.017869814906065828 0.9993885287242115 147.93182852472404
0.9994510993210782 -0.013166511003209043 0.030610293948357608 3.7006599833671006 0.013669976443897256 0.9997759758963729 -0.016414966005774915 -2.37846762331065 -0.03038490129224997 0.016821238882125583 0.9993989062206291 148.94750960961457
0.9994488280628762 -0.012904708421920333 0.030785007439037605 3.731900888052157 0.01342289617764446 0.9997728094730983 -0.01679912128957694 -2.4029873202198386 -0.0305590144779668 0.017200058489256792 0.9993870083737619 149.9574409904021
0.999454293568688 -0.012141612857125244 0.030916808788532212 3.7627525082241453 0.012695622751507173 0.9997630431465188 -0.017897847463473445 -2.4298872130538833 -0.03069003251936055 0.018277549979983314 0.9993636480813165 150.9539956438269
0.9994557396378555 -0.011566150615145555 0.031095695614835977 3.793805592395328 0.012154519591441516 0.9997511970139386 -0.018913652004607664 -2.4572953802336364 -0.030866825900835046 0.019278176139632237 0.9993396269378261 151.9319874252443
0.9994474280858645 -0.010982691750316057 0.031572146525374545 3.8245253552566765 0.011590207001179346 0.9997515642137164 -0.019244528044188525 -2.483629471029327 -0.03135046354293755 0.019596661827412935 0.9993185415853176 152.92302038471277
0.9994684369371983 -0.008842236267794385 0.031571309559571895 3.852656557814809 0.00949318858101463 0.9997457420874565 -0.02064896224265372 -2.5127260385456616 -0.031378262941085894 0.02093449300649965 0.9992905720324643 153.8953157943396
0.9994733598755883 -0.00889602995731675 0.031408109822881176 3.885329483297244 0.009560894784016638 0.9997335893743486 -0.021206290619953223 -2.53834835600026 -0.03120857583005006 0.021492062338516155 0.9992842130737575 154.85253125931524
0.9994790377389766 -0.008641921568799386 0.031295511435794204 3.914947294157036 0.009305811584789686 0.999734727447887 -0.021250542182081826 -2.5630657839378124 -0.031101104569461503 0.02152761332016319 0.9992867532318316 155.82396934954645
0.9994985600692687 -0.0066999094091514414 0.031148211100751572 3.9415120588106523 0.00734609137058499 0.9997605988538099 -0.020795837181398536 -2.5867897401360085 -0.030999008000911755 0.021011343780792176 0.9993007359703171 156.81010854415052
0.9995059211597882 -0.0053749339925290105 0.031165648013784564 3.9705042116725107 0.006041165183540986 0.9997555960123342 -0.021443036346122844 -2.6142804028076716 -0.03104028734965375 0.02161767601454907 0.9992864873186622 157.77720548163333
0.9995241089299138 -0.0044363543688587005 0.030738914967544287 3.998897318922814 0.0051484878108773455 0.9997201241770277 -0.0232505347645639 -2.645912536510649 -0.030624670152888254 0.023394605472487413 0.9992594638647232 158.72792870133478
0.9995399203199465 -0.0032755927433760906 0.03038325433521006 4.0277836878000315 0.00403195356571964 0.999683273893616 -0.024999771585158898 -2.67935245124136 -0.03028870433656301 0.02510750764259319 0.999228753877798 159.68630521785747
0.9995461019477134 -0.0023016852625448426 0.030258575205733357 4.0535882812873085 0.0030698389607459334 0.999674103411813 -0.025490305352588137 -2.7104860565906708 -0.030187335356106234 0.025568625634974185 0.9992199155457091 160.63949230007108
0.9995449923191371 -0.0016330932743837897 0.030354260700027 4.0795665850573 0.0024004846733915986 0.9996788021787896 -0.02539644137996101 -2.739523899662266 -0.030300115818819105 0.025454341022339427 0.9992197703684519 161.6065377849053
0.9995512878889251 -0.0015288009327496651 0.030164554388934638 4.10766867677129 0.002282072821340972 0.9996868434889173 -0.02509590267693658 -2.768991231122113 -0.030113654086548838 0.02514992832231852 0.9992332895489319 162.58423816570632
0.9995518178431053 -0.0016988840467369976 0.030126414744106107 4.136981358795486 0.00246676738158747 0.9996732649423273 -0.02560543965483334 -2.7997599142155467 -0.030070169616496237 0.02566506345047908 0.9992211682567369 163.53010667308982
0.9995559483833486 -0.0002864277165868858 0.030035304105884484 4.1635100067078845 0.0010885652038258322 0.9996436846244956 -0.02682262752350386 -2.8330994639960307 -0.030014399652927234 0.026840701993976472 0.9991917734810677 164.4798828167725
0.9995594869424422 0.00042271885736385427 0.029908168583395393 4.1916560639671 0.0003834149684038497 0.9996371869549409 -0.027070716001935856 -2.86521076250021 -0.02990634228388194 0.02706793678076094 0.9991886970704652 165.44635464792066
0.9995785912208561 0.0001262992599763857 0.029267761738889883 4.219536632205089 0.0006504301074373306 0.9996481099906602 -0.02665947331513941 -2.89507304188938 -0.029258436794289862 0.026664840174736026 0.9992187068613372 166.4176584786563
0.9995887973782531 0.0010343056081306148 0.02890294579060248 4.2445726678357625 -0.0002648938801934635 0.9996459383523014 -0.02674285970779477 -2.9257441488382545 -0.028918027454879005 0.026721700616337225 0.9992271670626023 167.38616102203213
0.9996007686080769 0.001604389189728668 0.028467959779583597 4.271117973919157 -0.000801940731987958 0.9996022819596831 -0.028313484096217006 -2.960826154215188 -0.028499410499754223 0.028276818765932563 0.9991965234467508 168.31856181603288
