1.0 0.0 0.0 0.0 0.0 1.0 0.0 0.0 0.0 0.0 1.0 0.0
0.9999997615814209 0.00038626790046691895 -1.1235475540161133e-05 0.0028899323660880327 -0.00038611888885498047 0.9999995231628418 0.00014275312423706055 -0.0038449354469776154 1.1056661605834961e-05 -0.00014257431030273438 0.9999996423721313 1.2027682065963745
0.9999995602273835 0.0007475300174952793 -0.00020869759380115482 0.004598276379477767 -0.0007473244835463078 0.9999992835564839 9.285179725537773e-06 -0.009769743282163956 0.0002083696649659572 -8.817523893256407e-06 0.9999994804155321 2.392230377182865
0.9999995678377904 0.0009759308249940976 -0.0004953391291459549 0.005360721012406692 -0.0009760248572736594 0.9999993527758442 -0.00015381730468019673 -0.01722402203632842 0.0004951295282589472 0.00015448711010138423 0.9999996605720585 3.5915951710277785
0.9999988713922285 0.0010142591649855914 -0.0012235491471929683 0.005207045525350213 -0.0010149093342690357 0.9999992697490847 -0.00044898405430798436 -0.02583894925395734 0.0012230746703524738 0.00045014509784785546 0.9999989564241425 4.79703146273765
0.9999983491435129 0.000912972133355349 -0.0018309986161811527 0.00419766662780218 -0.000914957004916952 0.9999995366765847 -0.0008786834091528716 -0.03611118868240545 0.0018304608261732712 0.000879800862453654 0.9999980202965408 5.997802860803242
0.9999964023931087 0.0011923137278198855 -0.002624746504886295 0.0005859405271830933 -0.0011968381896420523 0.9999984146432517 -0.0015910072162634826 -0.04709668948326773 0.0026230128136753906 0.0015936911474398957 0.9999952855670307 7.196034576394293
0.9999934004482204 0.0013483288112312707 -0.0035160693898236505 -0.004610345352359358 -0.0013538534539228667 0.9999983677573071 -0.0014645315302586942 -0.055107203083720156 0.0035141170459371237 0.001468989862755534 0.9999926702387629 8.391803636594357
0.9999848646948049 0.0018708539326411269 -0.005251999412694356 -0.013983885507692324 -0.0018759675378081026 0.9999979106328218 -0.0009256773564657008 -0.061334462855604836 0.005250124934714631 0.0009353642861638975 0.9999856865718469 9.590708177439284
0.9999766342662195 0.0022178000272527467 -0.006536441896338103 -0.02523779875893896 -0.0022249472241777264 0.9999971469848393 -0.0010436684088590766 -0.06931992582740691 0.006534107940539199 0.0010577378167096298 0.9999778778627806 10.818681366317682
0.9999616693777431 0.003702013208326982 -0.008030864483160267 -0.04004980991980176 -0.0037179675925949544 0.9999915946185259 -0.0019252795386285227 -0.07972847625568963 0.008024091129234447 0.00195450417235728 0.9999663552286289 12.02227828744585
0.9999400599005879 0.00526081008958515 -0.009677123049129979 -0.056695585724641256 -0.005286697560812597 0.9999828760038098 -0.0026187234024918097 -0.09027517955111158 0.009663509867062348 0.002669337855068511 0.9999498910653656 13.225843312336917
0.9999140354229635 0.0072564828857265935 -0.011016772839763031 -0.07591474410715507 -0.00728944871754419 0.9999694579072119 -0.0029239553619685946 -0.09942655053168144 0.010995639309805242 0.0030033898003428063 0.9999353518845878 14.415849675673215
0.9998859081037047 0.00997808375409086 -0.01145308832969071 -0.09487467855360307 -0.010016077286762057 0.9999451073001439 -0.003230607534231501 -0.10859927656527477 0.011420726989120182 0.003344074031486234 0.9999300057503326 15.618906676902808
0.9998543701974263 0.012796915013582688 -0.011422661404605282 -0.11160886953605026 -0.012835651081737596 0.9999131494935918 -0.003274532783140909 -0.11764838336206322 0.011380381217856847 0.0034194603491411444 0.9999310469201244 16.83313799594375
0.9998236674830183 0.015390608474219072 -0.010928298940251671 -0.12544169727537435 -0.015430078977339974 0.9998760259829871 -0.0034774121250991373 -0.1281624025048907 0.01087417528237811 0.0036441290492001746 0.9999363880657539 18.049845372222116
0.9998153289595753 0.01663471454327918 -0.009810003768389412 -0.1338207153496632 -0.016676436931517755 0.9998536710740872 -0.00411611626822851 -0.14284908418461334 0.009740762726652084 0.004277728525575707 0.9999454962582661 19.255733116081885
0.9998127434771605 0.017403247876202548 -0.008698403597388691 -0.1397814673126065 -0.01744503942909735 0.9998382081917528 -0.004656323315337148 -0.15529915409327205 0.008616822169496729 0.004805554408439959 0.9999535832895606 20.451506395039928
0.9998162967962755 0.017757973297896096 -0.007590761053164037 -0.14440476358495152 -0.017790091058408015 0.9998355299417472 -0.003995596161018831 -0.16474638235434358 0.007519717339436648 0.004127938023099301 0.9999658181597971 21.653195534085736
0.9998212154584575 0.018100058784559517 -0.0059824929529200925 -0.1470498872820593 -0.018109733472203664 0.9998367974712156 -0.001320295002802065 -0.1716844189228183 0.005958741903017627 0.001426349777110929 0.9999838251645045 22.84745778541554
0.9998241133077962 0.01853878605300634 -0.0037575247021163403 -0.14630134513239174 -0.018537526118142304 0.9998296043225308 0.0007518193740910801 -0.17703576816391664 0.003771939633559663 -0.0006841537054176046 0.9999952209973311 24.031833624508803
0.9998114578164041 0.019469339937237363 -0.0018366699957802245 -0.14492056171975312 -0.019469370649387172 0.9998117437695588 0.0007310477590357747 -0.18383992253608325 0.0018513688884290245 -0.0006970638793349763 1.0000001318250065 25.25681641211801
0.9997768127859346 0.021243163857519242 0.00030559816039480185 -0.14272373752674403 -0.021244541506603126 0.9997754189649702 0.0004206398824941311 -0.19036380977238676 -0.00029595602726061195 -0.00042874482631722797 1.000001434611297 26.46261049173743
0.9997632808754463 0.021816977963564646 0.001539643771246856 -0.13818725508015348 -0.02181934890073504 0.9997629400303805 0.0006440680290353652 -0.19629373562948726 -0.001524550378856475 -0.0006792843046413317 1.0000001890021977 27.63418307736962
0.9997574183849425 0.02202124627629011 0.002334654355517673 -0.13081052326825912 -0.022024370321875104 0.9997584128622972 0.0007284269823709087 -0.20344345092896685 -0.002317302086697458 -0.0007815796016356262 0.9999986725719378 28.839185572294753
0.9997573555132624 0.02197594261649849 0.002739165398937546 -0.12217970280324822 -0.021979431964757292 0.9997592769896599 0.0008148466644283624 -0.21095381771732397 -0.0027199362077697875 -0.0008767231616971864 0.999997546134505 30.039865101642743
0.9998525365904551 0.01706472098083899 0.003050503681484269 -0.1059609974084538 -0.017068230409594452 0.9998554773684136 0.0007717983746590681 -0.2168190706227689 -0.0030363444353668305 -0.0008257562512134985 0.9999968478875119 31.233964387933177
0.99985732588702 0.01683501345297148 0.002996215489090013 -0.09793325384489503 -0.016844335718615194 0.999857255351709 0.0025064902231470587 -0.21936842663486109 -0.002953338552637168 -0.002558267478227483 0.9999944194202364 32.42931334611333
0.9998658808438686 0.016374112494343503 0.0028094896480937146 -0.08895812802882493 -0.01638795247112118 0.9998595939220645 0.004189155819111589 -0.22042420158202064 -0.002740496328895566 -0.004236031184423807 0.9999895663082585 33.63838675332662
0.9998781399552651 0.015657728430124716 0.002493772479289909 -0.07844354689345612 -0.015667517338308984 0.9998749833312252 0.0031076255245222504 -0.2271981938515957 -0.0024448664786611393 -0.003147563378598139 0.9999942703423981 34.84629472299318
0.9998632105557402 0.01665761743060653 0.0019434670627747359 -0.0712254776805046 -0.016656845382952763 0.999862825564275 -0.0014852653829313953 -0.24307174165324527 -0.0019676235614382812 0.0014511931742318468 0.9999994310685486 36.01171825958949
0.9998223775055891 0.01894115367787829 0.002026791399643985 -0.06621031261078321 -0.01893650505598992 0.9998177614650791 -0.0032839980173063775 -0.258422494589446 -0.0020883782838643622 0.003243823468569846 0.9999948121086143 37.18875318775455
0.9997817750340185 0.020979216206385206 0.0018922596306312229 -0.06407146616757523 -0.02097499690672328 0.9997767770597995 -0.0032624008299088664 -0.2674267954399656 -0.0019603099747560466 0.003220932009281043 0.9999944999890654 38.37153535188252
0.999758586588132 0.022094510171951603 0.001587909506370278 -0.06204650133118573 -0.02209210642983496 0.9997538011074317 -0.002958465151392241 -0.273522212222763 -0.0016525022081863194 0.0029211678038289415 0.9999963055797694 39.60789668158966
0.9997161249993478 0.023975534040444516 0.0010951895746735773 -0.06240044085921578 -0.023974263361700856 0.9997097203396145 -0.003236133431532863 -0.2809959093028468 -0.0011720995388541974 0.0032073147526227547 0.9999962071396167 40.825409371556766
0.9996789795477836 0.02549180237539456 0.00038495108117528093 -0.06306340442712727 -0.025492514350264336 0.9996703386023318 -0.0037876666106942975 -0.2925847637206117 -0.00048105014858100266 0.0037748902132643805 0.9999948431884764 42.01311990662966
0.9996371645026603 0.027085906327361433 -0.0006570173556915697 -0.06707129584892409 -0.02709090310840206 0.9996261682478799 -0.0043443337782443645 -0.30485229425820276 0.000539703519978521 0.004358538793481967 0.9999927788505559 43.22426437016301
0.9996197104697035 0.027673610238157096 -0.0019252922871895795 -0.07089598251500348 -0.027683009292150174 0.9996132042819504 -0.003616461992857917 -0.3138265897818501 0.001825431258701718 0.003665882092527699 0.9999941518468192 44.404617602884805
0.9995607703732898 0.029657276371843146 -0.002751802966219877 -0.07791260863960062 -0.02966814257062229 0.9995581164111326 -0.003048337512249236 -0.3212836581372029 0.002660977296599271 0.003126291095348481 0.9999935997116344 45.609520851725875
0.999541928623746 0.030262179932593763 -0.0029901661837786883 -0.08056344493945222 -0.03027436559111497 0.9995389935233362 -0.0032620149907332512 -0.33164046771289957 0.002890675145647814 0.003348854606872458 0.9999920543201526 46.78465029703206
0.9995506417661313 0.02989478566742712 -0.0036628621094624606 -0.07986537975726597 -0.029916210614338436 0.999541197805182 -0.0052462145962438155 -0.34829584633517136 0.0035049394405557172 0.005351336845972127 0.9999811304504355 47.9647690014745
0.9994740312159576 0.03235020544940939 -0.003604142125895145 -0.08557367868706571 -0.03237375265997013 0.9994603171962767 -0.005982572538434197 -0.3627243355934621 0.003409097412315781 0.006094104463112732 0.9999767090659142 49.19229674240189
0.999456962669955 0.03290644930402626 -0.00324556902069915 -0.08616543846405493 -0.03292672426639783 0.9994437780973755 -0.005673587782333283 -0.3766310348794512 0.0030574797067538374 0.005775448642951375 0.9999795515039219 50.41993055527525
0.999436963066752 0.03353105771135928 -0.00285177466448874 -0.0861120425858558 -0.03354735734354895 0.9994257568431257 -0.005140739293599873 -0.38990451274462407 0.002677840611207088 0.005231979263307377 0.9999834347212754 51.6428561408779
0.9993461652707071 0.036163915452650214 -0.002448554978067218 -0.08794579005369496 -0.036180082546328644 0.9993286160717508 -0.0060551837499681314 -0.40635843485859796 0.002227767246982973 0.006138513334778396 0.9999791101628965 52.83819750745516
0.9993220583148787 0.03685008310459913 -0.0020132831709521294 -0.0852509583081366 -0.03686447266483671 0.999299721779895 -0.0066339362367535525 -0.4243153866812701 0.0017670429927069493 0.006702549500514172 0.999976195249133 54.02865112689458
0.999296239037164 0.037560026406007335 -0.0016029426509208658 -0.08347573684471064 -0.037571498007623085 0.9992728120208404 -0.006703199153063915 -0.44024690455896726 0.0013494993306557073 0.006757832994820522 0.9999763829955898 55.21670857579919
0.9992839264466117 0.03790267161713036 -0.00113772273595113 -0.0802282902503364 -0.03791082854164876 0.9992608796857635 -0.0065626581773079225 -0.45556777641364243 0.000887612642693133 0.006600137388407484 0.9999778320418634 56.38867238927412
0.9992747868261198 0.03814706223743122 -0.000710309691847176 -0.0769752707479784 -0.03815228904167285 0.9992519863973051 -0.006485406440480699 -0.471289752333503 0.00046180214351688954 0.006506954400234408 0.9999786461922662 57.582821514324785
0.999276310404056 0.038118186738692356 -0.0002753427183192199 -0.07165260443513094 -0.038120691210877945 0.9992542115411368 -0.006310875071334206 -0.48388619457196863 3.406750620856772e-05 0.006316239230921165 0.9999800866878565 58.78271092744614
0.9992717347791668 0.03824385874618837 0.00011223768225852203 -0.06708014326552197 -0.03824411991342662 0.9992493835408127 -0.0063690842762949805 -0.49794114477426266 -0.000355938754040525 0.006359338321382322 0.9999799450892246 59.97485298678462
0.999269269909942 0.03831398390581575 0.00026854542040077715 -0.06192238189022633 -0.03831318324788453 0.9992449204077728 -0.006711208734826535 -0.5147562641244049 -0.0005255695568366628 0.006695091667750751 0.999977867929505 61.16059571575614
0.9993050729966579 0.03737326148764499 0.0003835727332984481 -0.054684885071884744 -0.03737145726255741 0.9992785397998312 -0.007036863517262762 -0.5315514864186973 -0.0006463993969567368 0.007016548396762111 0.9999755921285535 62.33223731485099
0.9993118591790453 0.037187526663219186 0.00036037299464392237 -0.04979290062832981 -0.03718568703698655 0.999285934946357 -0.006937908949374187 -0.5475775884427739 -0.0006183913729456926 0.006918738795101098 0.9999761780594244 63.555492291616126
0.9993203212890281 0.03695682668869731 0.0003679443216600154 -0.04425299046340385 -0.03695493207735784 0.9992941402898665 -0.006993300201582072 -0.5644763606127114 -0.0006263902359591625 0.0069736569320923425 0.9999754930431652 64.77373679698825
0.9993312403562276 0.03666142904874849 0.00019363026154057067 -0.038088297596345834 -0.03666055283141771 0.9992995741881723 -0.007756946725760729 -0.5842021172867632 -0.00047797310279997564 0.007743288739971443 0.9999700388445503 65.98619378978951
0.9993144875397929 0.03710519437586429 0.00025953608471409727 -0.03428497029228679 -0.037103016779879455 0.9992777927035263 -0.008384539346928524 -0.6042568534629782 -0.0005711688388854399 0.008368335251482435 0.9999646817238707 67.19093701574849
0.9992941872027791 0.03764063615983296 0.000499797180337876 -0.03164251230730773 -0.037636317930429125 0.9992566489225465 -0.008516056526703088 -0.6224288508868756 -0.0008207376663740693 0.008490421047116599 0.9999633973304171 68.40385849180723
0.9992683682008388 0.03832048647710215 0.0009212642029745293 -0.028093099037878218 -0.03831234804225062 0.9992287704615475 -0.008786017200697724 -0.6412314822308849 -0.001257736740873394 0.008743351037989667 0.9999608874705104 69.60708291585188
0.9992243093210182 0.03943214239652699 0.0015727805899800966 -0.024528195188824896 -0.03941751289679361 0.9991819996501843 -0.009218289441532693 -0.6606544902120886 -0.0019355697718959435 0.009147958033893715 0.9999563103621515 70.82658980584597
0.9991964202657513 0.04007795074694351 0.002641171593088226 -0.019158394929351518 -0.0400535293652227 0.9991560342494722 -0.009295117293225503 -0.6791078046330498 -0.00301199426583069 0.009180619071426414 0.9999535038793461 72.02663882310904
0.9991888422048963 0.04021789592962792 0.0032497347665722677 -0.012240539248883046 -0.040188491937091106 0.9991526460019629 -0.009077541374288714 -0.6969692291700155 -0.0036126410372648585 0.008938450095107629 0.9999539183743924 73.24004362883939
0.9991644109697624 0.04077235364572055 0.003861231949300538 -0.006499234297378087 -0.040737994453705455 0.9991313254764139 -0.00897311018968084 -0.7141590204359854 -0.004224293506632375 0.008806867738986065 0.999952640186152 74.43512278555637
0.9991493093552075 0.041099645999358995 0.0043110309814709015 3.066615499787168e-05 -0.04106300195429417 0.9991212244657491 -0.008623515127886774 -0.7306205107308387 -0.004662136991646866 0.00843758575206053 0.9999539204514858 75.61524567633089
0.999135048301931 0.04141078466004107 0.004648728795456706 0.00700028014362506 -0.04137191637152696 0.99910943084146 -0.008519996825426755 -0.7479607939718281 -0.004997736030057478 0.008318507233616929 0.9999533569583559 76.8212929568293
0.9991111997652717 0.041915850576941846 0.0051256122610446025 0.014438127551713507 -0.041871565093205616 0.9990866779711073 -0.008703458291964915 -0.7633306105980473 -0.005486400863388589 0.008479528116692244 0.9999489808574676 78.00469116329886
0.9991024779500784 0.04210204048049345 0.0052919305655633585 0.021827344116155563 -0.04205639684452572 0.9990789274864594 -0.008682927580984101 -0.7788763346450656 -0.0056532865359552615 0.008451235636841702 0.9999483068797151 79.18515560224348
0.9991137944901622 0.04184923261558208 0.005122805790595129 0.029738048617378506 -0.041806797180262145 0.9990919371734911 -0.0083391695794368 -0.7942816997529262 -0.005467915435376714 0.008116364980015913 0.9999517693187269 80.36196494036497
0.9991184499389291 0.04176865525932079 0.00485100798389544 0.03640615522282695 -0.041730470655570444 0.9990983516163149 -0.007938338549334081 -0.8091980170303484 -0.0051789814740729355 0.007727624297647659 0.9999563850324514 81.55051173983854
0.9991288119879033 0.04156454120031167 0.0045717117457779516 0.043867329630492065 -0.04152951568429165 0.9991085717572266 -0.007769647449540665 -0.8247443361000281 -0.004891173086257315 0.007571288062777338 0.9999591983754341 82.7420842098774
0.999128829556076 0.041598835154691975 0.004256359265742224 0.05037845538329607 -0.04156573043844088 0.99910637037087 -0.007858846589671033 -0.8411053565505779 -0.004580067230176208 0.007673489270468579 0.9999598878086497 83.91869771517591
0.9991295678821968 0.04163126630793644 0.003792010796874073 0.056226175369895354 -0.041600482537206634 0.9991023690598985 -0.008177321647381539 -0.8591784789765554 -0.004129595196967789 0.008010814681686388 0.9999592429534837 85.11143478666267
0.9991348245237583 0.0415739933576896 0.003123346398622973 0.061209688524242065 -0.041548269718523295 0.9991031593208747 -0.00840805386436579 -0.8774893109970263 -0.0034702620193498433 0.008269375354349724 0.9999600117786086 86.32711460715679
0.9991347434379949 0.0416129138615222 0.0026310004183450935 0.06461893731391387 -0.041591327497817396 0.999101720001146 -0.008394529745674797 -0.8941533092795412 -0.0029780906399903256 0.008276424329449176 0.999961663402913 87.51582087581113
0.9991459006947975 0.041374484298362234 0.001964455328459332 0.06818362928689023 -0.04135865317721589 0.9991121647419103 -0.008246366488009213 -0.9101878413117145 -0.002304068641914507 0.008156822696937873 0.9999641244039897 88.70029657506034
0.9991521848152632 0.04123229892297149 0.0015885553203452483 0.0716745307403279 -0.04121899296622166 0.9991168058548778 -0.008317153907072095 -0.9274135287127493 -0.0019305956203420017 0.008243808591947706 0.999964100451501 89.91530718725174
0.9991753112247828 0.0406758828155676 0.0012620327082277904 0.0772344328824075 -0.04066430320579178 0.9991351073901971 -0.008788333582272264 -0.9465141746445322 -0.001619044286801693 0.008729209702936593 0.999960223837243 91.10742432089168
0.9991206359499508 0.042007282030492164 0.0010613869155217627 0.0765349025449334 -0.04199676628714492 0.9990750659509777 -0.009355391769721597 -0.965241438670592 -0.0014537418654915187 0.009301731290770865 0.9999557322193875 92.31375748571573
0.9989952103017269 0.044887186168846765 0.0009362091133583448 0.07308338371393275 -0.044876789019572996 0.9989438660176548 -0.00995309992743291 -0.984304770424663 -0.0013825270765061583 0.009900329077780167 0.9999496775076482 93.55799848341272
0.9989880421945866 0.04504517441710416 0.00037429133073235894 0.07367898158680283 -0.04504013610503081 0.9989351626542399 -0.010077754432921263 -1.0034112287030936 -0.0008286330888255981 0.010050126783093655 0.9999486056020107 94.75452097786437
0.9989298838524411 0.04631075146845295 -0.0005801391457337866 0.06896082378213382 -0.046315222573498314 0.9988718034997905 -0.010565172867008076 -1.022936900761373 8.934187228965712e-05 0.010580311362204288 0.9999433362425065 95.9565463315711
0.9988562866384785 0.047868798831349584 -0.0008793114823243242 0.06572919977276609 -0.04787634423808448 0.9987947417244166 -0.01091636442700781 -1.040499036446104 0.00035478072110485754 0.010945647408621388 0.9999394524512455 97.18293856769161
0.998824756413758 0.048538896942046994 1.0546875515200544e-05 0.0675322005727385 -0.0485370481410982 0.9987647144260943 -0.01077979753450825 -1.0571347729333702 -0.0005343926210578494 0.01076595113806069 0.999941605789124 98.36319659919499
0.9987780851914531 0.049469037313748646 0.0012145998819757878 0.07144188522582469 -0.04945495250181418 0.9987243975242557 -0.010285828276020379 -1.0738677336739384 -0.0017228879037173455 0.010212879518079213 0.999946023094572 99.54532989674566
0.9986820874834977 0.05126892553764084 0.0034818623375991765 0.07705751769082303 -0.051232678936772046 0.9986369232761741 -0.010071470490448335 -1.091242719011248 -0.003994482413224031 0.009879370612560496 0.9999432066618466 100.79505754431507
0.9986410427766848 0.051937480163165066 0.005096599586923388 0.08635236274918848 -0.0518859423932912 0.998604047651932 -0.009999544513421802 -1.1091595030480845 -0.005609590578354242 0.009720955096105651 0.9999371146667768 101.98977825476318
0.9985898194574179 0.05281120052480555 0.006000994848117531 0.09696219726777092 -0.05274743992712646 0.9985538109527937 -0.010502171190882374 -1.1302159747921936 -0.006547924685554941 0.010170423478756824 0.9999267629490804 103.21926075931347
0.9984883584836004 0.05455751821402292 0.0070755752495951845 0.10684645360613096 -0.05447791753468277 0.9984541492870741 -0.011107867006550256 -1.1514623030795876 -0.0076719822800513995 0.010705568815179497 0.9999124016650978 104.45212447268356
0.99845442220056 0.05502968950051441 0.00813374944082282 0.12014672129340778 -0.05493830938458931 0.9984285667545509 -0.011115692957250942 -1.1719835744694242 -0.008734274121815357 0.010651811022318224 0.999904110190336 105.63413198402196
0.9984135657478423 0.055528317073121565 0.009571438992133289 0.13558755319746957 -0.055422589388828505 0.9984027018427654 -0.010980403595184597 -1.1915325479854477 -0.010167855033716026 0.01043301876250019 0.999892605592726 106.8224435490152
0.9983879356044081 0.055772254772905684 0.010741581216163403 0.1528636486404229 -0.055655013202010106 0.9983903561933378 -0.010930993678073238 -1.211093586491078 -0.011335823383943034 0.010316124517380107 0.9998811698929564 108.02964327148328
0.9983650135211536 0.05594081363515783 0.01194096733994114 0.17131670046333275 -0.055811563298149604 0.9983819035324465 -0.010906514694286624 -1.2312750584564716 -0.012533662945162958 0.010222881175732165 0.9998678947864214 109.20553911888628
0.9983492556150412 0.055978018895548216 0.013013987237621812 0.19207112445315488 -0.05583776283255795 0.9983803480404194 -0.010915422414415886 -1.2520233662067048 -0.01360576966223762 0.010171197891008593 0.9998541465060101 110.37592466715435
0.99832582693426 0.056173396684170096 0.013917563319582408 0.21297971540878438 -0.056020233044605766 0.9983671221385378 -0.01115684161510205 -1.2729870150235207 -0.014523591729942168 0.010358989061438239 0.9998390926145445 111.53652376026365
0.9983211592435641 0.056140472694692675 0.014368587462248053 0.2343114540666984 -0.055981126336994425 0.9983680021716493 -0.011252482621480528 -1.293844385049946 -0.014978928978092373 0.010429697465049842 0.9998313886012097 112.68469498510477
0.9983199739110498 0.056153657433560156 0.014423164383885835 0.25416684841645215 -0.055991711726450545 0.9983659883489685 -0.011412544652043648 -1.3147343047482825 -0.0150422522069794 0.01058579439112087 0.9998291603605193 113.85547329915914
0.9983008191214302 0.056549458813112 0.01419922070568322 0.2730385663404724 -0.056384880875455484 0.9983398574123873 -0.0117543923383566 -1.336792232487515 -0.014842074962838323 0.010933777415768498 0.9998283699960347 115.04844629440872
0.998229417994697 0.05786125948406465 0.013892508428648087 0.28973391619373373 -0.05768797936697077 0.9982549599969835 -0.012566205746686307 -1.3575034727886395 -0.01459777223847185 0.011742836052628037 0.9998221091927122 116.20238759036698
0.9981815732748264 0.05873130713014412 0.013688768848108263 0.3057027354850753 -0.05855540125348985 0.998199928218479 -0.012918242304800591 -1.3774287878347955 -0.014425230373261998 0.012093436057551782 0.9998204563018828 117.33770356776682
0.9981345141466328 0.059575869600809156 0.013452253505987373 0.32172750859968396 -0.05939942901255925 0.9981465752701645 -0.01316490899793369 -1.3985640002960407 -0.014214111051016814 0.012341431202731578 0.9998203886400774 118.51414393608597
0.998106053974538 0.06010883724962025 0.013194882026979998 0.3388007646691525 -0.059935544900298565 0.9981145448933115 -0.013165130324436634 -1.4200861586368896 -0.013963816671558965 0.012349516019359562 0.9998237895766705 119.70234796146359
0.9980747733736738 0.0606421468962201 0.013114391077036033 0.3550468743795385 -0.06047140372153682 0.9980837779127734 -0.01303882218498812 -1.4407021633368784 -0.013882587540866442 0.012221083063819605 0.9998265152196998 120.89099743458983
0.9980190234778319 0.061631176820875225 0.012756020918238317 0.37074167172103023 -0.061465949805708214 0.9980240633276901 -0.012970507487322439 -1.4613082533453123 -0.013532667397401828 0.012161008389659896 0.9998322269145731 122.0688730535281
0.9980039107604229 0.06195059501405319 0.01237201274407641 0.3866047446820777 -0.06178894749745563 0.998002940007481 -0.01304630794732227 -1.4826181202532254 -0.013158053924933705 0.012256154799595362 0.9998360244722677 123.25251000343991
0.9979465374081298 0.06300927666365688 0.011650385112279784 0.40019383253287755 -0.06285639879322497 0.9979362861055963 -0.013056980849782887 -1.5025711012329575 -0.012451581192360976 0.012298398425169766 0.9998444587257468 124.40332740596314
0.9978764751124805 0.06416086461854247 0.01138145507094495 0.41274975406153014 -0.06400993649288886 0.9978614847220897 -0.013185491620516694 -1.5229517741942913 -0.012205317931750113 0.012429278630694998 0.9998463916022837 125.57835048577053
0.997850486747807 0.06454841220520104 0.011485648263986294 0.4278903925513854 -0.06439187094003773 0.997832149967021 -0.013537877376201157 -1.5457788657047105 -0.012336827259335024 0.012769433371297427 0.9998404388466284 126.75366986508328
0.997759210032298 0.06598678442692575 0.011222285570484635 0.44069689522474864 -0.06582589151549025 0.9977299610003078 -0.014156008065970517 -1.5698216967222443 -0.012133312738154668 0.01338583039933846 0.999834618123527 127.94724217305382
0.9977404641801814 0.06629683224375783 0.01105677036416663 0.45485040544996613 -0.06613491391939208 0.9977057835578635 -0.014396214246944712 -1.5935577298780241 -0.011988471864440325 0.01363280446006472 0.9998327771775325 129.12034181442684
0.997740769721435 0.06635669380066213 0.010690565197756241 0.4694968455855746 -0.06619484941088226 0.9976954792129286 -0.014823434974590216 -1.6181595702637857 -0.011652219269008434 0.014082708034883479 0.9998304377609455 130.2699069861638
0.9977388059471932 0.06643516701665031 0.010368102940303735 0.4844696992144044 -0.06626400348935263 0.9976720476568743 -0.01603699889351938 -1.6451195635328482 -0.011412112928646632 0.015313752100932913 0.9998149396695487 131.38128544253362
0.9976604432644177 0.06761471310674191 0.010279780291317268 0.49687982128727276 -0.06743544963198556 0.9975795141384305 -0.01687216894212302 -1.6719229583745467 -0.011398524000782997 0.016139417017596823 0.9998020422069374 132.52598047708392
0.9976581032840128 0.06764262479438875 0.010290836157415184 0.5127506976296953 -0.06745770851857236 0.9975697338294068 -0.0173171113890573 -1.6997493324164616 -0.011440278962502869 0.01658268767751726 0.999793942879102 133.67163780212897
0.9977420393731248 0.06638245156569826 0.010333997427151357 0.5316263391369433 -0.06619414810806107 0.9976502636041829 -0.017544375249344143 -1.7238830381139851 -0.011477479766160047 0.016821058980918076 0.9997894427711288 134.8093470695349
0.9978903898323426 0.06410623870104414 0.010394125014542828 0.5495827178695011 -0.06392610115867761 0.9978114955886392 -0.016763714600566464 -1.7450341585226572 -0.011449093949866219 0.016063968258267582 0.9998025206287644 135.94152246804938
0.9979406756548869 0.06341418516305701 0.009801389649702057 0.5646646875401147 -0.06324876424926897 0.9978625473088775 -0.016293179897434448 -1.767205936471995 -0.010816806935311327 0.01563978216834281 0.9998163357197022 137.06887018721042
0.9980872774585531 0.06117295262318558 0.009104898012927558 0.5806201723447267 -0.061004853355097824 0.9979789870378911 -0.01765849696446899 -1.7921938345014634 -0.010169860286663817 0.017069281188397734 0.9997996043179156 138.18240934820528
0.9981859225218691 0.059653395008748965 0.008314452906150734 0.5948179841593773 -0.05948811668076045 0.9980493012266002 -0.01879618595406174 -1.8187128062492097 -0.009422747644541346 0.018267807827424855 0.999785637876276 139.30123936403044
0.9982019451157724 0.059423281898430054 0.008027985245611071 0.6067788130256357 -0.059269688002541114 0.9980750775830077 -0.018105884115974753 -1.842862162156163 -0.009091670446234934 0.017597890427676597 0.999800760854099 140.43460756283
0.9982417034531327 0.05877355771256865 0.007919326162167575 0.6208131773498435 -0.05862247911279416 0.9981138949727423 -0.018113557731136556 -1.8688144467243877 -0.008971961154485222 0.01761734534357482 0.9998018524108415 141.5585320919657
0.9984177992800987 0.05581208758564929 0.007077043251791621 0.6352570198766595 -0.05565396474890875 0.9982307904553258 -0.020834397573558393 -1.8993068669360582 -0.00823038292954691 0.02040747852477971 0.999755297767706 142.6986454591913
0.9983602807104006 0.05702401318856711 0.005356249637949213 0.6429015037918622 -0.05686389778509707 0.9980320627839334 -0.02636157890904725 -1.9426965203782458 -0.006851939455455612 0.026013480573498695 0.9996357257583428 143.85231300463647
0.9982809217292091 0.05847790293737271 0.0043645157888574215 0.6494170415722222 -0.0583073756299692 0.9977759537970308 -0.03225182021484205 -1.9923997443996113 -0.006243859451963065 0.03194193809034484 0.9994679419391216 144.973864170041
0.9981174683410298 0.06120667697907405 0.0043220580573659 0.6551504517942435 -0.0610181188906736 0.9975182493856523 -0.03508508395670437 -2.0401909658819917 -0.006461788431712867 0.03475548613746752 0.9993725256627923 146.07370451830002
0.9980784820438404 0.06167989201025429 0.006137413631381289 0.6661581480448583 -0.06144806682337159 0.9975748224238905 -0.032641782279607685 -2.0808229197968666 -0.008138632230390245 0.03220236858386342 0.9994456761460914 147.20262839381962
0.9978666178252799 0.0648491363916537 0.007752162063220107 0.6761824161892953 -0.06460196971203104 0.9974961322055965 -0.028720625587212556 -2.1172704856456273 -0.009597984033909929 0.028158799688895376 0.9995549369142523 148.37674838687522
0.9977927788467942 0.06589077710614533 0.008421837407606523 0.6891728065743622 -0.06562324294992425 0.9974264307448576 -0.028815075000718046 -2.156444685749022 -0.010301569271508349 0.028199401822628877 0.9995465504476674 149.5443383617843
0.9978334754112207 0.0652626495975955 0.00851908644349189 0.7061336943919416 -0.06496905489340009 0.997401704166879 -0.03106696353647471 -2.2002347956408816 -0.01052718352055852 0.03044659930542643 0.9994785452412915 150.62809389855187
0.9977907726594228 0.06589354147235624 0.008680926870279788 0.7216253699817008 -0.06554672219926191 0.9972161926285588 -0.035497556829966324 -2.2498974190657575 -0.01099848204632793 0.03485047504681302 0.9993296654515381 151.68879649462713
0.9977551707200811 0.06632291389715471 0.009468513933711637 0.738129090705146 -0.06593092573080117 0.9971375568102983 -0.03695943082012774 -2.2975733677119474 -0.011895451294069435 0.03625283965734742 0.9992694617926894 152.78844373167468
0.9976200171663024 0.06829720604665626 0.009674309169981521 0.7496502891831858 -0.06790928533959995 0.9970430779638325 -0.03591237041694985 -2.339727915211148 -0.012101187035847592 0.03517056951648045 0.9993055830826166 153.92390232755264
0.9977418456195712 0.0664427744171817 0.010010341032721446 0.7665951736326756 -0.0660936759588404 0.9973022770634011 -0.03187175190881213 -2.3764164953264726 -0.012103741362888559 0.03113885860446581 0.9994391912227826 155.06575961483966
0.9976941923084385 0.06705155581978223 0.01064132218896435 0.7806887081020818 -0.06671961236601623 0.9973501303633614 -0.028926535713116264 -2.4129112340242904 -0.012554913460635348 0.02815021983977669 0.9995219039530481 156.23081792464322
0.997835991499142 0.06472983904064987 0.011665740020750012 0.8013041524074296 -0.06436408155167239 0.9974925177627051 -0.029356430778436055 -2.4495302623067747 -0.013538904820984169 0.028542420187559297 0.9994978382498678 157.31595104033696
0.9979218381635092 0.06325291844416839 0.012398028912057936 0.8237539603935948 -0.06283391046288453 0.9975197313730608 -0.03166428342557112 -2.493013277744713 -0.014372078319634222 0.030819673387732064 0.9994188206337657 158.40359978320984
0.9978066585345465 0.06484665474056446 0.013404818494081892 0.8418360382872013 -0.06435268107799101 0.9973301228344735 -0.03445372131270909 -2.5404962861796387 -0.015605256015198028 0.0335155465481083 0.9993132995882404 159.47516314029883
0.9977763905150842 0.06495848981424798 0.01504312640619404 0.8648559568644218 -0.06440386312434918 0.9973153032884551 -0.034793629648186115 -2.587347335368318 -0.017264811798236426 0.033747270002677875 0.9992784079986561 160.58724262381475
0.9974839508394295 0.06893849168811757 0.016628600832373646 0.8848076555372928 -0.0683811982443609 0.9971431459211236 -0.03202299323219715 -2.6290369848529336 -0.018790228654642405 0.030804960989883133 0.9993452813247257 161.7701139744233
0.9974160855824178 0.06924773558263209 0.019214574499215712 0.9125965526349991 -0.06864362946035849 0.9971732943243936 -0.030488340811213065 -2.6695814295612954 -0.021273062415046264 0.029090599469347465 0.9993468914265016 162.90777606925883
0.9972358039654827 0.07136972371495937 0.0207523997531095 0.9404412177566213 -0.07067643359228708 0.9969707243706045 -0.03240856420014517 -2.718094442751007 -0.02300394852080013 0.030852012772374905 0.9992561141021846 164.0638203753456
0.9970030521906815 0.07423002200239194 0.021881076546720203 0.9655488432630577 -0.07336108517368645 0.9965737676944687 -0.03813739435778016 -2.7741301280897757 -0.02463842126854652 0.03641752866553631 0.9990297527346276 165.18060119385112
0.9970198021590522 0.07389574873236959 0.02224907555299481 0.9984913830397321 -0.07291743603160843 0.9964527232730638 -0.041955917004571096 -2.8338258981105255 -0.025271960882246598 0.04020829932387134 0.9988684056733718 166.31879144386352
0.9973364664899947 0.06929190633195668 0.022878064573159922 1.0337852179695588 -0.068229563758896 0.996681830913737 -0.044337264777127655 -2.8900560248859315 -0.02587590149080505 0.042657923788059715 0.9987515653879291 167.44605589192528
0.9972782195747704 0.0702065165821732 0.022615784152276833 1.059498571386249 -0.06915139230901733 0.9966126221701406 -0.044466306891667015 -2.946991885154064 -0.02566257080458018 0.04278091820512433 0.9987518452055636 168.6170523778768
0.9973569401694021 0.06981334839038182 0.020219347726654232 1.0849316709185775 -0.0688765495515786 0.996660954523384 -0.04380339708356084 -3.003023252635297 -0.02321147892579937 0.04229462552723097 0.9988325241534717 169.77310787681125
0.9975366142492748 0.06791767371701163 0.01764445544851844 1.1093801282662334 -0.06711517068464777 0.9968310773857364 -0.04264823126017343 -3.053605804257211 -0.020486588169165425 0.04135842369590109 0.998931252687697 170.92287691300103
0.9974978347245893 0.0685680235658166 0.017325955531306628 1.129129860550726 -0.06777956739964397 0.9967886466143324 -0.04259771421805567 -3.104845420336127 -0.020192389248516462 0.04131600592099387 0.998939274320535 172.07047441749535
0.9972733158677833 0.07188594973705602 0.01678867722927171 1.1449752249821343 -0.07110937626200875 0.9965390647660218 -0.0429999299690888 -3.1582078041518247 -0.019822967823266778 0.04168817387054381 0.9989309649463254 173.2211230650995
0.9971367287199628 0.07391149935340077 0.016090683745247986 1.1596476299153453 -0.07314973472946487 0.9963623081724788 -0.04366766410952203 -3.211360023876233 -0.019260982238543233 0.042364908789530344 0.9989135361671833 174.31895016379923
0.9970659258737302 0.0750382844899518 0.015282079760137065 1.1744117179740776 -0.07430466052211086 0.9962642804646016 -0.043964496454303136 -3.2658656233568295 -0.018524695338050113 0.04269892010580409 0.998913705720809 175.45087595304645
0.9971370326438246 0.07424406927100588 0.01448239346362203 1.1931151814281296 -0.07354302893163304 0.9963163221534128 -0.04405856827669491 -3.3206842750954735 -0.01770096015921229 0.04286644273602437 0.9989215614827561 176.5775335117792
0.9970976894598501 0.074810483414978 0.01429554945968111 1.2097690433663872 -0.07411201627062572 0.9962616741060495 -0.04434209112987713 -3.3784378449018053 -0.01755996413454323 0.04315279126950146 0.9989117656229507 177.7496701871064
0.9970532989834637 0.07537880410960011 0.01441621913114812 1.2288180339164574 -0.07467292347318526 0.9962150301563971 -0.044458643980213 -3.4371859182940216 -0.017713232183996157 0.04324993219440531 0.998905103599362 178.9418334368296
0.9970879707603231 0.07498264299104963 0.014082796453497448 1.2484484253519597 -0.07429832072632409 0.9962606452229738 -0.04405722085062015 -3.492595543513224 -0.017334074554281292 0.04288143243941942 0.9989276621815875 180.08734148926817
0.9970954598721977 0.07494093644307498 0.013791506505503018 1.2676529192081387 -0.07427392446060875 0.9962748026390957 -0.04378404136245327 -3.5497550382192053 -0.017021605405422097 0.042631008351495386 0.9989438170450275 181.27124431254853
0.9971610199771547 0.07410757334844552 0.013576913727321298 1.289768758344984 -0.07344665267667168 0.9963252245356617 -0.04404154745009938 -3.6098014531394242 -0.01679103521570979 0.04291761295682403 0.9989353742359329 182.47797111287105
0.9972322347683306 0.07326011335420805 0.012915914769521631 1.3103906900325597 -0.07261918066688397 0.9963616467125078 -0.04457872961663066 -3.6717990617295926 -0.01613517006024977 0.04351595997051891 0.9989203175785819 183.71193006712326
0.9973072224805958 0.07239916418509862 0.01195297069410641 1.3276394294947125 -0.07179646963159077 0.9964078195675626 -0.044869239184901835 -3.7303927203203573 -0.015158985433749904 0.043889000513158985 0.9989193272049891 184.88555779334925
0.9974997012177126 0.06987655483809355 0.010832094395091542 1.3459559793247875 -0.06931607587813605 0.9965537708422446 -0.04552383864945619 -3.788487765147983 -0.013976214357202327 0.04465796555179141 0.9989025021861508 186.06400980299654
0.9974588667147269 0.0705607988718827 0.010159990953451686 1.3577351228849466 -0.07002708687216286 0.9964945689443123 -0.04573340221032998 -3.84659673143252 -0.013351477321183504 0.04490442786213787 0.9989001210100712 187.21566459643938
