1.0 0.0 0.0 0.0 0.0 1.0 0.0 0.0 0.0 0.0 1.0 0.0
0.9999998807907104 9.870529174804688e-05 0.00015923380851745605 -0.001016997266560793 -9.861588478088379e-05 0.9999997019767761 -6.753206253051758e-05 0.0005090667400509119 -0.00015929341316223145 6.753206253051758e-05 0.9999998211860657 0.034326791763305664
0.9999995472631227 0.0001954842256504108 0.0003222457257017197 -0.001720015045869272 -0.00019522394276272337 0.9999993898159714 -0.00013552719171983085 0.0022072317474893105 -0.0003223781695229633 0.00013555531772180274 0.9999994329996866 0.02838693964743995
0.9999994775729283 0.0002672685973668555 0.0004950569617439151 -0.0019078931906916469 -0.00026720291972255204 0.9999994864402885 -0.0001989504482330515 0.0038777684759914582 -0.0004949730809239014 0.0001988024932915574 0.9999994879015418 0.04219541144734282
0.9999991990047149 0.0003375151236954831 0.0006585944756190865 -0.002052999036256239 -0.00033723553280752105 0.9999992162576699 -0.0002642015511082604 0.005588767468951391 -0.0006586611923000234 0.00026412415124629426 0.9999991555642808 0.060496829608755784
0.9999993066793291 0.0003976084855378994 0.0008263302271377377 -0.002197464959272713 -0.0003973919591418491 0.9999994177162563 -0.00032785626244756266 0.007315230114227669 -0.0008263449739620017 0.0003273251352116354 0.9999991474804554 0.07710960720356906
0.9999991221732184 0.0005113612013710945 0.0009948946211956737 -0.0025590269274809434 -0.0005110622910665507 0.9999994691729277 -0.0003966474139411002 0.00907759132517312 -0.0009949439909522288 0.0003960745282546983 0.9999991048795648 0.09450633628733168
0.9999988928056045 0.0006367121718136165 0.0011610700390122638 -0.0030682852518451346 -0.0006362852857240155 0.9999993803774385 -0.0004592873978392408 0.010903712375776932 -0.001161141413308249 0.00045838568226811517 0.999998914735888 0.11185001967958756
0.9999988849565581 0.0007302717883429177 0.0013218749411618546 -0.003474314911785494 -0.0007298504441866666 0.9999994125057483 -0.0005195905033827548 0.012617538039029928 -0.0013219381653745742 0.0005183585986636819 0.9999989387974495 0.1298095102015024
0.9999988716891619 0.0007751757973425346 0.0014874545245476913 -0.003785760262708777 -0.0007745275989893133 0.9999992764948621 -0.0006038730747731457 0.014234433934997378 -0.0014876326182234718 0.0006024312211549655 0.9999986165993303 0.14639988246956995
0.9999985650022856 0.000843447591892754 0.0016580428648327347 -0.004172166037857106 -0.0008425525908880893 0.9999988196992635 -0.0006803883994761103 0.01589488321041758 -0.001658351324921768 0.0006791300903238414 0.999998078303688 0.16387386654869637
0.999998328495995 0.0009572708343259632 0.001814723879103479 -0.004729310796553011 -0.0009563206743186777 0.9999989222706069 -0.0007392907256913066 0.01767135034117702 -0.0018150397615183495 0.0007377713264787642 0.9999980168951227 0.1823234816512166
0.9999978196450908 0.0010575160904344233 0.0019766113838650123 -0.0052370524447941606 -0.0010564558278684417 0.999998662595401 -0.0007998547520716031 0.019405809455867618 -0.001976939800068361 0.000798058280273607 0.9999975591797123 0.19997346149448966
0.9999970377591832 0.0011400229391452076 0.0021470975483608152 -0.005630828943788206 -0.001138543453858368 0.9999982830656972 -0.0008675964282397362 0.02109448753567365 -0.0021476523945590294 0.0008655165467614775 0.9999968104501463 0.21714563897289046
0.9999968317489976 0.0012107291973097907 0.00231648153341566 -0.006011635040982269 -0.001209087693215139 0.9999981483405381 -0.0009305231421811891 0.022808431252546817 -0.002317169555531613 0.0009280390669312823 0.9999963922203325 0.23382214126547435
0.9999962319133839 0.0012959951173910171 0.002479361173591763 -0.006491939412974981 -0.0012936635356747817 0.9999976270687755 -0.0009958082701319753 0.024503109759762488 -0.0024804448388142386 0.0009931083587089863 0.999995894607581 0.25122102881596237
0.9999960485151298 0.0013853394854590772 0.002650870966094502 -0.0069621467108357355 -0.001382661452854032 0.9999974409637562 -0.0010669598614784855 0.02625967983699467 -0.002652135347737107 0.0010639356259321876 0.9999956369357444 0.26607889770186227
0.9999954735547623 0.001481960506744172 0.0028173108095394745 -0.007850229717851298 -0.0014791326094553067 0.9999974732838653 -0.0011356756851149358 0.026730189262474766 -0.002818623815914639 0.0011318675229408663 0.9999951223969679 0.3017073472709591
0.9999953646311024 0.0015700146006287553 0.002979033613688223 -0.008570602733850945 -0.0015670750814582044 0.9999975023809865 -0.001205920797302161 0.02844099365431369 -0.0029802825079395957 0.0012015062613928169 0.9999948254489178 0.29578265870121206
0.9999949567510218 0.001659506064310925 0.003148858219022658 -0.008839820838896792 -0.0016563072193928584 0.9999973991169228 -0.0012748516178651035 0.030126601478536703 -0.0031502034315886215 0.001269695882176367 0.9999943557088256 0.30985601745926267
0.9999943300421793 0.0017329118491369083 0.0033091871869818643 -0.00894664092610232 -0.00172917769062661 0.9999969656335643 -0.0013328143265482926 0.031823541201802544 -0.003310810617374119 0.0013273406914041932 0.9999936578679645 0.3267881242466602
0.9999931273402586 0.0018031894902399842 0.00347358270843335 -0.009139009399535847 -0.0017985451985578172 0.9999961623185948 -0.0013971432319101302 0.03349844041112867 -0.0034757964128394317 0.0013917189526032642 0.9999926109707628 0.3440990410981163
0.9999923809095113 0.001888234193897296 0.003644454545198664 -0.009391682075086233 -0.0018831832173232086 0.9999961447712042 -0.0014715096134616608 0.035196810006170295 -0.0036467401874699015 0.0014654828038649825 0.9999921519374962 0.361199343044715
0.9999916429907654 0.001974822229216156 0.0038021116048968053 -0.009737381385297929 -0.001969347739339772 0.9999957733665513 -0.001532603057727006 0.03694046164378379 -0.0038045794530161526 0.001526023535392247 0.999991368273625 0.3776255665903155
0.9999911129742226 0.0020631117296867917 0.003958321018408829 -0.010157104792879087 -0.0020575617901725006 0.9999957361438894 -0.0016001150870647214 0.038636482909260854 -0.003960878163250392 0.0015924157828917345 0.9999907901073366 0.3938823540405229
0.9999899804321062 0.0021412530872203035 0.004128409958127074 -0.010492325075773462 -0.002134833814081612 0.999995109418319 -0.001668294953377124 0.04030039797296888 -0.004131408577680271 0.0016601448414609598 0.9999898886217281 0.4098430684724591
0.999989001242632 0.002217046032290615 0.004297304740277427 -0.010869115200590454 -0.002209861305386624 0.999994837224672 -0.0017349953688205666 0.04199149477988448 -0.004300778788979418 0.0017263509522384528 0.9999890205154927 0.42701989004183993
0.999987960815516 0.00230563390084559 0.004465836570809934 -0.011304695761764736 -0.002297782489538395 0.9999943482236134 -0.0018016479467272552 0.043672999251977825 -0.004469788670772209 0.0017922803056243041 0.9999880614240514 0.44386108335703073
0.9999869215145598 0.002400520632720291 0.0046361367975796455 -0.011742247614729638 -0.0023917986683481525 0.9999937253938549 -0.0018613158490205395 0.045397083475719156 -0.004640633322690784 0.0018514607626505279 0.9999870741470448 0.461502702328664
0.9999859448000622 0.0024889542851686606 0.00480107870940325 -0.012176730951287334 -0.002479556721592836 0.9999931517757435 -0.00192834798852176 0.047098264070118315 -0.004805869303149464 0.001917897108313912 0.9999860057666498 0.477549953273293
0.9999843208281028 0.002570865212506878 0.004972635074244585 -0.012570837784334064 -0.00256040450139471 0.9999924059573979 -0.001993712366323095 0.04877692220326616 -0.004978038733990137 0.0019829789411387917 0.9999849367436143 0.4942240349417825
0.9999829267805229 0.002646097062802824 0.005142120691564148 -0.012955712680581809 -0.0026347490789280716 0.9999917796385978 -0.002062393219874563 0.05043489662450412 -0.0051479961267520465 0.0020510902339632062 0.9999837780023217 0.511245245229227
0.9999815636063757 0.002754701414382236 0.005304963155908017 -0.013475511153527901 -0.0027426831892870753 0.9999910619266968 -0.0021279099785861 0.0521533666199633 -0.0053112330336537545 0.002115708861441694 0.9999825668660369 0.5283221859456089
0.9999806730581435 0.00284133397778383 0.0054728453438534575 -0.014172595863087303 -0.0028286331176976035 0.9999906345261507 -0.002189971623965372 0.05256895558695018 -0.005479409664155229 0.0021768506624243156 0.9999814843509632 0.5634560178747657
0.9999790339975981 0.002923416659357223 0.005642525135769105 -0.014852215028972295 -0.0029094696013254413 0.9999898987719075 -0.0022571488448151814 0.054269716010423734 -0.005649781748076329 0.0022435157050407816 0.9999802891481118 0.5581831244052766
0.9999778234119534 0.0030093365478992148 0.005812628153952979 -0.015070361935751848 -0.002994676837502772 0.9999897448307121 -0.0023210039352927017 0.05594453643768162 -0.005820171484026255 0.0023065701296005737 0.9999794233094356 0.5709248594315425
0.9999761011044943 0.0030995034153806743 0.005980186099212418 -0.015266901322729455 -0.003083840758746185 0.9999887296450951 -0.002385698889814017 0.057606070546547684 -0.005988278105274412 0.002370775448270374 0.9999778816409827 0.5879452796816105
0.9999748049859378 0.0032000492727913203 0.006144790692814732 -0.015493041306019136 -0.003183522507729144 0.9999882680999762 -0.002450072642754538 0.059334846575344165 -0.006153378164342413 0.002434159799678002 0.9999766837156097 0.6047715787032882
0.9999735118638376 0.003289028485690855 0.006308904522663725 -0.015738172495485 -0.003271721225281023 0.9999879424324791 -0.002517084284302493 0.0610178488518627 -0.006317890208963183 0.002500102500722809 0.9999756298926459 0.6217010484962283
0.9999722044924971 0.00337725378756124 0.006470205312161364 -0.016044649482167436 -0.0033591412543484338 0.9999873642659817 -0.0025857999523151024 0.06267907559858049 -0.00647954503265974 0.0025677633603034045 0.9999745581028765 0.638594249037584
0.9999707132275053 0.003468465402506239 0.006634735213920159 -0.016395665221667903 -0.0034495812915436804 0.9999867774197864 -0.0026492353131000908 0.06435264709339644 -0.006644401426332735 0.002630055962151921 0.9999732695441923 0.6550261881710322
0.9999694800120973 0.0035693143619338237 0.006803791299628714 -0.016790876391959607 -0.003550013738926044 0.9999867415202043 -0.0027128214724493286 0.06608059039621682 -0.00681373238841749 0.0026921519068470578 0.9999723367178172 0.6711538036454711
0.9999681825890009 0.0036548962067414373 0.006967169815983938 -0.017188175417354276 -0.003634863824557337 0.9999862405780322 -0.00278653634233987 0.06773398379480476 -0.006977424042044177 0.002764883841107095 0.9999710247973732 0.6870434861704283
0.9999669582094113 0.0037342188660868716 0.007135629879488703 -0.01756699837378626 -0.0037130717035743013 0.9999857666767266 -0.002854323094038534 0.06941742764060764 -0.007146319498629048 0.002831535912490775 0.9999696619000462 0.7039093849421547
0.999965397462098 0.0038247572508614933 0.007298571335418541 -0.01799328076050422 -0.00380263702815133 0.9999852046935731 -0.002913846959947055 0.07107823926999926 -0.007309826172955738 0.002889660098292257 0.9999682098139432 0.721072360463232
0.9999637683518039 0.003920882439907437 0.007463202259611 -0.018422421574986914 -0.0038977904698043212 0.9999844054853952 -0.002982123924073383 0.07272885980208499 -0.007475022900848894 0.002956609450521133 0.9999666897563401 0.7382017197526883
0.9999624270306334 0.004009288993121617 0.007628502427891879 -0.018855473607277483 -0.003985362636508096 0.9999838540656807 -0.0030530421071612327 0.07439535398028954 -0.007640682439036195 0.003025985617532179 0.9999652442569104 0.7551590987086174
0.9999608987139256 0.004100208297688762 0.007796750015889032 -0.01924930870592167 -0.004075446719080165 0.999983304425915 -0.003115671677912106 0.07605255787156355 -0.0078093049692526005 0.0030872513922473536 0.9999637692969823 0.77299878051165
0.999959247702099 0.004188682308316357 0.007962001357000764 -0.019667530182820924 -0.004162846389787072 0.9999828650817982 -0.003180688208485175 0.07769592152375122 -0.007975092492232652 0.003150756601925826 0.9999622184382733 0.7897199290279922
0.9999577952088842 0.004276389237882683 0.008128278202198106 -0.020299946483062794 -0.004249726872931238 0.9999825258150733 -0.0032488234728492225 0.07806311442598672 -0.00814174988149778 0.003217591661076705 0.9999607967749515 0.8243543319875095
0.9999561570875822 0.004367483481152212 0.008296568933327577 -0.021045085578229983 -0.004339837025727788 0.9999819177744673 -0.0033182628962151054 0.0798140830780325 -0.008310538279578788 0.003285575972693813 0.9999592030169213 0.8173398038338642
0.9999546120919303 0.004462439563251655 0.00846161752072144 -0.021259419534495266 -0.004433761457187234 0.9999814088878767 -0.0033850216069171235 0.08145424083096499 -0.00847606799504724 0.003350592578467248 0.9999577311438193 0.8312240105744869
0.9999533460604643 0.004524270039467856 0.008620981867057679 -0.021398660597623805 -0.004494226638607665 0.9999809635243307 -0.0035084543327573207 0.0828624153829406 -0.008635979325300835 0.003472441223382687 0.9999559644525786 0.8487306575129568
0.9999518004903276 0.004583690066090935 0.008782957663386928 -0.021525046456671214 -0.004552068657237168 0.9999801944487445 -0.003619451058575052 0.08436312809236848 -0.008798628494595255 0.0035822591842172595 0.9999541783579188 0.8688956896009358
0.9999502842990698 0.004678342608509543 0.008946875832447947 -0.021784234484942495 -0.004645679315393881 0.9999798283644303 -0.003702273797628649 0.08592257795104209 -0.008963142579452868 0.003663237575676478 0.9999526771330655 0.8918142742518177
0.9999480609027492 0.004769193860471969 0.009107934806664626 -0.022050656505827687 -0.004734812282515749 0.9999787356482718 -0.0037883749569696435 0.08735173171482521 -0.009125078439929423 0.0037479275710793555 0.9999506191829954 0.9183833141174214
0.9999463944834319 0.004869939487129779 0.009264442931339486 -0.02256801172993141 -0.00483390551606291 0.9999777851321309 -0.0039154784919960125 0.08858119262728491 -0.009282385521717321 0.003873433927867872 0.9999488310787009 0.9452422309468629
0.9999442894539816 0.0049490156390033175 0.009417785006291238 -0.02307873561218701 -0.004910843889679413 0.9999766099315827 -0.004059181010936593 0.08973164629536452 -0.009436961851595876 0.004015963692630325 0.9999466685862379 0.9784166761528909
0.9999427821581749 0.0050549935654866434 0.009560179953733566 -0.02387262883321031 -0.0050153763966558984 0.999975967608518 -0.0042096087690840275 0.09076935929453218 -0.009580162667413078 0.004164161193908979 0.9999450740854178 1.0157077615613788
0.9999403614665741 0.005201766092922991 0.00969830472767182 -0.02487541288463673 -0.005159923046803938 0.9999744743662221 -0.004363455149474921 0.09158348682356454 -0.009719813614827263 0.004316033470757838 0.9999429267555803 1.0599656168791292
0.9999385648118119 0.0053444069696696374 0.009831678896863927 -0.025899240073588067 -0.005300688289186708 0.9999734669414004 -0.004510325003151514 0.0923176348871217 -0.00985443940872777 0.004460476694719907 0.9999412304228323 1.1091818643864366
0.9999362038932157 0.005500625973899653 0.009956497855887312 -0.026930147745254842 -0.005454968760902974 0.9999719360700182 -0.004641878173969029 0.09284181595244174 -0.009980766396470383 0.004589833401208764 0.9999392903787465 1.169829231171587
0.9999335778273907 0.005664724071479294 0.010081558486324986 -0.02793913975793308 -0.005617246937977037 0.9999702722436649 -0.0047579240663262225 0.09317622535385803 -0.01010738654935615 0.004703772240011508 0.999937208224274 1.2464065749357214
0.9999314642220789 0.005780159757508944 0.01021448644910769 -0.028440615884657103 -0.005730958844944973 0.9999691702358678 -0.0048550508769343356 0.09327011963227838 -0.01024148884951727 0.004799079300231926 0.9999352268881861 1.3368428316163325
0.9999297117310619 0.005873109519996991 0.010333466542159471 -0.02870082838502589 -0.005822166375148627 0.9999681324760612 -0.004960994838289957 0.0929781858810273 -0.010361548136021475 0.004903423091432829 0.9999334968799761 1.442847552292969
0.9999278615079474 0.006043896789784215 0.010461485820772871 -0.02824221022695528 -0.005991219458904575 0.9999666064381205 -0.0050945110641409256 0.0919553062411111 -0.010491122631050159 0.005034458475212719 0.9999317496326098 1.5708729475229308
0.999925538034024 0.006272973478877072 0.01057398693414613 -0.028485278766011105 -0.006217817483271249 0.9999642124408252 -0.00528657618559975 0.0911900462096223 -0.01060589737577797 0.005223214756909814 0.9999295936004635 1.6913131870427978
0.9999229742404097 0.006527743041281691 0.01067663892196728 -0.028441028067349394 -0.0064698944006252364 0.9999615793619314 -0.005488231816142909 0.08993249851397124 -0.010711071984270269 0.00542141833825814 0.9999274414749951 1.8481364672733804
0.9999196402599001 0.006756170656129109 0.010793433656602305 -0.028154959374723627 -0.00669579187953726 0.9999588757876754 -0.005637759347053408 0.0885689004106926 -0.010830213094651287 0.00556813601372889 0.9999250157743864 2.0262069491451973
0.9999159746470672 0.007055593890282962 0.010912375362943259 -0.02823093395294884 -0.006993094378000847 0.9999560476129487 -0.005764768511484477 0.08712658580609883 -0.010951813842294284 0.005691378621531929 0.9999228962864832 2.220178990566822
0.9999135820169025 0.007222657680737712 0.011034553293165102 -0.027905838173628746 -0.007158528197781223 0.9999545188031697 -0.005829072132514224 0.0855074367430743 -0.011075507059717082 0.005752911241152 0.999921132480592 2.433684035359046
0.9999120682754203 0.007215793511473586 0.011160010148388024 -0.026962223424095783 -0.007150343056918591 0.9999541896300018 -0.005875000515174892 0.08360799342982739 -0.01120130749828844 0.005798049641674156 0.999919241769605 2.6648704065845363
0.9999092317648408 0.007349756189929587 0.011306179970666162 -0.026535380126912287 -0.007282989079335716 0.9999528638667532 -0.00588802602900131 0.08149921558180942 -0.011348545536030588 0.005808587871652351 0.999917474293057 2.919344122462901
0.9998889457365268 0.009943024144489176 0.011123054839913394 -0.03174459490322645 -0.009892631934944359 0.9999374849216562 -0.00452212039292291 0.08396455233562553 -0.011166940052696049 0.004414835808435977 0.9999268773844694 3.19249214361346
0.9998769422533481 0.011021003324834959 0.011167223919354506 -0.03436324792510329 -0.011004986324465128 0.9999347862001613 -0.0014201808481211112 0.08875185789944309 -0.011181527179645588 0.0013000415265523543 0.9999353578258431 3.4941809231674457
0.9998734167928904 0.011398912772179534 0.011110457882890288 -0.034410327232984435 -0.011395320923386595 0.999931237848249 -0.00030500528678398015 0.09002729736288814 -0.011112584713040195 0.00018143825422384696 0.999937102006334 3.8162314176967094
0.9998813462231221 0.010738052842424926 0.011096275456457165 -0.03343218936349803 -0.010730124907046406 0.9999389317221183 -0.0007323692500174493 0.08777257710121518 -0.01110275171514331 0.0006161147054541354 0.9999373663391798 4.153981650912939
0.9999182205501411 0.006244399846468665 0.011244270993565059 -0.032511888832868784 -0.006228035584386034 0.9999765574706367 -0.0014900310556123747 0.08778622779802318 -0.011252700982068736 0.0014227765998358329 0.9999349882124302 4.528449218054184
0.9999270829752785 0.005039930997823588 0.011050651504152851 -0.03448167059243218 -0.005027196791633602 0.999983838319898 -0.0011832327711844373 0.08898995459499554 -0.011055665309873128 0.00113037941894998 0.9999375041731279 4.903877393206215
0.9999270275851501 0.005143264149248382 0.011040976897954684 -0.036493633564467574 -0.00513202400543363 0.9999835732858223 -0.0010633779649079687 0.08859434462810173 -0.011045357583190096 0.0010092755531671397 0.999937991674446 5.280752670731644
0.999922871775693 0.006265705022675585 0.01082441645765325 -0.0402420615192646 -0.006255601153868389 0.999977380072877 -0.0009582552282406049 0.08877063627781132 -0.010829416157689203 0.0008935156653405916 0.9999403755040905 5.68140052625655
0.9999158927567525 0.0079532255488568 0.010349709636016242 -0.04118889568592472 -0.007946770658143514 0.9999657531266207 -0.0006831858143792304 0.09014426728437124 -0.010353833163955285 0.0006038723561040873 0.9999458974999819 6.1022991962579605
0.9999143394051812 0.008267893986185642 0.010229068297698153 -0.04063368272791758 -0.008260121178811083 0.9999629386743694 -0.000807191709812782 0.08899811488728682 -0.010234578014909573 0.0007257902901930601 0.9999469417381849 6.511138851456475
0.9999098396185794 0.009490249429441442 0.009582515653036512 -0.040200513976002036 -0.009453420367516435 0.9999450674933327 -0.0038869458764882263 0.08251273827350167 -0.009617992460038319 0.0037992705575441944 0.9999462907456659 6.9383445512347
0.9999225047150604 0.008376212868618803 0.009265960809368623 -0.03935717930748282 -0.00832834239835417 0.9999488240674516 -0.005166476965667599 0.07823032878685875 -0.009307993392506661 0.005092422156131526 0.9999432731442539 7.377431260298196
0.9999271418704303 0.008308285506599641 0.008827221253741363 -0.041667263408641415 -0.00826742525599328 0.9999520106704455 -0.004624416722278553 0.0777594233488219 -0.008864387098845844 0.004554644103782699 0.9999497237091258 7.845206572447891
0.9999362320609885 0.007406261333225007 0.00856538656319549 -0.04213925277275598 -0.007370298013634044 0.9999607972428975 -0.004160371462583524 0.07678187263576965 -0.008595065298402474 0.0041004645471416105 0.9999537653048981 8.320374469007017
0.9999333493066546 0.007786148583321994 0.008587378624655174 -0.044304840394581595 -0.0077489760889512815 0.9999573827041419 -0.004281264382414875 0.07324938283209012 -0.00861956625505524 0.004218080217258747 0.9999530139317394 8.79571205621012
0.9999189480151099 0.009694705055825313 0.008357933284847994 -0.047434130257029014 -0.009648193956493925 0.9999348242352174 -0.0055285076055185045 0.06707510889207856 -0.008409835385334696 0.005450770877734043 0.999949341537553 9.275932122008072
0.999896761460057 0.012079837442813083 0.00792633159798737 -0.05190210264210853 -0.012020601097844632 0.9998966810113222 -0.0074140916410288075 0.06032075566510911 -0.008014104699894505 0.0073215592460705746 0.9999405501045991 9.767149063877902
0.9998978958074671 0.01238441243820926 0.007376773755342417 -0.053249398784213316 -0.012313766968254865 0.999875430241576 -0.009517951270650405 0.05161312962176828 -0.007492392613464842 0.009429204619365432 0.9999273917318141 10.265312306340697
0.9998954124111044 0.012945001438836099 0.006719307796179772 -0.055155518167327604 -0.012862521062042392 0.9998400579157584 -0.012150051439689892 0.04148385383917683 -0.006874298278086132 0.012065424881318301 0.9999034832122642 10.744938105107908
0.9998729409847454 0.014877650074375595 0.005962796994834623 -0.05841702956824698 -0.01478003054628178 0.9997580383028524 -0.01604200379350211 0.028893380745717408 -0.006199564784551392 0.01595488019862042 0.9998524394983243 11.222989455835618
0.9998187898899027 0.018320729496919055 0.005412709379911411 -0.06611693240436782 -0.018219492278444542 0.9996653143720976 -0.01815663240588947 0.017720489330259673 -0.005742835116394864 0.018058134872897723 0.9998200565002086 11.721584300939464
0.9998198181220819 0.018382239556354336 0.005145524906327483 -0.0698116023613074 -0.01828614352477801 0.9996642981834254 -0.018179277536907103 0.008580499877261047 -0.005476944842152428 0.018084997863061808 0.9998214491197135 12.22361123369852
0.9998368882677524 0.017517638627231838 0.004802125472748717 -0.07198703450449401 -0.01743053440426709 0.9996890511067742 -0.017645913799974804 0.0013580939186368952 -0.0051086621218784 0.0175625249432714 0.9998325579151391 12.735356451660397
0.9998574684497442 0.01635697595298743 0.00460103153654078 -0.07354168052221248 -0.01627583293112501 0.9997158319380209 -0.01724268721062726 -0.006762188924844533 -0.004880647186239923 0.017168588575592936 0.9998404624839095 13.259029728006677
0.9998638039855882 0.016078492542162284 0.004189164961340117 -0.07156953498229647 -0.016006833373654467 0.9997292901973854 -0.016695611633880485 -0.015208107496935446 -0.004455443877128899 0.01662931236374499 0.99985149559753 13.825413812216892
0.9998326499712648 0.017977950502387194 0.0037800555488917377 -0.07661634678579682 -0.017913580670289038 0.9996996759518959 -0.016504099550815915 -0.021915778717006312 -0.0040750504725676545 0.016436864605381754 0.9998556923429855 14.366444547047992
0.9998087216497571 0.019267177260758602 0.0035992225290939752 -0.0808502952109246 -0.01920474259464285 0.9996726982063767 -0.01667105461490674 -0.03015892115955662 -0.003919196001685964 0.016602307845162884 0.9998530233573658 14.908499194609186
0.9998032030726465 0.01957531285730104 0.0034828198808872263 -0.08370252274346632 -0.019514315314508018 0.9996648225978982 -0.016779509265943245 -0.0395460805183725 -0.00381006036027695 0.016711769100928215 0.9998516336496017 15.440488185675049
0.9998114980252308 0.019244186320825203 0.00299370567928772 -0.0868973259628258 -0.019189890090042624 0.9996618171601224 -0.01735169947726358 -0.05057613933081043 -0.0033263063689125713 0.01729380375789609 0.9998436135546748 15.968248947169277
0.9998510880689028 0.01714226988069113 0.002546545038565871 -0.08965542459861994 -0.01709245295531807 0.9996779123766028 -0.018560038583037747 -0.06139877709999243 -0.002863631304698624 0.01851652733153544 0.99982284610743 16.497478847108862
0.9998338284594745 0.018192859738237713 0.0018605319312017512 -0.09448295423868193 -0.018149407248132764 0.9996032332309606 -0.02137609859410704 -0.0769372448967994 -0.0022482812588599348 0.021341152892394508 0.9997683751361315 17.021817790572968
0.9998396762878015 0.017923170504053433 0.0010656773292224081 -0.09601745259803979 -0.017890122422541666 0.9995014469563014 -0.025871263156496557 -0.0977281845338027 -0.0015287888913579162 0.02585040660206044 0.999663119618531 17.54940893945649
0.9998031429471845 0.019876955659791924 0.0004995416102385652 -0.10301980608964861 -0.019855649696248874 0.9994053518024468 -0.028065707074694125 -0.11534015421055056 -0.0010569537830263267 0.02805234747006574 0.9996044809594529 18.064462452171426
0.9998538334810869 0.01713241521132361 0.00014007773045154914 -0.10695543084361077 -0.017122406404340672 0.9994612033926571 -0.027875677280648003 -0.12856670305832907 -0.0006174553410289481 0.02787128941837571 0.9996096982222477 18.622061139601342
0.9998563846750848 0.016976000902775193 -0.00020482245360480943 -0.1134401486702465 -0.01697546324735904 0.9994589044884574 -0.02804820988075695 -0.14436925916599297 -0.0002714522971610169 0.028049891844197972 0.9996048155246818 19.158592802053462
0.9998600971111179 0.016730355117501018 -0.0006543515979758582 -0.11755844998159141 -0.016742601083900004 0.9994175847977909 -0.029602131983601565 -0.16333005756452024 0.00015835234786541074 0.02961147241339192 0.9995593290243154 19.677510275080095
0.999813551858552 0.019307773246486786 -0.0007759980599143818 -0.1264557944630586 -0.019322658681644216 0.9993433787228486 -0.03052126214505538 -0.18097244947878163 0.00018578294053473278 0.03053302999278717 0.9995316094231529 20.21393642307204
0.9997868889262106 0.02064162133190553 -0.0010350763974184673 -0.1344427045725334 -0.020662576641035536 0.9994035470226122 -0.02753225632410719 -0.19228805504950172 0.00046548667435641244 0.02755017198109052 0.9996185126706314 20.81135309293961
0.9997835569514609 0.020786981722917545 -0.0015129747834378969 -0.1418896481335435 -0.02081689483432707 0.9995080566435104 -0.023302573014073326 -0.20039385260443696 0.001027303064541055 0.023331686720683704 0.9997255816779823 21.431430511149713
0.9997812166517112 0.02084805522883011 -0.001961775601149981 -0.14756704328781087 -0.020884974113593635 0.999553751750485 -0.021178535695442976 -0.2117583407520632 0.0015189851950272266 0.021217304484979917 0.9997718539226071 22.05169627796611
0.9997867574038849 0.020546657675567112 -0.0021617585813566227 -0.14836864326258004 -0.020587867767209462 0.9995559002609096 -0.02134127536238358 -0.22583555423725188 0.001721642464690515 0.021384166095366558 0.9997678349464878 22.632149723445615
0.9997731222230328 0.021169052911569817 -0.002386659253420229 -0.15264920442645286 -0.021216684501059638 0.9995213647281763 -0.022312666768235373 -0.24157202804517114 0.001912321096954259 0.022361559462804152 0.9997460141487932 23.19537980679191
0.9997650005246596 0.02149582679896243 -0.0026910280616695348 -0.15719693128782253 -0.021552273833553955 0.9994890574297944 -0.023391792031783862 -0.2585685306189651 0.0021855591587010654 0.02344848220879047 0.9997201863173748 23.775619952235115
0.9997478891847383 0.02223705788820115 -0.0028858999539667007 -0.16370514609119935 -0.022298947174241194 0.999458347333057 -0.02397167208336774 -0.274216463510616 0.0023495254267918075 0.02403490842110765 0.9997053758454748 24.338819323562326
0.9997467108372587 0.02222248043532006 -0.003202149551288458 -0.17033236365022797 -0.022291558488200903 0.9994595569812825 -0.023912753137716684 -0.2883677313751048 0.002667125957488614 0.023983203233364406 0.9997053995669393 24.929978106472433
0.999739033988945 0.0225493920347792 -0.003401793124529745 -0.1780254621007452 -0.022623197286451416 0.9994552932793374 -0.023787106764387785 -0.3022634538495064 0.0028620002785019415 0.023862936641205788 0.999708005031349 25.526778929242006
0.9997323472623673 0.022832596800495274 -0.003489541674186038 -0.18479504299368937 -0.02290910821055931 0.9994429434607238 -0.02401652389095962 -0.3183027871828629 0.002937600046035216 0.02409514675820673 0.9997020677622628 26.119316251832306
0.9997132012458331 0.023638933960150155 -0.0036474253597837273 -0.1934738593351484 -0.023720072496986485 0.9994159181422673 -0.02435755526991986 -0.3342818104533676 0.0030678469897735916 0.024442253828192324 0.9996932030615651 26.71667204281705
0.9996749893282608 0.025135363125286428 -0.004178231585273038 -0.20448988619312347 -0.025225295426758804 0.9994053121841544 -0.02326240499882353 -0.34593205549294137 0.0035895688155016805 0.023365095128983746 0.9997174793698789 27.324609392541912
0.9996794163433278 0.024866780989358055 -0.004647453750641571 -0.2128750531500001 -0.024953419637746027 0.9994863410671037 -0.019825344811835358 -0.3541174503587837 0.004150838465336167 0.019939969893800397 0.9997894314605565 27.968912026352907
0.999643659313411 0.02619571185449886 -0.004948176882861451 -0.22432162953929624 -0.02627288912786201 0.9995136668582105 -0.01645405828600463 -0.3602191947182082 0.004513948022248919 0.016583390016004364 0.9998487018744556 28.625203285712075
0.9996461744806973 0.02598540697921648 -0.005535917592849087 -0.2319496734880455 -0.026062335698656288 0.999549487702371 -0.014496475289040033 -0.368508934900698 0.005155973672445386 0.014640963548399706 0.9998760516625727 29.290429335856775
0.9996425167934825 0.026035279041363865 -0.006002570504278184 -0.24026602457686608 -0.02612473474046069 0.9995327891009942 -0.01548761442812405 -0.3822551408524636 0.005595876307078207 0.0156439926832209 0.9998584970585553 29.89153112080604
0.9997422449250724 0.02184854442811681 -0.006113922689892676 -0.24474523147404303 -0.021951930418017827 0.9996001441702512 -0.01750329103624018 -0.3948003100798028 0.005728461114981381 0.01763805726202843 0.9998246286111591 30.49335505121579
0.9997465988838096 0.021526399816312512 -0.006500666608016199 -0.25092848471724216 -0.021651803113253498 0.9995600080039484 -0.019989070208278458 -0.41089594329262874 0.006066691446672185 0.020129961358802337 0.999775634280576 31.05779049559562
0.9997660176460677 0.020406322444034192 -0.007138748558142604 -0.25545514039506484 -0.02056984630963255 0.9995003830079008 -0.023751751584511115 -0.4299716152708415 0.006649546755443421 0.023898531296843873 0.9996888441523111 31.596423715437133
0.9997386436718013 0.021421438813744084 -0.00791602803071468 -0.26216464248169025 -0.021637992227770953 0.9993538585103885 -0.028487924996429135 -0.451479942819921 0.0072994336153536475 0.028657139394851285 0.9995588160278224 32.09939729689768
0.999742755784113 0.021020370704774735 -0.008403715181577058 -0.2665402700463312 -0.021272436681941474 0.9992776647331267 -0.0312856837812377 -0.4719780370493793 0.0077381826575818775 0.03146271319698621 0.9994706100856258 32.59994843084088
0.9997308810049641 0.021436616183550992 -0.008754470931252615 -0.2743635922511333 -0.021689413460589987 0.9993073559954572 -0.030034289465816155 -0.48514366498215145 0.008102805019609608 0.030222425882515145 0.9995060060422369 33.11037438921656
0.9998438272433686 0.01527257627265498 -0.008729510616289276 -0.2763054712625516 -0.01549273916634672 0.9995366731810961 -0.02594337573517292 -0.4960951324724949 0.00832805478089262 0.026080152667831334 0.9996205919344963 33.68857796836388
0.9998947735086081 0.011270061609740832 -0.009050238623641465 -0.2851578930745772 -0.011473238057144654 0.9996664133059141 -0.022863704433409314 -0.5046671503518465 0.008788126933837306 0.022970790292576673 0.9996934429970452 34.237031872930665
0.9999136168699886 0.009530805554274576 -0.008984145949400914 -0.29234733983477446 -0.009725032020840935 0.9997053983608777 -0.02195288349014177 -0.5151750502549896 0.00877079924461123 0.022044163150615293 0.9997145198167406 34.75907930622661
0.9999073077573237 0.010305882287889334 -0.008798518979715765 -0.3013376994013171 -0.010495863952208306 0.9996964378189853 -0.02199207535502517 -0.5279794226933666 0.00856734598928609 0.02208843226385227 0.9997149691332152 35.25789505330872
0.9998580509458063 0.014003997114922253 -0.009264974957773727 -0.31398446779141387 -0.014202691055776713 0.9996524864787412 -0.02189944061718327 -0.5382248188924942 0.008953245009609024 0.022033986922550382 0.9997127838647566 35.74001304090234
0.9998452615527665 0.01485717188345386 -0.009290989673070594 -0.32193687674176547 -0.015037538900296877 0.9996815939159124 -0.01989795500093295 -0.545852088000794 0.008990445165800989 0.020040836205084886 0.9997543123151162 36.220157642455234
0.9998309296103756 0.015874416097843024 -0.009190876389594552 -0.3294862658245228 -0.016033749315953815 0.9997070524318532 -0.017752459916487533 -0.5530507957707136 0.008904554875621612 0.01790320763249327 0.9997957515482556 36.70959032965226
0.9998367739978113 0.015509240887047216 -0.009172567396904306 -0.3355007238125391 -0.015670299386801645 0.9997090599236905 -0.017967826500276295 -0.5640888637373662 0.008889468369254683 0.018114937899009656 0.9997919751406565 37.16979493439757
0.9998372798853338 0.015508294724944655 -0.009169843820459496 -0.3424794614042673 -0.015673571948557563 0.9997016128389057 -0.01839346009857682 -0.5754152583058455 0.008880441890401403 0.018540039933048806 0.9997845865879689 37.59639358007244
0.9998372176399398 0.015652810961705337 -0.008906258233181362 -0.348108818408328 -0.015814429109372363 0.99969681439295 -0.01853425578433613 -0.5857080870485741 0.008612016906718797 0.01867794885224117 0.9997842934266618 38.01253252181442
0.9998370786389432 0.015799294516219312 -0.008690495219262928 -0.35387986413019745 -0.01595549734735742 0.9996986961019704 -0.01834530966720265 -0.5941145957636823 0.008396805447867474 0.018486338009469614 0.9997899574842415 38.42939558111055
0.9998258114576035 0.016462183507912086 -0.008753582882123108 -0.36278227097843807 -0.01661302376751491 0.9997019360285632 -0.017577398845593527 -0.6011223926101029 0.008460501166077553 0.017725070652728867 0.9998030269126278 38.8558261947181
0.9998080520200153 0.017492524584335412 -0.00876311966417938 -0.3720272824560823 -0.01764253453128715 0.9996857720166252 -0.017499575323427708 -0.6083436883324425 0.008453001184397232 0.017656305520818212 0.999804192814053 39.266009450306264
0.9997917702232515 0.018439952257497165 -0.008675789531576125 -0.3764376105039269 -0.01859069896321387 0.9996634013437058 -0.017794367462451038 -0.6168083309602229 0.00834328668988844 0.017957437078657892 0.999799677535701 39.6876704721933
0.9997898625212353 0.01854934509675209 -0.008662965273528053 -0.38067234929657734 -0.018704112552418516 0.9996523298963435 -0.018294928315977663 -0.6266300251542668 0.008319163230707416 0.018458278505520297 0.9997907578609398 40.072606490354204
0.9997873828032905 0.018670190308442934 -0.008717313735549704 -0.38556211648384253 -0.018834717280603083 0.9996306199187084 -0.01931889667149489 -0.637748381007435 0.008352163430585738 0.01948382693427111 0.9997712462802398 40.45769410231602
0.9997863459904959 0.01881767553749655 -0.008439635178177456 -0.3894474158481109 -0.018980349698670226 0.999618212344457 -0.019805775119973352 -0.6476989262769427 0.008062250081835304 0.019966972211756362 0.9997637796723567 40.815064805361
0.9997808935021129 0.019260694335083865 -0.00812496344390805 -0.3951563307051895 -0.01941892434023195 0.9996062529230862 -0.02000182828277657 -0.6565609701526987 0.007735450277054179 0.02016020931048339 0.9997627890924714 41.16754188786436
0.9997751008864151 0.019574223064480496 -0.008050876961926528 -0.40185518829533223 -0.019730402900434495 0.9996010539428872 -0.019953078749573184 -0.6644107372898488 0.007655928948932453 0.020112543772817904 0.9997642474254959 41.51843433487815
0.9997705290347905 0.019856552287269357 -0.00794625285284216 -0.40838031411660847 -0.02001056865419787 0.9995965315320078 -0.01992096545352565 -0.6725538901901537 0.007546474123716789 0.02008032699836697 0.9997659693660665 41.869695939786176
0.9997693628766938 0.019985113542639835 -0.0077574379441313936 -0.4134308384260759 -0.020136098903398233 0.9995913073085548 -0.020056766908795674 -0.6817395434684854 0.007352320505417487 0.020213298714494662 0.9997647036827644 42.210512426681575
0.9997718297431255 0.019880995451083926 -0.007669454144259109 -0.41845002690202454 -0.020031283485282162 0.9995901171883921 -0.020209247176486585 -0.6906544222662666 0.007263435740808968 0.020363330912673505 0.9997622669198896 42.5413459151327
0.9997689567920002 0.020024000947340175 -0.0076428049416363605 -0.4247440925308598 -0.020174425136247554 0.9995845729989729 -0.02033515318330806 -0.6994370383643602 0.0072312767114745425 0.020490050766254816 0.999759687141721 42.86685444075603
0.9997622125326264 0.02039010200032454 -0.00756604687057016 -0.43090915759213133 -0.020540609588941095 0.9995721323070242 -0.020577502120278736 -0.7084612986692943 0.007142038061599488 0.02073345453920535 0.9997553431440472 43.181230166288174
0.9997595751037877 0.02059221543698276 -0.007386034410886253 -0.4353803575737176 -0.02073966507500041 0.9995657584270545 -0.020694182630729908 -0.7164991402791632 0.006955427035041849 0.020847770517998354 0.9997544222709451 43.481708952436215
0.9997643647031373 0.02034893332065294 -0.007376880429715296 -0.4397252945271616 -0.020493771548370312 0.9995768748825619 -0.020391656332790765 -0.7231281578933129 0.006957393758224153 0.020543548823819483 0.9997606939715671 43.79851594119478
0.999767331643653 0.020119436366705032 -0.007608467349600834 -0.4459319378160164 -0.020266089323104437 0.9995895603935405 -0.019992490206895665 -0.7297034651605873 0.007201726890288464 0.020147708906533824 0.9997670100729253 44.11514490076264
0.9997766744783009 0.01969680386400892 -0.007544924093955827 -0.45111573369763625 -0.01984395604834933 0.9995937492392184 -0.02021120295871408 -0.7378823147581924 0.0071424263144691975 0.020361944326707793 0.9997632379272415 44.42359955696489
