1.0 0.0 0.0 0.0 0.0 1.0 0.0 0.0 0.0 0.0 1.0 0.0
0.9999986886978149 -0.001321941614151001 0.0005884170532226562 0.005220914259552956 0.0013204216957092285 0.9999945163726807 0.0029101818799972534 0.0019850570242851973 -0.0005920231342315674 -0.0029098093509674072 0.9999954700469971 1.037878155708313
0.999995737761969 -0.002758151484911764 0.0005571057305253646 0.011166426023240139 0.0027577675231866827 0.9999952895426127 0.0008043098913796953 -0.004552755379401585 -0.0005589816811930604 -0.0008031555262872914 0.9999994124394185 2.057288878750971
0.9999933649304373 -0.003469529185701231 -0.0006016178841145592 0.0138341703206275 0.003467330928292646 0.9999852468325318 -0.003982942217490492 -0.021406933205035145 0.0006153460478358029 0.003980761556100184 0.9999913928736532 3.07180326040352
0.9999938726584302 -0.0030951047280035645 -0.0014449532595590593 0.014139267353166623 0.0030830934102658017 0.9999600728149912 -0.00831484235242012 -0.04053499864151161 0.0014707584772783253 0.008310034655154355 0.9999640952008837 4.0503761051602005
0.9999981361390959 -0.0013496531188589781 -0.0012864604132344138 0.0111824508519319 0.0013370598466819282 0.9999508397036181 -0.00977907051349606 -0.05738594037294441 0.0012998385377472417 0.009777062843863734 0.9999511957138343 5.03461847914379
0.9999858333786216 0.005234175102371 -0.0009369585403607259 0.0008144529421600551 -0.005242686068528315 0.999939723915809 -0.009593090205147679 -0.06955949966891259 0.0008869746254513276 0.009597647346262277 0.9999532257641941 6.019864860367092
0.9999408356327986 0.01088613974305723 0.0001779156527633262 -0.006143086695513246 -0.01088390571655887 0.9999000447079737 -0.008944339552503207 -0.08001948857608869 -0.0002749591976844197 0.008941622486824684 0.99995954067055 6.9973196810182765
0.9999212891015115 0.012560959918968433 0.0004992573269286081 -0.008554761737630189 -0.012556556539217237 0.9998906255902601 -0.007716403700470045 -0.0895484672837623 -0.0005958868680378876 0.007709313010997653 0.9999695130930337 8.010292502745697
0.999909846873518 0.013405096007089914 0.0009742767040383609 -0.009608791404611242 -0.013397956675836641 0.9998861956077422 -0.006829652968859154 -0.0988121083463366 -0.001065634634101119 0.006815775010459541 0.9999756417367013 9.017107971119769
0.999895246675126 0.014410668174563386 0.0015107604022797845 -0.009505580867570858 -0.01439991275141703 0.999872772279685 -0.006821224770177436 -0.10918497973907029 -0.0016084408001413647 0.0067985504521627695 0.9999752958571405 10.037535053065731
0.9998828171880623 0.015227166007838395 0.0016334566559092997 -0.0076321778037014044 -0.015214518029777926 0.9998561731989358 -0.007403167934847302 -0.12272447582924464 -0.0017457974488255948 0.0073775884260991985 0.9999707833620611 11.047389221710432
0.9998867375062089 0.014949069681566873 0.0016815072738536187 -0.0039864720465017794 -0.014935329267469896 0.9998575267480929 -0.007745403224765513 -0.13572219110915967 -0.0017970547327438727 0.007719656548121911 0.999968051918675 12.016686646319457
0.9998941972166661 0.014447697414183811 0.00170308917260618 0.000915557896376408 -0.014433045882825192 0.9998614908566051 -0.008186806729190213 -0.14932797876551784 -0.0018210128694011326 0.00816167793588138 0.9999647157739804 12.970610392421762
0.9998944527598385 0.014342627531163964 0.0021331225918580442 0.005640123696906564 -0.014323108135774752 0.9998587441925877 -0.008685857850110753 -0.16399583990349428 -0.002257447628078692 0.008654960694281542 0.9999596590505386 13.909819029250194
0.9998985766499087 0.013991408178804187 0.002562136931802145 0.011026159744542425 -0.013966956020812856 0.9998592059838837 -0.009220043412036229 -0.17940704462589196 -0.002690656109707317 0.009183653221729947 0.9999539246795389 14.839891167452787
0.9998985509122237 0.01390652963007096 0.0029196612706878307 0.01591096678688611 -0.01387844875588723 0.9998594665889995 -0.009325669390568711 -0.19366004287046967 -0.003048884851576421 0.009284594626220416 0.9999519154852351 15.786993072825332
0.9998892764178778 0.014496465381532537 0.00306226948993939 0.020896097164273368 -0.014466750531777131 0.999850593963868 -0.009349820096701407 -0.20561812662482298 -0.0031974621119859256 0.00930514221610252 0.9999509758266736 16.780507795452166
0.9998891025077007 0.014488958426331227 0.003153785582992425 0.027072560816131318 -0.01445878259193565 0.9998511707706512 -0.009274907462218863 -0.217827591191683 -0.0032879010496677185 0.009229230654053466 0.9999516344896349 17.77337176173051
0.9998771033300886 0.01523600326011966 0.003319615440051274 0.03079999890461454 -0.015203443173527982 0.9998388479868616 -0.009396606961485905 -0.23100696707633078 -0.0034628044008762544 0.009346273073620359 0.9999495056589617 18.77962033186995
0.9998789451693788 0.015105739862717052 0.0034343763002860337 0.037486659497726546 -0.015071594161868554 0.9998392321076053 -0.00955637499184877 -0.2455294706606223 -0.0035787598046941225 0.00950478843878697 0.9999476230555923 19.768803535118554
0.999878406952797 0.015134666495833695 0.0034644314496300762 0.04300148533444282 -0.01509974948340466 0.999837682820717 -0.009642394520183784 -0.25948317972086954 -0.0036105595281450175 0.009590449701749113 0.9999465187964393 20.700738507223356
0.9998713643859313 0.015520301314904563 0.0037442631174359467 0.04808002363569276 -0.015481514321019548 0.9998293775902228 -0.009899151083140784 -0.27416145802496145 -0.003898218000685587 0.00984159113292441 0.9999429535868554 21.649252589792198
0.9998659773338927 0.01575050167333906 0.004133037487510982 0.05498974390423712 -0.015707004600360598 0.9998234940253301 -0.010122502006102135 -0.28877936949512856 -0.004292740038429782 0.01005817999199259 0.9999390475462149 22.590834157912738
0.9998563545936927 0.016286388999631127 0.00441884443480009 0.05955110182222742 -0.016238961200214872 0.9998127800497354 -0.010349541502331784 -0.302885057079614 -0.004587603092493704 0.01027819437389078 0.9999355671522379 23.537232024795955
0.9998334763582207 0.017551647839365015 0.004756436818649833 0.06357198033732983 -0.01749913298911961 0.9997878695624848 -0.010687405627270342 -0.31652854817189074 -0.004944070364808185 0.010603885556224641 0.9999305773397786 24.47079472959789
0.9998615485062461 0.015775248161657228 0.0050835705948105514 0.07254957809517294 -0.01572138313139796 0.9998212257808968 -0.0103045153556644 -0.32934145766644046 -0.00524620794873382 0.010224753237854062 0.9999329946514206 25.40569332076819
0.9998622265528013 0.015599691090510664 0.005448560895987787 0.08085082359785217 -0.015539967148113376 0.9998199994857871 -0.010688499946668532 -0.3452498421536362 -0.005615285409275259 0.010603908965587602 0.9999270022393284 26.321977531043306
0.9998569619238278 0.015765219177671912 0.0059188572945963955 0.0897126174787305 -0.015700183392024843 0.9998170945345501 -0.010749843697105037 -0.3597502877646676 -0.006088147915080246 0.0106568026113427 0.9999237237448938 27.231296317525942
0.9998378485303454 0.016755290777136878 0.00638969063817703 0.09611243822265313 -0.016685952882636683 0.9998025191944856 -0.010632802914433376 -0.37248838912418847 -0.006567489043891922 0.010526082301486038 0.9999220755408224 28.175134075801544
0.9998422059469484 0.016391228063310236 0.006662401336839529 0.10474200249930651 -0.01632056056381171 0.9998109218026812 -0.010404965040454751 -0.3854011767452209 -0.006832542735851449 0.010296097145376923 0.9999226365270132 29.113446973591635
0.9998411922073841 0.016300931769741484 0.007019267635268779 0.11359761442561626 -0.016223968425901732 0.9998088947109675 -0.01076278081182084 -0.40103428229158405 -0.007194222495208377 0.010648312042815807 0.9999162961325916 30.035183886902047
0.9999000124746991 0.011948915070764647 0.007433766776230736 0.12870609121303256 -0.011850997876236535 0.9998440382349345 -0.013041125729135045 -0.4193916657519929 -0.007589245275561678 0.012952773148462198 0.9998861776783395 30.949208544464152
0.9999467256403449 0.006810890380570601 0.007674277827408821 0.14490148695870858 -0.0067143301706121955 0.9998988318230153 -0.012515307138033387 -0.4316796468845789 -0.007759636008749841 0.012464280245810477 0.9998913671980237 31.879159762216595
0.9998442809405526 0.016272926555621105 0.0067210148760436655 0.1386882176659925 -0.016191692456613824 0.9997969703413172 -0.011940661171717971 -0.43966906710597264 -0.006914708059741823 0.01183108167538041 0.9999048047612031 32.74250807722687
0.9998347638732644 0.01659857255288654 0.007321610456752703 0.1505536830805884 -0.016510649506662974 0.9997925416922941 -0.011899511703218374 -0.45319154517058674 -0.0075181614061518845 0.011777574927845258 0.9999012587739724 33.65691962344788
0.9999079426674206 0.011824405198419895 0.006562218874794145 0.16067453761837172 -0.01173335380322178 0.9998369380396994 -0.013691087021177023 -0.46937533805611903 -0.006723677097189689 0.013613804575450255 0.999883410734121 34.55514031385178
0.9998932565669056 0.012945479596816406 0.006725328663442338 0.1651368792369931 -0.01284956059537357 0.9998181629120619 -0.014079890235146681 -0.48444082940233035 -0.006906612231774448 0.013992769353929745 0.9998773736794304 35.44953589037255
0.9998953404579553 0.012360625091417526 0.007446713514928211 0.17714157929264673 -0.012278480741560257 0.9998645337145491 -0.010946002545207983 -0.49604249683229257 -0.007581139756844109 0.010854023449537814 0.9999112889856289 36.3850753706181
0.9999053639440894 0.011611117752635368 0.007310683370394971 0.18886696679116793 -0.011565528883261837 0.9999138073869527 -0.006209436975642776 -0.5015322243062135 -0.007382389700609449 0.006124861112811072 0.999952830053398 37.32040691641817
0.9998348426341399 0.016642660370775084 0.007227593396542895 0.19182926770517944 -0.01660802704814221 0.9998506190586802 -0.004784148192958677 -0.5085055523446865 -0.007306358253362497 0.004664020623404661 0.9999612756752797 38.22381358174928
0.9998299659386294 0.016970037826483698 0.007147591371172781 0.2026665557563471 -0.01692106366572101 0.9998336639921909 -0.006805124553052492 -0.52352832261212 -0.0072621322701270875 0.006683615165558042 0.9999501568724063 39.085976201552164
0.9999114236345223 0.011952958162856077 0.005807106671877312 0.2165885567888443 -0.011880497321026365 0.9998536414884784 -0.012329870157635758 -0.5470439161644348 -0.005953702229755139 0.012260278405993487 0.9999062219971103 39.97675106180553
0.9999266926573679 0.010920396309457986 0.005158829830761648 0.2239275671140689 -0.010840266927111854 0.9998247255174864 -0.015287999459275541 -0.5681362683640281 -0.005324922435896938 0.015231433105309812 0.9998692168941778 40.83261418186257
0.9999265366810324 0.010828150805900483 0.005429604852709132 0.23105832139517388 -0.010749092443455193 0.9998391592517446 -0.014393379314494734 -0.5824316098158485 -0.005584599902554381 0.014334427080772661 0.999881141294482 41.71547403131656
0.9999173737310025 0.011392427546361512 0.005946234650439819 0.23731831304811837 -0.01132641420069473 0.9998756434006605 -0.011031710737921866 -0.5940802413054219 -0.006071334056234787 0.0109640822422944 0.9999210061820125 42.658358202700065
0.9999121807598412 0.011852320036644454 0.005959061393077467 0.2433889271926863 -0.011792948933907962 0.9998823385260229 -0.009913543213253422 -0.6049847793580196 -0.006075884258658244 0.009842971920624895 0.9999327899985873 43.563853139656665
0.9999193837267029 0.011164704528402049 0.006078042278398877 0.252389567613976 -0.011102304809315906 0.9998870569918555 -0.0102475310867443 -0.6195119573673302 -0.006191739231015086 0.01017955377679776 0.9999285906944698 44.45107274770061
0.9999317482604696 0.0099765500346467 0.006071392169227111 0.26180895134072857 -0.009906980790484706 0.9998871225715275 -0.01137252983967381 -0.6364183363433116 -0.006184198608025445 0.0113123705040879 0.9999163861761206 45.33448114182292
0.9999383163967986 0.009453891403341508 0.005926970451980877 0.27188350065681627 -0.009379214134479301 0.9998783066319381 -0.012566628100735921 -0.6529376152181837 -0.006044769725575206 0.012510466598381833 0.9999033234872703 46.21644140879919
0.9999354514147374 0.009700876718251561 0.006016118051444803 0.27901564876638474 -0.009623360121095643 0.9998723395730778 -0.01286869919794578 -0.6677627049254357 -0.00613988942622429 0.01281025818111584 0.9998992370889689 47.08912781415895
0.9999274992632968 0.01039839549894818 0.006193208743932851 0.28453878290235185 -0.010318390628239514 0.9998648582419902 -0.012902469714465969 -0.6814837538785143 -0.006326247769282111 0.012838035866145226 0.9998977370010056 47.97290074422661
0.9999277429756365 0.010390711630705665 0.006205388944686245 0.2904912710737118 -0.01031155427327127 0.9998670310978088 -0.012725693742905 -0.6949420176123701 -0.006336563138713059 0.012661097344655512 0.9998999427118018 48.85178605772216
0.9999250048848465 0.010701085647293019 0.006203632460117228 0.29556168135166766 -0.010621991078273515 0.9998636375315408 -0.012760069640443242 -0.7094607393941078 -0.006338738646837575 0.012693195517980293 0.9998997545432664 49.72830918408824
0.9999252199760752 0.010656854031583696 0.0062262582036976665 0.30254139390170326 -0.010573859276025357 0.9998566856185065 -0.013302488312782648 -0.7270921507051402 -0.006366649461055142 0.013235838290797523 0.9998924537592517 50.59172270416198
0.999923428732748 0.010835421889969027 0.0061888725094324795 0.30937957245674197 -0.010745922352709627 0.999839804108133 -0.014371296906880123 -0.746279953831736 -0.006343503320670926 0.014304282547166222 0.9998776324481184 51.44073391094041
0.9999109810232415 0.011950743177431158 0.006032812972135371 0.3146157109270138 -0.011852761148100419 0.999801664367777 -0.016026315397642717 -0.7674940533931212 -0.006223986665043949 0.015954520052294415 0.99985254446912 52.29088135442993
0.999882386269675 0.014282469590490168 0.005667946221133049 0.3175111029112395 -0.014167811819142047 0.9997043823588665 -0.019773230195466236 -0.7947439034196926 -0.005949444255306307 0.019691758050637984 0.999787411083562 53.13452910654723
0.9998790594938467 0.014607072081366194 0.005435473783789107 0.3235550038379575 -0.01448860199177952 0.9996694550700462 -0.021243174687397916 -0.8204605278715533 -0.005744606047724315 0.021162993758857527 0.9997585826454565 54.00781957905785
0.999884526071371 0.014246277814274629 0.0054870449461121955 0.32964837878005365 -0.014126594034632409 0.9996737312907713 -0.021294609695562284 -0.8435294661718783 -0.005789154576061957 0.02121566287025203 0.9997572092677668 54.89813011654181
0.9998592103672738 0.015828278916857834 0.005757102643133792 0.33027098176721315 -0.015723698996879195 0.9997178660343291 -0.017814314847967885 -0.8610168955027068 -0.00603793195099016 0.017722376427804148 0.9998236000528689 55.83575657765178
0.9998571442910218 0.015930134663044476 0.00589659811546526 0.33796629878497897 -0.01585225182899966 0.9997896719480044 -0.013079224138067218 -0.8738166839443011 -0.0061045352923516745 0.012985254545794817 0.9998967962034132 56.80161186858387
0.9998373287269422 0.017070402976689002 0.006056051136364502 0.34260632239601596 -0.016998906474984015 0.9997878123072799 -0.01170433595075929 -0.8886700197985897 -0.006255391067052876 0.011600870337421397 0.9999127689908247 57.79094492120942
0.9998422162870444 0.016708711270457963 0.00622017029266991 0.35183085255622865 -0.01663301671622794 0.9997896548392552 -0.012026792546486835 -0.9072094662205057 -0.006420846388224522 0.011922963893139418 0.9999077018899107 58.77235252450627
0.9999060160522523 0.012769990771463015 0.005305011204930804 0.36288128529215263 -0.01268337233541002 0.9997899164956697 -0.01612893374952807 -0.9324824718356375 -0.0055105774148683055 0.016061461962074836 0.999855346194196 59.762664359482415
0.9998897793555276 0.013961360289408307 0.005316586876244536 0.36980277364286385 -0.013867730519935883 0.9997546892401962 -0.01729195363408879 -0.9559290834751163 -0.0055578249045161576 0.017218057620297322 0.9998354491790026 60.7503049463777
0.9998940652071829 0.013587256714725807 0.005447672962979173 0.3777521030544001 -0.013493649081600383 0.9997663365545704 -0.01691167891827439 -0.976339247223834 -0.0056772828848961066 0.016838150593604148 0.9998412102052325 61.76688012857475
0.9998966965875901 0.01349297699580201 0.005167943465842992 0.3833631623556592 -0.01340971010656048 0.9997848735192953 -0.015854287811249774 -0.9961880347283111 -0.005381786528243174 0.015785166347911675 0.9998601446918524 62.81534201913791
0.9998978600682227 0.013400338398155716 0.005161752459132486 0.3907504883563568 -0.013316924427014007 0.9997855807427656 -0.01589562859564993 -1.0183689993608467 -0.005374657892653574 0.015827117236806285 0.9998595211013959 63.871230796279875
0.9998897048092255 0.013919242046726742 0.005325221491451189 0.3989686155989142 -0.013828101191579865 0.999763951304184 -0.016790094219516494 -1.043781936822931 -0.00555881012230795 0.01671652928700528 0.9998440976081293 64.92530081159362
0.9998884148937001 0.013978006098268249 0.005436051935214115 0.4073153325317814 -0.013881822996059032 0.9997531911429185 -0.01737974918476695 -1.0701173511367486 -0.005678664928330631 0.01730406655162051 0.9998335445377836 65.99353134645989
0.9998851878244688 0.014187450667577822 0.005491186124146323 0.4135582875894596 -0.01409020265945881 0.9997499172650945 -0.017384297265702047 -1.0945230030636703 -0.005737502757253505 0.01730680524587399 0.9998330464265929 67.07366236832081
0.9998848059335147 0.014185331295410228 0.005555285270909554 0.4206083070980911 -0.014088029548580409 0.9997530273500386 -0.017200256603101628 -1.1183429512603984 -0.005799014852408962 0.01712197656730768 0.9998358946215845 68.15645598796948
0.9998911332465682 0.013844355884190102 0.005329831259652223 0.42777666006545106 -0.013752923057542572 0.9997635500798038 -0.016877433341350726 -1.1425806859696355 -0.00556320293427543 0.01680393838897073 0.999842582494403 69.25810522502445
0.9998942929859855 0.013719952893531343 0.005060350783150678 0.43446661933550407 -0.013632674365399748 0.9997642019747428 -0.016936728006394123 -1.1685841952498295 -0.005292509753339524 0.016867654402088123 0.9998431374898155 70.3851451134369
0.9998962956806694 0.0137226745674355 0.004797465499105083 0.4403921777892207 -0.013640265560502216 0.9997639096891116 -0.016969983705569406 -1.1945549775784516 -0.005029691475414603 0.01690397035978706 0.9998442625347926 71.52098735766431
0.999907872400278 0.013008324309592355 0.004378864561515915 0.44682578335091566 -0.012933624259656822 0.999775853115841 -0.016809783584253717 -1.2191285355567865 -0.004597072209180096 0.016752843318062618 0.9998488712405633 72.63236299359869
0.9999164182595603 0.012569719906590523 0.003757796414628881 0.4518726343412256 -0.0125072276445277 0.9997881016829631 -0.01642378745287394 -1.2437103942880705 -0.003963714142905696 0.016376662282387943 0.9998580218949813 73.76921106376942
0.9999251292020339 0.011996658804099633 0.003277770750522896 0.4568001202584759 -0.011942765374089021 0.9997981843192202 -0.016218220867759228 -1.26883874832267 -0.0034720104779177386 0.01617914376985202 0.999863083799416 74.91660553417432
0.9999330465658697 0.01147577170535428 0.002695694680671505 0.46116273839526134 -0.01143167033888726 0.9998050498017886 -0.016171974758517272 -1.2943190072344761 -0.0028810304039286537 0.016141141526307724 0.9998656231165933 76.06820204406709
0.9999451473854463 0.010500700677243542 0.002004418009387412 0.4650278430725889 -0.01046697666193997 0.9998101567287576 -0.016487116526401634 -1.32139106152294 -0.002177558589751444 0.016466432224684465 0.999861972225127 77.23124823310023
0.9999619421548992 0.008845492597249515 0.0016125115491152841 0.47021799529468583 -0.008820645842185266 0.9998441667780741 -0.015354610842437744 -1.341102909303496 -0.0017486376547909562 0.0153410952139232 0.9998805991596176 78.38695615974822
0.9999179395653559 0.012637563698872216 0.003128452945289735 0.4719056903549877 -0.012601032989586761 0.9998527608376412 -0.011743395696366331 -1.3558302138579754 -0.003277127305730863 0.011704244402452386 0.9999262219057078 79.55426214328203
0.9999063168424634 0.013055200950150706 0.004663145753887732 0.48058130837616725 -0.013031249095968781 0.9999014562472733 -0.005345452006298717 -1.3640684996674144 -0.004733147595037904 0.005284836474000697 0.9999743322800202 80.72008807318312
0.9999056287318777 0.012762459522664613 0.005642515206341855 0.49041860466258647 -0.012756301983484557 0.9999188476137367 -0.0013668513038812427 -1.3702815918550342 -0.005660754956969505 0.0012959932377883511 0.9999832863887601 81.87672618899735
0.9998902794592324 0.01363930059933366 0.006273323378553914 0.4984644552999247 -0.013636628164579242 0.9999077360338614 -0.0006731450866429312 -1.377030512502661 -0.00628329152112396 0.0005888150302502013 0.9999800792374847 83.02586017152804
0.9999227682612818 0.00999948671563049 0.007755888991869587 0.5171208181713867 -0.00999475948795404 0.9999504087985638 -0.0007778539243440563 -1.3848998326932422 -0.007764538801331888 0.0007013449231362135 0.9999696329335691 84.15396280475427
0.9999252735317226 0.007875913649064405 0.009642505504594211 0.5346710729877459 -0.007881451688467518 0.9999699139594285 0.0004098828911004626 -1.3909622392961791 -0.009640247234250924 -0.00048456293062252914 0.9999535387173001 85.24988955115512
0.9998885817692706 0.010447667148382397 0.010917736226553966 0.547716055284633 -0.010436117468215798 0.9999459028618028 -0.0012287547649326904 -1.403248983461007 -0.010931347160715546 0.001115930350080136 0.9999395850397826 86.31578920392934
0.9998719130659973 0.01102617437495224 0.01183738959199775 0.566327234930317 -0.01097189783603426 0.9999295711068352 -0.004751338564979868 -1.4224990551501104 -0.01189017567317625 0.004622232183532559 0.9999183546600404 87.32986075434827
0.9998926792156367 0.008738132207057138 0.011990412422785798 0.5859903604801211 -0.00864674759613311 0.9999335169285127 -0.007758281104079797 -1.4416755836325768 -0.012058645340848275 0.0076550141140486905 0.9998977798950043 88.32303885286817
0.9998684908672629 0.008902936216942329 0.01376147686302754 0.6037261548339581 -0.008816805840486157 0.9999418259708015 -0.006408632760217873 -1.4542332948658618 -0.013819003151645175 0.006287837998837392 0.9998843906572003 89.3266890855986
0.9998196264762822 0.010585331096123548 0.015938728923704 0.6203464628051988 -0.010537821635156864 0.9999406978346066 -0.003151888675131311 -1.4616329514650914 -0.0159722179098899 0.0029844321764851316 0.999867372181577 90.32795093804371
0.9997754632392825 0.012085727828986738 0.01754976584034659 0.6388133279837335 -0.0120794993531118 0.9999280427492947 -0.00053433964650746 -1.4665453495497636 -0.01755562908728484 0.00032341090448621303 0.9998449359006495 91.27997642322352
0.9997597949725783 0.012319078764255734 0.01827493374927955 0.6577114835206503 -0.012315218185678108 0.9999255074150737 -0.0004020661677248679 -1.4734323958160767 -0.01827898295872562 0.00017773078501744335 0.9998320393447205 92.16757367107277
0.9997637352360517 0.010921236538577819 0.018938057356679257 0.677120892180554 -0.010901425027232509 0.9999413888608493 -0.0012301597433191482 -1.4832686135228044 -0.018950684114973422 0.0010241948224441156 0.9998188694569905 92.99001547666849
0.9997524214753072 0.010897937389126242 0.01951768490830762 0.6950479945695656 -0.01085303740290622 0.9999395387720255 -0.0024767178218210867 -1.4945722570113722 -0.019543940368794803 0.0022651392612233817 0.99980516331695 93.7649720462017
0.9997339863804579 0.011395031443242531 0.020172274165755094 0.7110636499742772 -0.011339026019224551 0.9999327797101281 -0.0029541907810216083 -1.5017328796238631 -0.020204943752019675 0.0027256105464261698 0.9997909628442145 94.4583029642549
0.9997134667941092 0.011503182692225031 0.02110454503642451 0.7273052942535511 -0.011444053011936343 0.9999317237472711 -0.002989799003824703 -1.5079602187055705 -0.021137726438593508 0.0027482855541902827 0.9997716300381704 95.15040248207384
0.9996799052013924 0.012301746757672358 0.02221390641321531 0.7394676616909566 -0.012239849485469141 0.9999222030624685 -0.002989442513875805 -1.5139299302790572 -0.022249130138147596 0.00271756834904333 0.9997476764306238 95.79165731022276
0.999663969428946 0.012591756767169228 0.022754353842520482 0.7516926948957767 -0.012540032945408012 0.9999193673251527 -0.0024694283339573558 -1.5178010205960362 -0.02278395461170075 0.0021846156343716264 0.9997369252260649 96.37963723411168
0.9996456168598444 0.013045858196701851 0.023298937219976442 0.7611848810176053 -0.01300035537189963 0.9999139048514376 -0.002150882092113066 -1.5218058478149568 -0.02332539992302196 0.0018487402299478938 0.9997250789533852 96.89397634057313
0.9996341746543326 0.012949103386487104 0.023828738974524512 0.7701903793685385 -0.012900690763117865 0.9999149320480345 -0.002218081963418056 -1.5266632042328019 -0.02385599184129837 0.0019115573056677044 0.9997124676477074 97.35167208560014
0.9996244552906282 0.01318277911004082 0.02409939885895109 0.7760058899097364 -0.013128406359222368 0.9999113772778957 -0.0024415335557320325 -1.5317111784834399 -0.024130137860054426 0.0021258045426576166 0.999705221919969 97.74344192494242
0.9996168118388867 0.013314598866306199 0.02435429811948793 0.7815195486084604 -0.013252369861082603 0.9999091380991693 -0.002740246955164104 -1.5369452672396673 -0.024389224954501874 0.0024178399005742525 0.9996982277902071 98.11198239119796
0.9995950381305194 0.014429403080753841 0.02460868716782523 0.7844051027894308 -0.014359570737645374 0.9998927581795911 -0.0030359749490200183 -1.5405357333983036 -0.024650730967516958 0.0026829052288500346 0.9996909807964937 98.45462365443292
0.9995711127956817 0.015784668768692098 0.02477144925454775 0.7864549973037938 -0.01571203652383079 0.999872476853817 -0.0031642424170988193 -1.5423732694713128 -0.024818601862022484 0.0027745995575139243 0.9996872998124461 98.77768243929455
0.9995523864706253 0.016665150553556465 0.024946710585844648 0.7884996309709464 -0.01658455519774573 0.9998571995220626 -0.0034700933434058663 -1.544893738861994 -0.025001260499584 0.0030559470381339112 0.9996818693142706 99.04807917627156
0.9995506985267009 0.01670873766870999 0.02497084760684023 0.7910542087946548 -0.016625610734222963 0.9998556191605668 -0.0035554708775405617 -1.5476092735265474 -0.025027207725525098 0.003140294326858647 0.99968073202661 99.28796801735973
0.999558371311338 0.01648988092273644 0.024805347492241926 0.7935765627480234 -0.016409959444418705 0.9998595737689309 -0.003452614008960348 -1.550274644508337 -0.024859253855981894 0.003045637532514255 0.9996853513296929 99.52941441986601
0.9995691677723313 0.015722575384280898 0.024856624166930904 0.7983463675505134 -0.015637842621957332 0.999871310893413 -0.0036180155257500004 -1.554244161127394 -0.0249108278448733 0.0032296803654411573 0.9996833882178203 99.84425012065688
0.999599200732747 0.013725201519243443 0.024827317508687517 0.8038141548734674 -0.013625535414790993 0.9998982702457261 -0.004188907903571745 -1.5585151768573209 -0.024882782460042482 0.003850873118809603 0.9996818708043078 100.18174102610425
0.9996025469473855 0.01380774333458756 0.02465171463078374 0.807339156169729 -0.013697377157158094 0.9998952341385441 -0.004651946134579143 -1.5634229929315264 -0.024713806238279144 0.004314290936659826 0.9996840523794506 100.48375504560987
0.9996273438834983 0.013120260217963314 0.02400721469605093 0.8196041021922661 -0.013003819202881238 0.999902510113345 -0.005002335172018461 -1.5691683458374412 -0.024071102681231377 0.004690299961756734 0.9996977778786921 100.89468890976107
0.9996278182742703 0.013369463645132643 0.023848689023642705 0.8259208254092728 -0.01324623384242547 0.9998975277229873 -0.005320521236649673 -1.5736115613069892 -0.023917964949867865 0.005004671847623433 0.9996997535776572 101.22867707309298
0.9996281946718825 0.013394043447649391 0.023791523478857438 0.8296709509592529 -0.013268542697138622 0.9998962920201478 -0.005405748058596837 -1.576587688994145 -0.023862465053970074 0.005090650535271546 0.9997003058414767 101.48782422395823
0.9996354767070347 0.01299535708953081 0.023709835704980402 0.835169666597945 -0.012874245380051686 0.9999022972443758 -0.005241185930300512 -1.578880587130915 -0.02377666139745698 0.004936568050604098 0.9997031402506107 101.8154095707603
0.9996340634251631 0.013291867538696102 0.023601795679519574 0.8372633110105429 -0.013169670082043755 0.9998980372864454 -0.005305125436661709 -1.5819050786295223 -0.02367109616406054 0.004994769533592698 0.9997053077158283 102.10932420634377
0.9996394228748833 0.01342003090393455 0.023322820300096574 0.8366780690330096 -0.013298845365146555 0.9998962853927753 -0.005338169820381621 -1.5846795230033959 -0.023393026732615785 0.005028312399039994 0.9997118380803449 102.34182281178175
0.9996497477892141 0.013941439449597356 0.02255472881635138 0.8308073436126114 -0.013827324918929452 0.9998898060155027 -0.005200951811500835 -1.585743368054828 -0.022625869076431035 0.004889566268989388 0.9997300140002194 102.5192323685206
0.9996893419363506 0.01456090081302141 0.020278937468184665 0.8237167193100524 -0.014497111098466069 0.999888224460719 -0.00326331441029593 -1.5843887929493077 -0.020324843033384707 0.0029704386951507804 0.9997867347305672 102.71962642911956
0.9997099351075243 0.01583349736940683 0.01820991241247437 0.8142037224266412 -0.01581968921235135 0.9998733565116555 -0.0008580457100327188 -1.5810430762562653 -0.018221878030922838 0.0005716977950248688 0.9998317294039863 102.86726587370737
0.9997202587202865 0.017037220256457528 0.01647496965737704 0.8120667511175694 -0.017041198828034843 0.9998537380218389 0.00015810502771211176 -1.579711703754221 -0.01647060164602632 -0.000436891741496404 0.999862116454856 103.16426645037235
0.9997286111155007 0.01733027157756218 0.015664955994307693 0.8091688543562163 -0.017334223099447946 0.9998487457919635 0.00016487802749732926 -1.5804579955608153 -0.01566040912729204 -0.0004346259237250728 0.9998752242486063 103.40622085377188
0.9997464165915075 0.01694101208645052 0.014943647381203014 0.8043277570192892 -0.016941127162117497 0.99985585225188 -9.522807557342742e-05 -1.5813807386353373 -0.014943621808942785 -0.00015663877131725758 0.9998863293266724 103.4841203450447
0.9997885357406977 0.01493847030294925 0.014245633649183806 0.8005581706852268 -0.01492612211483694 0.9998877758786671 -0.0009442588067030917 -1.5825940627008783 -0.014258610087727164 0.0007327678797395733 0.9998962028015849 103.58064844350278
0.9998108307783002 0.01367332989860941 0.01395876320951827 0.7971690142492567 -0.013638747696022972 0.9999034004201485 -0.0025491509331563703 -1.5836600124794697 -0.013992830513183232 0.0023594000327833865 0.999897460794338 103.65530519503885
0.9998256497888085 0.012934352451538803 0.013622146471595894 0.7932923609367686 -0.012874920555203135 0.99990699193798 -0.004436993912970498 -1.5849593612716442 -0.013678491578336944 0.00426176423363125 0.9998956760892089 103.72219199028932
0.9998351389175779 0.012575538742052007 0.013257820870099588 0.7894462416255761 -0.0125007828130043 0.9999053124233422 -0.005686741079780599 -1.5857458386267942 -0.01332832732883109 0.005521300567900907 0.9998942581443264 103.79050070953846
0.9998406693404962 0.012418923188762964 0.013007088623473434 0.7898213731557542 -0.012345704466614118 0.9999072788812836 -0.005703902864472236 -1.586490106085726 -0.013076795675919366 0.0055434772049120125 0.9998974850776221 103.88335193301705
0.9998531897270218 0.011730910963228027 0.01270071837313658 0.7902492271178263 -0.011678251521201983 0.9999227916897756 -0.004240545816483098 -1.5833289094477383 -0.01274962894725004 0.00409287661251851 0.9999086871396257 103.94241545837862
0.9998644608673988 0.010648432129886498 0.01276433537374522 0.7914712624475715 -0.010618905665700881 0.9999408109987261 -0.0024029946504239784 -1.578985547225143 -0.012789270244384112 0.002268437958101379 0.9999140052798353 104.01833483506195
0.999870737652909 0.01029059269217266 0.012561648383671064 0.7902412231765287 -0.01026542783147315 0.9999450644720307 -0.0020958587118979732 -1.5774817544215824 -0.012582713271147256 0.0019680088771211954 0.9999174504053051 104.09900429934547
0.9998695866722656 0.010478219234716419 0.012480525436826819 0.7876723913332692 -0.010449757579750016 0.9999425814685847 -0.002347791688220793 -1.5781959332923412 -0.012504848097504635 0.002218390378088663 0.9999177026946772 104.18776299839188
0.9998628751092149 0.011044761324512598 0.012532661789352214 0.7851588592855365 -0.011010051236669947 0.9999351757862261 -0.0028297282287750368 -1.578962502387694 -0.01256375267931285 0.002692736386884153 0.9999156812750772 104.27933161530417
0.9998567719410946 0.01151974737646146 0.01261988537235848 0.7829657072625885 -0.011482046555796224 0.9999292793846758 -0.003078538885636156 -1.579039661049318 -0.012654814219297381 0.0029342347473450712 0.9999138835165835 104.37652844557961
0.9998540942890295 0.011769565730702543 0.012594672928446453 0.7807599432480444 -0.011730444141611129 0.999925889457978 -0.003174248544295686 -1.579126610538795 -0.012631582402902616 0.003027430155823437 0.9999139069583328 104.48364228634856
0.9998562533772037 0.011776552358179466 0.012407433251332844 0.7787422828366543 -0.011737741856685241 0.9999256989160238 -0.003168474950954599 -1.5794072165357433 -0.012444458726058887 0.00302382458132917 0.9999161645775765 104.59569274404728
0.9998554011108823 0.011884592057304086 0.012354346077167044 0.7770726257090135 -0.011846231476887637 0.9999244146144192 -0.003133605958909469 -1.5795543248518902 -0.012391441649569242 0.002988323642148704 0.9999166954418313 104.71029810495429
0.9998114841091833 0.015229146619211117 0.012245511354765362 0.7696203080271568 -0.015184457452893183 0.9998772649484075 -0.003694901463310651 -1.577898298477336 -0.01230104314740729 0.003509935159098033 0.9999161611040164 104.84242964266743
0.9997117657962532 0.021475769098651336 0.010977308417989624 0.7551642442345922 -0.021427488382658854 0.9997596011119361 -0.004455901046566934 -1.5749421689972685 -0.011071162086961718 0.004221062513905204 0.9999275683110246 104.98181069520332
0.9996498874206252 0.024481175208958816 0.010332183660332759 0.7452720212398176 -0.024424878280458757 0.9996858332646414 -0.00549776714151577 -1.5742311492451297 -0.010464257161039343 0.005245076926998103 0.9999293507662411 105.11565499395209
0.9996377873320065 0.024948037568931526 0.0103733208992554 0.7420255929303882 -0.024889960628188018 0.9996734164951792 -0.005657186157101595 -1.5738545154756842 -0.010511813685897984 0.005398594149075777 0.9999279296857483 105.2494957652257
0.999679797796679 0.023139937986662102 0.01051303881070777 0.7419660593049114 -0.02308098870300012 0.999716608124549 -0.005645833001816924 -1.5725451650944904 -0.010641373419442315 0.005402832772615437 0.9999263655771529 105.39143710758522
0.9997238326333471 0.021304230902159296 0.010180011724241605 0.7389429912678862 -0.021247651686168004 0.9997576089461927 -0.005552489214281961 -1.5719895624187887 -0.01029634322412756 0.005336201224274743 0.9999303943331218 105.5399322600178
0.9997277247845926 0.021276936296171486 0.00984342330439028 0.7383775585300395 -0.02122228781338186 0.9997583893918466 -0.005530162951443693 -1.5738297676818551 -0.009959185637827031 0.005321283278781647 0.9999339451956607 105.69436474690616
0.999710140446438 0.021989464765349326 0.009992711754082343 0.7363025308926062 -0.02193149152271641 0.9997413685266324 -0.00574362843526727 -1.5742174752901243 -0.010117261807835889 0.005524711198371443 0.999930698539913 105.82660635499182
0.9996980031650454 0.022468057145250207 0.010177426131768757 0.7352354607468644 -0.022407606851611597 0.9997301956035778 -0.005913419980164892 -1.5748903747780083 -0.010308000464411316 0.005684979241072355 0.9999281152961309 105.97619467605593
0.9996966552059102 0.022564822583929726 0.010131054797750047 0.7335372588469452 -0.022504146301823343 0.9997278705265786 -0.005981925669834689 -1.575874913007854 -0.01026355329301638 0.005753394795442681 0.9999281820585821 106.12756201951645
0.9997009664635119 0.022426177917317245 0.010014123805018916 0.7325272370325876 -0.022366815686347657 0.999731184749725 -0.005924862250966151 -1.5768289972202203 -0.010144750176961866 0.005700515921147422 0.9999298274645895 106.28650665934438
0.9996978398300211 0.022531931380233974 0.010066602558127415 0.7316825352209501 -0.022472999635471336 0.999729166732119 -0.005791238551029182 -1.5771452702643283 -0.010195240527001959 0.005565176599747583 0.999930034220825 106.44640860459111
0.9996957617772102 0.022654009942513424 0.009999438998910735 0.7302905287304802 -0.022598290882755105 0.9997278633209051 -0.005530893843471057 -1.577149948392687 -0.010122805843892187 0.005305000560441776 0.9999321591534611 106.59863365161304
0.9997007397811222 0.022540682662223796 0.009729230641304558 0.7287545060251629 -0.02249075862056513 0.9997324780524249 -0.005070145600095548 -1.5770128652764492 -0.009841803189675173 0.004851705125172818 0.9999372319808036 106.74836201459489
0.9997054639998897 0.02236332305306716 0.009678658119514062 0.7282386991434376 -0.02231745012985473 0.9997384620788922 -0.004707314441219682 -1.5767057524583157 -0.00978222630768316 0.004491595552558322 0.99993950489914 106.89985936577064
0.999734114121836 0.021048308222413457 0.009671698445142377 0.7270581314863905 -0.021000134459792687 0.9997655759317848 -0.00495437486246341 -1.577335377237941 -0.0097745117623499 0.004751572190663447 0.9999381703543027 107.03822853783869
0.9998004244072115 0.017844217227173793 0.009253160560178848 0.7231719927860583 -0.01777594664701627 0.9998139611355155 -0.0073357063992177595 -1.5810138697923057 -0.009383046553073683 0.007171312611568878 0.9999277338359709 107.16433413447623
0.9998350338078797 0.015969311310750144 0.00893256559619758 0.7192285422476523 -0.01588477049965821 0.9998284648888298 -0.00935800709624721 -1.5834633233035948 -0.009081267016737811 0.009216328695512888 0.9999137155858899 107.28860879352729
0.9998394534041469 0.01565719890948 0.009022050811293583 0.7172617734033965 -0.015570745788296822 0.9998322032708442 -0.009531017049183329 -1.5840802304533526 -0.009170255053271929 0.009390380347127894 0.9999115350806145 107.41317066367218
0.999835334563074 0.015919835956395484 0.009075328829970022 0.7146395552371001 -0.015835209114657942 0.9998304628535472 -0.009307329915462672 -1.583664199169103 -0.009222274696073545 0.009163146350051487 0.9999133060256675 107.53464112945635
0.9998301791370622 0.016281878946137054 0.009021463518462489 0.7112104600860152 -0.016198295392556274 0.999825417235063 -0.009244245509888512 -1.584100057889822 -0.00917067775146965 0.009097700195637411 0.9999145014120331 107.65501886672367
