1.0 0.0 0.0 0.0 0.0 1.0 0.0 0.0 0.0 0.0 1.0 0.0
1.0000001192092896 0.000352710485458374 -0.00037407875061035156 -0.0007163076661527157 -0.00035241246223449707 0.9999998807907104 0.0007008016109466553 -0.0018178330501541495 0.0003744065761566162 -0.0007007420063018799 0.9999998211860657 1.0710760354995728
0.9999971695793832 -0.002243261057173651 -0.0006669270559112039 0.0034766283676958 0.0022436069090942257 0.9999975632762952 3.919237877128556e-05 -0.007087753434850755 0.0006669278287658176 -4.0742446117847386e-05 0.9999997580861264 2.1540607515873083
0.9999957286135271 -0.002773951571307388 -0.0009533056089583302 0.00512208407324766 0.002773800083010648 0.9999960369764749 -0.0005020954926007161 -0.015617881994658548 0.0009548263549842908 0.0004994284654506911 0.9999992306821182 3.2837044246313605
0.999992573955311 -0.003728702275333938 -0.0011097997116222994 0.0072383058014462084 0.003728464236436921 0.9999930605476789 -0.0003242588706710256 -0.02205255130846137 0.0011111912193424002 0.0003201124534038844 0.9999991707620953 4.362856337606818
0.9999884879064532 -0.004470634562896061 -0.001759042898387808 0.006842981919224037 0.0044732472308426 0.9999890517628326 0.001377459446947431 -0.0246118409647277 0.001753102311533276 -0.001385242177559424 0.9999972733609208 5.462920858847172
0.9999899345032351 -0.004045398850942032 -0.002150951686056033 0.0038820979280437184 0.004051842688840227 0.9999876855072206 0.0029606361560749607 -0.025340534627508033 0.0021392164621493134 -0.0029693683789718847 0.9999930919217552 6.5531083416554985
0.9999817708476726 -0.0054399671614545515 -0.002601739151859176 0.004371578605233585 0.0054502465557565456 0.9999780620736061 0.003613389079528689 -0.02547692236581773 0.0025823571494625955 -0.003627786656804911 0.9999897127249537 7.613710757944002
0.9999808806898264 -0.005576693899921888 -0.002566102507271534 0.0034154494436387864 0.005586019286012042 0.9999784461447083 0.003236789211455089 -0.029532449066812343 0.002548217046847278 -0.0032511110438438323 0.9999910471675799 8.717232031448187
0.9999816736972459 -0.0054717716867671295 -0.0024850996570165845 0.0011297924333163421 0.005481594823617676 0.9999780251679599 0.0035469204140887445 -0.030968015717796584 0.0024658847775439374 -0.0035606082653702807 0.9999901915898003 9.83244359462557
0.9999823462788436 -0.005246954288328428 -0.002660424522502436 -0.001856175567541309 0.005260500876957271 0.9999746726312047 0.004632990739952119 -0.030159301710291783 0.0026362027166527136 -0.004646863536148091 0.9999853074044224 10.948713598281522
0.9999789064840472 -0.005821785164103784 -0.0028650765654415784 -0.003394185884481265 0.005838474282962886 0.9999671781214929 0.0054654927907301825 -0.028607005691316793 0.0028331792261378497 -0.005482138167132608 0.9999805482706858 12.03520942450386
0.9999764345661214 -0.006224581005299897 -0.002763265214464386 -0.0038222060779750902 0.006240565549226984 0.9999654385930007 0.005311069611549322 -0.029839668517443137 0.002729927802236618 -0.005328114048084949 0.9999815647851166 13.138984773006744
0.9999783656382795 -0.005927878792124633 -0.0026462075056332157 -0.005712678349967111 0.005942417938630572 0.9999690137329815 0.004943738606296414 -0.03243886649971287 0.0026166564794066504 -0.004959099104348849 0.9999836007399479 14.251781493953438
0.9999766115608715 -0.0062663506094421464 -0.0025057914901504526 -0.006087969212979261 0.00627958822524672 0.9999679722290538 0.004725047310593622 -0.03478692640113962 0.002475925286155502 -0.004740387866820369 0.9999848745917849 15.338991938191466
0.999980035707627 -0.00580709506756675 -0.0022637849945749107 -0.008288439889082367 0.005818411118236314 0.9999726881864454 0.004314873903192347 -0.03770936611771233 0.0022383201350590397 -0.004327683794055595 0.9999872401628216 16.424324247028608
0.9999856053131706 -0.00478341446145496 -0.002113775490061347 -0.01258043698693545 0.004793369639878053 0.9999797565070161 0.003948400674607663 -0.039871903715656104 0.002094368051897058 -0.0039582881828377 0.9999891013059479 17.515830766815967
0.9999871806252195 -0.0044929270391210925 -0.0020257750258566173 -0.013231273222148223 0.0045034903356685725 0.9999791603285368 0.004361019055439995 -0.037964428266733276 0.0020054524566501973 -0.004369692815089207 0.9999875389447339 18.58558434983931
0.9999917377165115 -0.003504748704566088 -0.0018496158293634746 -0.01671251970743162 0.003516713274571699 0.9999770228614623 0.005582660407913461 -0.03421424546683799 0.0018293693290900312 -0.00558872628259069 0.99998179362592 19.681768924078966
0.9999951681324015 -0.002386948559255487 -0.0015325958180593348 -0.019834977378469242 0.002397540259333627 0.9999799518508938 0.005613664031438313 -0.032913646424978515 0.001518253185624522 -0.005616657430067111 0.9999817298822653 20.789108520793945
0.9999958108950457 -0.002220891974411855 -0.0014497759405302502 -0.0202798976479783 0.002230517290620215 0.9999821019230232 0.005301925821789072 -0.03456605622029452 0.0014369956027327627 -0.005304528981520607 0.9999835469554655 21.89358932438442
0.9999971898534323 -0.0019180154089611012 -0.0012096925229100326 -0.022097826418367172 0.001926160494160437 0.9999821531279041 0.005464645370588935 -0.033956750611129564 0.0011984308998277992 -0.005466723947646754 0.9999833897850616 22.982941515342098
0.9999979041248485 -0.0019517721717275042 -0.0009605893295369285 -0.022280028514183686 0.00195876849575664 0.9999789488806615 0.0060392601033789515 -0.031873739762974355 0.0009481041032792289 -0.006040971944120182 0.9999807893791566 24.101584529738165
0.9999935430339973 -0.0036814741164817406 -0.0006828997907768969 -0.018746204113591465 0.0036866034521678753 0.9999747749146306 0.005903938096040582 -0.03169892907227395 0.0006604472702151106 -0.00590630187639631 0.9999821116062515 25.20682656608875
0.9999935669267535 -0.0037263715573594472 -0.0004054175726603607 -0.017243354061983494 0.0037296475794091942 0.9999771473694277 0.0054450555815149 -0.03345321826425073 0.0003843678542551392 -0.005446369450205162 0.9999847717011296 26.311701303732633
0.9999930726742586 -0.0039349268746896315 -0.0002991399840083178 -0.015858685085048067 0.003937348029906461 0.9999748813573951 0.005740492960976674 -0.03302317694289636 0.0002759617043050263 -0.00574156331106276 0.9999833252680298 27.416657005094535
0.999989105304672 -0.004838440940248198 -0.0002797104384788426 -0.013010930378223259 0.004841127906386528 0.9999666119737661 0.006415949615380555 -0.030985900645290672 0.00024812313746603193 -0.0064171144841860435 0.999979274771184 28.526236970850043
0.9999881033544978 -0.004983582259885815 -7.111648150885457e-05 -0.011322126175449693 0.004985089224095949 0.9999636684498973 0.006710597665463362 -0.02860808194192877 3.7058718491091137e-05 -0.006710605609809833 0.9999772637348799 29.623128465375032
0.9999897375420955 -0.004626120048635879 0.00036610204681897577 -0.010224640610165467 0.004624605185670873 0.9999666830709499 0.006546571222141896 -0.02778807695950323 -0.0003968378683241604 -0.006544687405498763 0.9999783356571754 30.750246615765683
0.9999904318164736 -0.004357222536520357 0.0007222977468208318 -0.008929853717886172 0.004353852956401838 0.9999685607650924 0.006406030978041769 -0.02737216586474124 -0.0007509427374183786 -0.0064023699304609025 0.9999787675133254 31.832211436153315
0.9999907213272435 -0.004345356688983478 0.0008888727812065825 -0.008068095745137253 0.00434059061124963 0.9999667876880174 0.006729050951702198 -0.024877132742944272 -0.0009186931815702147 -0.006724596411185265 0.999976816316887 32.92895426815599
0.9999908321507524 -0.004422070137048839 0.0010648293006824661 -0.006105034432595271 0.0044139049843035785 0.999958089320349 0.007973674335258692 -0.020028746845696457 -0.0011006943370379016 -0.007968385581458855 0.9999676294595861 34.026833374015816
0.9999921801290437 -0.0039464034881223665 0.0015522799087949312 -0.004836584745646927 0.003933022376128391 0.9999525303625316 0.008876890057224935 -0.014043922550278679 -0.001587915334550389 -0.008870084559447995 0.9999594314947408 35.15641540020783
0.9999916635790065 -0.0038242147262105017 0.0019649815969596 0.0004055995254744647 0.0038063785387184423 0.9999475855058393 0.009436509332914282 -0.006764887106989321 -0.002001804565626867 -0.009428107869140669 0.999953286563116 36.24052020972868
0.9999925533061099 -0.0034561797194764252 0.0023507559681527823 0.004216678405569619 0.0034338890090256724 0.9999471282144986 0.009659759359204538 0.00019246165583695733 -0.0023847262207130726 -0.009651192474106111 0.999950540768574 37.324410224790185
0.9999919332393234 -0.003464601312508588 0.002551109528023552 0.009178084469276569 0.003440262962692781 0.9999460504298936 0.00975718402921075 0.0054815761329998925 -0.002585634101914424 -0.009747488121229072 0.9999493669471005 38.470285344992384
0.9999920070173044 -0.0032635421210640164 0.0028421934504194364 0.013317505769286288 0.0032357256251893595 0.9999447470955368 0.009962560598069013 0.011472105379810426 -0.0028753884835703877 -0.009952651526525014 0.9999465606377651 39.60291049247852
0.9999921548655831 -0.0028676722916873482 0.0030762700737226897 0.017059139678020235 0.0028367893395134245 0.9999412649493014 0.01037042459605938 0.018483669772020747 -0.0031070443678264956 -0.01036044677182091 0.999941354916771 40.73566397318066
0.9999917258504988 -0.0025960749825368955 0.0034112928000101152 0.022602221951251594 0.0025587985646524235 0.9999329578350293 0.01120132273233395 0.02655562064427494 -0.003441408176579964 -0.011191299237186236 0.9999312306533926 41.86793002695494
0.9999913116620219 -0.0023039626956170385 0.003649710793385001 0.027183996203731065 0.002263147371803102 0.9999295060199985 0.011545530822292847 0.03421398035018578 -0.0036776626383539877 -0.011535514290080292 0.999926382716308 42.98526842068033
0.999991694894254 -0.002049636840289049 0.0037052090922018647 0.03216715476303932 0.002007950787413603 0.9999290979929899 0.011620666723570788 0.0414545890370537 -0.0037304224659150953 -0.011611366775260524 0.9999255510720049 44.12659426042886
0.9999926575098425 -0.001739481310452068 0.0037784667391737117 0.036710432595465727 0.001695687496060088 0.9999272685876849 0.011852068552058732 0.049028435985168185 -0.003800146566946996 -0.011844195774238134 0.9999229483110716 45.21984644523902
0.9999927832912315 -0.001366165094583119 0.00394922919862438 0.04117881132984077 0.0013176081810592885 0.9999205678117274 0.012471160154215061 0.05830887519796146 -0.003967072657957808 -0.012464689072282653 0.9999149655691687 46.333551671574675
0.9999916921109282 -0.0014662825473150515 0.004160678234251014 0.047289976273623774 0.001412674303069141 0.9999133506413949 0.013025406026247386 0.0676703983503606 -0.004180583947968384 -0.013018276408257895 0.9999072181610656 47.40221359631619
0.9999905958708375 -0.0012462811334155682 0.004443934442152243 0.05273742494434988 0.0011898950040122073 0.9999146823645058 0.0129110409335344 0.07563805640212198 -0.004461094550104891 -0.012904161647705146 0.9999070519684159 48.49774886398167
0.9999896272301322 -0.001303479146950649 0.004645872780236036 0.059262885633781084 0.0012456101429682766 0.9999174678771877 0.012671987096653669 0.08248924680788194 -0.004663441132842781 -0.012664340050846861 0.9999091213529937 49.559924823646966
0.9999888294207377 -0.0010992880286788324 0.004797809264949835 0.06403175969052186 0.0010398831528540483 0.9999184245086539 0.012598060198448295 0.09001429060522094 -0.004812776675693162 -0.012591027025974814 0.9999090539070575 50.64092682069026
0.9999882757170712 -0.000937463181753114 0.004900166287147916 0.069562825622332 0.0008779699381034744 0.9999203831946413 0.01241849838561126 0.09670838739857394 -0.004913263639905726 -0.012411776241927581 0.9999104669601782 51.74770350943917
0.9999872883087731 -0.0010662941500894046 0.005028226629025336 0.07661132367359456 0.0010053223102958332 0.9999196013720371 0.012448737853983337 0.10391245980942278 -0.005043031337004142 -0.012440999525985394 0.9999094040504011 52.8345251094879
0.9999873337011742 -0.0010625498036433158 0.005091465645378086 0.0847865562869598 0.0010005459249568193 0.9999200567178483 0.012450592394686861 0.11278964621742565 -0.005105920259808558 -0.012443050769690437 0.9999093012771747 53.89521358547644
0.9999850736679207 -0.000706895401709297 0.0055978797140733404 0.09141788664341907 0.0006389071309465019 0.9999209904405127 0.012404491194282677 0.12281176004707864 -0.005607793689806744 -0.012398437721662344 0.9999072361676139 54.97122781466577
0.9999839701627959 -0.0008986356902728415 0.005727855687411124 0.09967461634208302 0.0008286651945794233 0.9999189897256399 0.012537048576127542 0.13134155696276673 -0.005740523461817613 -0.012529584297757449 0.9999047449289186 56.05626863133716
0.9999834561938064 -0.0009782004674950382 0.005784360410735597 0.10838472483911588 0.0009065081241515867 0.9999169701127786 0.012702425413605606 0.13958119004406713 -0.005798096307417713 -0.012694521613692358 0.9999023480214464 57.138587050399565
0.9999807470664369 -0.0004762303261212045 0.0063271564260280865 0.11698364403303667 0.000398917037106563 0.9999198906604985 0.01250379319683678 0.1465355075338892 -0.006334416418915135 -0.012498573229021618 0.9999016106894767 58.24120697359558
0.9999774190738049 -0.0002597271773041427 0.006784384296451782 0.12648455080781096 0.00017834035423019317 0.999922494484813 0.012293257235781807 0.15277661562580525 -0.006789058633892119 -0.01228904444884147 0.9999011104451264 59.30417698619736
0.999974623526148 -0.00013609044001661882 0.007201253839250575 0.13654622721191262 5.0470817831302025e-05 0.9999242369700165 0.012162926721191934 0.15893920516314686 -0.007204264546314653 -0.01215962624068748 0.9998998831346894 60.3775124531422
0.9999709737935012 0.00021080027831448864 0.007714705752490833 0.14638881039260332 -0.0003026460727788637 0.9999243559706559 0.012154429092744327 0.16602338737078015 -0.007713369791709257 -0.012153781148853182 0.9998962280461297 61.4629938805598
0.9999676448382964 0.00032728034494846313 0.008143051240052645 0.15802652620377627 -0.0004212721909927711 0.9999290672107168 0.01177357375858688 0.17119514410845738 -0.008140355144556551 -0.011774062664255555 0.9998975509504731 62.55116166311025
0.99996251129989 0.0005531472162326668 0.00874967423760558 0.1690312827617611 -0.0006539433299391628 0.9999293634012246 0.011739640446933578 0.1775623253536994 -0.008744352126969666 -0.011742672972400081 0.999892711072569 63.60965721873858
0.9999549370387469 0.0010988358894729842 0.009540391613695196 0.18031839962545426 -0.0012172602517955468 0.9999187237904119 0.012614110637938386 0.18718087848770296 -0.009527519374005608 -0.012622890924256974 0.9998749292128317 64.70402334314426
0.9999473767480035 0.0014024609810019367 0.01028577309589078 0.19338975187655488 -0.0015493923115728545 0.9998933570327395 0.014460699469193875 0.19895709678095894 -0.010266128990659465 -0.014473384046545475 0.999842497181728 65.79807466184533
0.9999432015471353 0.00165974698104619 0.01068012556381707 0.2073568384270858 -0.0018219526081569026 0.9998805522010711 0.015333170275909792 0.21154356464298918 -0.010654911703085494 -0.015349430094859035 0.9998254656145481 66.88596465047928
0.9999363258091511 0.001738704624501025 0.011300471668311237 0.22374268441803086 -0.0019118877597840078 0.9998787078786162 0.01545027998781542 0.22262001135779969 -0.011273694269782933 -0.015468789894982432 0.9998169232391916 68.01379677897609
0.9999266894178066 0.001983677923623397 0.01207322843995395 0.24119570649209138 -0.002165443556495437 0.999882705684043 0.01516013774046488 0.23151453051605841 -0.012043179738363663 -0.01518290260044344 0.9998124325600888 69.1180843045207
0.9999114020379462 0.002339785055247119 0.013221502751564126 0.2601600871226161 -0.0025366303988473738 0.999884358838027 0.014989871152342512 0.2408613627415342 -0.013186433452411711 -0.015019707778938284 0.9998003713306977 70.24854550143156
0.9998926092812159 0.002599523015697075 0.01453373719700536 0.2828257496111001 -0.0028184635319983315 0.999881538018539 0.015145717998683306 0.25364425214660324 -0.014494090811547762 -0.015182902886491064 0.9997799645824105 71.38384119107734
0.999873000443218 0.002617072140600572 0.015777000610255384 0.30700845354362233 -0.0028573711277785543 0.9998784768623371 0.015324941477383742 0.26590102264038235 -0.01573657538472161 -0.015365765682777584 0.9997582210266798 72.50174839669513
0.9998467429856479 0.002938192408303901 0.01729695612863501 0.3315492751665949 -0.0032013610827725776 0.9998774788759132 0.015313932534016077 0.2762908399983073 -0.01725168204592874 -0.015364409376537765 0.9997330896291411 73.60321489410113
0.9998021048633547 0.0033615658947596773 0.019664082376462545 0.35909874232213035 -0.0036643470364360834 0.9998736536432757 0.015473434961088092 0.28717845095937133 -0.019611380859093773 -0.015540164264701884 0.9996867065031967 74.73301627591785
0.9997526891896871 0.003678165737651206 0.021979948362882057 0.38946758399603804 -0.0040259728845733495 0.9998662869319421 0.015878619738436836 0.29862493173689353 -0.02192038748366441 -0.015960980823712233 0.999632254765104 75.84570770166484
0.9997035695362297 0.004030363928838277 0.02402766337200597 0.4212239413834009 -0.004410554775547744 0.9998643547362398 0.01587945496342402 0.308505544493139 -0.023962355717902863 -0.015978488555837674 0.9995848872874847 76.93227073034473
0.999637769175175 0.0042186164676234605 0.02660972103861861 0.4573032096893044 -0.00463286869817453 0.9998677972965401 0.015600180125966945 0.3167009564824965 -0.026542429099547987 -0.015715645948650082 0.9995240317616677 78.04190186237615
0.9995621163839958 0.004072328942367321 0.02933606946513813 0.49578522530078833 -0.0045268604498903044 0.9998696657435455 0.015512116659017725 0.3254560169833036 -0.02927114423133622 -0.01563603145793994 0.9994490618346931 79.13570322393254
0.9994812952159632 0.003960988343813737 0.03197105640933965 0.535589825646216 -0.004478326391051863 0.9998583301291264 0.016207510525323106 0.33740688598065965 -0.031904353666817355 -0.016340238138797186 0.9993568669459469 80.21511410040729
0.9993860281454566 0.0040297314599896505 0.034806536324992574 0.5781691744039029 -0.00463291289532641 0.9998380134927978 0.017352017127347925 0.3510087091256926 -0.0347327782005873 -0.017500955515338798 0.9992428192885453 81.28284002917458
0.9992827404750426 0.004352554670303754 0.03762181782342586 0.6236707825078599 -0.005034965994196905 0.9998223080224921 0.018142343314592673 0.36535496341685547 -0.03753795029806954 -0.018317050608150885 0.999126732532671 82.36850811523735
0.9991615224541701 0.004829066087782512 0.04065340180483495 0.6721605350204016 -0.0055865674532725096 0.9998100273962113 0.018618801191349305 0.37985232633768934 -0.04055757778142722 -0.018828623223440717 0.9989990314701087 83.44640821706578
0.9989975773486202 0.005112158098355311 0.04446444392848446 0.7246451899298975 -0.005952805531560546 0.9998027641788967 0.018872248783761474 0.39380102285454843 -0.044360983481000066 -0.019116395822828862 0.9988317568329477 84.51317934993298
0.9987703965389492 0.005336571681525259 0.04926823099898618 0.7826916648743204 -0.006281115921321622 0.9997950889181252 0.019123295092292474 0.4078511008799559 -0.04915769380285599 -0.019407933572540594 0.9986011043889105 85.58345611572592
0.9984880175672686 0.005727247783765372 0.05465400864326102 0.8471235467915498 -0.006785788281984742 0.9997883544544608 0.01928855419994823 0.42207871911508216 -0.054533547046155754 -0.01962907908562054 0.9983173506907467 86.66347652811078
0.9981753540438378 0.0058930758273637454 0.06007387782599432 0.9165509931771472 -0.0070676073263809605 0.9997831851019626 0.01943785349093957 0.4355020769853726 -0.05994790799556673 -0.01982579996193927 0.998002816187576 87.72465521602284
0.9978664672262182 0.005287767951412321 0.0650581152206467 0.9941176475185003 -0.006566578665878187 0.9997850229097534 0.019528536739134978 0.45082009537249734 -0.06494251530825708 -0.019912892708540995 0.9976885994755506 88.76199209636545
0.9976116976372386 0.004894682501249805 0.06888380801982838 1.0730466014445195 -0.006269141250821921 0.9997814111509619 0.01981233128157469 0.46615116393035233 -0.06877351869876033 -0.02019551256100368 0.9974259836037436 89.78535557441519
0.9974250191502321 0.0044951521070630916 0.07156273111681416 1.1529787187368254 -0.0059587408409745015 0.9997731305703289 0.020311646241319366 0.4813340485395551 -0.07145693516796925 -0.02068445117713383 0.9972273468847308 90.79820982460309
0.9972654449068119 0.005077983162693716 0.07371463233449416 1.2324478900832199 -0.006606477222108432 0.9997639909056635 0.020564422799814387 0.4968905428709087 -0.07359446146588577 -0.02099389090941065 0.9970655003848795 91.8230827406678
0.9971834157066748 0.005047348115525938 0.07481838743254862 1.3104013285102907 -0.006625561549559238 0.999756590450091 0.020918167271973678 0.5127426879712643 -0.07469623207321513 -0.02135369443742496 0.9969758838422109 92.80376594985798
0.9971353771093994 0.0052831649013054755 0.07544617030834982 1.386118101201678 -0.006921059564260051 0.9997420944539422 0.021517059583901703 0.5302974845001401 -0.07531451600176828 -0.021976652094080503 0.996915787598452 93.78270030131691
0.9971392626325083 0.005264081637349384 0.0753905036780614 1.4591047759261846 -0.006949311866374565 0.9997271783642719 0.0221677110280752 0.5486877012514318 -0.07525493463813908 -0.022627211886246897 0.996905419777973 94.74103071127769
0.9971602732703908 0.005332235809452789 0.07511116857179452 1.5280921126796048 -0.007034591537927473 0.9997197211784871 0.022477142420156578 0.5668158507723289 -0.07497182348231511 -0.02294083320526864 0.9969195448778622 95.68076403257385
0.9972042985386385 0.00514995478287372 0.07453571795799088 1.5943557003089184 -0.006829342517020428 0.9997238080974661 0.022356921200520383 0.5831845875340704 -0.07440155284212797 -0.022802472569609218 0.9969653731278206 96.59369398670214
0.9973067810004603 0.0042391259657201565 0.07320207076359174 1.6574518037535426 -0.005874401854089511 0.9997326587485267 0.02220916007301547 0.5997780843401562 -0.0730900361358694 -0.02257814455012831 0.9970673785211283 97.48754136399928
0.9974381626812096 0.00407062172722283 0.07140047569825808 1.7177793576523535 -0.005671535851505808 0.9997312779721356 0.022308446370140688 0.6170145005367568 -0.07129242805818223 -0.022655038331511848 0.9971956443428401 98.38527768570646
0.9975558403249039 0.004628293205832558 0.06970661781497435 1.7729922140952306 -0.006200706180065547 0.9997255386732002 0.022431851404901032 0.6347094834942135 -0.06958545604535755 -0.022808228162454005 0.9973129134654767 99.26333335646359
0.9977073346817334 0.004979905050880521 0.06747382484322054 1.82303175786788 -0.0064977519454885516 0.9997246153188595 0.022376196396626184 0.6501637994050937 -0.06734602653742566 -0.02276175291617058 0.9974672994574989 100.09084659061062
0.9979176968938209 0.004949486208183789 0.0642894313687934 1.867513019084902 -0.006360777261040807 0.9997370466249936 0.021852727680571032 0.6649876373966593 -0.06416661070680228 -0.022214584115646023 0.9976891971651584 100.88511428531935
0.9980731939553156 0.006280526628294818 0.06170514067890198 1.904719186051071 -0.007607859977423302 0.9997384554133323 0.021387735969585715 0.67938805505345 -0.06155670840591516 -0.02181474164051162 0.9978625675229227 101.66383664414792
0.9981701385889525 0.007744619497103984 0.059950551724485344 1.9452427827820957 -0.008989361381814866 0.9997436914666495 0.020609507518930707 0.69452615649565 -0.05977715335368979 -0.02110995560889989 0.9979864342555153 102.49664487534136
0.998285402180096 0.009206111357679944 0.05777759961835569 1.9906504944663936 -0.010373526084854959 0.9997417307884663 0.020032403031682914 0.7093261292292502 -0.057580322655949895 -0.020596432945955402 0.9981256614549597 103.39739176511762
0.9985451878388336 0.008954720315941894 0.05315281341007098 2.0346680058589546 -0.010056747834671727 0.9997337781150406 0.02060281264777747 0.7279304928472519 -0.05295629483810295 -0.02110630194761133 0.9983711836688647 104.30084918821622
0.9988338569738572 0.00876827622327525 0.047455818907582985 2.0754931597566597 -0.009803210796031565 0.9997126878786041 0.02173148458447235 0.7494653118867428 -0.04725384285740555 -0.022170154428991076 0.9986341340685143 105.25195156194455
0.9990087911201552 0.01102141079117861 0.0430996060579785 2.1039161866889224 -0.011991496435663412 0.9996730396982386 0.022439495602792604 0.7695710688269762 -0.04284064198859675 -0.02293296291848892 0.9988157191857563 106.14857631840533
0.9991844143830357 0.012463133790148944 0.03837741563872382 2.129782632086616 -0.013337016450285104 0.9996493204031427 0.02273789076658767 0.7888815551619739 -0.03808299474631953 -0.0232301740625857 0.9990015726772521 107.04137378797155
0.999409223995399 0.011657990741937624 0.032297636671136255 2.1494897632985435 -0.01237298298762848 0.9996745086147304 0.02218464399860873 0.8052845766708884 -0.032030603139646986 -0.02257037665212913 0.9992293599001605 107.8330153123336
0.99961093443331 0.010238456066949396 0.025910853986145305 2.165234930759733 -0.010792441343285384 0.9997073785336066 0.021524227899763052 0.821783751351335 -0.02568482916718092 -0.02179462398947344 0.9994299507915925 108.64036451441703
0.9997041331843021 0.010108532608984777 0.022104607609243678 2.1775959377506346 -0.010581100979338872 0.9997085684057527 0.021579635617072008 0.8389362320500424 -0.02188171217281696 -0.021806518640115465 0.9995204060685648 109.46843827200652
0.9997345547834181 0.010528239525447411 0.020450770828035685 2.187038441517977 -0.010969918054063875 0.9996983088438098 0.02184271643801617 0.8566610154507389 -0.020216462586101352 -0.022060522086889616 0.9995495147653116 110.24605007761912
0.9997750324384708 0.01071173308500828 0.018267528636617725 2.195485654767579 -0.011113952884667128 0.9996863288696579 0.022312916256776675 0.8739252888049086 -0.01802436704486794 -0.022510458651092795 0.999581527497224 111.00961547555474
0.9998084238985961 0.010872361572681314 0.016228464881488974 2.199966003970073 -0.011229269632792367 0.9996842791222195 0.022342014502288364 0.8882688929889955 -0.01598185918646873 -0.022519788596785568 0.9996159387644238 111.70118382340078
0.9998232522044792 0.010828818794698228 0.015307069155668287 2.2054635536694005 -0.011161131888949618 0.9996903094830168 0.022095953012093286 0.902006524443024 -0.015064737541743398 -0.02226252123050656 0.9996359210327188 112.38645775982256
0.9998321227439158 0.010636868802455637 0.014871142402829017 2.211943821749455 -0.010956407130118589 0.9996973974117443 0.021878445242516812 0.9151542546067093 -0.01463561918032944 -0.022037571772179878 0.9996473449421026 113.05683388089632
0.9998346418420918 0.010990930654189872 0.014448275488180314 2.2158962873526873 -0.011294858301853386 0.999703425312776 0.021433713914568126 0.9260386019242925 -0.01421000729835633 -0.021593306798320167 0.9996633696804327 113.67221537856146
0.9998284393977158 0.01179611423760861 0.014256353263479104 2.2207123495064747 -0.01208734574857157 0.999707438248729 0.02082322725474928 0.9367000201257445 -0.014007851883745485 -0.020992330882475402 0.9996794716512065 114.32692565062798
0.9998160368940316 0.012813551228536136 0.01427544241172189 2.225876059570908 -0.013096564030991086 0.9997077705042826 0.02019557537921681 0.9467210207766374 -0.01401342374894973 -0.020379430349055677 0.9996923927537489 114.96795311112722
0.9998018692474799 0.013783011419483997 0.014371863928401158 2.2336659516570383 -0.014061316966386985 0.9997039704817161 0.019722359455452972 0.9565847732207943 -0.014096818937082669 -0.019921373217136013 0.999700456620961 115.56242275125061
0.9997988483236947 0.014167627946504611 0.01422103907627233 2.2404319247609146 -0.014431380400380089 0.9997148396108837 0.018892720874949757 0.9644037797827083 -0.013950286246922588 -0.0190949092720358 0.9997188737823535 116.13780298607897
0.9997976185425536 0.014408249845384 0.014092429620303921 2.248195779109618 -0.014656804406072413 0.9997289828594255 0.017956292472895274 0.9721259501510973 -0.013830790495790134 -0.018160310536527453 0.9997381622081007 116.76898572960721
0.9997847270325246 0.014965648054425641 0.014433061304917042 2.254169063593827 -0.01521621410753134 0.9997253765867301 0.017686815846988852 0.9801663911960043 -0.014165433099514204 -0.017903568953629368 0.9997380218507526 117.32798627957413
0.999765527742264 0.015930406187815018 0.014741932624574168 2.258033722564716 -0.016183688565532522 0.9997137914299455 0.01748537140383459 0.9883215081698573 -0.014459971373191716 -0.017720934118454344 0.9997372457105673 117.83136655372714
0.9997569231555271 0.01638837619418467 0.014854876269580245 2.2609554906941667 -0.016641349063556986 0.9997096040523702 0.017314451657483028 0.9956823950829897 -0.014567293995336534 -0.017559008489318854 0.9997386889887689 118.30705868195606
0.9997518536640001 0.01655850326497205 0.015000490919151259 2.2640588519295233 -0.016812965434658347 0.9997073692435033 0.01725796528951521 1.0031984304106798 -0.014710941440960435 -0.017507124191440054 0.9997373844130297 118.76926652868838
0.9997490179135536 0.016544006542013753 0.015221338324363622 2.2682890516895906 -0.016803968294942077 0.9997057505701763 0.017360648226811857 1.01154184652438 -0.014930158324716518 -0.017613270911114108 0.9997325364070583 119.24418934923756
0.9997531727303903 0.016366405615733614 0.015164902627425375 2.2710845693608275 -0.016633346995634422 0.9996994803065012 0.01789361716233631 1.0215206586283447 -0.014867974769850287 -0.018142749608666155 0.9997240206479241 119.69377282911037
0.999740504420849 0.01709378082917273 0.015184395051351798 2.2723982906574203 -0.017375161029353076 0.9996695504280009 0.018846216369378457 1.0326715104334236 -0.014857664144463613 -0.019106438453899602 0.9997061965986148 120.14517460912305
0.999723222163104 0.018070002180476448 0.015231782935229487 2.274156079797906 -0.018364150191727033 0.9996370413593394 0.0196270816176363 1.0440134340556426 -0.01487175700988846 -0.01990301420486007 0.9996907551411913 120.59601984338721
0.999709424537394 0.018746034637815767 0.015319734635936439 2.2750339651862714 -0.019044664300229986 0.9996208337038264 0.01980680751738709 1.0532252080270688 -0.014942760259581175 -0.020094429209520568 0.9996858861755996 120.9840698642631
0.9997025327601637 0.019053271591042517 0.015393698089141108 2.2764076621857225 -0.01935158709797846 0.999617681034629 0.019688431754692648 1.0598595447823327 -0.015012592790839394 -0.01998248163760217 0.9996873367865506 121.34040237268322
0.9997042269604284 0.018903238636066685 0.015461692479735141 2.2783051535146113 -0.01919990213053451 0.9996241910499747 0.019489017435695675 1.0650868592129124 -0.01508739295523337 -0.01978193304746312 0.9996899790819326 121.64007134520246
0.9996978078652528 0.019054686050991428 0.015699268520005086 2.2795581832748733 -0.01935174780997111 0.9996271285704913 0.01920080212344374 1.069387042128965 -0.015327356780985488 -0.01950082496391762 0.9996920432085584 121.90794656796653
0.9996967597194534 0.019135380801855686 0.01567579498508024 2.279527633270926 -0.01942001286319256 0.9996401153709731 0.018437150866094217 1.072044196737438 -0.015317294269595784 -0.01873785595042924 0.9997067228856398 122.13111557342641
0.9996978832310723 0.019140001610417356 0.015598293816350845 2.2818884279412535 -0.019412634301233585 0.9996529495446905 0.017742314656780975 1.073130577643872 -0.015253324428387048 -0.01804201766911546 0.9997206347476927 122.30443602125708
0.9996934036822859 0.019321814704856617 0.01566216214164407 2.2840453421359954 -0.019589878208099924 0.9996565965250537 0.01735613815690956 1.0751715481825386 -0.015321296333779637 -0.01766027253492406 0.9997264926922261 122.46629727260212
0.9996905749042991 0.019416774634800956 0.015699044414266092 2.285358789672679 -0.019675981217174385 0.9996648543493223 0.0167589521065972 1.076883561848244 -0.015368526885734767 -0.017065247126972376 0.9997358071787242 122.62007910464783
0.9996892366328902 0.019595718221406794 0.015570253466929963 2.285843512474069 -0.019837211997083912 0.9996780847991843 0.01574484199039863 1.0780616218702015 -0.015256876321575331 -0.016051573298907332 0.9997542359435743 122.79051022712487
0.9996856063587852 0.01978379250226241 0.015558937917839367 2.285053143783974 -0.020014542290936754 0.9996848146888366 0.015059947994722635 1.0790024403024905 -0.015256321913023894 -0.015369344954058723 0.9997647829174554 122.91146244017033
0.9996767871891454 0.020120529632025232 0.015689617734381493 2.2839311114432874 -0.0203454282521679 0.999685919753383 0.014542663537754375 1.0801318189371685 -0.015392227221780925 -0.014860123612714785 0.999770542691862 123.00606064377492
0.9996648356611262 0.0206000201952401 0.015851337872241893 2.282701994220588 -0.02081926371135552 0.9996840173315332 0.01401829026451012 1.0813162449558964 -0.015557502237019119 -0.014346914884741132 0.9997757530780772 123.08804483639065
0.9996574861470849 0.020897978634579893 0.015920025465189315 2.2816029624690493 -0.02111274392861054 0.9996826033237439 0.013670605334881542 1.0827272802597088 -0.0156292826495365 -0.014005149252706146 0.9997794210037929 123.18379120828504
0.9996437460089256 0.02148679957506436 0.015972467756813484 2.2805246811803284 -0.02169732999750969 0.99967390163906 0.013369228600833134 1.0845528264110345 -0.01568014982938236 -0.013713694388430309 0.9997824693141354 123.28547525748836
0.9996295080981775 0.0220448322987787 0.016112626116039037 2.280286418545523 -0.02225359594230938 0.9996645376301814 0.013139656215482014 1.0868646666409336 -0.015817979050718342 -0.013495997239575081 0.999783241001853 123.39784122907467
0.9996175879677494 0.022502814639703262 0.016247554286010633 2.2798928428990526 -0.022711563342577772 0.999656583017807 0.013005447096591174 1.0894879174052223 -0.01594948332340107 -0.013372562372300225 0.9997831883354169 123.49770244562664
0.999607038848557 0.022880243191111666 0.0163444062561528 2.2795888139258693 -0.02308729534850913 0.9996499678823412 0.012830033042354827 1.091716653649797 -0.016045623897879294 -0.013205271954207998 0.9997836582745845 123.60116741285343
0.9996003825842322 0.02314403960147174 0.016367534497311743 2.2791276920061536 -0.023345456117820084 0.9996484665174782 0.012468107891597779 1.0929270876201513 -0.016073917907876697 -0.012848313135170994 0.9997876872612864 123.71108602210263
0.9995920551124627 0.023374476082282766 0.016535893772216734 2.279619631474717 -0.023572954508375356 0.9996467626458913 0.012168659832858976 1.0943611703936906 -0.016246486744884492 -0.012556512083908023 0.9997886661920341 123.82269775805251
0.9995854216135799 0.023553710136807647 0.016654928821480706 2.279702292767342 -0.023750250391516136 0.9996444461527335 0.011980948529627559 1.0958292383180923 -0.016367983858006068 -0.012374068829210456 0.9997886844744531 123.92380118009133
0.999577363379388 0.02382742451414199 0.016744299176350223 2.279269174406532 -0.024022351055626615 0.9996400045628705 0.011811985227401662 1.0973506033713336 -0.016457918873716768 -0.01221194562792892 0.9997890419355983 124.03728129627171
0.9995670009665539 0.024240100849387894 0.01678997843157337 2.2805452718412718 -0.024432142060057734 0.9996327677396787 0.011601126815750625 1.098524212180479 -0.01650351769009244 -0.012009009183509662 0.9997910070665745 124.16077257991797
0.9995551512646305 0.024648597683701992 0.016894902622474395 2.281487021507201 -0.024839337652446235 0.9996243561834549 0.011447814309207924 1.1003794992829643 -0.016607453378157923 -0.011864911127558163 0.9997907262192454 124.26385771248275
0.9995432462204676 0.025084151321512437 0.016992045193495262 2.282322742633666 -0.02527480737249758 0.9996145214046055 0.011361847409745867 1.1028819778753653 -0.01670125893510192 -0.011788814537844597 0.9997903075816106 124.3849433861799
0.9995350272951908 0.025364762082958396 0.017061372895438756 2.283059861537141 -0.025554437193245936 0.9996086255098526 0.011258353027977206 1.1047174306643335 -0.016769898520097498 -0.011691750551664376 0.9997902460548826 124.51633776612495
0.999528750768228 0.025593125075850903 0.01708940185975004 2.28306177647862 -0.025779585848521473 0.9996053017133821 0.011042587199730336 1.1056789956283124 -0.016800849702623594 -0.011480541752756711 0.9997921979556791 124.64786651065215
0.9995236570356846 0.02576483975530819 0.01715791244216248 2.283395202124469 -0.025952128083144507 0.9996012174663158 0.011031253846053218 1.1074633063897648 -0.016867475585295156 -0.011474191246105466 0.9997913905282243 124.77448900541596
0.9995157346707223 0.02600218716649823 0.017256151988337035 2.28427770708851 -0.02619350818182571 0.999592628173342 0.01120920218787854 1.1103065129278757 -0.016958423412346296 -0.011658481497060535 0.9997875021546285 124.90764639571184
0.9995068230437754 0.026277394606233098 0.017350802246243417 2.2844712301207375 -0.026468655082391265 0.9995857068113567 0.011151271473407961 1.1119970742858842 -0.017051585082271194 -0.011607531232831923 0.9997862796216899 125.03910571277122
0.9995041620529609 0.02637852740457778 0.017357761367236924 2.2847729305916364 -0.026568496769775383 0.9995841250654212 0.01106675267391421 1.1132493907792933 -0.01705954649831713 -0.011525089204910204 0.9997871017431209 125.176093132543
0.9995003688148011 0.026502177916290594 0.01738833265974097 2.2849303633917075 -0.026692463362542173 0.9995809372003877 0.011067459702651397 1.1149231989797914 -0.01708869175239826 -0.011528959476843898 0.9997865035095131 125.30547521945317
0.9994927834844746 0.026753575632431824 0.01743448703342073 2.284803230981392 -0.026944219870278997 0.9995738072657321 0.011071469711807138 1.116645636393193 -0.017132065004580137 -0.011538320540757851 0.999785298644425 125.42731136796165
0.9994814429751785 0.02715978024652505 0.017468062463079935 2.2840047655361406 -0.027349577485009456 0.9995638010221617 0.010988345534097823 1.1181855023293097 -0.01716299862404087 -0.011463468938041652 0.9997856338334689 125.5427517328556
0.9994686294617131 0.02764633779538974 0.017458219969985988 2.282633819581507 -0.027833508909811268 0.9995525519784989 0.010828917542484773 1.1194941787655988 -0.01715179089606396 -0.01131251963142143 0.9997877969826742 125.64865222538066
0.9994664756626193 0.02778071269713531 0.017355014826331453 2.2818884801480417 -0.027966968088352646 0.9995486992580983 0.010841747467504614 1.1209520336400567 -0.01704678210923834 -0.011324601643028356 0.999789340975099 125.74831234830903
0.9994682979925474 0.027796227247949695 0.017232176292654465 2.281601255611567 -0.02798349970482144 0.9995466487887118 0.01098789428122525 1.1228569971640514 -0.016919799135891984 -0.011467571955295384 0.9997898284726877 125.84222417628206
