1.0 0.0 0.0 0.0 0.0 1.0 0.0 0.0 0.0 0.0 1.0 0.0
0.9999996423721313 -0.00046184659004211426 -2.5898218154907227e-05 0.0033220918849110603 0.0004620552062988281 0.9999983310699463 -0.0016082823276519775 -0.005467650946229696 2.6494264602661133e-05 0.0016084611415863037 0.9999984502792358 0.6139793395996094
0.9999987431003325 0.0014663419198077676 -9.719895690940561e-05 0.0019909769558330154 -0.0014664863218012414 0.9999919554854104 -0.0036436437571012448 -0.012579242648554145 9.187803714771903e-05 0.0036436138405155916 0.9999931480537012 1.2402506719870816
0.9999930886030417 0.0036843316483573998 -0.0002816389654988119 -0.0032221381879419062 -0.003685399618138343 0.9999818401058609 -0.004675599563356568 -0.018087913076801423 0.0002644855185503403 0.004676598747446289 0.9999891317705003 1.868107792638841
0.9999914611563958 0.004125323743030511 -0.0002911343713938264 -0.007034780020439796 -0.004126449572604899 0.9999798890045778 -0.00474524263675695 -0.02101877135237189 0.0002716616889764749 0.004746392461933332 0.9999889226797353 2.5136902301348734
0.9999993798245166 0.0012296338833272108 -0.00020465536249566316 -0.007487045135928049 -0.0012301599271856473 0.9999882927497593 -0.004588266066441043 -0.023251451881386317 0.00019906939615881166 0.00458836502013009 0.9999896927651317 3.18920788797399
0.9999993830192149 -0.0014368711948743382 -0.00019051078575101923 -0.008452993425096615 0.0014362300385229382 0.9999868534478992 -0.004876350324985131 -0.027293859225617015 0.00019757912180307465 0.0048759482322914185 0.9999884930926041 3.8701837272703212
0.999998247195748 -0.0020459843248011576 -0.0003070924029560629 -0.009680214666448982 0.0020445986492396164 0.999983093956602 -0.005419241259828853 -0.033934444846659584 0.00031823630440178856 0.005418520787901253 0.9999857043726575 4.543740346886732
0.9999991913074673 -0.001847655933518881 -0.00010818534412166515 -0.010616305308827133 0.0018470139089416802 0.9999819445285932 -0.005727999932957112 -0.04146972274975087 0.0001191263992379167 0.005727540838922507 0.9999840922306752 5.228638506146106
1.0000009641276546 0.00018236797504163102 -0.00021381988360894396 -0.014961752488868389 -0.00018379571086575222 0.9999778513886737 -0.006639325370954687 -0.049842181622828156 0.000212966632078743 0.006639108179641405 0.9999783839884463 5.9123414238328875
1.0000011918497893 0.0006902229168583193 -0.000387581449829117 -0.017822881476687008 -0.0006934853043956997 0.9999728567998846 -0.0073688091419102895 -0.05849393885203765 0.00038339379797571913 0.007368433236575982 0.9999736227825587 6.600325762471205
1.0000011217904319 0.0011211819414719464 -0.00041605232364922616 -0.0214256024331653 -0.0011247427484109196 0.9999710034549802 -0.007555436365926873 -0.06493696451791586 0.0004084695031229383 0.0075552739968967235 0.9999722365840124 7.2886666766397585
1.0000016689118185 0.00027541137061888404 -0.000520652727222681 -0.021802742473079232 -0.00027973834984330273 0.9999736549353225 -0.007290992999367997 -0.0696153186280511 0.0005195747596794778 0.007290475213325168 0.9999740120263373 7.991079217623879
1.0000014846157896 -0.0004047314378322564 -0.0007763534206245692 -0.023533373439235193 0.0003983490377776095 0.9999739422182958 -0.007277971397510185 -0.07567847008331746 0.0007802590210929075 0.007276815434148004 0.9999737947649029 8.702808082277103
1.0000013289976337 -0.0003425611096773454 -0.0008556289722824379 -0.026960180519157044 0.0003357254336277725 0.9999739912755676 -0.007274783975554662 -0.0814814230600934 0.0008590497116791734 0.007273526168375432 0.9999736967289559 9.401182855426878
1.0000016874670161 -3.643906020221979e-06 -0.0008508149721356833 -0.03056028259305681 -2.994635659698823e-06 0.9999757852023987 -0.0070602716646612235 -0.08586680105184052 0.0008519070734147356 0.007059246946980152 0.9999753804296455 10.105366980244677
1.0000009533370657 0.0012903969442783958 -0.000948953461123456 -0.03626124742407351 -0.00129790891360723 0.9999732091414476 -0.0073146893195066695 -0.09169399375277448 0.0009405490598092779 0.007314909232653581 0.9999737392062704 10.801522374347847
1.0000004006393735 0.001429733480157616 -0.001341248276804938 -0.03676816724304338 -0.0014419053160093743 0.9999629813122795 -0.008589979865667114 -0.10164971013677851 0.0013300061811425765 0.008590542094195474 0.9999632643069026 11.479003260021344
0.9999995755098479 0.0008669519646757374 -0.0018467869192031012 -0.03840888983075763 -0.00088210941337719 0.99996461675963 -0.008361505956058378 -0.10604005787397532 0.0018403695588949795 0.00836208717955639 0.9999641307770031 12.173594011576284
0.9999987325428608 0.0012090363393149803 -0.0021422153609673505 -0.043242126979587805 -0.001224475327259381 0.9999733806065849 -0.007191881429760316 -0.10789922560191777 0.002134407409588374 0.007193231100069779 0.9999726485925529 12.895005100974386
0.9999673182754875 0.007832826405887687 -0.002809610123397953 -0.052184655825134305 -0.007844214267940654 0.9999610100040172 -0.004059032293519557 -0.10689999598210835 0.002778589800317946 0.004079598363301498 0.9999887986828396 13.60073439683584
0.9999646793507492 0.008294379658193357 -0.002454513504065307 -0.053343147111597294 -0.00829183430877755 0.9999650672581872 0.001105866525516243 -0.10011078506141045 0.0024645230143253557 -0.0010867296974897116 0.999997462503724 14.328959116134133
0.999962580211447 0.008566769295450995 -0.002386813566413466 -0.054430194642044245 -0.008548481357571884 0.9999347720538485 0.007605090844160282 -0.08754512140894319 0.0024527618078754427 -0.007585259017883869 0.9999694522859316 15.06287628437995
0.9999642982809485 0.008458773130188224 -0.0019499627353728936 -0.05537478090813537 -0.008436941679992194 0.999904359871862 0.010994364269657246 -0.0773418812284231 0.0020437016365843098 -0.010978093904017987 0.9999389936472795 15.793004176101377
0.9999564735458947 0.009396517575980258 -0.0016816684920059725 -0.05782756810247389 -0.009377910618382898 0.9998985311525048 0.0107588136886439 -0.07285520686660063 0.001783470221123719 -0.01074298224753948 0.9999421071212081 16.4981071829954
0.9998821327994194 0.015399180141340873 -0.001680565018358978 -0.06509306031619669 -0.015381112249821482 0.9998294653138107 0.010249828608159012 -0.06752559927112774 0.00183898275012456 -0.01022314384156191 0.9999473471658266 17.2027459269358
0.9997824439702786 0.020812931822488737 -0.0023762368891558847 -0.07298145444760187 -0.020787340406603967 0.9997307215852957 0.010331085052975763 -0.06004966611813328 0.00259147843011301 -0.010279684925902597 0.9999446887551815 17.879610379362877
0.9997718293592329 0.02132534998073689 -0.002148589523438344 -0.07616230565269022 -0.021294659831218823 0.9996846182132673 0.013310063763733374 -0.04726274675100395 0.0024330707040622953 -0.0132621183035087 0.9999098018544662 18.601575399633838
0.9998149473335782 0.019272116067923648 -0.0015600163647381193 -0.07539711310898506 -0.019241447376222128 0.9996585276859022 0.01770061828695147 -0.029351246927385978 0.0019015888239993723 -0.01766770634353777 0.9998429626993109 19.348517113505192
0.9998597540496916 0.016836454427143013 -0.0010829877464913831 -0.07410474926079484 -0.016808972683886078 0.9996198132625091 0.021878154617438667 -0.009690234672494157 0.001451787961791157 -0.02185728392905767 0.9997609261283453 20.093260965754453
0.9998357900438912 0.018230966199845426 -0.0009157357828549104 -0.07725365576876904 -0.01820516152374873 0.9995657961550213 0.023196929248127787 0.007733708625568731 0.0013392899919119374 -0.02317717798948065 0.9997314129049367 20.828654805149696
0.9997086028444617 0.024211547425687294 -0.0011918624058691574 -0.08260223189800217 -0.024177335979018014 0.9994342180408906 0.02342614800292431 0.02324819470187456 0.0017594172693666686 -0.02339133908676449 0.9997263178752335 21.556666399583886
0.9995567815182383 0.02980148625008822 -0.0018777242604758463 -0.09035433376107069 -0.029749932094478893 0.9992856514026595 0.023360872129982134 0.03766366886669551 0.002573642378543013 -0.02329564627909573 0.9997272676268174 22.264452946122756
0.9996320751772175 0.027162692032691872 -0.0019029851327168415 -0.08871708252182486 -0.02710917572968186 0.9993412396914882 0.02417739991937249 0.05617545527857351 0.0025593682385764874 -0.024118087849826417 0.9997077219042776 23.00756352731593
0.9996762456222305 0.02548183999183558 -0.0019196074992983239 -0.0891391098832181 -0.025420501996161766 0.9993085383612968 0.02716529347438642 0.07958374719560823 0.0026116212952102193 -0.027109274114317416 0.9996306560200464 23.75036935758208
0.9996868932133295 0.02504278576151913 -0.0020268313771696837 -0.09051099331107905 -0.02497142304393838 0.999248080329564 0.029681288483970305 0.10376412387660329 0.002770208433881478 -0.029623222318089098 0.9995587336342181 24.52218733585408
0.999613462331606 0.027803195004907254 -0.002197512987495896 -0.09738806748701544 -0.027726451945858186 0.9991844073678224 0.029385305260831655 0.12407978653658705 0.0030144431368092093 -0.029314711888533428 0.9995672961626055 25.25903780880711
0.999612451670219 0.027843222633080984 -0.002256331757188962 -0.0976745280773958 -0.027767407797034523 0.9992069721572983 0.028571129140153605 0.13965616136770395 0.0030519898819915455 -0.028499450681883986 0.9995909245260552 25.986820699040006
0.9995556877861301 0.029765760302967445 -0.002795675907592267 -0.10365697543525954 -0.02968230396027182 0.9992152402447423 0.026262570234649785 0.15228333420451667 0.003577550771082922 -0.02617008642860539 0.9996529533350399 26.69155448857414
0.999560057366088 0.029579875374758927 -0.0032044837800494362 -0.10593187288790126 -0.02949288704148085 0.9992661342571645 0.02447952737246971 0.16390625390617597 0.003928491190645975 -0.02437664827270487 0.9996971065485777 27.39416625211646
0.9995524467889693 0.02981656875914209 -0.0032475346974681065 -0.10996008097757583 -0.029729544174149 0.9992668964055081 0.024139117428464384 0.17846640849254689 0.003966876139973433 -0.024033701869552775 0.9997049471892004 28.114624701559684
0.9995712506145117 0.029131123748008008 -0.0036495674232662053 -0.11438342446754488 -0.029030400042981144 0.999264585081377 0.02505026582531825 0.1979637488740026 0.0043785700716672815 -0.02493560564709941 0.999681041488589 28.861596712368915
0.9995692855201944 0.029154702426178614 -0.004003133782858213 -0.11998329257053836 -0.02903935622093744 0.9992328657768313 0.02627150994533672 0.21834610277442768 0.004767967088325443 -0.0261458116357929 0.9996483700189672 29.613222192340807
0.9995607714580047 0.029442046963053185 -0.004093132767363418 -0.12478670307451324 -0.02932258316802065 0.9992140757582114 0.02668680361326835 0.23820702048257472 0.004877903529083767 -0.026557224265634925 0.9996372136208584 30.36795848955712
0.9995602728992635 0.02944611004999592 -0.004156563185481236 -0.12831632972972346 -0.029326034466264087 0.9992198741069607 0.02646572249877897 0.25392639253507787 0.004934907116140179 -0.026334538238808672 0.9996427371108945 31.099051684882387
0.9994897126750105 0.031678713894015886 -0.004758362872445929 -0.13533369653488758 -0.03155591257972738 0.9992148253467664 0.023978941564288384 0.2637621099774596 0.005516845250101185 -0.023818984606081624 0.9997033349035355 31.79774742347691
0.9995268134406781 0.03044259485363895 -0.005063463425940466 -0.1368532248423299 -0.03032409276509009 0.9992979943848274 0.022035134324992843 0.27408678372599427 0.00573326636311827 -0.0218737195765063 0.9997466630014495 32.51820178132033
0.9996188763586029 0.027216253043073207 -0.005171108223960732 -0.1388142147562852 -0.027098128424698147 0.9993997272544226 0.02158940017382622 0.2879692910411542 0.005758170015053653 -0.021443759428069968 0.9997554661017586 33.26512721930072
0.9997023813078721 0.0239505687561164 -0.005182724236179746 -0.14139122335861257 -0.023827380268772926 0.9994617210925346 0.02254869534073789 0.3052856498570287 0.0057226455671701495 -0.02242136438577242 0.999734150975415 34.022073033891246
0.9996772064757777 0.025028618720974224 -0.0049593825160024144 -0.14683534147191085 -0.024892603755971073 0.9993603490424616 0.025681253902912385 0.3285423180925663 0.005601725291621403 -0.0255524275638876 0.9996598763101806 34.814149138731814
0.9997423740841809 0.022355608993784335 -0.004535404363171165 -0.14684481877262706 -0.022214125505405333 0.9993333549443351 0.028977273835905124 0.3533114360988648 0.0051829921256808485 -0.028872141941141335 0.9995716314808936 35.596385429616774
0.9998335041282618 0.017815058577961153 -0.004586772894521155 -0.1456303288735876 -0.017682548705587352 0.9994717667368256 0.027270541714424723 0.37095800692992936 0.005072958574998063 -0.02718802756898966 0.9996194503600382 36.419392945157725
0.9998362634054038 0.01746147727531856 -0.005295823966137748 -0.1469523191542739 -0.01733038177087422 0.9995691478409034 0.023686225395285962 0.37839998074203873 0.005710083226546747 -0.02359385881131375 0.999707192697976 37.15224215005148
0.9998402628863838 0.017133223709414627 -0.005618391881874158 -0.14687921602205828 -0.01701460640951234 0.999647683034437 0.020362193408917085 0.38419416674102924 0.005968358297825528 -0.020266584216061638 0.999778646820121 37.88707494281715
0.999774233806698 0.020502577218918478 -0.006082715486747387 -0.15568149018217897 -0.02039633695016648 0.9996490183484015 0.01689397803418928 0.38913107389339624 0.006430084105726297 -0.016769549227117986 0.9998404836829865 38.62746348369278
0.9998752735745785 0.014589200360159323 -0.006449719908143718 -0.1562902998078955 -0.014485533178283369 0.9997714703434117 0.015674975836748303 0.4005769811412884 0.006680055637555884 -0.015583155342211046 0.9998577186167196 39.39654556031129
0.9998679067024628 0.015068523135476486 -0.006470886718887712 -0.1651837348870692 -0.014963352112521202 0.999761833148337 0.015821668981465288 0.41302789344815194 0.006710839326974883 -0.015725993191516924 0.999855281732598 40.156161906110576
0.9999364662141648 0.009485385961640681 -0.006445944072274578 -0.16475068595088285 -0.00939345775783532 0.9998573054654406 0.013956648355326761 0.4215132535914767 0.006580355906157507 -0.013898610526688724 0.9998831135119157 40.93458470549814
0.9998694729590103 0.014686201489801395 -0.0070202924772413446 -0.17823858732150744 -0.014598499610679536 0.9998177169122245 0.012200456696549747 0.42732125653663056 0.007200964149367023 -0.01209933550120393 0.9999013058285904 41.68069351509316
0.9998865175684335 0.01345297748305176 -0.007037249839756916 -0.18124354389441188 -0.01336391863594932 0.9998330260726058 0.012344736203609158 0.43609093523928677 0.007204942518758316 -0.012252248014134832 0.9998991277822955 42.44676962440224
0.999929921217131 0.009696393158621388 -0.00708882209311367 -0.18611160579112063 -0.009586243735108442 0.9998367692314034 0.015223572049980325 0.45004239107451943 0.007237849884734242 -0.015157193585265547 0.9998591603254147 43.233226383865386
0.9999554011551501 0.0062852169876016165 -0.0074158335395119275 -0.19190530544146195 -0.006147420697311199 0.9998123167068639 0.01831656447926838 0.466592399691678 0.007531895335747025 -0.018272339417940365 0.9998052089689304 44.03133437998607
0.9999728028128881 0.002282856863043524 -0.007306087951145749 -0.19631758557930123 -0.0021439905865070033 0.9998205300065715 0.01873326326441759 0.480836367677477 0.007350095734993722 -0.018719947123787144 0.9997980902278791 44.811183246779855
0.9999736916044076 0.0005886142454609739 -0.007546328595334592 -0.19944664081930363 -0.00046316144312676913 0.9998637771838561 0.016410238149874384 0.48730839927524305 0.007557726153852891 -0.016409283007367877 0.999837184775329 45.55465939943221
0.9999419152714543 -0.006291086697725725 -0.009045924351719142 -0.1982002142269429 0.006407625652082987 0.9998964911949365 0.012799376326970516 0.4914317697314651 0.008967321763374683 -0.012859765481591255 0.9998775074785959 46.325984781573204
0.999928325418707 -0.007662922711610799 -0.009486327317110433 -0.2019910582879992 0.007763121240574542 0.9999138255399964 0.010481231932245205 0.4946996511365611 0.009408080176667234 -0.010557430323241412 0.999900342389053 47.06573511549348
0.9999338493201316 -0.007258048264231242 -0.009243795047926707 -0.2082291571492541 0.00735427142362339 0.9999181956748963 0.010333092728439061 0.5015042812199696 0.009170907207099446 -0.010403504472882623 0.9999040781683477 47.821262838881104
0.9999384006630407 -0.006214577208350605 -0.009490547492570918 -0.2184587691354377 0.006334891277147672 0.9998990012835428 0.012622239060647661 0.5137700638653729 0.009414116407889887 -0.012684901045079851 0.9998755100232636 48.58597817463597
0.999903335474014 -0.009276172381002515 -0.010558537159070302 -0.2294103032565423 0.009440749157448417 0.9998332477708844 0.015524158947662802 0.5294806374563783 0.01041604819764829 -0.01562624865223615 0.9998236001107406 49.37388088949747
0.9998911716922574 -0.009850673969309129 -0.011160489790214076 -0.24033151264922115 0.01002731764107482 0.9998238081888116 0.015752117467684585 0.5411991572013601 0.01100655310543863 -0.015866324309034303 0.9998134028036112 50.135960833664036
0.9999062629348608 -0.00819098323294342 -0.011125067386337117 -0.25286326823532995 0.00835991758189691 0.9998494300085129 0.015070606250229495 0.5485157638312887 0.011002802977004988 -0.015165685453073225 0.9998237633285244 50.8860747578957
0.999919683689146 -0.006480105193437336 -0.01107266833538956 -0.2643975758519659 0.006639769458101637 0.9998740042894991 0.014291475971966217 0.5550215165053576 0.010981522493867935 -0.014367398079676926 0.9998358548480334 51.62052943768321
0.9999319561364536 -0.0038716534356103872 -0.011176234203102865 -0.27804922957436906 0.004021370427829714 0.9999022925516328 0.013250002477742799 0.5615677849200047 0.011126639072189127 -0.013297281162277427 0.9998488230077428 52.354857419863535
0.9999364331261441 -0.0025427144911025126 -0.011156947877625665 -0.28905723107973025 0.0026831329252773777 0.9999172573041158 0.012441040869996697 0.5669366961398421 0.011127408183575582 -0.012473724783897027 0.9998595828212814 53.08540417096022
0.9999420497564996 -0.0017374225573258345 -0.010831812028256796 -0.2982015883947742 0.0018685158374800428 0.9999249487167245 0.011978644551808621 0.572494750568632 0.010813554030079478 -0.012002176309248113 0.9998692054385415 53.82095409687664
0.9999484297215979 -0.0012563778024078979 -0.01029818636655673 -0.30566636143978765 0.001378678455382933 0.9999285172846777 0.011732058205926805 0.5780742748722135 0.010285962504181581 -0.011749644537388176 0.9998776452028454 54.55219816753123
0.9999523122594348 -0.0007257245710233832 -0.009928291956593206 -0.31378726865543644 0.0008419868897246985 0.999931026892072 0.011540619927338602 0.5835434381190604 0.009922320786773369 -0.011552226774068523 0.9998832858363192 55.270940712007544
0.9999551573645759 -0.0004940016175445589 -0.009634793192593962 -0.3212799765413415 0.0006077345200045996 0.999930692762991 0.011596950509308663 0.5908072779538817 0.009631317974993853 -0.011606075364832323 0.9998854910234727 56.00866141826197
0.9999582708231015 -0.00012460638188312336 -0.009281310921156269 -0.32880093135727345 0.00023363281514511694 0.9999315976307126 0.011517952086287737 0.5974441391320103 0.00928198426577376 -0.011523331624785712 0.9998894570495884 56.74226082279955
0.9999586116288817 7.721237758195825e-05 -0.009209066106401338 -0.3368582824940072 3.087050927394275e-05 0.9999320135879819 0.011470674540617933 0.6038167597159345 0.009211777140015222 -0.011473922662917557 0.9998905534025031 57.46547734070733
0.9999590244731007 0.0003250105291383651 -0.009200631864735678 -0.3456891845911593 -0.00021716058645154609 0.9999318487231443 0.011506020687137885 0.6111831341997642 0.009206549909165631 -0.011507464152733281 0.9998904639354866 58.20181507167664
0.999959164053778 0.00092911088519585 -0.009125284814494738 -0.35291209203051954 -0.0008193071676845575 0.999927787287305 0.011801291317445934 0.621376923918324 0.009138193881375017 -0.011796901935228771 0.9998874008644343 58.9329031659443
0.9999575754553204 0.0015449344810690563 -0.009236314779887195 -0.36255192772089695 -0.0014298152149393559 0.9999220791149606 0.012227375344324689 0.6325694252243091 0.00925718799321916 -0.012217313636079084 0.9998812972237918 59.67376819132798
0.9999554582817065 0.0012844085946304455 -0.009496308581566927 -0.3708816821547354 -0.0011646325589426696 0.9999205260318282 0.012375629202691718 0.6418789367613671 0.009514099276748742 -0.012367613132619599 0.9998770217245948 60.42918775533001
0.9999493685963146 0.0006625490160305222 -0.010159308455878617 -0.3806730010124997 -0.0005302378426017675 0.9999157313219412 0.01278381509537225 0.6522018881709086 0.010169472980175072 -0.012781303250164036 0.9998653118187908 61.19837657194598
0.9999406384508353 0.0004577432319589422 -0.010996849884047484 -0.3924259681647525 -0.00030934888791333875 0.9999095541854855 0.013266758453196985 0.6629995403807969 0.011004502610408792 -0.013265943565868807 0.9998502656194425 61.9762946154059
0.9999328687239973 0.00016316359512860945 -0.011715549983872323 -0.4047757101532324 9.36978274594869e-08 0.9999032848872372 0.013746273318943018 0.6743182741949859 0.01171944181657448 -0.01374872086126002 0.9998356372757791 62.75775562861958
0.9999229831208428 4.305779115299395e-05 -0.012555971898338743 -0.41831876299562953 0.00013555269290461025 0.9998994796148671 0.014040225719878617 0.6854462603347374 0.012558039658694736 -0.014044287672024959 0.9998214468436304 63.52940302946181
0.9999037029018596 -0.0011337044176998052 -0.013981325329189961 -0.4322450612353134 0.0013317782207606919 0.9998991045725381 0.014015471070929066 0.6957865305672226 0.013966900154025207 -0.01403620864854872 0.9998028773580215 64.31759281572812
0.9998826247561879 -0.002791113732055166 -0.015192169747883328 -0.4469493573370958 0.0030031823309255704 0.999898334573926 0.013790474347273431 0.7061521984677935 0.015154847527417642 -0.01383799863085532 0.9997882615966485 65.10400295773836
0.9998591533655421 -0.003234540442065434 -0.016592646345690163 -0.4636449974083132 0.0034611538260665366 0.9999007934419507 0.013511471542335111 0.7148917598915641 0.016550068929106793 -0.013570741659214246 0.9997697533488505 65.89436672259009
0.9998404547746652 -0.0030301072965704234 -0.017723454802059883 -0.4811401766360756 0.0032528376952862532 0.9999155204652668 0.012443397688533994 0.7210979589710622 0.01768743736063077 -0.01250336201027053 0.9997645272052003 66.68074616767672
0.9998090736287777 -0.0037616708690052644 -0.019267420089043873 -0.499010726373252 0.003983714239642065 0.9999250472812218 0.011389654018446287 0.7273069701233174 0.019226194657136337 -0.011468387073268978 0.999748244319368 67.46719759475674
0.9997739589103665 -0.004491078627519879 -0.02087251146532675 -0.5179799623954531 0.0047180350861332826 0.9999292967184082 0.010757701182864116 0.7338842441276222 0.020826011298365955 -0.010858278746193665 0.9997232559284881 68.24859726498454
0.9997387707354219 -0.003732479137480013 -0.022635616514781704 -0.5417392309407091 0.003978194897142678 0.999932572077021 0.010745713482832972 0.7418486271969177 0.02259721872080401 -0.010837584369605404 0.9996850185150596 69.02836704947947
0.9997098693326965 -0.0022224699858362567 -0.02408077318344136 -0.5692620601853954 0.002497437097048157 0.9999311405472756 0.011334898690194176 0.753000637772473 0.02405751855528002 -0.011396685011340963 0.9996453594161551 69.84371935403415
0.999683425354761 0.0005631509528904699 -0.02525160434213829 -0.5997408697105086 -0.0002677161717991987 0.999930747420525 0.01165053634665631 0.7641578519772325 0.025260133648065532 -0.011645359921521003 0.9996132124461338 70.6565481442599
0.9996533434241103 0.0025845926071151443 -0.026303267613708978 -0.6278774500953368 -0.002282372014803701 0.9999301426120744 0.011468749112177061 0.7741259203029824 0.02633496651862111 -0.0114102699984465 0.9995884041075707 71.46650912693704
0.9996388681165976 0.0031595546722186863 -0.02679662132623779 -0.6524530868652761 -0.002859550455609825 0.9999319800314722 0.011193893863633632 0.7821985166984079 0.02683446395067972 -0.0111189269408519 0.999578575167659 72.25427362963222
0.999622569465046 0.0037903621230124082 -0.02733479158108214 -0.6771272941959301 -0.0035071949404783184 0.9999388891457421 0.010379672689414662 0.7872197117711595 0.0273771170355029 -0.010285788574126748 0.9995732685516261 73.04784058801292
0.9996016209826155 0.004520634716507671 -0.027982245420549196 -0.7042284280521103 -0.00423329856270771 0.9999368788308927 0.010299600736145121 0.7947248079000311 0.02803167233198043 -0.010183116728500948 0.9995560342155254 73.8388518675171
0.9995795742802689 0.004203952772445317 -0.028811135232850556 -0.7299560808174113 -0.003847569799103097 0.9999146345105143 0.01239729390740711 0.80651844186271 0.028865612135535196 -0.012286822274574087 0.9995088724302017 74.64620304995337
0.9995641283267108 0.004593284532140217 -0.029272858713789172 -0.7573213929001806 -0.004166800631461614 0.9998834917240671 0.014588239121821193 0.8194417101978009 0.02934148949955788 -0.01446591293982504 0.9994656301636933 75.46988584799104
0.9995546850353009 0.0046504061540552 -0.029598591147346944 -0.7835080889636389 -0.004176672206986924 0.9998615355208174 0.016037173132381857 0.8328500332733485 0.029674032348985198 -0.015912434332219793 0.9994337976767617 76.30000427172509
0.999543971825176 0.0064917088877452685 -0.029620164171662272 -0.8125636932956759 -0.006014178100362067 0.9998501948636082 0.016179977197306745 0.8454967430679471 0.029726052951090112 -0.01600081514835537 0.9994313434395573 77.1377658724187
0.9995384517907714 0.006488831945246633 -0.02980317753437881 -0.83592781625622 -0.006013170889902995 0.9998531321155596 0.016013730882397364 0.85405002136671 0.029907890333082686 -0.015833273785672012 0.9994288495521104 77.92651303627802
0.9995279088804079 0.0060394169109487476 -0.030240601806470646 -0.8598579893208165 -0.005562459096326195 0.9998585288003534 0.015823663635648702 0.8629156366111712 0.03033698252987981 -0.015653996434811353 0.9994186709565567 78.70424461227296
0.9995218195169239 0.0057082421573425475 -0.03050410504854631 -0.8836983094159707 -0.005222926671020023 0.9998582379748062 0.015961057751352606 0.8731900877902116 0.03059598113325116 -0.015800394811245684 0.9994084606881618 79.48489328556835
0.9995203152672218 0.006398169484772197 -0.030423877390215102 -0.9101137830473751 -0.005900547116704795 0.9998473369096159 0.016410841615656792 0.8851679273496148 0.03052943812108681 -0.016229829483013828 0.99940372364949 80.2647622123278
0.9995004622317994 0.008379166625631571 -0.030588747567718 -0.9385717177054365 -0.00784331960668151 0.99981377323855 0.017590703443243236 0.8989578451484016 0.0307356283748877 -0.01734811253935491 0.9993783678231585 81.02857326550681
0.999490437815634 0.009032848558365107 -0.030718156505101686 -0.964788086931761 -0.008487329524747522 0.9998039225728569 0.01782309782671567 0.9112415900473995 0.030877903094165122 -0.01755895082265719 0.9993698371387801 81.78214148933654
0.9994856467598858 0.008911632765450784 -0.03091743875978606 -0.9885500921544689 -0.008361847113402354 0.999804447219651 0.017846764558619624 0.9221712790685911 0.031075229503856 -0.01758464990254955 0.9993631692708036 82.51685862124305
0.9994845751391956 0.008726265859054488 -0.03100549860100084 -1.0112967860308237 -0.008181889117607309 0.999809724955858 0.01762210169293568 0.9311698314356532 0.03115813549113085 -0.017364881214370468 0.9993643386096602 83.23423553476688
0.999483658272795 0.008499359951487808 -0.031110087265923 -1.0310563914492872 -0.007953859391520095 0.9998124950731951 0.017611102093310838 0.942037820624225 0.03125892165305157 -0.0173605940918978 0.9993615258359915 83.95058321147441
0.9994768326211131 0.008825949543333315 -0.031240002643380047 -1.0547005444355182 -0.00826736078727691 0.9998035520238379 0.01796390813039517 0.9551434332991243 0.0313974181375624 -0.01770213100022123 0.9993511422131134 84.65799280455637
0.9994729602467648 0.009008973515652283 -0.031330953835579683 -1.0779634141736192 -0.008449783488177844 0.9998029312126034 0.01794091726340307 0.9654605023264685 0.03149165285445077 -0.017672868234289124 0.9993490698870632 85.36984401583676
0.9994710390431303 0.008956720873559747 -0.03140716039112553 -1.099408029871718 -0.0084108263135862 0.9998114073829324 0.017480245453625053 0.9725410556909592 0.03156309157207676 -0.01721307703032201 0.999354834191719 86.05212513847259
0.9994751225888723 0.008532813797750494 -0.031401421634314405 -1.1204838353612732 -0.008004730056281394 0.9998246704222851 0.016923761400861638 0.9802831432717044 0.031545765986580133 -0.016670012831131294 0.9993647518830795 86.75683322635071
0.9994778398730272 0.009270800749681934 -0.031107348685035754 -1.1409609287962752 -0.008774221818553864 0.9998319944456944 0.016084580951904418 0.9849757072276445 0.03125682704406445 -0.015809710181600253 0.9993878524293488 87.40573134951062
0.99948421613564 0.010286081793839637 -0.030592595013437418 -1.1618388558471853 -0.009817327496597006 0.9998324880286051 0.015461750974387187 0.9904057332183424 0.030752436232872056 -0.015160196728058524 0.9994141444129278 88.08378699083318
0.9994921551174815 0.010222810758408566 -0.030354617099992598 -1.1803505362959628 -0.009754785996273949 0.999831694110595 0.015552686722178573 0.9984167482694493 0.030514329914942764 -0.015255532426657458 0.9994199036539952 88.74848383928
0.9994979238717749 0.010116237433647401 -0.030200714561381816 -1.2002564090476746 -0.009629990436431639 0.9998223115609486 0.01622274524373119 1.0080876172291946 0.030365237870118335 -0.01593046237243116 0.9994139083900083 89.41352552857074
0.9995140896306747 0.01015922317315771 -0.02964138344656336 -1.218875474857152 -0.009674662176075183 0.9998178477764637 0.016464037170008074 1.0161954711051735 0.02980904322787371 -0.016175939896324994 0.9994267163470364 90.0728718650902
0.9995280962937784 0.010833431485833822 -0.028921565275635063 -1.2378900966294535 -0.010347836684190566 0.99980383678412 0.01690445069416485 1.0249040916994239 0.029104794707758966 -0.016603926593127167 0.9994405723391925 90.72528961189845
0.9995502271568614 0.011109971757873783 -0.0280686284746179 -1.2540202490198689 -0.010627066683077117 0.9997941247856956 0.017343288253798467 1.0337394371953172 0.02826171657069979 -0.01704437203251099 0.9994578337123096 91.37489816689853
0.9995798055773527 0.011232615900087782 -0.026949641497653783 -1.2692291845440746 -0.010768035435290216 0.9997922629960536 0.01737777933804163 1.0406721566856414 0.027145483816157338 -0.017087635364691007 0.9994880707661341 92.02613198529157
0.9995980357602411 0.011362451830486996 -0.02620834723533348 -1.2841237183000793 -0.010909451310874393 0.9997900067600596 0.017420182000347218 1.0477536383644654 0.02640695767297553 -0.017134307572984418 0.9995071466466396 92.66143935865561
0.9996223613509968 0.011862079963430161 -0.025047880009237387 -1.2988556175985044 -0.011429317274917255 0.9997844471761955 0.017412902435038242 1.0548925251228962 0.025255340836150237 -0.01712733853656336 0.9995372324007737 93.29571223800338
0.9996488820629987 0.012103384114239614 -0.02384611451154665 -1.3119015800517542 -0.011681035750581891 0.9997741517543429 0.017845884626941914 1.0636019895966935 0.02406311967296937 -0.017568325146186642 0.9995593321294556 93.94538746325496
0.999663947812022 0.012363328542758035 -0.02307502173046739 -1.3219271961176364 -0.011949292185949291 0.9997670243377627 0.01806963849545856 1.0742558380870866 0.023299414458867806 -0.017794914662698436 0.999573616838703 94.58313467633621
0.9996748934471213 0.012034538517813723 -0.022761662803358278 -1.3336996260610703 -0.011617348665018228 0.9997639556943123 0.018439310723831325 1.0857596446336748 0.0229845696099954 -0.018175842360126013 0.9995739883638326 95.24420223452283
0.9996902731915693 0.012129973960227684 -0.022019995967451918 -1.3453848371139743 -0.011722486928418154 0.999759530875227 0.01860662228957025 1.095270202270913 0.02224675700401528 -0.01834954142750485 0.9995874959701676 95.89189022731316
0.9997115190655971 0.012442986261056303 -0.020840235361927487 -1.3570759356996802 -0.01205780206200075 0.9997560086919949 0.01855555352124234 1.1028933582148828 0.02107217637195853 -0.018305250373048 0.9996136084942168 96.55579145641835
0.9997125126117234 0.013624596174490008 -0.020028002205230315 -1.3693442594945027 -0.013264388149484552 0.9997498318036626 0.018058253450327424 1.1088673968767009 0.020275044695843042 -0.017793571331903613 0.9996390660012401 97.2074311751627
0.9997110859511648 0.014556743655432802 -0.019439281141423518 -1.3817134631765107 -0.014215066570984074 0.9997443068713948 0.01763191998530649 1.1148821409033256 0.019696855094392608 -0.017356540094440962 0.9996581515690002 97.83930028351514
0.9997216604391326 0.014811567249328328 -0.018692529784879768 -1.390978671855299 -0.014488353240639835 0.9997453259474102 0.017346771003450535 1.120324423154413 0.018950603299326154 -0.01707714584606898 0.9996774102237288 98.45349880541009
0.999730129177563 0.015215378995324928 -0.017907100434656743 -1.40001205507847 -0.01491436790828118 0.9997474090388373 0.016870306737800808 1.1244408520270337 0.018165333675771084 -0.016604768874815296 0.9997000737740315 99.07268190455693
0.9997339422044769 0.015828776439898197 -0.01714725487797072 -1.4100484585126896 -0.015548137850761713 0.9997451898715923 0.01641614375371271 1.1285517547273358 0.01740866534428333 -0.016150980897390116 0.9997209982745555 99.68698763294374
0.9997238399375216 0.01698570757059978 -0.01660700989483072 -1.4217350433304816 -0.01671952269597216 0.9997315291416587 0.016065336164244094 1.1346734791929847 0.01688085471166473 -0.01578873757142686 0.9997354341170898 100.3083340472833
0.9997228551568527 0.017830686964893858 -0.01573495489363502 -1.4318932671252542 -0.01758046971967589 0.999718939169691 0.015899878791658464 1.1413822478430706 0.016019118293582484 -0.015623952128501865 0.9997518690973997 100.92136439088075
0.9997198484355355 0.018545576039799724 -0.015092913008875048 -1.4410933936289119 -0.018307275231437416 0.9997076219002212 0.015788654105386355 1.147908126725787 0.015386592024366355 -0.015513130979489484 0.9997635082818669 101.5114886945798
0.9997162952932087 0.019108748578947652 -0.0145822943943097 -1.4507416639579365 -0.0188783210165464 0.9996967892381381 0.015751811466646344 1.1552354053254166 0.014883611279741589 -0.015476463915186534 0.9997709668111815 102.11276030264959
0.9997066357573694 0.01993348649219279 -0.014139164342290553 -1.4597679194260917 -0.019710580135163826 0.9996814655194145 0.01570788732156102 1.162177402080919 0.014452608027099124 -0.015428746117638501 0.9997781244258619 102.71601105497658
0.9997052124382084 0.02022872990651064 -0.013790255642293768 -1.4677549032810628 -0.020008504719692063 0.9996725883263021 0.015880010511858635 1.1692283858154198 0.014111634317126524 -0.015603224351362705 0.9997801169169124 103.29947068020603
0.9996966604582185 0.02087990356196367 -0.013420323339167 -1.4774302300130386 -0.020662741051807924 0.9996561357273629 0.01607652703010329 1.1772196581523617 0.013755916125155712 -0.015797901274161592 0.9997819201572244 103.89743268439638
0.9996907769548384 0.021287260261897253 -0.013198474731585749 -1.4830819142584366 -0.02107142403684494 0.9996451818521505 0.016224928492598652 1.186241338446571 0.01354352354901616 -0.015945145095601174 0.9997823929684918 104.49294243228441
0.999691096860375 0.021442361928300607 -0.012915058440221295 -1.4895669159185834 -0.021228732603731176 0.999639045243122 0.01639498179842934 1.1953687712779244 0.01326626524844832 -0.016119108144613842 0.9997832561003442 105.06413104304204
0.9996960937335224 0.021330116528037436 -0.012686397708062805 -1.496999750609179 -0.021091413623492046 0.9996031782933789 0.018596483483712244 1.2078804598355841 0.013082452169602124 -0.01832680894502217 0.9997474784208291 105.66876976114195
0.9997095195692826 0.020738209859829368 -0.012620500926298288 -1.506286253310148 -0.02046106500213367 0.9995548849010611 0.021651163581558556 1.2230779891327426 0.013068241906869338 -0.021390191562941824 0.9996870112387097 106.2871833355972
0.9997152311282343 0.02031132444188357 -0.012881007093967316 -1.516601495239668 -0.019994810256788956 0.9995057389457334 0.024209178532504122 1.2387799488119773 0.013370581373437227 -0.02394780251977605 0.99962497144571 106.89629157648707
0.9997296035322191 0.01963815868237372 -0.012796348258347032 -1.5260558914974574 -0.01928651480412659 0.9994479633746067 0.027010116668607885 1.2564490049356745 0.013323975905481995 -0.02675874825315752 0.999554463019315 107.50873144484154
0.9997422806879415 0.018944914716650323 -0.012843955092780432 -1.5361657425507111 -0.018552201881704856 0.9993763442170768 0.030005619532415793 1.276333961148623 0.013408916559027342 -0.029762405176463023 0.9994684270662991 108.13740422691922
0.9997289353948313 0.01950023535208686 -0.013080726792554677 -1.549226758299104 -0.01907565656865089 0.9993098105824376 0.031858282761721556 1.2970803794963806 0.013697537092338872 -0.031603159459764836 0.9994082668008937 108.76770750126398
0.9997303401792312 0.019081746909562856 -0.013571781837505537 -1.5605165455725092 -0.018619565439529865 0.9992672990450372 0.03342683056521546 1.3181023983153795 0.014204225007565288 -0.03316806537977417 0.9993504000266792 109.3808641396461
0.9997776919434744 0.016527790082087743 -0.013416169044063862 -1.5699283171522045 -0.016067853956327104 0.9993014666783788 0.033723854015181805 1.3379787481133272 0.013968677817697648 -0.03350382159258337 0.9993425780616626 109.99870635807432
0.9997739064485976 0.0168301133299936 -0.013316843563043912 -1.5818844370619551 -0.016376897797395165 0.9993049024774281 0.03347452689303926 1.3541382997515705 0.013875574605250324 -0.03325217584425318 0.9993522669270832 110.60577197381166
0.9997643154685723 0.017248915144108357 -0.013498999153001519 -1.592724887516445 -0.016804691711661886 0.999333596479701 0.03239113748482303 1.3671658328667378 0.01405320084474811 -0.032159836738846044 0.9993852971262746 111.19132693110222
0.9997537616970856 0.017544470401029227 -0.013893546423853617 -1.60281919403053 -0.01711290260917297 0.9993835072345274 0.03064055084088472 1.378206273401586 0.014427100211018255 -0.03039830648355558 0.9994351598458875 111.75855297483592
0.9997363297738158 0.018345544241815396 -0.014136567336141045 -1.6131924300499094 -0.017932714723541552 0.9994228104943136 0.028850296396500743 1.3883177430828824 0.014662756637217259 -0.02859262720997209 0.9994855982596502 112.32491722349623
0.9997323227396738 0.01855677814060862 -0.014170578410506325 -1.623251153972665 -0.018157301177112516 0.9994465832223826 0.027887126525987762 1.3986531707071728 0.014685702543907442 -0.027626017968246343 0.9995128033865119 112.88273462853698
