1.0 0.0 0.0 0.0 0.0 1.0 0.0 0.0 0.0 0.0 1.0 0.0
0.9999874830245972 0.0031201280653476715 -0.003930702805519104 -0.010330887511372566 -0.003112073987722397 0.9999933242797852 0.002042822539806366 -0.0003121590707451105 0.003936737775802612 -0.002030991017818451 0.9999908208847046 1.2162803411483765
0.9999614371778583 0.00524425139639495 -0.00712676118499081 -0.022415851793338486 -0.0052297963736571695 0.9999844987257704 0.002034811090789068 -0.0029075396658192598 0.0071372055302333925 -0.0019980296472451586 0.9999736261655012 2.4087818282989915
0.9999217282061247 0.00562534050565869 -0.01126420828771169 -0.03594992440069212 -0.005634374978371776 0.9999842147656877 -0.0007671837678844759 -0.013607574854568972 0.011260001772955025 0.0008297893140966008 0.9999379808793111 3.576725233121735
0.9998676308886689 0.007289269164058011 -0.014632195804769484 -0.05623729586541059 -0.00730618762780134 0.9999732325989327 -0.0010974003927723347 -0.022834339597160944 0.014624086438780189 0.001203583697345868 0.9998940643113302 4.757673028757307
0.9998061543759205 0.00869042411223287 -0.017735824207501263 -0.08064727719497071 -0.008672870963747222 0.9999621764401805 0.0010716851222556294 -0.025729111731864065 0.017745163650993736 -0.0009183230767676714 0.9998435140487097 5.948843141750371
0.999751000239662 0.01000758248162742 -0.020014194456385602 -0.10580373548540478 -0.00992722215128841 0.9999423700184079 0.004120783440249632 -0.025427070829513655 0.020054982319117336 -0.003921687780107085 0.9997926734213698 7.1413508310076335
0.9997267521816589 0.009777769618603018 -0.02130586826325698 -0.13135573975128115 -0.009661525096217732 0.9999379435416288 0.005570305157189993 -0.02406109905594135 0.021359658773661392 -0.005363454100692539 0.9997589322799091 8.353620266254705
0.999721651940257 0.008793885556484592 -0.021974327982292787 -0.15536743049250187 -0.008672708884251262 0.9999469180912577 0.005630977125883163 -0.023694841168627946 0.022023317795352552 -0.005439560429585106 0.9997442886084243 9.55567636153616
0.9997188696766659 0.008222125600697003 -0.022345215672917584 -0.17933274446042485 -0.008104716011281618 0.9999534553521672 0.0053875306257344865 -0.024549652623590913 0.022389522705042828 -0.005206023356849544 0.9997376268932051 10.766650955281742
0.9997225125394901 0.007500746629546383 -0.022436624164105627 -0.2018922092163605 -0.0073960564580511645 0.9999619515319221 0.004787980292572407 -0.027511363506419445 0.022472711115586828 -0.004621844804047377 0.9997386364679474 11.989286198219153
0.9997233666314389 0.007547647020422072 -0.0223778264323544 -0.2232016826109578 -0.007461304007380005 0.9999650078049962 0.00397404526617278 -0.033148231356180426 0.02240793731542051 -0.0038068982934692276 0.999743497422737 13.194487147306777
0.9997283287750163 0.007592003164181423 -0.022120340536073865 -0.245710778406444 -0.007518069419038286 0.999966217882053 0.003442284518574943 -0.038309716292320065 0.022146362749189005 -0.0032757081802452072 0.9997508387990651 14.414603069597353
0.9997423968787081 0.006898966569116761 -0.021711852448844226 -0.26673467068456036 -0.006822656310961976 0.9999705631086154 0.003594753807426482 -0.0418350782735878 0.021736584925311435 -0.0034464264757880316 0.9997591136500374 15.64394959228132
0.9997501548182477 0.006670218688139073 -0.021421996868797952 -0.2876354019767859 -0.006572118343039828 0.9999677230898334 0.0046449625991841085 -0.04322822086519926 0.021452914742504253 -0.00450375923126387 0.9997608566502436 16.87444836077374
0.9997544676864971 0.007249859417608211 -0.021039064540117423 -0.31047661873850924 -0.007124997024842267 0.9999567032192611 0.006030829396826391 -0.042870611381718195 0.02108253997839267 -0.005880515540776622 0.9997619663140099 18.132737519126998
0.9997782910891339 0.005950987684842835 -0.020320637882633864 -0.3261668567126152 -0.005827432321290194 0.9999647488258178 0.006171715526261764 -0.043634606930372404 0.020357347553286016 -0.006053063326302152 0.9997761757674672 19.352150708397538
0.9997930698637347 0.006197913980216447 -0.019503601822214223 -0.3440203554967755 -0.006085378082383517 0.9999652457742537 0.0058662152962035965 -0.04358621614083407 0.01954011638910783 -0.0057478101774633 0.9997941920256869 20.584557272313106
0.9998250612845045 0.005548948773944421 -0.018002675061484088 -0.3588852821202101 -0.005446000331627234 0.9999690672603337 0.005818076392729177 -0.04378958204374646 0.01803515854877797 -0.0057206239621333 0.9998225629447857 21.818003635721446
0.9998467887260918 0.004529384542627456 -0.017071181832481155 -0.37177860886836755 -0.004415763671678865 0.9999686261254909 0.006757969529823433 -0.04211917641895465 0.017101982011260942 -0.0066829604842909545 0.9998330901223421 23.038499087589233
0.9998717968191108 0.003862816534682636 -0.015734728113767398 -0.3836691903838664 -0.003744135897386633 0.9999651081699087 0.007666479313434228 -0.03988719826461194 0.01576443085689313 -0.007607922338783985 0.9998483369839817 24.2936991243266
0.999894845317341 0.002527443980191508 -0.014500141990637668 -0.3918636556448664 -0.0024085025220184505 0.9999640115857054 0.008323952771852838 -0.03780020188624124 0.014521288720919026 -0.008289451338849308 0.9998616513712417 25.519579905907918
0.9999167525755885 0.0021271791319489013 -0.012985247009475618 -0.4001158709068188 -0.0020164932122766167 0.9999622515292231 0.008663948095214069 -0.03547247272648099 0.013003842709165776 -0.008638322264031916 0.9998794791024717 26.763163579922995
0.9999391680037656 0.00176366737292564 -0.011190177920208483 -0.4067705372177462 -0.0016652156080153237 0.9999601182720027 0.008965128008601986 -0.033070862606589355 0.011206224744230412 -0.00894729935952518 0.9998983940017103 28.013798601491743
0.9999586633941568 0.0011300449562343337 -0.009377339521209019 -0.4101428431454846 -0.0010492051039594531 0.9999621765666071 0.008811113156163912 -0.03190240849312306 0.009387758197739628 -0.008802297327433602 0.999918335637636 29.26775452461024
0.9999731158840692 0.0007258072035679846 -0.007694386374201394 -0.41111216525349525 -0.0006599000018991472 0.9999627926735689 0.008754515366313994 -0.030927668717321225 0.007701130960572882 -0.008750418651208668 0.9999331880629776 30.501441960388313
0.9999839111186457 0.0003692366520730191 -0.006123646691867655 -0.41167726120507664 -0.00031525940352960825 0.9999603441588764 0.009033709587057065 -0.028384012753633885 0.006127490495700095 -0.009032654152348272 0.9999414004567573 31.751605857302714
0.9999922310916451 -0.0008370715600934689 -0.004429449488036666 -0.4077511618597343 0.0008781673148152401 0.9999554311522499 0.009509066037752466 -0.025403800791568235 0.00442207726876878 -0.009513917224182114 0.9999458129683049 32.997027166538665
0.9999964589379794 -0.002791577636261826 -0.0021903331199619297 -0.4016748874881981 0.002810212034871683 0.9999540604389623 0.009341330723121348 -0.022835329107442584 0.0021649237209660686 -0.009348377875951877 0.9999550038498048 34.2440333878286
0.9999961040487784 -0.003661017735637569 -0.0003731526430742686 -0.3925843406646273 0.003662323591921403 0.999953483165925 0.00914832641968643 -0.02152802000853324 0.0003404025146463484 -0.00915063733358453 0.9999591794092351 35.47419391128101
0.9999869320510262 -0.0054246670984799406 0.0016185136769913586 -0.3813929157354073 0.005408010474990435 0.9999457496026896 0.009102947888049337 -0.019227364333296536 -0.0016670465485264163 -0.009095090936236915 0.9999584318883737 36.71388492068019
0.9999809011221545 -0.006061200898810968 0.0027328613678657843 -0.3694533696879908 0.00603385683326398 0.9999403296872775 0.009326930255305428 -0.01664968418715005 -0.0027884783737750158 -0.009311466533534886 0.9999539937729304 37.95242348136723
0.9999752113596705 -0.006048460412775 0.00423188356841055 -0.3580349605447842 0.0060073792927678995 0.9999403570235144 0.009309290087194066 -0.014041459510489617 -0.004287285694355629 -0.009284812325447556 0.9999486916642034 39.21709938165378
0.9999703141036571 -0.0058807359465706715 0.0054311688097264796 -0.3446985027334922 0.005829665453293281 0.9999431423499973 0.009112256524776558 -0.009611339143241599 -0.0054837870817788445 -0.009081212370106444 0.9999446170037621 40.47085840040511
0.9999653507513182 -0.005447954613414755 0.006659940931315398 -0.3307191480990298 0.005386059510564688 0.9999461115859604 0.009063027769276876 -0.005579295373079694 -0.006708239195149935 -0.009027886063361808 0.9999375579069856 41.71765211449738
0.9999574655906706 -0.005277008167992273 0.007858071763507998 -0.3146043885387635 0.005205006484421381 0.999947326855716 0.008997383615595034 -0.0028163766408434363 -0.007904526590271568 -0.00895679006487186 0.9999293393015648 42.96768459420241
0.9999453633205314 -0.005562659262758162 0.0090846130066458 -0.29624684092118414 0.005483470183618347 0.9999491135117325 0.00859227537383165 -0.0023142430299375877 -0.009131364536180655 -0.008542455086698195 0.9999225120479358 44.223861579325714
0.9999347928150938 -0.005341159391498627 0.010304123032775577 -0.2763702813183193 0.0052604874621915475 0.9999575980362729 0.007733810954290795 -0.004173592185681278 -0.010344429237402331 -0.007679489431158569 0.9999178565198947 45.477965377755766
0.9999235939475581 -0.005246425635734613 0.011358414093212326 -0.25620110472283025 0.0051636903971178 0.9999617715786704 0.007222079939216259 -0.005753353949680615 -0.011395466691562793 -0.007163086188321155 0.9999101759101833 46.70855032939102
0.999905648425625 -0.006203312131132624 0.012396489308752937 -0.23310398646339367 0.006109843260730408 0.9999545396397828 0.007473331747977926 -0.005140746726160512 -0.012441912930852455 -0.007397050345133789 0.9998958542728956 47.94970265975173
0.9998892260939655 -0.006084192731545109 0.013733436655581419 -0.20881572709438012 0.005972183676382085 0.9999510012242859 0.008073974155382248 -0.0032222226234528105 -0.013781374882230128 -0.00799139094967379 0.9998737768162329 49.213402577545224
0.9998834433429761 -0.0006824937275444594 0.015391254052564592 -0.18924053033455063 0.0005618360586786272 0.9999714369207051 0.007742662616298899 -0.003300956874019238 -0.015395585619286525 -0.007733378420017852 0.9998523116184894 50.4801479083329
0.9998694409775287 -0.002222648322200486 0.016150674459157476 -0.15842180948357276 0.002129359802646609 0.999983253407386 0.005688378801129653 -0.008757641343964045 -0.016162425177300176 -0.005653542353159937 0.9998542651139412 51.70459822015496
0.9998599127739946 0.0015544248441755509 0.016790229066047664 -0.1368341287765723 -0.0016451603865271093 0.9999861857654254 0.005294769995000562 -0.010076507044375071 -0.016781163530398793 -0.005321894198416163 0.9998452203975734 52.944177047176595
0.9998390600628739 0.002689576809282008 0.01786391561144466 -0.11084668798340999 -0.002801424360521003 0.9999788281247962 0.006143995290426856 -0.009136601481980734 -0.01784639876031701 -0.0061933360602691835 0.9998219780584613 54.174008276195856
0.9998245038070984 0.003110208976910875 0.018608877540599006 -0.08350126543548483 -0.0032460341176210735 0.9999706391297603 0.007186608996762255 -0.007427126639731687 -0.018585453024353292 -0.007246185191178703 0.9998014262975224 55.405020538824964
0.9998118601084183 0.00321124362774633 0.019252010537453932 -0.05378803653821905 -0.0033543622335921713 0.9999689677519918 0.007337193195425577 -0.006444817847061324 -0.01922746289709346 -0.007400552727982767 0.999788075713259 56.645692033305934
0.9997967754354641 0.0036059730228214727 0.019963555136327128 -0.02399689404741881 -0.00375147412789956 0.9999689242730653 0.007177481812922316 -0.006222795173756453 -0.01993638692091735 -0.007251180800684164 0.9997754273002176 57.87352075694753
0.9997750821444514 0.004638699096009004 0.020815453056254818 0.00519621671699759 -0.004784834538375521 0.9999661813797246 0.006910535906536878 -0.005728659844160829 -0.02078205724157414 -0.0070087767353319876 0.999759856699601 59.10230331802311
0.9997485060671364 0.006784210093155842 0.021484387417460605 0.03331762436051589 -0.006928025615106227 0.9999560685309834 0.006560556144869284 -0.0025495846707624687 -0.0214381781698543 -0.006708032860413914 0.9997479911078839 60.35138052957974
0.9997176989069965 0.008654657371317405 0.022248888475891408 0.06295013473555608 -0.008792887932373712 0.999944549286845 0.006054695380613949 -0.0010685355806390835 -0.02219443178597354 -0.0062487469096302 0.9997346439580953 61.566271260850264
0.9996859988598732 0.01009956851789633 0.02306226018143985 0.09579686524371483 -0.010223296405006368 0.9999361554168698 0.005184133212347059 -0.0037354137491625314 -0.023007349383054036 -0.005418663749429584 0.9997214580313147 62.78704210143651
0.9996584070316349 0.011095146220177555 0.02379595888911908 0.1296923335956118 -0.011199419738868175 0.9999304038265493 0.004182709636785343 -0.008444628475254647 -0.023746619526733598 -0.004448069277502606 0.9997090709247562 64.00262870300769
0.9996433212483324 0.01135360804565502 0.024309264600938327 0.16431405559522883 -0.011453927755017902 0.9999285507035575 0.003915577750356368 -0.012387325067765841 -0.024261642212680377 -0.004193038695100971 0.9996978519315318 65.20255253374161
0.9996301094854645 0.011321827893490243 0.02485004858065122 0.19965950860617745 -0.01143641119445347 0.9999264334277018 0.004401697720209481 -0.014588280756423298 -0.024797040647080222 -0.004684562963256789 0.9996822618099834 66.42821435267393
0.9996137405770482 0.011761223098380335 0.02530618296147259 0.23623777707308086 -0.011903486977909532 0.9999164277689281 0.0054077269611732285 -0.015109429654528555 -0.025239101354680247 -0.005707344031072883 0.9996661361061054 67.67502842509805
0.9995913514321988 0.011890083604250905 0.02610922279366485 0.27447325264854106 -0.012073688519175426 0.9999055688320614 0.006822579649767806 -0.01387084603312429 -0.026024283076889088 -0.007135476171828558 0.9996368423253689 68.92201252113388
0.9995689893147708 0.012228985761752189 0.02680637153623627 0.31442718573887185 -0.01242305981366319 0.99989984429223 0.007025524539705199 -0.013098928313877167 -0.026716528609375696 -0.007356170810838889 0.9996168320344604 70.1607956916364
0.9995509351102678 0.012448173613593011 0.02738417250973891 0.35437522046214487 -0.012627730955651775 0.9999021054397476 0.0063324941676172275 -0.015706997515437245 -0.02730128176083216 -0.006676227720247859 0.9996058515759247 71.3739941330062
0.9995310348914688 0.012434133399393631 0.02810380328506767 0.3946808163361122 -0.012616111139091384 0.9999025526119667 0.006256341186453284 -0.01704976551857469 -0.028022103437785217 -0.00660864489750787 0.999586263029216 72.577200386636
0.9995009361447847 0.012259113511989347 0.029229204656410504 0.4357002743008775 -0.012509628258026697 0.9998886533380039 0.00835433367155071 -0.014545898514000689 -0.029122324971530854 -0.00871650123913755 0.9995386282314017 73.79013522813031
0.9994558771063803 0.012635118123050034 0.030569508584143583 0.47848514598236686 -0.012991575457262063 0.9998514438040828 0.011448880810064954 -0.008160415064197415 -0.030418750856577713 -0.011840823529318305 0.9994676053406227 75.0265681509607
0.9994184832164051 0.013005907937334003 0.03162507056841578 0.5226316763516834 -0.013454690491449437 0.9998132418301767 0.013981107466999248 0.0016491771874681156 -0.03143584220602343 -0.014399335981572111 0.9994024956453408 76.25645122460244
0.9993639178759643 0.01528475302762418 0.03232859133094028 0.5646181024996003 -0.0157880646913412 0.999759537665328 0.015336197101577041 0.014401280174816585 -0.03208474026730988 -0.015838037101478488 0.9993604412802841 77.49450172186762
0.9993350735374246 0.015465372371906995 0.033125623988335975 0.612493963659283 -0.015959317585898143 0.9997665974383362 0.014668064444196927 0.02143145337656143 -0.032889578614178586 -0.015187916321543697 0.9993443764184017 78.71930792413548
0.9992832808974479 0.017383352188694363 0.033730389067297264 0.657993324974074 -0.017783101092485463 0.9997765463893553 0.01155914380327031 0.024090196038410464 -0.0335203344914053 -0.012151900155963019 0.9993648962239966 79.94933245075916
0.9992226758662889 0.018996842265151827 0.03464462904039165 0.7049871549267211 -0.01928906059309921 0.9997828125288444 0.008090704233896864 0.021399190003171566 -0.03448187014563176 -0.008753903767218378 0.9993676615552498 81.1659010990443
0.9991809062232001 0.018306055336703198 0.0361954861976229 0.7571792832251234 -0.01856914461822588 0.999805509854205 0.006911058557228151 0.018450504694984084 -0.03606033478358346 -0.0075789230080628555 0.9993216635675501 82.36802836341775
0.999115147137665 0.0178964577050341 0.03816464450078105 0.8115654586494442 -0.018186125567486014 0.9998104665973713 0.007217453921764735 0.01813556859067437 -0.0380266649102861 -0.007906634868676352 0.9992460174227046 83.59519493545977
0.9990303152778476 0.01791442912782369 0.04031419182880747 0.8681832440990609 -0.018230331040763288 0.9998080564200181 0.0074414252802748005 0.018166308559076735 -0.040171612944103124 -0.008170776500088642 0.9991600374741609 84.83755110654084
0.9989802877898876 0.016375924077728993 0.04216903635155959 0.9289778665167506 -0.01666302875927252 0.9998427218018857 0.006422108623786829 0.014768582907851237 -0.042055654666693594 -0.007119876799409536 0.999090408037839 86.04833677850543
0.9989263313451323 0.015430239966264032 0.043766004290368976 0.990586657193667 -0.015661034381428005 0.9998674113132312 0.004894821488382778 0.009514718699037299 -0.04368320026166475 -0.005576566890242719 0.9990302613844279 87.25888696678606
0.9987589628236196 0.016230976200984733 0.047179129245084356 1.0512904529515397 -0.01645631228444306 0.9998572919100235 0.00434851960469932 0.004866538496485127 -0.04709976303910994 -0.00512151202774428 0.9988779312575329 88.46468373284911
0.9985853172941123 0.013558002260663952 0.05149310225306547 1.1220783101725058 -0.013757129461066987 0.9999013091833036 0.0034797792753768313 -0.0012848691526305966 -0.05143871393564942 -0.004185288798167276 0.9986681200862304 89.66135166602946
0.9983981739241683 0.013427517071684344 0.05504830051140236 1.1946154532513462 -0.013624033258007913 0.999904994244417 0.003151405219031265 -0.008222801961986177 -0.05499826540935333 -0.003898408643866911 0.9984796934761773 90.85983657095488
0.998094194378122 0.01350064927490919 0.060290590700954105 1.2770157331464205 -0.013757411182733586 0.9999004519395356 0.003804283094290062 -0.012056570610588195 -0.060230693018103194 -0.004628442819368828 0.9981744184757865 92.12583915771808
0.9977011786702206 0.013441444956435535 0.06649517965197271 1.3665714442251728 -0.013796551588570299 0.9998957449618824 0.00484609958272892 -0.01446315436064707 -0.06642051394229534 -0.005754125491770356 0.9977759339616544 93.36971628569324
0.9972250267161332 0.014087284017486056 0.07316784106218324 1.464442808221299 -0.014513974376526002 0.9998831068823886 0.00526780006167514 -0.01578750135258683 -0.073082510156865 -0.006317178904592219 0.9973066330244904 94.64009499788824
0.9966910284897559 0.015023233837601487 0.07994280002382857 1.5715784057531932 -0.015510420699330861 0.999866942726542 0.005441464502518887 -0.01678974868060843 -0.07984793865085307 -0.006665550557410086 0.996785317066773 95.92001317005472
0.9960616827375454 0.0172874701616933 0.08701787491683723 1.685594017639886 -0.017830964476875034 0.9998282461835502 0.005440253108073686 -0.01763389855165664 -0.08690637000328535 -0.006972649570755267 0.9961928019609763 97.18908726607678
0.9953368473359628 0.018466441466074908 0.09472920792196764 1.8141000464911547 -0.019044726294441424 0.999807136135725 0.005174099339450719 -0.02052362920810318 -0.09461286018965771 -0.006956477951085729 0.9954905325858942 98.47261942690695
0.9945609894706757 0.019454563912757707 0.10237516090744059 1.9535459200503258 -0.02002884611354121 0.9997909653425265 0.004560548389402761 -0.022296393182931286 -0.10226230725707752 -0.006588485641919884 0.9947365298110669 99.74657609916243
0.9937023369620785 0.02190444262246314 0.10993570525359646 2.0923355781567854 -0.02241827627008051 0.9997443924983901 0.003414035434919632 -0.026380931148790962 -0.10983030125321532 -0.005859745500811147 0.9939338636009456 100.95672120726847
0.9928593669244102 0.02141652678495768 0.11739685140270116 2.2466982022583784 -0.02191363754913846 0.999757158918362 0.002920677862733713 -0.03304684026179201 -0.1173032752606638 -0.005475067579240113 0.9930816027868304 102.18285574557531
0.9919745222207187 0.02132359092783397 0.12467143067147607 2.4071558277149054 -0.02187752450598785 0.9997578356970267 0.0030533221192560202 -0.0386466837978789 -0.12457359298070236 -0.0057587514625878754 0.9921940813969501 103.39160191873685
0.9910296802867571 0.02135383910896334 0.13196589980880527 2.58337553944282 -0.02196121708364646 0.9997555066947147 0.0031267970632845835 -0.044607070040968824 -0.1318642789252008 -0.00599941530220946 0.9912499760761729 104.65796320573537
0.9900604573479193 0.020486265199738802 0.13918112683807693 2.760982607222408 -0.02109898418610225 0.9997749550716953 0.0029069201947170423 -0.05182911794216835 -0.13908760618716073 -0.005816992724971998 0.9902633646556269 105.84961950499603
0.9890387036285408 0.02021131748783549 0.14630364393666284 2.947534671710825 -0.020844203906585715 0.9997810714905789 0.002774089385017393 -0.05923031759875843 -0.14621277538576963 -0.005795672581765111 0.9892366470052909 107.0542683331079
0.9880008374479775 0.01853483795952719 0.15336759342434117 3.146860746302819 -0.019226794957525044 0.9998128972633753 0.003011532102930617 -0.0657948752683808 -0.15328024841278376 -0.005926605368902751 0.9881653672553985 108.27643887528633
0.9869698412008553 0.01815690173505991 0.15991077375523072 3.3492682326825842 -0.01894075570449996 0.9998175226207914 0.0033615542317731446 -0.07152940809762527 -0.15981761454444507 -0.006348732352665579 0.9871265326099985 109.46960151346757
0.9859637320507679 0.017168720108919865 0.16610747330035736 3.5646648459955266 -0.018178538083797303 0.9998269486092717 0.004545377996958078 -0.07528740631287081 -0.16599769028335876 -0.007503474586029676 0.9860978445609244 110.69306370874476
0.9850170289650751 0.016312693210266824 0.1717167058670381 3.7882839765488514 -0.01761264301813567 0.9998295677903526 0.006034752384591131 -0.07719768831824159 -0.17158600908008032 -0.008970907441763817 0.9851287148477051 111.92589355220842
0.9842057906482798 0.015090476320644124 0.1764133116605953 4.015534094723828 -0.016492328266755268 0.9998454893918123 0.006469977497331477 -0.07931261708618143 -0.1762853416347461 -0.009279771650438301 0.9842956046460227 113.13763184332801
0.9835190241113011 0.014701286750787688 0.18023589321855032 4.2485534972851084 -0.01618640633774547 0.9998487031971829 0.006758044957033012 -0.08087182938083158 -0.18010619309143672 -0.009566562048283402 0.9836009193851301 114.36337014885088
0.9828980955621973 0.014507514098009015 0.18361110908263192 4.486046352446371 -0.016037872450065126 0.9998512007636031 0.006835473949661413 -0.08252877025203927 -0.18348143255109634 -0.009665688496455827 0.9829762857680997 115.59801646629022
0.9824507562748441 0.014348014279520397 0.18600227201700623 4.727465869009866 -0.015843752315651213 0.9998563159297311 0.006541386748846412 -0.08578945471825175 -0.1858784756275534 -0.00937593521457068 0.9825286000444293 116.8259070700678
0.9821440918302535 0.013829291175558511 0.18765312838563306 4.974161619341867 -0.01519585554821159 0.999870862512972 0.005830561210257417 -0.09000573863651501 -0.187544898278358 -0.008580297564699437 0.9822191793882186 118.07501029318846
0.9817271965568489 0.01390837439088027 0.18981665257523533 5.221990795184037 -0.015241732200896295 0.9998720294615604 0.005550595380494487 -0.09073345207301346 -0.18971164334487972 -0.008344546467588542 0.9818051418206002 119.31711062235992
0.9814226643994949 0.01358312288845932 0.19140736157929267 5.46875836651816 -0.014895306937189282 0.9998777115715664 0.005403001007238448 -0.09189553727505681 -0.19130717530652028 -0.008155877426733337 0.9814969870005554 120.54093612410875
0.981068089558442 0.01354067191913655 0.19321787926029219 5.717570433771549 -0.014808957066472265 0.9998802310499415 0.005107024628628597 -0.09491847842715388 -0.19312226913628472 -0.007873788499344132 0.9811436011287584 121.76736855682189
0.9807372251600532 0.0137307260527864 0.19487645639842466 5.972460016772147 -0.014876828078072616 0.9998826717971231 0.0044051670591230075 -0.10005336239575818 -0.1947898122073955 -0.007221621608618558 0.9808189356828074 123.00951441110605
0.9804400604215847 0.014108239890347558 0.19633977453804202 6.229155289697156 -0.015122626640951752 0.9998820606487487 0.0036552116823933773 -0.10600003831288232 -0.19626168663361843 -0.006555104778165309 0.980530352916601 124.25178324781942
0.9800841783294335 0.014626076076287822 0.19807104460571937 6.484478583205994 -0.015614908450761475 0.9998753540427723 0.003418340133611029 -0.11058061189891402 -0.19799305974819092 -0.006445158523575467 0.9801829349928257 125.48177807775758
0.9798063447026077 0.014538950846830954 0.19944526527930878 6.742850134422962 -0.015561595926314016 0.9998756148996903 0.0035499816170764006 -0.11480959704525037 -0.19936561729194496 -0.006583987126152119 0.97990362866633 126.71099713059724
0.9795388948457596 0.014427914733783409 0.20076228454535755 7.011148376818486 -0.015415283022174429 0.9998787362768398 0.003344905428571335 -0.12106855422316808 -0.20068634555199127 -0.00637323028278365 0.9796354648649359 127.9747482485865
0.9792024299271177 0.01456655498473278 0.2023855365498775 7.279458223998263 -0.01544192832187289 0.999879863942384 0.002737247286387106 -0.1289419562725593 -0.20231822082240777 -0.005807415027943112 0.97930305932493 129.23310114765115
0.9788530799166387 0.014813799562196356 0.20405067659716505 7.543016978037957 -0.015591254893477662 0.9998789125646894 0.0021930760416794485 -0.13724743557577423 -0.2039902549124808 -0.0053302958825007015 0.9789586996429165 130.45956231795654
0.9785271646569731 0.01443938395656833 0.20563476380982365 7.804387984694115 -0.015207877046992727 0.9998849986834903 0.0021459311786978376 -0.1439394252725681 -0.2055767203230655 -0.005229299813465662 0.9786274725994938 131.660686558918
0.9781919482160975 0.014664960226344817 0.20720907333089925 8.068112385887076 -0.01554129120798053 0.9998792299015118 0.002589061776023212 -0.14885010808432186 -0.2071424126472317 -0.005755181946109831 0.9782943626509503 132.87168467001646
0.9778319865657903 0.014428888227352324 0.20891710107254272 8.33582955477908 -0.015577325078827742 0.999873904353926 0.0038416017026940224 -0.15224599373895165 -0.20883176158996705 -0.0070132968101545325 0.9779267204984379 134.08528633700337
0.9774844001519776 0.014588068913831256 0.2105257996149801 8.60506761786484 -0.0159649253808848 0.9998634912797071 0.004830992406673424 -0.15414259347746748 -0.21042293733272335 -0.008085721141999262 0.9775773381172581 135.3065519772175
0.9771374346860328 0.014386384505740035 0.21214453136135847 8.877991856042671 -0.015789460306177564 0.9998657984802057 0.004909830775473531 -0.1572951050014177 -0.21204175608174558 -0.008149625405594038 0.977227011991225 136.52902927297617
0.9767956747241882 0.014906551543378227 0.2136787478688328 9.147805981956965 -0.016102634617426493 0.9998655775470927 0.0038455982901544404 -0.16406741786358905 -0.2135888205691466 -0.007199545688997701 0.9768977220909345 137.73107328392538
0.9764132295633956 0.015396587228641475 0.2153852648470119 9.419633723496254 -0.016294999443891914 0.9998669862894254 0.002383587721860826 -0.17071430654277062 -0.21531604840418872 -0.005839631169366276 0.9765276567148713 138.92913432377415
0.9761040495570067 0.014566122915809714 0.21683996987333476 9.691780084201007 -0.015227338775380813 0.9998857207387226 0.0013657923975664143 -0.1786946084808328 -0.21679140188397084 -0.0046375979201225175 0.9762077103296676 140.11284123373926
0.9758603192649065 0.014490458149976768 0.21793955548060054 9.966878632166004 -0.015212443502448485 0.9998857251774593 0.0016213722897133321 -0.18473133473540337 -0.2178870736086094 -0.004900190176163648 0.9759623786890967 141.31493014243298
0.9756032899099135 0.013154522575692442 0.21917344548314469 10.238822197246645 -0.014171487293953806 0.9998982058869123 0.0030527852351030127 -0.18830976738999525 -0.21910705391424093 -0.006086511483563248 0.9756828158034226 142.49532693530506
0.9753509527967 0.01206735287066979 0.22035468512885195 10.514834518499539 -0.013545812641172255 0.9998977975639295 0.005184754561442538 -0.18918424093687095 -0.22026561507562104 -0.008044298402783843 0.975407495910661 143.68974236303418
0.9751543798808564 0.012078958751293613 0.22122397554298953 10.792751426554458 -0.013799159167285349 0.9998886759913157 0.006215794539498585 -0.18912269444036617 -0.2211201886325033 -0.009116559345717245 0.9752047786101119 144.89501765967415
0.9749389296853317 0.012478746934215775 0.22214811889594005 11.07478374351534 -0.014261424997683689 0.9998808716970989 0.006406541884278156 -0.18916632216832646 -0.22203770378473456 -0.009416597248868577 0.974993314338919 146.1230895765831
0.9748289712685982 0.01259203409942122 0.222622994703308 11.354183020905856 -0.014271794698269124 0.9998833959168342 0.005923439844885204 -0.19182010429605678 -0.2225187679305168 -0.008953968667704666 0.9748879271758323 147.32772418099057
0.9747014130709769 0.013841434332901373 0.22310707478544206 11.635589957130222 -0.015297086550063347 0.9998743154189442 0.004783064823794707 -0.19672829449197451 -0.223009150298607 -0.008077113120975657 0.9747834624894675 148.55146427598126
0.9746121591368655 0.014635844154646608 0.22344560557499385 11.915850857999928 -0.01597616512810829 0.9998662829064151 0.004177207938675156 -0.20127363079090735 -0.22335080057241 -0.0076432693855166866 0.974708711476299 149.76801373382668
0.9745001681677593 0.01489739992135535 0.2239159596854435 12.203282261512676 -0.016365105909981175 0.999857467715089 0.004686202863294617 -0.20265876790347817 -0.22381059130552672 -0.008233280744671397 0.9745983380215933 151.01295540028218
0.9745002059343645 0.01551347859651806 0.2238760122734329 12.491179486336076 -0.01728715731556815 0.9998357495790345 0.005948536782940427 -0.2010495240657007 -0.22374301780862163 -0.009669286174505243 0.9746008307782155 152.2708045576951
0.9744526837601943 0.015815786460844142 0.22406437164467138 12.791887152472773 -0.01761006057286366 0.9998301427480047 0.00599357228072257 -0.2011863018499827 -0.22392718122076663 -0.009788598896418331 0.9745575331043397 153.56944470996729
0.9744171711799436 0.01661132502469902 0.22416173573155446 13.076116941552634 -0.01814780440178986 0.9998269493131521 0.004777249299507431 -0.20601916198982723 -0.22403943598208487 -0.008725297829972792 0.9745418377068453 154.79572062841578
0.9743534165124967 0.017632994759881827 0.22436149879990935 13.375251822416864 -0.018871051976832896 0.9998194146960203 0.003356168163060372 -0.21339574952150836 -0.2242576143226442 -0.007506196513483556 0.9745020042413776 156.08394424325843
0.9743211060328435 0.01764546067488086 0.22450147718862284 13.66030361489943 -0.018872135069991986 0.9998199516621015 0.003298584025224224 -0.2175278138645511 -0.2243984342484021 -0.007453011220520884 0.9744702205705683 157.31012091043118
0.9742480073486138 0.01751058053925631 0.22482742482344723 13.945752844930123 -0.01923122607611216 0.9998033455631398 0.005446755945517274 -0.21424809044582513 -0.22468296723205627 -0.009632939279262644 0.9743852201118451 158.53352475520606
0.9739647858678528 0.017904840044852106 0.22602154498695426 14.234199717640577 -0.020232369669296982 0.9997668376634663 0.007966678310853691 -0.2081538255084127 -0.22582162768384195 -0.012334771182849575 0.9740918094072497 159.76502790861716
0.9736204947336485 0.017026794893379035 0.22756850975699927 14.52643087968329 -0.019691793454351673 0.9997651481063339 0.009424896744979733 -0.20228810685918017 -0.22735018886205696 -0.01365986209313919 0.973718613411673 160.9807101389283
0.9731195347944825 0.016263483407120936 0.2297584691193322 14.821202932719144 -0.019046621813895832 0.9997735017121165 0.00987881155898587 -0.1972766900158207 -0.22954139600459172 -0.0139915078681335 0.9731996571576143 162.19460142213322
0.9724522349706876 0.01535385907590513 0.23262854250694415 15.116025153065918 -0.01826539578056352 0.9997832230242929 0.010345674070370705 -0.19238351770228845 -0.23241484569908988 -0.014311970240831263 0.9725128151550643 163.39170136404462
0.9718491952689442 0.01368164717908238 0.23523708989988806 15.418227107567496 -0.01659956374491213 0.9998113757399594 0.01040894935921018 -0.1871710312214634 -0.23504578763681236 -0.014023182443204302 0.9718843809496146 164.60218924047308
0.9712953383762681 0.013026605896909254 0.23755051448095718 15.721035078212926 -0.015795321536733013 0.9998310707580134 0.009736200115346042 -0.18517722331065853 -0.23737912683601242 -0.013211387256986432 0.9713287100657746 165.80402765307144
0.9708539014672448 0.01296474663219846 0.23935054502273445 16.031812215894455 -0.01569132029683245 0.9998349259345772 0.009471647947996533 -0.1832972581677308 -0.23918396983710888 -0.012953525500914425 0.9708892496453977 167.03242150828706
0.9704821489568182 0.012593180751385486 0.24087318026480603 16.34295515379747 -0.015431015197368274 0.9998349730784994 0.00988066171641985 -0.1792980857668763 -0.24070473208285242 -0.013308154484298503 0.9705083597769986 168.25559963195766
0.9701424195665507 0.012823285881141646 0.24222606566116786 16.659403682656762 -0.015800644375963624 0.9998245532769697 0.010334484519125336 -0.17436478350928578 -0.24204678570112834 -0.013855350082151205 0.9701668626620465 169.5023039294181
0.9698517266878898 0.013561834805086631 0.243347046103255 16.975796270726534 -0.01647912882076085 0.9998174890334696 0.009938488018583616 -0.1720192087631135 -0.24316366225365296 -0.013651197535964929 0.9698903472949818 170.7441451275381
0.9696920250486388 0.01352273367763686 0.2439852092530616 17.29125814581966 -0.016084287658937813 0.9998373026620493 0.008490820627146282 -0.17343704347858663 -0.24382638658102 -0.012160059024210343 0.9697439673249466 171.96517686032658
0.9695297958475582 0.013676706677695423 0.24461915238645207 17.61442062947885 -0.015964309791020103 0.9998478141456547 0.007352948173013723 -0.17651159724366586 -0.24447726770073736 -0.01103604267339523 0.969593209602744 173.21911054805608
0.9694130528697321 0.013384832955205206 0.2450951788751098 17.931642336211695 -0.015523264663711518 0.9998583573227438 0.006778519606729175 -0.17898408425270554 -0.24496585245123156 -0.010377746271581141 0.9694768582971274 174.4455621344303
0.969277663871347 0.013349201483826324 0.24563367541784314 18.25100883675044 -0.015495325726214417 0.9998588359436776 0.006789448376488079 -0.1797955978624681 -0.2455043657580471 -0.010389092063173283 0.9693406461379491 175.68569795951746
0.969171531072963 0.012909041204519097 0.2460756358266918 18.574931684463042 -0.014900627724889608 0.9998717764367886 0.00621499136055144 -0.18252750603080312 -0.24595969335880055 -0.00969207761585779 0.969232310809991 176.93133209430215
0.9690436763034467 0.01273569858768155 0.24658833409242795 18.895114595216892 -0.014640404870411374 0.9998775952115613 0.005873832869429887 -0.18257279894873132 -0.246479238336743 -0.00930421582861163 0.9691040271322426 178.16387782963804
0.9689493948213043 0.012489765036477066 0.24697115813556736 19.214564481214214 -0.014414010760308033 0.9998804959597394 0.0059651358442831814 -0.18206304487855401 -0.24686286241769742 -0.00934206385175302 0.9690059428745639 179.39654054542186
0.968845936102067 0.012142441838871323 0.2473953712572606 19.53485588906949 -0.014209569096777843 0.999879591475692 0.006551704986191367 -0.18082317920981883 -0.24728183392732223 -0.009865251363892552 0.9688939665688832 180.63270648299806
0.968815648849123 0.01145847555761103 0.24754681371550027 19.85493183935452 -0.013647262120551552 0.9998835776845146 0.00710835191097327 -0.179213070656278 -0.24743231602850552 -0.01026726616832157 0.9688512861872177 181.86394205794537
0.9687269341175005 0.011721935407643687 0.24788190072510718 20.174220329499526 -0.014000605395465304 0.9998764746076257 0.0074124870548676535 -0.17713385283376928 -0.2477601864403495 -0.010653330051554142 0.968763438925662 183.10412947782314
0.9686540853451057 0.01155759454500141 0.2481735942510667 20.494756438843872 -0.013939478778429585 0.9998739124973282 0.00782492232791223 -0.17470914205750696 -0.24804798652735943 -0.011041208750497895 0.9686852156681468 184.33896072030913
0.9685586750593564 0.012226010576752105 0.2485136509055599 20.816284333010593 -0.014753736638015824 0.99985841383372 0.008293813942252771 -0.17096933191736435 -0.24837313847001963 -0.01170174785378681 0.9685941838471281 185.58757840221205
0.9684609295588601 0.012786794092160778 0.24886437299283826 21.139267053947865 -0.015313193396786396 0.9998503205872598 0.008202006790401225 -0.16885770411029777 -0.24871867648225382 -0.011756235213172601 0.9685046175890066 186.83564240314684
0.9683620762535651 0.01411616043334923 0.24917884293780454 21.456447384126438 -0.016546636299906707 0.9998355192152768 0.00764492175914045 -0.16817209770639627 -0.2490257439377451 -0.01152811317445272 0.9684289025959099 188.06429549266673
0.9683189566669016 0.014952752055753657 0.2492971370836337 21.778617734244936 -0.017374879915631237 0.9998224301289751 0.007501891995616151 -0.16673955596213924 -0.24913695896209914 -0.011597270527315599 0.9683993492635806 189.312678470678
0.9683189464221584 0.015423596193014888 0.24926783794487925 22.098095585532853 -0.017876660800230995 0.9998130097692541 0.007563695426923495 -0.16515813236754046 -0.24910081575748577 -0.011781647957942022 0.968406289618687 190.5512915254682
0.9683911198018731 0.015942837460783572 0.24895338208495993 22.41774109045313 -0.018365033391777377 0.9998050780308648 0.007394509877662583 -0.16419177087379008 -0.24878354946684256 -0.011734342754472547 0.9684881815723302 191.79608530526158
0.9684947723923091 0.01632401430639661 0.24852384091130042 22.740337523654524 -0.018657733802120147 0.9998020869891597 0.007023643082941065 -0.1642976069580738 -0.24835680900847443 -0.011440665408020025 0.9686009348671033 193.0557877815941
0.9685712386918695 0.016563045722894836 0.248212352712112 23.060045357496772 -0.018827559868255635 0.9998014188905994 0.006736299378125928 -0.16420281054430896 -0.24804778970392943 -0.011199567341598205 0.9686833086877394 194.3078284200536
0.9686772748293887 0.017303058587304534 0.24774742342779624 23.3775537970251 -0.019495379327794563 0.999790862767626 0.006383489311291799 -0.1639947359954132 -0.24758162903385147 -0.011015303867018676 0.9688046467271967 195.55828599967796
0.968973969333048 0.01677853550873821 0.24662077482845335 23.69831687603392 -0.018908511401220858 0.9998033596474168 0.00625542454537568 -0.1639833689027807 -0.24646365074139714 -0.01072673779535028 0.9690928592023302 196.8160764374452
0.9693077775018607 0.016350602970075605 0.24533527413378445 24.01343718715195 -0.018549279625254413 0.9998075078655339 0.00663812911699381 -0.16009781945063853 -0.24517595978008758 -0.010987435848258545 0.9694165394365232 198.05753442275997
0.9696980288412622 0.015244165716171251 0.24385769360808074 24.329511961571043 -0.0174811295946616 0.9998237832226768 0.0069970488068246545 -0.1562881517946614 -0.24370468403358134 -0.011050282009518046 0.9697865981463373 199.30836650926645
0.9701092385408344 0.014463460625154507 0.24226386615587403 24.64983447103078 -0.01668673372220433 0.9998363549982795 0.007114703285194078 -0.1537919345951192 -0.2421181519434442 -0.010946871295922539 0.9701849807346437 200.58282814443174
0.9705043617962577 0.013534279856639835 0.24073014825750375 24.975593625500952 -0.015728759363002734 0.99985149321343 0.007182634684826187 -0.15159717353093258 -0.24059389070248144 -0.010759441747877779 0.9705662912184816 201.88830958297586
0.9707972476623161 0.013075108590779618 0.23957199080103195 25.30305959834022 -0.015259049729173713 0.9998582970664968 0.007247441977578133 -0.14941733877791288 -0.23943995466982765 -0.010693814323400065 0.9708520820024579 203.20861617903108
0.9710543850463976 0.012810282865480813 0.23854193659542045 25.62119079583146 -0.01498289942797248 0.9998621444523148 0.007281001073708072 -0.14745722992275218 -0.2384125295668347 -0.010646820820006583 0.9711053321944584 204.49670979286992
0.9711408258268868 0.012938065315525925 0.23818135810687463 25.934663376127933 -0.01513102195536967 0.999859064120509 0.007366286684981459 -0.14520509594705586 -0.23804940628789353 -0.010759941225540593 0.9711928948690305 205.7705609565937
0.9711745079281947 0.013269492512830184 0.23802486535953638 26.251799744380648 -0.015517279414485738 0.9998515598954771 0.007558726274075 -0.1424709920929083 -0.23788645202460967 -0.011036543613151437 0.9712298131728188 207.061159541898
0.971195554230006 0.013354288161833785 0.23793314761478998 26.576726850935735 -0.015672853909624924 0.9998468775009377 0.007842821731514906 -0.13967997342424365 -0.23778938319792306 -0.011348029677933318 0.971249771844885 208.378835388443
0.9712266250758672 0.013621606276461928 0.23779068761757177 26.902912229679494 -0.016035822148599742 0.9998378331924661 0.008209264019773099 -0.13588958441691978 -0.237638062821876 -0.011788314384921696 0.9712813423202387 209.71036561657053
0.9712197622071701 0.014026280468349797 0.23779642454605127 27.22277445104817 -0.016422422125880444 0.9998325243025304 0.008086346222176162 -0.13345361529287125 -0.23764103034868794 -0.011760771693170396 0.9712809770719012 211.01591348213998
0.9712677852030659 0.013989233587445348 0.23760029326928225 27.544999408617038 -0.01617755657982735 0.9998423397677697 0.007252297191375126 -0.13471519603243748 -0.23745967991459277 -0.010889271001402129 0.9713350203150565 212.31820265321767
0.9714177954517993 0.014501210735188352 0.23695515037129394 27.85750054637964 -0.015989596150541612 0.9998621681265201 0.0043502213773501976 -0.1414791826103595 -0.23685790987929045 -0.008016280341171548 0.9715098385551945 213.58368289275853
0.9715449386928277 0.01599552882659388 0.2363360146142813 28.16978222335603 -0.016491103729857966 0.9998633424468021 0.00010972330313903118 -0.1548040994454789 -0.23630060440770012 -0.004005448822266161 0.9716702728692046 214.84854365175963
0.9715583924300231 0.017352759767472272 0.23618347026573694 28.485143522577985 -0.01709694291761285 0.9998479904467048 -0.0031414608563386207 -0.17206300728121957 -0.23620099734685693 -0.0009872348841752903 0.971701798840091 216.1236693958005
0.9714523638174895 0.017183421662259744 0.23663302778357964 28.79536920524403 -0.016898107494092644 0.999851306411407 -0.0032457674099269133 -0.18554696483650213 -0.23665251618595326 -0.0008470925917240396 0.9715921929428719 217.3791547661262
0.9713238736630686 0.01652594669027441 0.23720480645546285 29.106642523093353 -0.01681437899134438 0.9998570442000059 -0.0008178482614057225 -0.18950429628367654 -0.2371829137921814 -0.003196168131219822 0.9714572387625375 218.63781776851977
0.9711364165653054 0.015780481617805542 0.23802296340304713 29.4207940899815 -0.01666327367741442 0.9998588095398699 0.0016857408773052122 -0.19167866104609665 -0.2379612974644547 -0.005605408248503205 0.9712563177518496 219.90048300109623
0.9710109112824149 0.015718865751682583 0.23853848846119213 29.72555082521554 -0.01678250461371202 0.9998551125745225 0.002418306401429546 -0.19447142162088268 -0.2384646369259679 -0.006353555498253264 0.9711282168219929 221.12539049236787
0.9708458416898637 0.01582953134568966 0.2392032634935939 30.03170863043235 -0.016985282563825154 0.999851122834847 0.0027604959312868514 -0.19760596743537967 -0.23912251003907878 -0.006745242664050333 0.9709640770827562 222.35362636417884
0.970736286757095 0.015991297140057648 0.2396374586642863 30.336052581777405 -0.017328206585359184 0.9998433688030358 0.0034615694712428987 -0.19941375913976106 -0.2395429451028948 -0.007515207253247139 0.9708549937329722 223.57828178247564
0.9705778748883295 0.015555219190249802 0.24030774993099213 30.644336522680458 -0.0173724998350534 0.9998340645677216 0.005434560759586073 -0.19899631354782082 -0.24018168867645173 -0.009451766238259567 0.9706805416059546 224.8090896800314
0.9704230575953082 0.01471416608646364 0.24098452127165654 30.95678331310445 -0.016892660149052326 0.99983265759921 0.006966826837124826 -0.1963233525392459 -0.24084001642683303 -0.010833991611363778 0.9705026953910341 226.04838621652726
0.9702800456711509 0.014115803388210148 0.24159421282727594 31.264091950981935 -0.016209779322603982 0.9998457655233634 0.006672868691823391 -0.1964897357907533 -0.24146117253266275 -0.010392984337007848 0.9703530482451724 227.2554798709934
0.9702380293735895 0.01377851049410071 0.24178283949268398 31.571395358806946 -0.015308256480555438 0.9998725377763694 0.004439790273183189 -0.20198225538760337 -0.2416890407974243 -0.008011232654343604 0.9703190525620919 228.46097997529012
0.9701899431379428 0.014928473117644276 0.24190573455162895 31.876202342224815 -0.01573737104041294 0.9998744373085342 0.0014030318046854427 -0.2122363791891098 -0.24185317305723358 -0.005170207850999671 0.9702968056501913 229.66283303567502
0.9699993155036994 0.01594281311236011 0.24260350275754053 32.18670302408034 -0.016451330681084328 0.9998638727003867 6.206913679808793e-05 -0.22292368643371524 -0.24256845292132803 -0.004053085600964346 0.970123314785717 230.892795967651
0.9697877296806944 0.016309637248420706 0.2434229936155606 32.49546623227796 -0.01682882794979234 0.9998576653748107 4.4562392764179915e-05 -0.23054667728149514 -0.24338648925156417 -0.004141346229183776 0.9699180156943153 232.11390058670182
0.96959625493052 0.01695023206156834 0.24414239860733175 32.80400690569674 -0.01755324812106206 0.9998454661916121 0.0002850759294453312 -0.23686685525555382 -0.24409835822504053 -0.004563659359827509 0.969737393837706 233.33296339180583
0.9694113003598679 0.01835971418027642 0.2447755145906065 33.11316079795777 -0.018869140639005497 0.99982156493846 -0.00027369995454941344 -0.2457590216447689 -0.24473498130118346 -0.0043553633544255715 0.9695780445232408 234.55460430694365
0.9694080753889405 0.01708370945111389 0.2448807543400606 33.41658833825968 -0.017319639777151084 0.9998487648656845 -0.0012000702092661143 -0.25551507863828543 -0.2448623386658816 -0.0030797553566322806 0.9695509101360796 235.7303796249553
0.9694333540309831 0.01685403292454664 0.24479601530104436 33.72275778439434 -0.017051707619723803 0.999853379752419 -0.0013221953135414664 -0.264710842782825 -0.2447804811521681 -0.002894331187793137 0.9695721616093218 236.9326636504239
0.969468528668615 0.017362867030959246 0.24462180151070517 34.0165822545405 -0.017738265130103535 0.999842402626734 -0.0006795667614254078 -0.26853311234965055 -0.2445928694723799 -0.0036823172041590014 0.9696170208325839 238.09946281587193
0.9696312004335425 0.016984648516149208 0.24400195153845616 34.309555097055416 -0.017418012345824657 0.9998480932477891 -0.0003914530224800094 -0.27332128165235653 -0.2439693864982257 -0.0038723563745094256 0.969773230793126 239.2566074698432
0.9698338389536865 0.01503320518256502 0.2433227265295867 34.605045142314744 -0.01494514624493891 0.9998854705807912 -0.002217390757258531 -0.28283186763771584 -0.24332614668088842 -0.0014877927560056723 0.9699413654065304 240.4167483712765
0.9700087462502143 0.01766285433872701 0.24244921080951276 34.887046401966366 -0.017000764536491485 0.9998437323381626 -0.004833269428983638 -0.29824240025561216 -0.24249420942862432 0.0005644508548920909 0.9701512643180558 241.55788981373837
0.9700573733696877 0.019222458883368047 0.24213499572302782 35.17232519389385 -0.018439563209711393 0.9998146286897864 -0.005509207233198664 -0.3115908039941135 -0.24219367765775604 0.0008775006243442684 0.9702259309104942 242.70830351979387
0.9703707684679592 0.019122253737033187 0.2408840292910251 35.455402055516956 -0.019296547042282765 0.9998119648442203 -0.0016454449292696363 -0.31711458789557095 -0.24086780413137804 -0.0030535084846722536 0.9705513301658721 243.8576788371249
0.9706235744884443 0.020423600837367682 0.23975656812336862 35.73904418063229 -0.0215224484534907 0.9997659603101328 0.0019560232932800715 -0.3179291321297749 -0.23965818460285435 -0.007060395885051789 0.9708300029939747 245.01729667437075
