1.0 0.0 0.0 0.0 0.0 1.0 0.0 0.0 0.0 0.0 1.0 0.0
1.0 7.542967796325684e-05 0.0001443326473236084 0.0003960845060646534 -7.539987564086914e-05 0.9999995827674866 -5.91278076171875e-05 0.00043794908560812473 -0.0001443922519683838 5.939602851867676e-05 0.9999997019767761 0.04177379608154297
0.9999996125604742 0.00015757304144514706 0.0003077940935352075 0.0008717640018533548 -0.00015725711112501983 0.9999992155916573 -0.00011558569386771467 0.0017776960003363512 -0.00030816077561812705 0.0001161277525056903 0.9999994366024376 0.04970354715564521
0.9999993121993711 0.0002504198154308946 0.00046156750963667983 0.0015136011179648085 -0.00025013307521581506 0.9999990770540143 -0.00015667743112125938 0.0030064304353406533 -0.0004618619796640524 0.0001570176963774294 0.9999992652351681 0.07499677123169181
0.999999216464299 0.0003483736810522342 0.000615781450180163 0.002121177302413967 -0.0003479200244473055 0.9999986869228982 -0.0002078566903845292 0.0041942702565104795 -0.0006162234519945167 0.00020808335522096998 0.999998828345958 0.10341705186258351
0.9999989773758167 0.00042098450168170004 0.0007692988326366201 0.002670277354237768 -0.00042033738795019997 0.9999985281994853 -0.0002766639408710502 0.0053197902374110505 -0.0007699288505398665 0.00027667327995108354 0.9999985406097658 0.13058299618574068
0.9999992934511264 0.0005151367525137637 0.0009268140153110935 0.003091049739263681 -0.0005148865268423522 0.9999990716077624 -0.0003244735408735576 0.006479702413576403 -0.0009271624100758672 0.00032386739676887625 0.9999988829461269 0.15871570800556434
0.9999986183606381 0.0006087765672943617 0.0010884872173995042 0.0034648097188751726 -0.000608055263723842 0.9999987637518848 -0.00038997270336404803 0.007570875186323236 -0.001089286809826175 0.00038928598778566875 0.9999982945989144 0.18590830391785815
0.9999984035085652 0.0006918918151646019 0.001239404350894566 0.003772468580310649 -0.0006910255653540473 0.999998812315435 -0.0004418907096043594 0.008728317768331034 -0.0012402676374231219 0.00044084289565837195 0.9999982292062758 0.2133803100847076
0.9999985238185881 0.00075455186761505 0.0013960927276331827 0.004140799240579988 -0.0007538395383558569 0.9999992191836263 -0.0005030342561188324 0.009815536274416323 -0.0013966683111215118 0.0005012342889177564 0.9999983655389366 0.24049245889232673
0.9999982432168054 0.0008409728709650074 0.0015503637345030525 0.004421050191249469 -0.0008400097355706607 0.9999992431452541 -0.0005632618832281217 0.010907926330737741 -0.0015510873191835113 0.0005610759386975582 0.9999982390893334 0.26825570070813687
0.9999978782949688 0.0009365231599138277 0.001695420284949344 0.004662012604914752 -0.0009354145038482641 0.9999992481938789 -0.0006236738275067596 0.012023517272538529 -0.0016962778564424345 0.0006212477379858675 0.9999979801875948 0.2952168896998337
0.9999974260628685 0.0010146343016621717 0.001848703869443805 0.005005522101656309 -0.0010132219375705992 0.9999991425346991 -0.000676179898439474 0.013088220459457466 -0.0018497182949663593 0.0006735077671153019 0.9999976875621125 0.3223009373807612
0.9999974321665933 0.0010817657215464902 0.0020020677810691848 0.005383185262863683 -0.0010800843399501553 0.9999990357906838 -0.0007337644559405091 0.014152067607263862 -0.0020031562570947134 0.000730812731403978 0.99999748430406 0.3503535102377531
0.9999970669635506 0.0011557630623793048 0.0021444288675654313 0.005680176956515619 -0.0011537105984840187 0.9999985551337668 -0.0007927181251791307 0.015225708900356964 -0.002145784092237568 0.0007895835200841443 0.9999970368231665 0.37781534666538175
0.9999962957337509 0.0012333424444263838 0.0022953104987520983 0.006013788568541234 -0.0012306589132821677 0.9999980027548339 -0.0008502615223227651 0.016307253100074068 -0.002297179921753081 0.0008471737159288629 0.9999964888083194 0.40521461290993016
0.9999963294715621 0.0013048727844037586 0.0024501103457210435 0.006385342448929901 -0.0013023814451961588 0.9999985734331998 -0.0009178055482128925 0.01736485367110354 -0.0024516769818050156 0.0009137375226026998 0.999996433581672 0.432166575089882
0.9999958704479158 0.0013748737492469685 0.0026001764294291867 0.0068316078849234175 -0.001372100186129563 0.9999984282947842 -0.0009773672346094862 0.01772143709804814 -0.0026018843771540845 0.0009725746445556615 0.9999960112316891 0.47432198738789605
0.9999953255562335 0.001461255606488017 0.0027640766884969013 0.007320973380619636 -0.0014580982743793705 0.9999982594754953 -0.0010293288549782914 0.018997605763548652 -0.002765969698673024 0.0010239974561257405 0.9999954150677764 0.48164072290077786
0.9999950292036082 0.0015426248818652913 0.002914583399891148 0.008068769594730893 -0.001539393403595137 0.999998082101375 -0.0010870669364538938 0.020121600347474875 -0.002916465393925808 0.0010810526290558435 0.9999950588472236 0.5067587423117993
0.9999944531478471 0.001630898777656854 0.003065496285132615 0.00876575054183711 -0.0016271756348936234 0.9999978202096875 -0.0011484833186672 0.02122257425061753 -0.003067657496795073 0.0011421285130790893 0.9999944330845395 0.5354015304018825
0.9999940691813847 0.0017054257809045932 0.0032288568055468857 0.009429187440105043 -0.0017014641949286387 0.9999980042575523 -0.001194883425953561 0.022368342494092187 -0.0032311485133325215 0.0011876470391329627 0.9999941174453659 0.5642793502552701
0.9999933020390931 0.0017953671053352871 0.003382035478075856 0.009932949280749247 -0.0017910154619416828 0.9999979052124055 -0.0012500101098570709 0.023472288908182315 -0.003384527143811568 0.0012421930885897223 0.9999934974306018 0.5922700854411037
0.9999927201333398 0.001895411345235948 0.003536329650407119 0.01036482525572173 -0.0018908094722748323 0.999997649846063 -0.0013116791595911101 0.024549931307764093 -0.0035388777656645666 0.0013030985591781716 0.9999927793696648 0.6194354996759879
0.9999918090697473 0.001970273938353181 0.003703185298446603 0.010818452034886935 -0.001965095542235168 0.9999973231241863 -0.0013625096528968159 0.02565863507807075 -0.0037061044384282846 0.0013533784779005615 0.9999921227188444 0.6476913061990199
0.9999905909835763 0.002051285060058272 0.003860050846037837 0.011224839512084422 -0.0020452866157357843 0.9999965583397473 -0.0014136898900899083 0.02672677331036837 -0.0038635963166260908 0.0014040993840999285 0.9999909952927237 0.6754751601267541
0.9999901000130863 0.0021192205666085385 0.004012948892955023 0.011637246096556012 -0.002112781487132654 0.9999965650938726 -0.0014802533935555794 0.02777107634631823 -0.004016666253897232 0.0014697901720752042 0.9999904302133913 0.7029957375328165
0.9999894234662987 0.002209251259154999 0.004163711667760363 0.011950808828702468 -0.002202441968616122 0.9999965264921294 -0.0015397297725744303 0.028833058363927314 -0.004167626953250865 0.0015284080799656042 0.9999898564008763 0.7303951722973917
0.999988763245621 0.0022894667158111304 0.004308326155771946 0.01229471820475054 -0.0022823278115632734 0.9999963966856704 -0.0015873746172610633 0.029909393240269203 -0.004312438696279417 0.0015753407756975608 0.9999893001360857 0.7583508965285888
0.9999880380471627 0.002368046361310404 0.004462533062255146 0.012665077095410515 -0.002360343600330486 0.9999962414384961 -0.0016480467583399633 0.030987088822344754 -0.004466966678116118 0.0016352926642184149 0.9999886587110561 0.7855674876532258
0.9999873927067733 0.0024540405187497803 0.004614954601271502 0.013013241761355508 -0.0024457442437161446 0.9999960646049636 -0.0017052992674510155 0.03207167821685798 -0.004619693969087725 0.001691742239946584 0.9999878842030531 0.8125898491756853
0.9999865336483543 0.0025266578793875687 0.004762560313556206 0.013441843878787952 -0.002517792520067899 0.9999960199036189 -0.0017681860832938733 0.033121404566192315 -0.004767514803032536 0.0017536945988677341 0.9999873342365139 0.840265323899861
0.999985491771909 0.002598994820848683 0.004917830832209738 0.013853460113694482 -0.0025894000093347885 0.9999955570539798 -0.0018263338564947736 0.03416969725401155 -0.004923236250302515 0.0018113751153132865 0.9999863727778557 0.8680990418491781
0.9999847862496906 0.0026775467666753836 0.005068280870272503 0.014481648196420933 -0.00266759498093442 0.9999954955353811 -0.0018803977590468065 0.034557221098159695 -0.0050738494370411264 0.0018642163260109564 0.9999856533660694 0.9095203168071733
0.9999835395764728 0.002763249294275777 0.005221933547240767 0.014981169585330011 -0.00275277785299135 0.9999951380006855 -0.0019497406019375735 0.03581244982233176 -0.005227785344911551 0.0019328342437292924 0.9999847443015631 0.9168121633395656
0.9999821888319002 0.00283998779506755 0.005371364331498111 0.01579932494237728 -0.002828599352633834 0.9999944477113063 -0.002012706628067279 0.0369523405507918 -0.005377833987936449 0.0019951670125009265 0.9999835432575713 0.941892320138581
0.9999811202113023 0.0029151830288512786 0.0055305528704135696 0.016584889452578445 -0.002903052113495771 0.999994002871339 -0.0020699601650266595 0.03804120983887821 -0.005537393173647568 0.0020512980864550285 0.9999825133479086 0.9702181007145502
0.9999802783730732 0.0029830466438044356 0.005690159431064664 0.017345658763842583 -0.0029703433366154997 0.9999937905235494 -0.0021359890357162356 0.039102214901276314 -0.0056972112567258825 0.0021164289035701194 0.9999816131858097 0.9980914576791458
0.9999791461135626 0.0030607627799799962 0.005848386664943954 0.017943599518159055 -0.0030472519463438687 0.9999935594613234 -0.0021929940633525014 0.04015746364012938 -0.005855860582175355 0.002172343366333675 0.9999805314954182 1.025193696557671
0.9999780183081642 0.0031333961822517177 0.006003192965428767 0.018548239595902648 -0.0031192119966027936 0.9999932026397995 -0.0022560804077681935 0.041167974428731345 -0.006011016504627399 0.0022342058007481106 0.9999793685984744 1.0526604587794983
0.9999766340486316 0.0032024972777647404 0.0061580241889362414 0.019069978099742344 -0.003187585244506099 0.9999931069592459 -0.0023099394880685903 0.04225768400861219 -0.006166167296228496 0.002286780309084947 0.9999783176267449 1.0803848540506609
0.9999752728185283 0.003280468830485531 0.0063191180314959025 0.01955091416013984 -0.0032647273936723294 0.9999924827974302 -0.0023702362478011524 0.043281654750350146 -0.006327719899499014 0.002346202606102161 0.9999770075628878 1.1079209420073892
0.9999740237450285 0.003361770719800767 0.006474538098342074 0.0200021271337804 -0.003345450170099547 0.9999920721332041 -0.002432643005640922 0.04432630067094055 -0.006483474704013944 0.00240749920483935 0.9999757583590819 1.1353073691206599
0.9999727624610981 0.003444452021003705 0.006626349477929663 0.020449740637862902 -0.003427423447152464 0.9999916468562601 -0.0024947527884853775 0.04533348557616712 -0.006635720709532708 0.0024686252274877785 0.9999747436316597 1.1626103035173656
0.9999716494158949 0.0035176119685061745 0.006774129203480719 0.020906694902194232 -0.0034998011260104567 0.9999911443526762 -0.0025489036714970875 0.0463950022588427 -0.006784044689734672 0.0025217548296696617 0.9999736293264397 1.1906479269164567
0.9999700649140069 0.0036024543343863725 0.0069287473645450685 0.02134377203148439 -0.003583864620251974 0.9999905845381613 -0.0026062181389637632 0.047418147504877904 -0.006939104842706712 0.0025780726832609294 0.9999723166250466 1.2183451385480686
0.9999688183329621 0.0036816258923010213 0.007084636687375049 0.021810531166866664 -0.0036622845277840665 0.9999901493887452 -0.0026654581275503404 0.048444375166161666 -0.007095438936678716 0.002636175453858233 0.9999712013217981 1.2457182141881855
0.9999671842958322 0.003770927612341089 0.00723516124934297 0.022222602961370453 -0.003750542422186731 0.9999895745842456 -0.002714735753332907 0.049508906287471455 -0.007246585587647426 0.002684239522206403 0.9999697651016535 1.2731527228190587
0.9999659694573341 0.003857927402351166 0.007390861633009855 0.02265597123946258 -0.003836904286259554 0.9999895893521688 -0.0027662825349275277 0.050557384156901114 -0.007402443287504608 0.002734126400797474 0.9999687370055537 1.300264342122442
0.9999646681372345 0.003936621302165017 0.007541935223845135 0.023366273965106512 -0.003914656617910122 0.999989006630088 -0.0028258710670766825 0.050909044722614705 -0.0075540489653271575 0.002792553506542921 0.9999674556316105 1.3404089106880426
0.9999632717351022 0.0040072217689036006 0.007690215210002739 0.02394756886103229 -0.003984331085245007 0.9999885529846565 -0.0028898413725697352 0.05219960261504788 -0.007702804451701386 0.002855411256628305 0.9999661565739674 1.347402284004612
0.9999622608926199 0.004094786242214293 0.007838150909382047 0.024796715776936845 -0.004071643101302986 0.9999885344479429 -0.002942347380952026 0.053323358467931715 -0.007850783765246254 0.0029059696092986627 0.9999651055939334 1.3719488296013542
0.9999607198168872 0.004171304453714949 0.007994751154635034 0.025642447807126278 -0.004147236162252366 0.9999880500132332 -0.0030024409681081374 0.05442977104864914 -0.008007878731130028 0.0029647664697336658 0.9999637014251986 1.399622232080761
0.9999588192590555 0.004250063737095387 0.008146530245568998 0.02637894619954373 -0.004224619905154964 0.9999870595447095 -0.003066131269244937 0.055475262299011306 -0.008160480398798286 0.0030271083736377455 0.9999618796350115 1.4266794874731363
0.9999578800231881 0.004326315591795074 0.008295518955529872 0.02704377537846705 -0.004300399893378611 0.9999872908350286 -0.0031207046355215986 0.05651714977718764 -0.00830939415094664 0.003079865759454699 0.9999609754563492 1.4542589772723788
0.9999565458415526 0.004405998485489372 0.00844354941844556 0.027619852674750162 -0.0043794801681126296 0.9999871420352878 -0.0031749268796659198 0.05759674100178363 -0.008457723072857993 0.0031322842529827523 0.9999598168270887 1.4814888410529605
0.9999553985362689 0.004487152658770635 0.008593600211909061 0.028153480095597413 -0.004459888022834971 0.9999868570683471 -0.003229557154203982 0.058636577888951616 -0.008608118522860145 0.003185125242072187 0.999958615042904 1.508617384751627
0.9999537290421996 0.004574739351154733 0.008742087521471193 0.028641202013321283 -0.004546428996444999 0.9999861693656913 -0.0032860399342623543 0.05968637151964439 -0.008757222339882919 0.003240103026800802 0.9999572760536263 1.5359846275747766
0.9999518686317375 0.004652432918502364 0.008893821440457613 0.029168045137438165 -0.004623235181071092 0.9999856602615371 -0.0033348307102364304 0.060716761862566415 -0.008909367204679403 0.0032874357813589797 0.9999556702320137 1.5632865830179234
0.999950465284279 0.00473463984388856 0.009035579276467826 0.029635032070690487 -0.004704629311209588 0.9999850866093355 -0.003394435930619632 0.06177344041351519 -0.0090514018242588 0.0033454755659748986 0.9999543301774602 1.5904833635557851
0.9999492242065711 0.004820019171714722 0.00918101056960807 0.030118132120762527 -0.004789251743524223 0.9999844970085857 -0.003451328158263105 0.06281153609510404 -0.009197208986034095 0.0034007629182587432 0.9999529425201421 1.617551640874242
0.9999474098060496 0.004894017735913707 0.00932666001856728 0.030656378730892272 -0.004862119042027984 0.9999839423419272 -0.0035110643907734847 0.06382511413499706 -0.009343571325490326 0.003458854680399111 0.9999513398838754 1.6447422716083333
0.9999458583043638 0.0049774871739105145 0.009474804266442182 0.031180717558929635 -0.004944776573965482 0.9999837295777262 -0.003559767247139473 0.06483291637977008 -0.009492120593971637 0.0035055529168937227 0.9999499066725398 1.6725006188235967
0.999943749394664 0.0050547528803759015 0.00963148610196832 0.031709047103351054 -0.005020985731552173 0.999983151405408 -0.0036161530151656946 0.06583926060011479 -0.009649467627157004 0.0035606414358908016 0.9999480429527083 1.699471701286336
0.9999415284860746 0.005145612086157391 0.009777209847019486 0.03218401332491657 -0.005110426805071723 0.9999823450212693 -0.0036816748969042265 0.06685605482978009 -0.009796016936340732 0.0036244975106636515 0.9999462240405724 1.7265886153590617
0.9999398417759218 0.005235408767434793 0.009926867106144687 0.033008876638377004 -0.005199222014322521 0.9999816575377568 -0.0037289017597927974 0.06717023832603186 -0.009946210930754719 0.0036701409698632337 0.9999445275597839 1.7689087096121323
0.9999377453809639 0.005322147764882747 0.010080120399345418 0.03357466418639725 -0.005284834921774929 0.999980735135408 -0.003776964851072069 0.06847738157284446 -0.010100237919976126 0.003716426398284294 0.9999426484207407 1.7768569287215559
0.9999355873751059 0.00540479366862766 0.01023275095745965 0.03452455386712905 -0.005366061317935279 0.9999798845895038 -0.00384053533195487 0.06954729040225263 -0.01025368549611957 0.0037786852508076368 0.999940750874514 1.801558063233385
0.9999336980367867 0.0054923753458788645 0.010382630822931069 0.03541877972407573 -0.005452445950127167 0.999979411575763 -0.0039052070441722114 0.07060815185665716 -0.010404359133106354 0.0038415679554161153 0.9999390882986708 1.8295325473076467
0.999931426567778 0.005567641400906981 0.010538547912097612 0.03623582921087034 -0.0055262784178850425 0.9999785559449601 -0.003959671421690302 0.071630020173618 -0.010561065504305226 0.0038945199980944764 0.9999370781241026 1.8577379361498514
0.9999294540203559 0.00565427978396857 0.010691220112485364 0.03694409525360121 -0.005611531404227545 0.9999778310935317 -0.0040236666662046595 0.07263107745510353 -0.01071451584623854 0.003956669707060811 0.9999351563680319 1.885247363401756
0.9999272934677719 0.005729193128253772 0.010864926609147625 0.03766874337465384 -0.005684649888309777 0.9999772314107702 -0.0041303224851907865 0.07351544940297311 -0.010888992485208287 0.004061254199059953 0.9999331089463167 1.9121581002413914
0.9999246737438896 0.005814656515079832 0.0110609034535126 0.038405636491150225 -0.0057668323431932945 0.9999757458007814 -0.0043478629700608885 0.07420260780191973 -0.01108666734498201 0.0042767586245889 0.9999300227356344 1.9390694182941086
0.9999222375550411 0.005919995034705234 0.011209478712326762 0.03895278337144031 -0.0058607205815710715 0.9999705532360932 -0.005307556816988542 0.07424687268910556 -0.011241435011825016 0.00523458843967672 0.9999237360440352 1.9550491126961014
0.9999196801447624 0.006067732151606664 0.01133808393771567 0.03938139893744107 -0.005988963362855561 0.9999594528768416 -0.00695338440501213 0.07409695727233052 -0.011380856542855785 0.006878431795401031 0.9999120196579073 1.9709098900290933
0.9999164021316925 0.006160731487314529 0.011598512927888178 0.04016066563761768 -0.006061348996192144 0.9999464774244831 -0.008576979791674731 0.07396466510234083 -0.011651742780871756 0.008499213983781548 0.999896534577397 1.9984903580004674
0.9999066391900424 0.006324958839274342 0.012332783222331247 0.04174623120161035 -0.006205543451599935 0.9999355008884087 -0.00969195950966987 0.0738990587540973 -0.012394156525994255 0.009607586591957738 0.9998776252823203 2.043104690244204
0.9998896579443357 0.0065122012885642025 0.013526829533135656 0.044080727481802064 -0.00637230674954494 0.9999276800161757 -0.010336187048575536 0.07390712704135596 -0.013594151321590333 0.010242006501235641 0.9998553448814324 2.103962907824184
0.9998629866036144 0.006588678957150629 0.015364720388234276 0.048406607152784414 -0.00642620394634428 0.9999245936215361 -0.010595713757833865 0.07410674791024621 -0.015434311646365946 0.010488722552058469 0.9998263667083597 2.1843116033920906
0.9998265326073289 0.006715524841670977 0.01752746804903056 0.05441048610822623 -0.006530547870523792 0.9999239447999404 -0.010594017694543266 0.07487340117953194 -0.01759807831361914 0.010470908661891574 0.999790762186569 2.2837865085366778
0.9997566450017917 0.007176308680987286 0.02100420912414784 0.061673086584116854 -0.0069569502173602304 0.999922344871624 -0.010517952154416473 0.07623399804903895 -0.021078700420621824 0.010362391866771346 0.9997247710940512 2.4037856247879708
0.999649259970785 0.008281689317664842 0.025284056559571423 0.06864736047210221 -0.008003232451112242 0.9999083121731036 -0.011117705493094255 0.07564787931043425 -0.025374323675409594 0.01090454836993687 0.9996194804280711 2.5571975964794675
0.9995562272759904 0.008414602054377805 0.028677430418217405 0.0805171610264238 -0.008207178584698832 0.9999413630144012 -0.007365087955016324 0.08272910477865456 -0.02873794102074957 0.007119414514281938 0.9995623593529676 2.6991930788164793
0.9994523903171197 0.008840498145267148 0.03196988625019131 0.09026798763900186 -0.008768062684783662 0.9999605323188264 -0.0024259813445653214 0.09386180100479342 -0.03199031273189121 0.002136898051254438 0.999486366761047 2.8469790826201358
0.9993736746629648 0.007020990700896082 0.03476130942816781 0.10287052240722426 -0.007061115496959655 0.9999764097742851 0.0010156040556006016 0.1019609025266307 -0.034753457273543335 -0.0012676488351862848 0.9993953877036101 2.967237427296701
0.9992942960406692 0.006852103580151291 0.037000104983529056 0.11106713203512936 -0.006900028239439675 0.9999769151053994 0.0011677080759996611 0.10430922097809431 -0.03699163070600622 -0.0014292536832503614 0.9993147966412258 3.0712346749523083
0.9992236045766267 0.006568645045068145 0.038916972406509015 0.11767485436884219 -0.006602991789078148 0.9999795631467839 0.000753573844415188 0.10460819946384667 -0.038911604076709565 -0.001016869839372316 0.9992423414975908 3.161903727089367
0.9991516921288445 0.006729771418801209 0.04069952093334606 0.12255685406159433 -0.006761978162028718 0.9999785298431142 0.0006513854373438703 0.10572640417274615 -0.040694539515036966 -0.0009329985674479953 0.99917132439141 3.241177984592145
0.9991111760412394 0.00684928013542573 0.04166271925841039 0.12679657768320832 -0.006885594058415531 0.9999776447230841 0.0007270929818029987 0.10733963880083179 -0.041657056448037216 -0.0010202781268019582 0.9991316224435549 3.3114101894378236
0.9990843622520652 0.00691266771612977 0.04229536270742211 0.13001213246810672 -0.0069513794311705105 0.9999771635319142 0.0007663943468247289 0.10864022086092089 -0.04228929255779866 -0.0010666790029588216 0.9991050935444297 3.367602845139229
0.9990586535391873 0.006911070150439395 0.042900079595236285 0.13306334683833002 -0.006944214023060356 0.9999772072922825 0.0006191021240789794 0.10924813841815798 -0.042895021745246356 -0.0009233127411102884 0.9990794288398932 3.4135220115403606
0.9990381291812029 0.006932974825225332 0.043364545063346104 0.1353877425972819 -0.006949894861903564 0.9999770404033809 0.0002421129398285576 0.1095944523066184 -0.043362405047220234 -0.000549978739982711 0.9990592437206252 3.448955837761135
0.9990264651314088 0.0069307816357068 0.04363919154385797 0.13744874243109956 -0.006934615721931474 0.9999773400116343 -6.340152737741017e-05 0.11003393510501713 -0.04363908648921107 -0.0002459120076177413 0.9990475178572723 3.484085153302528
0.9990158556251763 0.007074527485238027 0.04385496996990253 0.1391594688415557 -0.007073148579710064 0.9999758925148641 -0.0001777636502162998 0.11085554961155246 -0.04385585841804582 -0.00013874475699074136 0.999037847247247 3.5191308071372633
0.9990051741771724 0.007186963298472786 0.044091255115648785 0.14093726518018274 -0.007184895746877937 0.9999755767591756 -0.00020596128513743596 0.1118786093185478 -0.04409202839602418 -0.00011763801848406424 0.9990278279660219 3.5511044063317763
0.9989962427281598 0.007360125674865719 0.04426540645599057 0.142336775213245 -0.007356725591469647 0.9999741559396793 -0.00023773222047090097 0.11283917425329991 -0.044266390685034 -9.473344046015785e-05 0.9990199565552959 3.580162161143416
0.9989899424757708 0.0075195016107386155 0.044381074430008195 0.14355560477155813 -0.007512768653391695 0.9999729890510974 -0.0003151483502780792 0.11377190003109292 -0.044382639912895185 -2.4949401580061503e-05 0.9990148134904684 3.606068280851511
0.99898261637444 0.007717065317686123 0.04450823952106244 0.14547175311575275 -0.007703545861200112 0.999971506082484 -0.0004655081332790436 0.11409286684565799 -0.04451121663660809 0.00011590926158273001 0.999009117678838 3.6410366639141745
0.9989775758468424 0.008056656413524693 0.044567777137044615 0.14539754076895312 -0.008019532817139411 0.9999689403704428 -0.001007611471571838 0.11479155860873701 -0.044575007426226984 0.0006427044918728056 0.9990063351998483 3.634414687197899
0.9989718395540398 0.00823901429747142 0.04466347712876391 0.14698044894594822 -0.008184085837302622 0.9999674548021198 -0.0014088767201626494 0.11545012869080881 -0.04467395864599971 0.0010351814000200622 0.99900154431446 3.6557683377168595
0.9989665125941539 0.0084299103160119 0.04475012683705163 0.14866912475749683 -0.008374186493263143 0.9999658700280997 -0.0014295548526078357 0.11679136123005647 -0.04476091814985432 0.0010466618754504387 0.998997641317832 3.6867725281513595
0.9989582695041136 0.008616376117571411 0.044893624318559665 0.15027139194925937 -0.00856005823942308 0.9999642394189461 -0.0014379701960062074 0.11813819005751268 -0.04490478408942394 0.0010457946592917547 0.9989912013208894 3.715304940744477
0.998949624474576 0.008902074589168394 0.04501758695074226 0.15107891797718143 -0.00883663596019955 0.9999612230039395 -0.0016387749479600195 0.11899929060619528 -0.04503110251274613 0.0012331269450302248 0.9989851040982083 3.732929439627278
0.9989453166575077 0.009084525980609253 0.045077164815500344 0.15200440239499885 -0.009015254657577142 0.999959620420785 -0.001726179359432328 0.12009594581604645 -0.04509161135694555 0.001311924075596861 0.9989823957624087 3.754067222061728
0.9989384257982887 0.009272663914550667 0.04519187549125958 0.15309948338944712 -0.009201729932340634 0.9999576417422578 -0.001759312955243954 0.1213117901855087 -0.045206984575506454 0.0013355610142291138 0.9989771028758626 3.777917507908102
0.9989286522124334 0.00945103743430543 0.04536864274515028 0.1545516988608476 -0.009375901182358433 0.9999557576815292 -0.001851454638390185 0.12226773245052182 -0.045384860787348165 0.0014182398483395917 0.9989688250758632 3.8041701275349316
0.9989205532860893 0.009583829026509116 0.0455192147673644 0.1561118621765897 -0.009504360664821876 0.999954384524229 -0.001941772181496785 0.12316180801334968 -0.04553658077819113 0.0015012283921814632 0.9989618198012267 3.8325729767762198
0.9989136503051376 0.009669312575657186 0.04565256124754951 0.15748420018496012 -0.009585277207889705 0.9999533123581206 -0.0020356111557512124 0.12405812170301903 -0.04567112044086648 0.001589963483273 0.998955561693263 3.8566762661812306
0.9989064565105213 0.00983604383885039 0.04578003715613363 0.15866910596232256 -0.009749281664589245 0.9999518481884406 -0.002101389182403347 0.12519565932861912 -0.04579925979918301 0.0016466915292615175 0.9989496022214365 3.8832407391025754
0.9989022859104362 0.010039856891723957 0.0458325241099338 0.15834605759594758 -0.009945766838791436 0.9999494660953065 -0.002267520685058277 0.12625830181924752 -0.04585359909470518 0.001802922902361996 0.9989467289939131 3.8891600675298945
0.998898308697111 0.010270745297670976 0.04586323879936975 0.15759477485262846 -0.010164634838045148 0.9999463272761452 -0.002534093071242067 0.12726725851480872 -0.045887564537960966 0.002058886908831725 0.9989444179871679 3.887522670395998
0.9988956272778382 0.010518219970774779 0.04587145660195441 0.156672695872579 -0.010401615599777774 0.9999433231920508 -0.0027693590229811854 0.12848513748280402 -0.04589863212797375 0.0022827567305645884 0.9989435646644395 3.883671612725313
0.9988925112602755 0.010927908273727556 0.045842563353431634 0.155465004256443 -0.010799017594757517 0.9999380685467615 -0.0030441773853094474 0.12976847321574406 -0.04587378194477069 0.002539504285057591 0.9989438926637318 3.8805508695260236
0.9988873800292655 0.011508941845769392 0.045815748368609896 0.15511084921580237 -0.011363119804012254 0.9999306285270548 -0.0034283596651436075 0.13026830994411187 -0.04585270763824539 0.002897613636855421 0.998944193548579 3.8848085655204243
0.9988748394811601 0.012096456516347118 0.045936192743920794 0.15448000780552676 -0.011927367890417767 0.9999222261466626 -0.00393899309364365 0.1313865012480546 -0.0459808592005107 0.0033804391152687943 0.9989368007743697 3.8765603529419272
0.9988537436477254 0.012846230999531893 0.04618647898523756 0.15481847753168893 -0.012626665398245635 0.9999088767953466 -0.005028108126591274 0.13155109713889454 -0.04624735979063815 0.0044327920946719175 0.9989203469963478 3.88380352437334
0.9988370955457486 0.013428352044082612 0.04638925414868484 0.15576290427907935 -0.013131326220611491 0.9998926525892003 -0.006690729095419157 0.13110035939496203 -0.046474288370978376 0.006067101760409518 0.9989014195621541 3.905053308828902
0.9988135973975679 0.013731697708419862 0.04680209655623189 0.1586471025438829 -0.013361329384573259 0.9998782949009165 -0.008205560758206209 0.13042256053652093 -0.04690919518581334 0.007563828364479469 0.9988706188256997 3.949613569052018
0.9987718663877008 0.013953039919714834 0.04762785244448776 0.1638025354349331 -0.013537955107695772 0.9998691864972673 -0.009020363198665279 0.12978105688669095 -0.047747440008181256 0.008357493310392804 0.9988248818254184 4.020582473713964
0.9987051812977025 0.014050010000108144 0.048969027690045255 0.17095988621828273 -0.013611014939519418 0.9998653779891503 -0.009272092329423439 0.12958850446422646 -0.04909291402960818 0.008586864765964887 0.998757524018272 4.105603024336925
0.9985988876071527 0.01420634068155353 0.051048181345070553 0.1811073980686822 -0.013749795721799527 0.9998635225716846 -0.009268846980412998 0.13005827100694492 -0.05117307882999605 0.008547164951281726 0.9986534048350155 4.212231246500128
0.9983666148184781 0.014455619256914435 0.0553347933257789 0.19482191042147165 -0.013951517140217754 0.9998585624829796 -0.009465487132668843 0.12971420909111445 -0.05546395446333905 0.00867115972214383 0.9984229716537534 4.343042158456533
0.9980520660890951 0.014987208441890132 0.06061427236189608 0.21146905975775773 -0.014387781377097165 0.9998441472795137 -0.010297736527087778 0.12811365387929727 -0.06075932423187966 0.009398526938462562 0.9981080988800184 4.501272618248278
0.9976476940628187 0.015498147141001478 0.06682207566503381 0.23269020182614283 -0.014812808114858108 0.9998332844706164 -0.010723547626111595 0.1270662512295314 -0.06697728112583284 0.0097011626829897 0.9977072452827717 4.686661388077936
0.9971697740611948 0.01565366597881036 0.07358065718667009 0.2597839523960188 -0.014888837136179034 0.9998305238877847 -0.010919823483645803 0.1255928905550253 -0.07373927723376644 0.009786333490489164 0.9972295951603123 4.892442829126699
0.9965837982753943 0.016361279448778205 0.0810002914417875 0.2896385437114971 -0.015482522072541027 0.9998158016021311 -0.011458354366994989 0.12285781281457198 -0.08117327999343113 0.010158389484248633 0.9966485692810401 5.125398023861754
0.9958375563528107 0.017203095410578493 0.08956114748916366 0.3254059094084632 -0.016103975037740224 0.9997881216608665 -0.012970333398476135 0.11719463467213817 -0.08976569802091963 0.011467389191125256 0.9958974533483168 5.393396198284245
0.9951123085907455 0.017640962681037178 0.09721116936965941 0.36725571672561697 -0.01642085535052965 0.9997784998142664 -0.0133278460344529 0.112386154954637 -0.09742522341865009 0.011659716303787038 0.9951751442800058 5.691407351468772
0.9943484716505727 0.018045194628026794 0.10466308853326121 0.4161871922760739 -0.016797741666561547 0.9997787668357626 -0.012776091652917548 0.10899407147410377 -0.10487057608472716 0.010938762913615825 0.9944256166923549 6.018588967437092
0.993476618889736 0.016330127394044953 0.11289929987892931 0.4779545201099205 -0.014988514246891611 0.9998083324704108 -0.012711505148896251 0.10313998971751638 -0.11308542037824261 0.01092937729793851 0.9935249426617485 6.390032562297739
0.9924391190909009 0.01638212548218531 0.12167545113917273 0.5389464127465836 -0.014902473848422262 0.9998052637917084 -0.013051541968769753 0.09598491355984756 -0.1218656768276636 0.01113228015090939 0.9924840206805945 6.737340280756795
0.9912464894399923 0.016506006596487807 0.13102147356274724 0.6057338769534362 -0.014845568096179006 0.99979829301345 -0.013631411636845146 0.08624852811069211 -0.13122017700034735 0.01155970395431892 0.9912855653430273 7.1072535659430764
0.9900726605812469 0.017013621928056333 0.13955743779548288 0.6748008718815097 -0.015155782988633841 0.9997837916128273 -0.01435398549679078 0.07506947779606998 -0.13977152324861866 0.012088827083209104 0.9901098288301312 7.492133965450026
0.9888861497449016 0.017136562935377683 0.1477143014874928 0.7465697284339259 -0.015122115232083455 0.9997787236557143 -0.014740108129085926 0.06473377333598508 -0.14793417419181157 0.012334800020182148 0.9889200798799828 7.869077120367204
0.9874880909919951 0.01799292681449817 0.15669241891478547 0.8249651414181248 -0.015788187049121535 0.9997600910319847 -0.01529463978082703 0.05356653044529218 -0.15692992046377482 0.012621403134809167 0.9875287567151962 8.273097808593299
0.9861565219238956 0.018768045110777315 0.1647790703934761 0.9055178833119633 -0.01645391606667316 0.999747869277748 -0.015388930264934982 0.04438038661662895 -0.1650261166820756 0.012456367495551773 0.9862102608694057 8.675409097002888
0.9848275307739589 0.01921359176713481 0.1724965224263981 0.9868103326404583 -0.01664945115342733 0.9997306853314635 -0.016291213341784797 0.031152473175867577 -0.1727626643059044 0.013163830381913938 0.9848753702227755 9.063253049566613
0.9833972879987742 0.01646781283130459 0.18074308799684685 1.078429531429938 -0.013323091012414875 0.9997404379546363 -0.018592281685458616 0.015325495543150658 -0.18100202831990297 0.01586737525031067 0.983354492108394 9.476999526741213
0.9817470193375382 0.01628677003477814 0.18951755095292377 1.171813542183399 -0.012644911567649174 0.9997139220887237 -0.020404362864702572 -0.0007364128013210361 -0.18979533410707594 0.017627344870217623 0.9816651746864286 9.8854371465469
0.980049476377558 0.016329695916374988 0.198103309829193 1.2701552979582809 -0.012194830915305795 0.9996836793630467 -0.022071946804633216 -0.01828481975934599 -0.1984007119706903 0.01920746141383504 0.9799323699070118 10.298899954188599
0.9785312943284421 0.01692117216583016 0.20542463839032882 1.371989564469868 -0.01236061466068905 0.9996503251661449 -0.023460144557247497 -0.037095317463591494 -0.20574931928747991 0.020409044772340814 0.9783916601636804 10.733730501081812
0.9771542316424571 0.01699405511771148 0.21187343335273687 1.4782553147350135 -0.012064043459327179 0.9996285923865342 -0.024537388671734113 -0.05649160779503034 -0.21221117192207603 0.021412704069641172 0.976989243742861 11.18023720281801
0.9760817985396373 0.017021747311114062 0.2167582984158946 1.585700477129992 -0.011788313165510725 0.9996100340993537 -0.02541120958126485 -0.07623350369963555 -0.2171057188678682 0.022240089243637837 0.9758947816542322 11.63233607736511
0.9755988502658642 0.01661464115247372 0.21895492541531833 1.6986516006288854 -0.011256385125684294 0.9996093989915756 -0.02569593812435542 -0.09475258226284478 -0.21929544174136836 0.022596157328616445 0.9753969088503244 12.118884527581026
0.9752734212789881 0.017394984342754684 0.2203404861797632 1.80933210935853 -0.012014145238271517 0.9995996690989891 -0.025736725681240885 -0.11138037748935953 -0.22069885866029942 0.02244496175479501 0.9750839533546831 12.614289672341256
0.9746017455298795 0.017494818521039505 0.22328493402761204 1.937578723058049 -0.01211095933470775 0.9996056768166537 -0.02545922771226239 -0.12648232847938395 -0.22364119139659977 0.02210015785402722 0.9744213360942237 13.139810458836278
0.9735999252482639 0.01858830960473414 0.22752726040398222 2.066643859319344 -0.013291821729852483 0.9996076082371739 -0.024788608741912126 -0.14076035306667212 -0.2278977096337698 0.02110169272284438 0.9734567136600981 13.66608282874604
0.972652631853279 0.01783857716830594 0.23160216841745268 2.2113568649340043 -0.013075083211297718 0.9996737115426745 -0.022085256310352307 -0.15430479294088476 -0.23191958714943367 0.01844534868074393 0.9725604289088725 14.238778020834816
0.9717422891600859 0.019123633785513395 0.2352920908493094 2.353076032180957 -0.015089043561479547 0.9997100326328161 -0.01893417216009183 -0.16592910978162126 -0.23558458707077357 0.014841372096344771 0.9717411259736424 14.805108010735667
0.9706935047357113 0.01857492239241864 0.23962714494185983 2.5129919586270146 -0.015191115254750694 0.9997610376922133 -0.01595951299056387 -0.17782462517159764 -0.2398658499088438 0.01184511480013779 0.9707354209316328 15.418408815573034
0.9695078709968633 0.018647619198994308 0.2443752931199717 2.675259516458882 -0.015530138458442951 0.9997755335991108 -0.014676784089062398 -0.19082463359758425 -0.24459370135055142 0.010427878558500378 0.9695712788399156 16.035670012840335
0.9683236340388975 0.019075990037257823 0.24899225215026569 2.8355001192145197 -0.015883394321529534 0.999767148182564 -0.014822476140481102 -0.2073226677324755 -0.24921653459116955 0.010391525182592858 0.9683935324232518 16.636136971527883
0.9672353276609346 0.019864832892664133 0.2531275978473431 2.9948200717564735 -0.016160038391067937 0.9997331291859213 -0.016705099110661602 -0.22857277151557076 -0.25339111455859853 0.012060520129402407 0.9672904388777562 17.22246518093029
0.9657194837560552 0.024592707375529283 0.25844402939631717 3.1483385073011476 -0.020038137664059655 0.999597280685202 -0.020241117192126797 -0.2497801110455198 -0.25883703730055313 0.014361810165875571 0.9658156050707777 17.800360787859272
0.9645588293941062 0.025857444491382737 0.26262213610524016 3.30354993897321 -0.02068143377252999 0.9995370296942251 -0.02245262186953145 -0.27244974109134007 -0.26308029869251287 0.01621867669922361 0.9646391547101654 18.352823265226498
0.9638420403293763 0.025494498705379717 0.26527556505214095 3.465927851918035 -0.020251634000055006 0.9995452527004051 -0.022478704142398817 -0.2911191624044428 -0.2657271614391235 0.01628683071764704 0.9639122647383978 18.92451067475236
0.9631682143814192 0.024881123982329726 0.26776811216091784 3.631770301049366 -0.019852529987791526 0.9995751343499504 -0.02146845375798336 -0.30635198014025694 -0.26818752953120906 0.015354902725621292 0.9632456488258423 19.50861496291304
0.9625817518387391 0.024614144323302563 0.2698929222217058 3.8000626117049494 -0.0203104882631049 0.9996212889817966 -0.018724734729444963 -0.3183267820260718 -0.27025072083910784 0.012535751756423753 0.9627098068835326 20.106282572184096
0.9620691289937119 0.0258616604979799 0.27159815037458757 3.966465381396569 -0.022407704655275744 0.9996271561215588 -0.015808198800048044 -0.3278182709555241 -0.27190504830646234 0.009116254082375088 0.962282641275408 20.70234155778189
0.9617676828122982 0.02496511968771098 0.27274815388656987 4.1474880377481 -0.02241606488858953 0.9996748198165357 -0.01245573302583138 -0.33517265468618274 -0.2729700716816562 0.0058599709565637014 0.9620071677295874 21.337739854351817
