1.0 0.0 0.0 0.0 0.0 1.0 0.0 0.0 0.0 0.0 1.0 0.0
0.9999997615814209 0.0002681314945220947 -0.0001386404037475586 -0.0027597686275839806 -0.0002682507038116455 1.0000001192092896 -5.14984130859375e-05 0.00032168859615921974 0.00013870000839233398 5.14984130859375e-05 1.0 0.05140972137451172
0.9999996893884147 0.0005118756508508682 -0.00018830824952242864 -0.0051599437593408334 -0.000511887269166067 0.9999998120916773 -0.00011558989735682701 0.0015329728272618776 0.00018821892143705554 0.00011584562109057117 0.9999999898121565 0.05891427175903077
0.9999997360495065 0.000678813370820086 -0.000119684123591489 -0.006144694110909975 -0.0006788915696473725 0.9999997175225853 -0.00019460117157394128 0.0028013532517190687 0.00011947544151488794 0.00019467438432105088 0.9999998743777943 0.0801149504809182
0.9999995416224737 0.0007220727974871079 -6.5409179017167135e-06 -0.006642874081593298 -0.0007218741083586668 0.9999994279838414 -0.0003063770497749499 0.004228033657590122 6.009621150368367e-06 0.0003064084005603469 0.9999995681365461 0.09725674783999567
0.9999994824633148 0.0008043862182093404 4.5839059386411674e-05 -0.007403542012032737 -0.000804261458162501 0.9999991121666009 -0.0003649763307514347 0.005812278699275923 -4.631868115280243e-05 0.0003650895696222244 0.999999252484734 0.11740496255159105
0.9999992682141483 0.000992948587844456 0.00010956007857755865 -0.008447022886441183 -0.0009928568749470266 0.9999989352480269 -0.0004345264694433867 0.007719315465007467 -0.00011013466111972968 0.00043431157895995907 0.999998926134302 0.13029514382615234
0.9999990447159125 0.001204014694113879 0.00023583580560053045 -0.009190947243591758 -0.0012039512225746297 0.9999987010519522 -0.0004912762513280615 0.009842780691153297 -0.00023652847241995088 0.0004910020925339491 0.999998887628127 0.1401818676432263
0.9999987456559334 0.001375631809852366 0.0003762139350118793 -0.010001226715068567 -0.0013752153879705812 0.9999982828857821 -0.0005579341926412654 0.011935314531032656 -0.0003772495863607312 0.0005576291370527587 0.9999987025503433 0.14896242663703443
0.9999987261506983 0.0015317914611311459 0.0004906316166568294 -0.011091017560344453 -0.0015313156999951772 0.9999981056755238 -0.0007048978739699872 0.013840845072609437 -0.0004918967366173163 0.0007040783399157569 0.9999986966557948 0.15586670857494353
0.9999987070520928 0.0017240493286896437 0.0006577195607240107 -0.012093294891901238 -0.0017236615964881042 0.9999980026585049 -0.0007723879762212769 0.01612186569869889 -0.0006589848142621943 0.0007707708703654207 0.999998805495311 0.1670140360490663
0.9999979769302066 0.0019457376931074199 0.0008245724807166183 -0.01326402931295656 -0.0019449628852806337 0.9999972049914478 -0.0008475686998139795 0.018249320790973314 -0.0008263163565070905 0.0008457263001141368 0.9999983993126178 0.18084007431892124
0.9999973085933731 0.002166446009229346 0.000969913808625552 -0.014422697439728148 -0.0021653758552142416 0.9999967219949214 -0.000911330393365366 0.020323619572681747 -0.0009720570816547623 0.0009090526154763402 0.9999982254265822 0.19519451013198813
0.9999966352582588 0.0024013243487303122 0.0011399040329951081 -0.015555580584891633 -0.0023999433119522677 0.9999960836524558 -0.0008574879860513623 0.022846065370871797 -0.0011422029979909966 0.00085485217582837 0.9999981095802267 0.2128358754766265
0.9999965170113438 0.0025546407473268735 0.0013383584852518274 -0.016342476114181208 -0.0025535241193113895 0.9999960636491124 -0.0008698257151985349 0.024917606994419517 -0.0013404902432712026 0.0008660022393324976 0.9999979919412009 0.22838827077732732
0.9999961339496012 0.0027190410656508816 0.0014885445955357835 -0.017073091019970874 -0.002717961827576963 0.9999955382555156 -0.0009235555154702164 0.026794142616410867 -0.0014908662849715398 0.0009188597345343654 0.9999977442369097 0.24209018057120157
0.9999954431773983 0.002920100773641653 0.0016655149609103104 -0.017827056714074738 -0.0029186950796757697 0.9999949831212778 -0.0009332753726376764 0.02895551495762745 -0.0016682254662094779 0.0009279775137660462 0.9999975910794846 0.2560337027457123
0.9999942425258403 0.0031266409479929055 0.001845476285016003 -0.018930527054220533 -0.0031248464627484877 0.9999939396212056 -0.0009588641915760387 0.02969570522125474 -0.001848630640087277 0.0009528751437930949 0.9999969694580236 0.2844164813052531
0.999992972311694 0.003328059632799768 0.001998849626406785 -0.01988847977404221 -0.0033258922930971472 0.9999931672876162 -0.00098419857794336 0.03188286796629371 -0.0020024521994593497 0.000977387627293391 0.9999965428888922 0.27102257548793407
0.9999920647246503 0.0035138775264007016 0.0021436947500944182 -0.0204106256315403 -0.0035112676090939205 0.9999924901324198 -0.0010452686404164506 0.03412285278380309 -0.0021478001343727374 0.0010375142806788402 0.9999961336148807 0.28099620559546845
0.9999912358049168 0.003681565274650182 0.002311139778916899 -0.020865574418896797 -0.0036786998967058442 0.9999918622083988 -0.0010833777707324724 0.03647218948680155 -0.002315522295030916 0.0010748540836910654 0.9999956155523139 0.2965831798285003
0.999990031847487 0.003842556001260922 0.0024727533358618425 -0.021289882471410566 -0.0038392165471891906 0.999990911728195 -0.00108456796898261 0.03871521607382781 -0.0024774905645541315 0.0010750471600336699 0.9999948830552812 0.3138973065334626
0.9999889044451251 0.003996606928840742 0.002641018882296539 -0.0218228254159215 -0.003993050468917335 0.9999902795649513 -0.0011230928855235534 0.04079865129574456 -0.0026460381061433657 0.0011125442864969273 0.9999943654880672 0.33136263941485306
0.9999877943543878 0.00416575670219166 0.0028052670562792098 -0.022453660534262527 -0.004161872970710809 0.999989795405419 -0.001166217451011314 0.04282364303339809 -0.0028107936330696993 0.0011544759323653562 0.9999940023887789 0.34317804608325597
0.9999866263393852 0.004351474109246427 0.002945633518057936 -0.02315627104367928 -0.004347405367779467 0.9999891085389282 -0.001195561022951833 0.04496448679033079 -0.0029516145309709013 0.0011826537423388268 0.9999935146994487 0.3549191239365955
0.9999855749839477 0.004516484558941441 0.0030992092929717743 -0.02385389247009105 -0.00451214632411449 0.9999883444220504 -0.0012358362923868993 0.046982230526317 -0.003105559117325475 0.001221684655372658 0.9999930140464742 0.36414500003578226
0.9999846588918458 0.004646797570281739 0.0032434877727741183 -0.02430518035778457 -0.004642173356192921 0.9999878213027941 -0.0012810123654596263 0.04896943549679054 -0.0032500203955407887 0.0012657452844267122 0.9999925109550354 0.3743415891980197
0.9999835710878083 0.004792546455720168 0.003370127529987734 -0.02492555917939421 -0.004787593484283574 0.9999870912396674 -0.0013239496806211673 0.050987287022528305 -0.0033770126003210125 0.0013075016100402906 0.9999919855193531 0.389626087240259
0.9999821727718226 0.004926946657072512 0.003505577545903647 -0.025496928985787152 -0.004921431448306517 0.9999861168536824 -0.0013492447829616418 0.05299504139746034 -0.003513084327554619 0.0013322005816984188 0.9999913762614734 0.4009801086575304
0.9999812287814269 0.00508004401859685 0.0036275317048815275 -0.026279682776171525 -0.005074419967634648 0.999985554842224 -0.0013851612595548355 0.05505295920424153 -0.0036353286548987595 0.001366919327462574 0.9999910193693716 0.4080763572144147
0.9999794030805671 0.0052709369529232815 0.003764961823747403 -0.02704826886185104 -0.005264661069633013 0.9999840250351786 -0.0014473410498965346 0.05710420077547434 -0.003773600982120934 0.0014278859596985763 0.999990076950324 0.4191967719919642
0.9999781157826121 0.005451133678108287 0.003917919678657712 -0.027773441915150854 -0.005444413835808772 0.9999832302286187 -0.0015075732086924178 0.059182761482083075 -0.003927130690443041 0.0014864237686430682 0.9999896521207862 0.4247290304511135
0.9999764419357995 0.0056307837793463135 0.004064929043816111 -0.02872711511660145 -0.00562341908329072 0.9999819319303286 -0.001563419117473596 0.06139853499002194 -0.0040748271990015345 0.0015407332486109505 0.9999889321797957 0.43575303477493704
0.9999750712830566 0.005784009414983044 0.004189695323682735 -0.030432742626801956 -0.005776345096051776 0.9999809853203863 -0.0016193750040668009 0.06214792538494806 -0.004200142085446043 0.001595243465374356 0.999988337368082 0.4527992642679554
0.9999733530239999 0.005937561974698342 0.004331031625310178 -0.031883064691188706 -0.005929205614918873 0.9999796548356801 -0.0016738063913521793 0.06413476645224107 -0.004342242707218363 0.0016484212412143865 0.9999875376802293 0.43763195579908687
0.9999713045184585 0.006139937625768898 0.004471764465225795 -0.03292198143826948 -0.006130755123882281 0.9999782471551858 -0.0017280770091969463 0.06626641718296197 -0.0044838653589868264 0.0017012463796918238 0.9999867178957021 0.44331271089115293
0.9999695915819298 0.006319970326282148 0.0046342616017811655 -0.03363987322122532 -0.006310357565740899 0.9999770746094049 -0.0017695752676569739 0.06843484157493271 -0.004646890444266762 0.001740881139378502 0.9999859192416658 0.4546528293486135
0.9999679638473875 0.006497449055555773 0.004794722022189378 -0.03427823506513687 -0.006487603285315786 0.9999760027242794 -0.001811596759521764 0.07047654617676288 -0.0048077732670469215 0.0017809158897075178 0.9999852201927611 0.4665225808010048
0.9999660054878025 0.006674867895111821 0.004962712217257007 -0.03484753958188665 -0.006664618237835091 0.9999747434531768 -0.0018402244940593736 0.0725403058891787 -0.004976231283617469 0.0018073619179609281 0.9999843626061738 0.4808808224703856
0.999963977130085 0.006851155806255285 0.00513407855711545 -0.03553329036767843 -0.006840548825475385 0.9999734986149224 -0.0018802295998497096 0.07456908581364176 -0.005148208525461241 0.0018451684036140878 0.9999834382896513 0.49374215955492146
0.9999618201660821 0.007030813432313513 0.0052912154496759815 -0.03617101128137892 -0.007019627232533598 0.9999718304857546 -0.0019254125466514158 0.07659166114297199 -0.005306071365475531 0.0018884102606061125 0.9999823675298928 0.5053538209414693
0.9999596606171269 0.007212641673464254 0.0054466128667799586 -0.03692474578816691 -0.007200788166224995 0.9999703069914995 -0.001962475135257638 0.07869556026054948 -0.005462157922704254 0.0019235956804153236 0.999981235256789 0.5195414699056314
0.9999579295468166 0.007398671796367035 0.005605500651554275 -0.037689311974450995 -0.007386500089512205 0.9999691391949873 -0.0019984892501080627 0.08078835854248036 -0.005621540574453332 0.0019572106606160866 0.9999805373257267 0.5337384810182286
0.9999557426834157 0.007592461806692694 0.005782329371043946 -0.03847707873990476 -0.00757988716384055 0.9999676578947704 -0.00202542605744962 0.0829150101247855 -0.005798854058673005 0.0019815727063876667 0.9999794920047336 0.546665648372772
0.9999533357538714 0.007773454247255 0.005950693179956357 -0.03919259328228106 -0.007760170913747643 0.9999660416200896 -0.0020595748466923263 0.08499630747362939 -0.005967978738765581 0.002013573954974531 0.9999783298480048 0.5604466652020349
0.9999509883155946 0.007946457249142017 0.006119072861483479 -0.03983517705378166 -0.007932671102329713 0.9999644959267937 -0.00210257635117521 0.08707167126411429 -0.006137004281378806 0.002054205406524153 0.9999773582385232 0.5738583623406747
0.999948302592563 0.008120702454652505 0.0062927906614713815 -0.040473719494165665 -0.008106044073769265 0.9999627546717283 -0.0021626959700516086 0.08893900923454692 -0.006311669568212537 0.002111817157029915 0.9999759301276928 0.586916706621647
0.9999460086639516 0.008292125465025262 0.006436087587747091 -0.04126614423805716 -0.008276313936950561 0.9999609624999951 -0.0022978228697048894 0.0906172346708669 -0.0064564185963848966 0.002244907033012849 0.9999747358694446 0.6003927894591992
0.9999436900473393 0.008464629071521384 0.006573991041371264 -0.042255928938981474 -0.008447649014375416 0.9999592169876801 -0.0024407079022352126 0.09213197213829992 -0.006595887884877482 0.00238535655506412 0.9999733408605274 0.6133888065848826
0.9999413602450647 0.008687537896384757 0.00669587309115245 -0.04381883649807508 -0.008669400181520265 0.999957031081049 -0.002568788781144198 0.09266358682587657 -0.006719291628583063 0.0025108164019841 0.999972226748138 0.6461380163657025
0.9999390647369164 0.008918684759512708 0.006792149241119064 -0.04566020931127609 -0.008900023605626535 0.9999552019737873 -0.002642940170032555 0.09458722293575991 -0.006816549774086366 0.002582042611097416 0.9999716298682113 0.6464714413512744
0.9999369038748359 0.009146827737595519 0.006863198108745125 -0.04686812076774472 -0.009127965096169012 0.9999532896580475 -0.002690126306199944 0.0962550914470685 -0.006888366800527769 0.002627010257921009 0.9999713801373453 0.6711616444935847
0.9999342696134819 0.0093856060584591 0.006911510336066527 -0.048131197344927025 -0.009366090883596653 0.9999507272171196 -0.0027452862465138523 0.09766596280715295 -0.00693789612733474 0.0026802914251631443 0.9999708405281988 0.7047130756364102
0.9999318497856643 0.009638642160126202 0.006935210786162641 -0.04931309203934782 -0.009618826618695536 0.9999486502985867 -0.0028145635298695636 0.09890165955696364 -0.006962624340050438 0.0027470539076083237 0.9999707249330476 0.7390132258866878
0.9999289657820334 0.009916072384989288 0.006931180689771751 -0.05074009033362981 -0.009895742847472824 0.9999457243606942 -0.002864683982182922 0.10011465995950496 -0.006959986037642947 0.002795339666168706 0.9999705522380999 0.7767054885544411
0.9999256893799161 0.010261083622631464 0.0068930776765336165 -0.05244584945777087 -0.01024034487513796 0.9999419921858241 -0.002935239369242876 0.10120825837004467 -0.0069235772322157 0.0028639581498922134 0.9999705546798927 0.8172003560429226
0.9999232050418493 0.010527852036532163 0.0068133794835789074 -0.054540076607752105 -0.010506722913769938 0.999938910169773 -0.0029732567428104105 0.1021475046004629 -0.006845304021197057 0.0029010626686667737 0.9999707541211202 0.8668281182410629
0.9999214376588719 0.01081620967684542 0.0066184958929411996 -0.05687451203117225 -0.010795232383914475 0.9999354014443078 -0.0030126951934416127 0.10285762737587345 -0.006651863316576607 0.002940841338137285 0.9999717264982855 0.9162332089204013
0.9999201871231838 0.011186817314517943 0.006237574248706122 -0.05989418394941402 -0.01116680000442899 0.9999313280219335 -0.0030736445968279243 0.1034301049621722 -0.006272538426916397 0.0030034953726220765 0.9999740645282487 0.9657729393773854
0.9999198992635369 0.01144105138291734 0.005846524945348323 -0.06305832722118893 -0.011422408196672514 0.9999286515970756 -0.003094611236195831 0.10391578084348635 -0.005882277200902338 0.0030270845798499465 0.9999765589445327 1.011835203305882
0.9999210905327823 0.011642566089430345 0.00517715698757262 -0.06690933122387777 -0.011625204626219585 0.9999254374502156 -0.0031910091067935175 0.10378045308722847 -0.00521493863514224 0.0031302959538765615 0.9999795786748608 1.0709017314045577
0.999920730364469 0.012080034116254487 0.0041123981814041154 -0.07209829667151592 -0.012064945644533346 0.9999192015647205 -0.003450143514473208 0.1032289638017011 -0.004154853001196345 0.0034000806450230313 0.9999835501462869 1.1353986776847416
0.9999232129826623 0.01236213006233336 0.0021256424762428803 -0.07860407636355889 -0.012352311089285199 0.999913175429727 -0.00407357170839341 0.10166869211073756 -0.0021771943756273746 0.004047376191850104 0.9999872473048192 1.200811929116652
0.9999241661294576 0.012452677803826938 -0.000483165557787438 -0.08604998630912576 -0.012453335124962803 0.9999091041916514 -0.004666950271107948 0.09878323584592533 0.0004232624520346369 0.004673617063849367 0.9999864449501137 1.3033100356236325
0.9999234481692649 0.012041339920143551 -0.0033950809897445285 -0.0944649970682104 -0.012057683343568189 0.9999107733177254 -0.0053202736948251336 0.09499043819636108 0.0033289228841098415 0.005361508666852311 0.9999774633263995 1.4161561131291078
0.9999268396377685 0.010380829727126365 -0.006450515952231184 -0.10119386536967968 -0.010418535859148545 0.9999242675915206 -0.00613928312285371 0.09017622279842966 0.00638438570324157 0.006206906218039617 0.9999576110493019 1.5746986359460604
0.9998995831498199 0.005893404179624446 -0.012979363159774542 -0.11314268391597396 -0.0059733441273925846 0.9999597003069589 -0.006292054980658236 0.08627726659078966 0.012939915159054485 0.006369925455056988 0.9998929918498716 1.7404831892949826
0.9998448086006941 0.0030156505335443384 -0.017407232521653923 -0.1255650091960069 -0.003110012094102433 0.9999771128511964 -0.005542225393128353 0.08395924810656853 0.017388562993268814 0.005596091099506699 0.999830168354111 1.9488108845618741
0.9997488088398621 0.002501285760985019 -0.022306255639017062 -0.1402287618275168 -0.0026028147369699436 0.9999831237893746 -0.004634629518169468 0.08034218708853999 0.02229275076436027 0.004692327915420181 0.9997375153413198 2.176140654967453
0.99957567124179 0.0016005647067129473 -0.029139801461000772 -0.16045723121224292 -0.0017123128781310973 0.9999885915573045 -0.00388134247489573 0.07586245289704371 0.02913151381730407 0.003930406845209526 0.9995652969562447 2.4278477625698422
0.9993690791700194 0.003311190422478331 -0.035408268279709394 -0.18652013009538715 -0.003441422505755526 0.9999848299295228 -0.0036770799491980997 0.07121773128929301 0.03539372830860055 0.0037974263754702673 0.9993634446097762 2.6990755699852556
0.9991215650319278 0.005002283683144878 -0.041647080583380486 -0.21355048395693832 -0.005177356647631053 0.9999757245434038 -0.004148263520825915 0.06479992249708653 0.04162380346786701 0.004360660946174265 0.9991214724620647 2.9903275251957497
0.9987476101366949 0.004655395817457383 -0.04985628174545856 -0.24252412560833891 -0.0048862046925807045 0.9999758271031072 -0.004551720024323742 0.05788689191989711 0.04983260482366224 0.004789616327566832 0.998744214178518 3.2827500158016387
0.9982958003988794 0.0049082068589151335 -0.058187527109617415 -0.2765089176829205 -0.0051919531892368415 0.9999733162274492 -0.00476178066217003 0.05160624737634269 0.05816141249308275 0.005055779808038264 0.9982924107353077 3.583604729286409
0.99780097807455 0.004853193072984366 -0.06613873270655704 -0.31682566436757775 -0.005017374217700728 0.9999828939587447 -0.0023456512248799842 0.05300482359348394 0.06612483275857524 0.0026724843777937916 0.9978058655162505 3.915142268119345
0.997133920474584 0.0077487447811719085 -0.07529038349533443 -0.37097513197107107 -0.00773884628556788 0.9999683371282634 0.0003972097416429449 0.0573548218697847 0.07528959988975248 0.00018664130121241566 0.997159903198273 4.26727455962082
0.9963119568237305 0.008417781966778434 -0.08541683892607466 -0.4258440814401604 -0.008330399306680183 0.9999627123662889 0.0013571065373979365 0.05782705309084887 0.08542346063040213 -0.0006404619838299108 0.9963424621100074 4.637104181023546
0.9952563015229156 0.011110724444271622 -0.09667038386653079 -0.4896764863220352 -0.01105682196412409 0.9999364653672289 0.0010732525489407204 0.055425517328701074 0.09667413077019672 9.644178016377956e-07 0.9953131934932423 5.013065496994119
0.9940464143522488 0.004497858348447424 -0.10888043590385565 -0.5493199389457429 -0.004744589300693654 0.9999847146356358 -0.0020259777755970553 0.04749283511595445 0.10886758875652423 0.0025307738726367494 0.994049874232975 5.395483776291765
0.9924895153599428 -0.0006585300008521095 -0.12234296276162569 -0.6200468608359033 0.00011794496857051327 0.9999882162131287 -0.00444341795698623 0.04059947451737492 0.12234231249476032 0.004395941968540981 0.9924751871160955 5.790621842218602
0.9907353763169743 -0.004422417865408614 -0.13574629869694285 -0.6988994574537567 0.0037189097792554525 0.9999763155815605 -0.005451851081531093 0.03611115770384798 0.13576498140499033 0.004896816418216246 0.9907259287356108 6.207308132670985
0.9883214324253041 0.001547765308743808 -0.15238580776456967 -0.8049489098646229 -0.001929519810084077 0.9999935804862091 -0.0023722672123190703 0.04101149807602036 0.15237885867769546 0.0026391295203827153 0.988315573627057 6.644688801923529
0.9855001001573169 0.012328948068994143 -0.16923600986896994 -0.9227676408832328 -0.011755643128692293 0.9999197922948615 0.004374475389764047 0.05625073251232597 0.16927384292792985 -0.0023212890365067636 0.9855638448933202 7.0657921189088615
0.9834162223013648 0.01944307035949083 -0.18032605206781097 -1.0346811835610452 -0.017880140122970907 0.9997859855639875 0.010273544482122438 0.07158554611219306 0.1804845949463313 -0.0068786148026284966 0.9835512451661792 7.504232420603597
0.9821758236479401 0.02281464021444759 -0.1865817073768503 -1.1309713953222436 -0.020763729472901872 0.9996993825536822 0.012924227719240646 0.08070156970857953 0.18681802030720468 -0.008819525675925297 0.9823522947374884 7.910639294323136
0.9804969403561457 0.023790545927231035 -0.1950969168722303 -1.22004946399954 -0.022222959615670286 0.9996995270342773 0.01020586199800044 0.07830065970850501 0.19527865451886045 -0.005670792479797664 0.9807288981949637 8.269711478752962
0.9787982281207028 0.02088007997801532 -0.2037661853966906 -1.3070522981687052 -0.01979989304555922 0.999775777535221 0.007324528238616353 0.07408635577518226 0.20387080187947765 -0.0031342274241627985 0.9789899643696555 8.611319756978814
0.9769867734962494 0.019624913314410925 -0.212401970322198 -1.396388962867671 -0.01847784312465584 0.9998008222357574 0.007372499810728051 0.07334386933358293 0.21250185624340462 -0.0032777738605463927 0.9771525568394881 8.946496378981932
0.9754005830986923 0.018019602979252883 -0.21970955550593296 -1.4847166473496187 -0.01668266082963695 0.9998283063667998 0.007928842767117519 0.07426290655171962 0.21981215441819554 -0.004068102427454318 0.9755311570609587 9.282949969216613
0.9736133913695788 0.017118402229031122 -0.2275688076044704 -1.5707676049029122 -0.015654145815390666 0.9998426424800453 0.008227777163887987 0.07259155906119658 0.22767149060072578 -0.004448082509023471 0.9737252706960667 9.585155885031792
0.9714914061527011 0.0171298340577518 -0.23646341673870988 -1.6572187211850349 -0.01593330458260998 0.9998479622972136 0.006960056091353509 0.06692887828389363 0.23654439288745707 -0.0029939645297299864 0.9716137992206403 9.863376517607945
0.9692209042937536 0.017946093468613755 -0.24554529405276065 -1.743945912569718 -0.017026468607034297 0.9998367938016595 0.005858164743386535 0.060704168967911795 0.24560787709831072 -0.0014967957541608785 0.9693653196690298 10.131061919688088
0.9669020035070269 0.018974622106980914 -0.25444785087160293 -1.8357202648604372 -0.018211604642778177 0.9998187038459636 0.005345081867499508 0.055687597278217 0.2545005021369923 -0.0005339502352870903 0.9670694268002321 10.406927239762535
0.9642496067596621 0.01876369066688594 -0.26433615073225475 -1.9294157399109078 -0.01786789542892753 0.9998224763868083 0.0057831282598670266 0.05274104221112982 0.26439493503604206 -0.0008528462038791557 0.9644109516940493 10.676040295654893
0.9611416500187393 0.018813337316198255 -0.27541957958907487 -2.0280044004555564 -0.017726577784035392 0.9998211693606888 0.006425008980380321 0.050218616403900934 0.2754885835887525 -0.0012927784685495705 0.9613009293575957 10.94204010934396
0.9577523662762217 0.019673054412468666 -0.2869265876760311 -2.1323800212773265 -0.018483602390149952 0.9998047499572507 0.006844546041455511 0.047624626508165104 0.28700265064322295 -0.0012515279061714047 0.9579267405657927 11.210756243130271
0.9539899178580383 0.020591933181658455 -0.29913683143948594 -2.2383401865757024 -0.01924312124357268 0.9997860168192823 0.007445535096053763 0.04587398064049129 0.2992236184743477 -0.001346094316324241 0.9541797442638972 11.468465823011575
0.9495429694112703 0.021563637807981872 -0.31290139922470495 -2.35567731376428 -0.019918519744837212 0.9997652938239354 0.008444874497892588 0.04819833271807857 0.31300744693381405 -0.0017862048278326262 0.9497477841726746 11.737332413115357
0.9449028464510129 0.02186350499003207 -0.3266267513551708 -2.466349387767982 -0.020019415778935123 0.9997585093299244 0.008998637308215712 0.04621084539394699 0.3267420469325098 -0.0019639593398901975 0.9451107900155891 11.982201487625415
0.9401382246917319 0.021925610094467 -0.3400942717495886 -2.5696426995564723 -0.020090238333655808 0.9997577383292527 0.008909492110927087 0.04058760347208697 0.34020476104103076 -0.0015437525080228198 0.9403493942114023 12.20234327938328
0.9350914926407599 0.02126605032987767 -0.3537737990536946 -2.6798455339238245 -0.019319667444138478 0.999771630662148 0.009025007215745773 0.035309896555825136 0.35388237402185935 -0.0016044049056895397 0.9352873799700427 12.433768373434742
0.9296399586365635 0.020871686216428546 -0.3678838209518077 -2.8050230447659152 -0.01861523675394275 0.9997790314482523 0.009673635248278323 0.032098023082654886 0.3680019820701661 -0.002144873407923788 0.9298218097988122 12.688504283005207
0.9238877715807414 0.021112334778767023 -0.3820865962198336 -2.93989931716858 -0.018557956057912734 0.9997732829112659 0.010362154942444494 0.029578008787909737 0.3822162479070186 -0.0024830201187158512 0.9240688353270871 12.953139284779176
0.9178397769241117 0.021913877816969504 -0.39635114967286306 -3.0810494916303184 -0.019270273639682773 0.9997568138880857 0.010643801202163848 0.0263807475148888 0.39648548508960335 -0.002131789427763551 0.9180377412472898 13.217204472498501
0.9111252276293695 0.02293876834709892 -0.4114962146172095 -3.23030819141748 -0.020068622608098306 0.9997340401105665 0.01128760192153902 0.024902367244651655 0.41164319270528876 -0.0020264749847171137 0.911341991838921 13.48307000229135
0.9039880797240872 0.023168072756128564 -0.4269348373434415 -3.385823666398515 -0.019959674603950057 0.9997277270333272 0.011982630964038083 0.023976435237859705 0.4270937690724878 -0.002310390190185349 0.9042026337297079 13.7493563854499
0.8964128269444888 0.023993933539010887 -0.44257498413856644 -3.542395460091322 -0.020707183274439874 0.999709193708351 0.012251147978337817 0.02182638208672636 0.44273771829280495 -0.0018172709555715966 0.8966470153956171 14.004534066565482
0.8882388600830121 0.024709506727956076 -0.4587216031007771 -3.709241900256666 -0.021360653349901622 0.9996926256329428 0.012482221032437435 0.019634186644068154 0.4588864837473212 -0.001288156375819686 0.8884919423911352 14.266864206631226
0.8790705289739699 0.02559543809068762 -0.476008875310964 -3.8865964388235685 -0.02217104738721131 0.9996708319633635 0.012802711237709721 0.019263048197434587 0.4761773114583075 -0.000700637292912415 0.8793472344613328 14.530042608196464
0.8691574932927698 0.026169428781785437 -0.4938475523210451 -4.07641806700874 -0.022426230458316713 0.999656109030304 0.01349729895505677 0.02035658086794791 0.49402834544550844 -0.0006559886464122787 0.8694444783679287 14.800842615155636
0.8586828503469844 0.025841065022170994 -0.5118610703933427 -4.269977513691964 -0.021465426517282747 0.9996642008495209 0.014452618381494371 0.022788780547291946 0.5120603581009087 -0.0014226580081323952 0.8589481813021819 15.065992025688596
0.8467202513027374 0.022830387392564815 -0.5315540967491111 -4.470186031515706 -0.017417461734004405 0.9997321771072107 0.015189329278924659 0.026717347125063073 0.5317560403990298 -0.0036025606488618404 0.8468900864318158 15.327228675266673
0.8326072199927381 0.019021237745163753 -0.5535435256775463 -4.675892035222772 -0.012174403661751425 0.9997972053433044 0.01604044012299349 0.032083414855177725 0.5537334616126866 -0.006615929522201291 0.8326681933778608 15.576317129479442
0.8172005715486383 0.017788208050927366 -0.5760846992969733 -4.911332993538575 -0.00937215754959809 0.9998014990468246 0.01757405221671957 0.04081614609025578 0.5762800007284451 -0.008962050638438149 0.8172038037242487 15.837373201775764
0.8006293979829061 0.01852275063144579 -0.5988793519327325 -5.157572188397989 -0.008714669990196669 0.9997764304846353 0.019268595199980244 0.050470281532391845 0.5990991869516771 -0.010207731235725458 0.8006105169395475 16.09207436299635
0.782892598693857 0.01946223582363492 -0.6218584218615499 -5.417844798479816 -0.008282575512116724 0.9997483320902073 0.020858604680943294 0.05988598642322724 0.6221045775118876 -0.011179255813086715 0.7828553745895632 16.347225696918034
0.7643745047877889 0.021750935461974704 -0.6444105466277082 -5.693843052977075 -0.009141522463954348 0.9996954398448735 0.022897368150852016 0.0709784143284933 0.6447098814246782 -0.011610735400662497 0.7643393850896383 16.596065325340305
0.7447060056875174 0.02391533533220777 -0.6669689637867044 -5.988578925840101 -0.00907157034139058 0.9996277508526689 0.025712086421528883 0.0843973307019286 0.6673330832284923 -0.013096912765029096 0.7446447289241089 16.853531249290786
0.7235471576273848 0.025112493833591404 -0.6898229559782922 -6.307344626780312 -0.00815990453422676 0.9995797154737017 0.027826781631931263 0.09836763386551635 0.6902286708755765 -0.01450448182462525 0.7234465514304838 17.119353173373607
0.7014359116344835 0.025703736307262165 -0.7122739471575656 -6.639221007963145 -0.006584342557005478 0.9995412183195086 0.029583007369074963 0.1128243117347049 0.7127040870805396 -0.01605993946414616 0.7012818171090471 17.380154678719332
0.6785966367004197 0.025245012992016046 -0.7340816846028668 -6.986632319527855 -0.003705747825768447 0.9995142098818989 0.030944941663305643 0.12803058013781943 0.7345033826869022 -0.018278202421426925 0.678359621945436 17.6395574378991
0.6547918303172384 0.023287194436399077 -0.7554553817924377 -7.353235577189549 0.0012980543373269917 0.9994896946325457 0.031932044520959706 0.14431613640050645 0.7558103119258912 -0.021888786565372652 0.654426166222204 17.901030652898342
0.6295426915108275 0.023110624073482453 -0.7766269725810887 -7.734371783852634 0.00494882530433367 0.9994184638110835 0.033749437582042484 0.16302183346881335 0.7769522188989305 -0.025089458362362385 0.6290611093673876 18.150905731745283
0.6033369711966694 0.023655255775855536 -0.797140143795264 -8.141610118025158 0.007815967685083348 0.9993370746485514 0.03556879479202181 0.18367527886630777 0.7974499412270527 -0.02768968002356213 0.602751187322757 18.40095308374539
0.5765461193965657 0.0246525838018911 -0.8166973523004419 -8.5622118068971 0.009337900670677784 0.9992810152842576 0.03675342625537814 0.20340658527066674 0.817013048060137 -0.02881572744826642 0.5759006379509446 18.63736447989124
0.549303726255792 0.025475089588735164 -0.8352385829992334 -8.991680742108919 0.010613341171864209 0.9992418161122009 0.03745481316734734 0.22260954845490885 0.8355567450622142 -0.02943837733394512 0.5486166005780834 18.860089817812707
0.5218474101039592 0.025718532431130037 -0.8526552455937788 -9.431375953473825 0.012375337568087398 0.999211721072281 0.037711046849895964 0.24148201012580725 0.85295033281835 -0.03023103026812169 0.5211177666667107 19.07267829051146
0.4942699000136546 0.024975773049986917 -0.8689533934907085 -9.877076362483608 0.0147331340062379 0.9992022972836861 0.03709794189480278 0.25995463899075555 0.8691841954821955 -0.031138857132867306 0.49350815625606204 19.273217999305206
0.4663522858066548 0.023910497236355736 -0.8842792316879076 -10.352426633437245 0.01764170818805899 0.9991834655904187 0.03631960674929036 0.2788900198857362 0.884423111338686 -0.03253817967145972 0.46555067144794354 19.474578861824263
0.43823503832843275 0.023665560219112806 -0.8985525662172412 -10.826041214414388 0.019047627757633905 0.999183827590413 0.035603462748772415 0.2969318861067525 0.8986589248333213 -0.032718033489890656 0.4374271770748764 19.645729899221134
0.41108037789667634 0.024061783816914487 -0.9112852740004056 -11.30535721224292 0.018977329625960743 0.9992086901873807 0.0349415358786719 0.31401949882574265 0.911401966648757 -0.03165759951076237 0.4102993058954808 19.80584243899422
0.3859444371724621 0.02485228475679542 -0.9221911324579425 -11.795698472716467 0.017017555752667148 0.9992747360977227 0.03404926709050422 0.3302146174793837 0.9223656080654952 -0.02883476252727359 0.3852425908487035 19.957462222335977
0.3618538531763054 0.024507739087830754 -0.9319162038916079 -12.30902659249357 0.01624256040198964 0.999336116772601 0.03258519350400162 0.34444148160585675 0.932093681650964 -0.026928027176597587 0.36121619621807965 20.112636942263425
0.3401562377185879 0.0236739092393266 -0.9400740573220496 -12.822088026138784 0.015755113765074977 0.9993983017737068 0.0308662332551341 0.3558289769244569 0.9402368618568598 -0.02531042517894588 0.3395786985256553 20.26152801743113
0.3204670647254083 0.023319123891127894 -0.946975770608307 -13.339542105577515 0.01811010109739568 0.9993623160279312 0.030735494393163126 0.37174057272886896 0.9470864174457521 -0.026999585944364825 0.31984044725577726 20.407307807664395
0.30309436618052205 0.024278646499891608 -0.9526547733236567 -13.858342957706075 0.02012508904150251 0.9992887144347111 0.03186736953131519 0.39246476790955087 0.952748119367835 -0.028831224007651018 0.3023904725087692 20.543566396300406
0.2885176024096471 0.02453642857104605 -0.957163268336377 -14.374032276917742 0.021843827085129733 0.9992415319689347 0.03219697223316216 0.4107695503433513 0.957225182352768 -0.030197842148292905 0.2877630619896423 20.674245202787333
0.2753786493481136 0.024795534206147423 -0.9610195311049905 -14.885521312959401 0.021622860484246578 0.9992536111727106 0.031975398566020934 0.42418247170597506 0.961092602460511 -0.02958565350193334 0.27463737848369285 20.796498143031783
0.2645059102067789 0.02480587361052334 -0.9640678368482646 -15.39697860317144 0.01995390459600782 0.9993131415070813 0.03118513624149413 0.4362659149379958 0.9641772499019539 -0.027485738018745348 0.2638291785448663 20.913580846187195
0.2554822842535552 0.024858792828257006 -0.9664971684902207 -15.91968557335273 0.019705252200179886 0.9993267208689136 0.030909571295209635 0.4510843900791296 0.9666125506975142 -0.026942097383896704 0.25482066785402474 21.033121380971316
0.2480822300810982 0.02493683902416216 -0.968420792943423 -16.45527767457026 0.020250211902715896 0.999315646810504 0.03091724833314614 0.4676557370684909 0.9685269183696228 -0.027280852261484415 0.2474077214252771 21.157296069688748
0.2418325562212319 0.02545548592452251 -0.9699870830008983 -16.992778412133575 0.020840618753836096 0.9992881751645006 0.03141767731040449 0.48614747478498865 0.9700945214440266 -0.027813129900562467 0.24112975566429062 21.27886580497908
0.23642316164165014 0.02604955105885507 -0.9713038957746984 -17.527099225490367 0.02081242921671644 0.9992749610157226 0.03186291386819314 0.5047299109604724 0.9714276411632804 -0.027748533016252436 0.2357093911647048 21.396126638884045
0.23312051474258186 0.026523315331739482 -0.972089141841029 -18.06531280539441 0.020501934133091326 0.999271058024478 0.03217898391346051 0.5234010480612133 0.9722321878308029 -0.027431486459614515 0.23240658115961463 21.513591072263917
0.23154403969066198 0.02682283704805976 -0.9724578152467627 -18.601285266363636 0.019969223122934844 0.9992778833196772 0.03231448032091844 0.5417614133410967 0.9726203822868955 -0.02690196552282583 0.2308411553902642 21.630840572257362
0.2306022664173605 0.027195797681434045 -0.9726713799792843 -19.149773290349426 0.01964949654309923 0.9992750866568548 0.03259524829094923 0.5601689861947424 0.9728507788076294 -0.026629587666260685 0.22990062368925715 21.756388662157953
0.22984356680449364 0.02719369446557479 -0.9728508078019561 -19.69163627734613 0.020285552524112536 0.9992580292809435 0.03272159228373407 0.5778974047693476 0.9730172814959569 -0.027256161038742427 0.22912124861087155 21.881251709162356
0.22904805532456388 0.028456152789041816 -0.9730016983354326 -20.24002436661016 0.016533420845882742 0.9993137897952464 0.03311521539742117 0.5980504729767383 0.9732757617924164 -0.023672461650024706 0.2284201860818891 22.000647427332524
0.22924459106572895 0.031018332614470744 -0.9728774581750593 -20.82460602856954 0.015743070240924348 0.9992428734390284 0.03556634360140881 0.6217282824976386 0.9732430582217173 -0.02347065231734334 0.22858202694494123 22.13596501002498
0.22957661979965613 0.03384729623539619 -0.9727043080557306 -21.41041738747012 0.014284316931640603 0.9991698434329864 0.03813724725598514 0.6461575710538805 0.9731871005836323 -0.02265091594742138 0.2289022376296044 22.270389069887234
0.2298108856114047 0.03418151002711344 -0.9726373444768908 -21.9724968449309 0.013944579249393008 0.9991641909974195 0.0384064996428624 0.6669479625637452 0.9731368238514315 -0.022390335380220467 0.22914193092243015 22.401486035788484
0.23035834729503266 0.03286450116318473 -0.9725532128436759 -22.562058822271027 0.017610559908452377 0.9991246164253786 0.0379315184353466 0.6873673378085822 0.9729479604878928 -0.025866155864573064 0.22957761888788578 22.542307662105152
0.23047431115932288 0.03250706949648386 -0.9725376548505329 -23.131530764175505 0.0177295316419722 0.9991352780187841 0.03759539913040857 0.7046737371276528 0.9729184736101338 -0.02590844299322788 0.2296982858291628 22.675492701573766
0.23023029747982873 0.031513942190027656 -0.9726277199390385 -23.715079616133753 0.013494335273796893 0.9992757151176048 0.03556932105813809 0.7215909480233715 0.9730440237821796 -0.021315081231014214 0.22963743134315204 22.80515523535458
0.2299448728292205 0.02892750485966073 -0.9727755531596415 -24.262205802805855 0.012473220641824156 0.9993881123621915 0.032665006528696576 0.7324234341890198 0.9731252287971303 -0.019645691715806463 0.22944248855374347 22.93286312614788
0.22980858646662933 0.028130704585545188 -0.9728308268351216 -24.829019347515036 0.011401663749688207 0.9994352807016221 0.03159132369098175 0.7452330407560893 0.973170310317508 -0.01835256064401231 0.2293568553412181 23.06276704504576
0.22992361676045525 0.027995289566424705 -0.9728073152473147 -25.42107693454623 0.01311141029287658 0.9994054603386164 0.03185749939489088 0.763625677252677 0.9731212773742779 -0.020080196306275853 0.22941861606502562 23.20288344237613
0.2304254080467102 0.026893380963679343 -0.9727197603647348 -26.045012648099235 0.018327972081155688 0.9993200850723726 0.03196837090033585 0.783319257010844 0.9729184662233782 -0.02519482492043672 0.22977447705855875 23.352698629423895
0.2308093789102635 0.027560568612775886 -0.9726100410801937 -26.653878055989605 0.017726839485521558 0.9993128565638143 0.03252210566812737 0.8025151602818934 0.9728386066900268 -0.024748121445752797 0.23016087258164267 23.493098660992164
0.2311577413709026 0.029056552468936694 -0.9724837741568977 -27.283942845080002 0.01710914396059928 0.9992776351834954 0.03392184914778145 0.8237025891729192 0.9727674576977858 -0.02448037200982155 0.23049224612894165 23.641432812858337
