1.0 0.0 0.0 0.0 0.0 1.0 0.0 0.0 0.0 0.0 1.0 0.0
0.9999998807907104 0.00019881129264831543 0.00015789270401000977 -0.0016053542494773865 -0.00019875168800354004 1.0 -0.00014415383338928223 0.0008405426051467657 -0.00015795230865478516 0.00014418363571166992 0.9999999403953552 0.017008483409881592
0.9999998192411903 0.00037910296299870083 0.0003205914077044625 -0.0029153496434019474 -0.0003790620796655375 1.0000000674752458 -0.00025472300531959036 0.003067608310591108 -0.00032072878270383853 0.00025448336906919167 1.0000000179649309 -0.0033863267867030727
0.9999999297192711 0.0005923031685371108 0.00046757233119602826 -0.004009106920906372 -0.0005924094329910596 1.000000182237506 -0.00042313216599752394 0.005199165953312469 -0.0004675298000839604 0.0004226789828421518 1.0000002855882317 -0.0034976689546731637
0.9999998749605626 0.0007825194709329765 0.0005986860411144068 -0.0050348759135521205 -0.0007825524743379406 1.0000004496051105 -0.00065233021566753 0.007288620264525638 -0.000598740504648291 0.0006514722040651071 1.000000127380897 0.0019700994232487164
0.9999994051820781 0.0009909934944458195 0.0007127349252090438 -0.0063854465226597865 -0.000990468038746691 0.9999997264251397 -0.0009626915396683446 0.009224400911806558 -0.0007134658060441746 0.0009618576968705919 0.9999994991882195 0.014069300691807788
0.9999990426593734 0.0011728022570583487 0.0008013011544410749 -0.008015961807785441 -0.001171818625307074 0.9999989854293743 -0.0013598356546611263 0.010918127929334002 -0.0008027491364360614 0.0013589331661799753 0.9999988153881921 0.03675197931147743
0.999998489624571 0.001337119443321057 0.0008791894749743063 -0.009978212760061911 -0.001335475044225519 0.9999979000665257 -0.0017536154221148782 0.01234505084958577 -0.0008815302699572628 0.0017526382513877703 0.9999979790776526 0.07053754126523835
0.9999984304964684 0.0015041819008285854 0.0009633580804624936 -0.012017443192209508 -0.0015023989301648998 0.9999973408573504 -0.0021498605898674816 0.013337298578891278 -0.000966163698503131 0.0021483553628387207 0.9999974485548045 0.12284800083409059
0.9999979719336349 0.0016229821032374746 0.001068306669169917 -0.013860650885761563 -0.0016205462323538476 0.9999963064060844 -0.002437312281764384 0.013951215312628003 -0.0010719773934957963 0.002435683003236247 0.9999966103200721 0.19504886847167707
0.9999974977068176 0.001714197006675864 0.0011507665971503393 -0.01563700648980141 -0.0017111215248848627 0.9999956019525928 -0.0025677114344396673 0.014346006364997152 -0.0011550186172211208 0.002566237729695769 0.999996085202492 0.29099732124940264
0.9999966742763768 0.0018619070702735013 0.0012320660905010112 -0.01724991315993247 -0.0018583427038551704 0.9999947815251163 -0.0026029865171449218 0.014591733603571692 -0.0012369650493034802 0.0026014709642255196 0.9999955434335795 0.41220550414720697
0.9999960409461836 0.002027271415715497 0.001302739351548602 -0.018402767905803766 -0.002023440915072245 0.999994252156246 -0.002596531396040823 0.014654228262446035 -0.001308145133125448 0.0025949775212582606 0.9999954135577368 0.5615342831029048
0.9999956473503496 0.002158790609992378 0.0014003421603080673 -0.019621758100083826 -0.0021546748095928113 0.9999941005985588 -0.0025524132190990513 0.014492858645155033 -0.0014059990927449912 0.0025506385599056943 0.9999955202042254 0.7347953188446706
0.9999955157961627 0.002314325546663408 0.001424750767973539 -0.021506071674280616 -0.0023104495891867615 0.99999437838355 -0.002358989680348306 0.014505501527878469 -0.001430357870007759 0.002356765176771398 0.9999960991709128 0.9321410559461197
0.9999952860209816 0.002482741239404017 0.0013963429095186627 -0.0242110938109363 -0.0024789592756715357 0.9999941383101908 -0.0021942363164043116 0.014016620970152457 -0.0014020852981701003 0.00219204500744676 0.9999964688752151 1.152600992906413
0.999994927587844 0.002466919980266246 0.0013827541029106521 -0.02672225403228715 -0.0024628647718612203 0.9999937136313298 -0.0021335839051703854 0.013104817136350496 -0.001388608570773674 0.002131746076060702 0.9999962633888949 1.3832950354607543
0.9999944402764532 0.0027313344431624483 0.001349593925268171 -0.027030038428959503 -0.0027276393536088 0.999993277178219 -0.002032949221167945 0.012480322933054594 -0.0013555561244673019 0.0020305578325128036 0.9999965241336296 1.6416043766166841
0.9999940440052368 0.002987478915938143 0.0013009973486808883 -0.028990255748011076 -0.0029842461697087196 0.999992705817871 -0.0020290024502713083 0.011659079943148751 -0.0013072314665699015 0.002026217350251254 0.9999968361876568 1.8926553747112433
0.9999933356933431 0.0031829745186796256 0.0012134178541472241 -0.031718889851415376 -0.0031800750238811866 0.9999926503410282 -0.0018859873721492452 0.011000804152176386 -0.0012195322026181813 0.0018830007434178296 0.9999970616676951 2.1690461910040852
0.9999918557937855 0.003543419338477461 0.0010956966824304448 -0.03554786890486471 -0.0035407841271947013 0.9999917829221091 -0.0014837867319471574 0.011008048699000093 -0.001101239900555065 0.0014810639650719769 0.9999977250112025 2.457452760541508
0.9999914577337985 0.003648032426201061 0.0010656914108371095 -0.03851952032792688 -0.0036460317252467876 0.9999919252675992 -0.0011373163985233625 0.010826266171749463 -0.0010700734765288777 0.0011344673301132955 0.9999982723911974 2.7392348781114104
0.999991969957558 0.0036073676261369272 0.0009477196622949724 -0.042103184031195916 -0.003605875521430592 0.9999923745206444 -0.0008714355257490368 0.01051382703297385 -0.0009510275531497976 0.0008689574071147161 0.9999986412058808 3.0301031933041815
0.9999921169157696 0.0036521635353375507 0.0008719490397139975 -0.04635818387704673 -0.0036514809352268113 0.9999927324827288 -0.0006850162035419373 0.010077438933432348 -0.0008742370677113832 0.0006824420707468105 0.9999991140758363 3.3174839914812804
0.999992175234297 0.003705677944002019 0.000854282869784665 -0.050185064291360874 -0.00370501847354601 0.9999924619243973 -0.0007076612028195306 0.008762138338426073 -0.0008566308446146164 0.0007051940190392844 0.999999113950041 3.6012334214595527
0.9999915049487709 0.003927685309526916 0.0008153899450236662 -0.054482559759964716 -0.003926922633441986 0.999991531501084 -0.0008606722696949082 0.006732760078868288 -0.0008184914636401245 0.0008581281480043389 0.9999991579868961 3.89047271656235
0.999991254440605 0.004085664815217086 0.0008001648822295365 -0.05841723440066675 -0.0040847682408405 0.9999907557505165 -0.0010417522568972278 0.004500056391709141 -0.0008041730831932659 0.0010391969305058246 0.9999990144262022 4.185532417494598
0.9999910036034668 0.004096822663588484 0.0007592023145248701 -0.06200097756071059 -0.004095447020415595 0.9999900720989219 -0.0015411350559730278 0.0016326893214087782 -0.0007653813624195872 0.0015388235972181243 0.9999984073897022 4.484521812410912
0.9999913286195306 0.004028947759667722 0.0006974658898299087 -0.06540478729442742 -0.004027112278113786 0.9999889343997216 -0.0022286347539559057 -0.0014987442028417909 -0.0007064165736973739 0.0022268013082436034 0.9999971557440043 4.783377543791991
0.9999922340039828 0.0038046639177067485 0.0006951022204168269 -0.06866907713610416 -0.003802405386693171 0.9999882439180124 -0.0028374596224674696 -0.004704550087822753 -0.0007058565857894979 0.0028358490327159164 0.9999956211203185 5.103740845496515
0.9999919368278563 0.0039244798329445335 0.0008086740921932509 -0.07236449251814273 -0.003922005637410416 0.9999871341627545 -0.003026898144110952 -0.007509020844728985 -0.0008203094347195598 0.003024471692443525 0.9999949448488258 5.424188582142483
0.9999904998035393 0.004213897286374538 0.0008863415790629605 -0.07664282214032761 -0.004211236663690267 0.9999861261682795 -0.002965570679590386 -0.009298904350895063 -0.0008985809728235464 0.002962483957404244 0.9999948293196459 5.762317871892641
0.9999894280702217 0.004531655446670526 0.000986050488548048 -0.08069791069187876 -0.004529469492045855 0.9999857970143198 -0.0027063815458589096 -0.010608529958669184 -0.0009978124769838494 0.002702025994084559 0.9999955097899133 6.112572469083041
0.9999894071139941 0.004651994476024342 0.0010573179923967229 -0.07954400386172328 -0.004649977678865231 0.9999854973622131 -0.0027043505990869215 -0.01290228489183981 -0.0010691578200179663 0.002699313769364861 0.9999956834675514 6.476599314376777
0.999988560094312 0.0049295815549006885 0.001087448516844311 -0.08120346585154918 -0.004927863464187286 0.9999851170376622 -0.0025441828718454056 -0.013752069266784567 -0.0010989955890827597 0.002538384265454547 0.9999960847683141 6.850901087462843
0.999988365920138 0.004937802217277453 0.001065161211418898 -0.08316579772072517 -0.004936026243382988 0.9999850550314704 -0.002458479663851202 -0.01554279663252677 -0.001076396095168141 0.0024529315985199903 0.9999962077830595 7.251899292058298
0.9999877725149586 0.005061060974668301 0.001051002650479098 -0.08637744674103745 -0.005059412406848047 0.9999847262682258 -0.0023442658050758613 -0.016941127477610354 -0.0010619763772972335 0.0023388053401883283 0.9999965036148499 7.652238741137361
0.9999863275189235 0.005291599445539962 0.0009772713882421054 -0.09015118604553385 -0.0052901049372939294 0.9999842020407665 -0.001967216761357311 -0.017648338201641252 -0.0009870559247155007 0.0019620681093045875 0.999997226484625 8.081050112112845
0.9999856465131252 0.0054706520184221305 0.0010692279136070273 -0.09356744270844349 -0.005469394530572086 0.9999839707037697 -0.0018461685764917994 -0.019108250432028004 -0.001078424449401282 0.0018400606365212965 0.9999977324368973 8.536476832732644
0.9999847313535785 0.005589651016015045 0.0012608266269968427 -0.09573121456181138 -0.005588039796274649 0.9999833020409434 -0.0017922898579013726 -0.0210446768206995 -0.0012699440271961074 0.0017848276505123624 0.9999975079906687 9.0044716260995
0.9999832578843809 0.00583255183808932 0.00154024564623653 -0.09736732209155964 -0.005831383705964038 0.9999827243383759 -0.0013572409161391266 -0.021876522303829454 -0.0015470934207868579 0.001347796332120401 0.9999979355009687 9.49699843447073
0.9999817859758869 0.006092536470766441 0.0016652583750002296 -0.0993512487396215 -0.006092493279804649 0.9999821946056715 -0.0007151527950993578 -0.02222174004423829 -0.0016684729191273602 0.0007042301423560531 0.99999855465912 10.003045838780617
0.9999787501668095 0.006565116327636036 0.0018306829210639254 -0.10248821195307668 -0.006565121838593223 0.99997912127333 -0.0006533957162025499 -0.02385261479611027 -0.0018337914640883584 0.0006405584869055254 0.9999982638810954 10.514484613684488
0.9999727950436391 0.00732615183843091 0.002126143356613162 -0.10464823037049918 -0.007325971869050114 0.999973858162941 -0.0006997419383595354 -0.025775157135580977 -0.0021300359375384112 0.0006832702298678886 0.9999976930778514 11.042580653142043
0.9999705578501583 0.007401995838826127 0.002693459922676349 -0.10328983195388185 -0.00740090897182627 0.9999731065777264 -0.0008157195071221708 -0.029109642714675026 -0.0026984451787156662 0.0007952549800432901 0.9999962872836544 11.577327520524754
0.9999687950504762 0.007366474188013673 0.0033564580172082427 -0.10092532247269533 -0.0073654099934970085 0.9999738242575212 -0.0006990293838631593 -0.031205570722870696 -0.0033604430663290246 0.0006732803811021421 0.9999943588741222 12.114591535079922
0.9999785240019315 0.005395499032160799 0.004174723976139191 -0.09801772701472856 -0.005399744551855998 0.9999863150460426 0.0007106838451815662 -0.030368205805074374 -0.0041696870620151925 -0.0007343157208823779 0.9999914051615745 12.671703288652736
0.9999742163664688 0.0057388136392334975 0.004648906937070808 -0.0983959675653125 -0.005742533365568881 0.9999838531271804 0.00064371920370328 -0.03306244380774587 -0.0046444487349270955 -0.0006708367692012136 0.9999890565314297 13.222143651563966
0.999973108611413 0.005644899766130766 0.004901087925666161 -0.09617807935046055 -0.005644290508505115 0.9999841884787644 -0.0002088682228594649 -0.038845474998015786 -0.004901703763106335 0.0001811805474003777 0.9999878374862488 13.757811972157514
0.9999714726604715 0.005811605712062896 0.005018566934404767 -0.09148130040634032 -0.005807668057064668 0.9999830646328076 -0.0008902272736114553 -0.04335564672310414 -0.0050229969596908555 0.0008606988551978586 0.999987000251064 14.30273783022882
0.9999667661143001 0.006415953794701078 0.005256302575731484 -0.0904591690853202 -0.0064115686156062755 0.9999794721756763 -0.000987543394466858 -0.04473097773132189 -0.005261753595669695 0.00095347876631103 0.9999858399117889 14.838042850302203
0.9999638026204973 0.006665618342077947 0.005538062347075125 -0.08827754903293829 -0.006661447315352321 0.9999778567795384 -0.0008796154503100135 -0.04549182650905125 -0.005543114072153597 0.0008424909048644919 0.9999843464329929 15.396717923763335
0.9999568339442005 0.00754359123708528 0.005717814897529992 -0.08867544647779713 -0.007537634115328992 0.9999714974768638 -0.0012042053058394196 -0.049013884023286415 -0.00572585167649625 0.001160507033776834 0.9999833040323248 15.948770672808472
0.9999502495523103 0.008248202014562063 0.0058562588107152575 -0.08768867283752887 -0.008238149700529343 0.9999648405873994 -0.0017990765205144095 -0.054353729550242924 -0.005870366526868183 0.0017506500083737445 0.9999813792775399 16.503833798322315
0.9999361835740593 0.00933702174334703 0.006561712490640609 -0.08665489431933163 -0.009325004906208627 0.9999550807884618 -0.0019158161155316002 -0.05656988306258848 -0.006578657230911166 0.0018547357972869074 0.9999769190279183 17.080395872609525
0.9999277719621703 0.009494026822903182 0.007617784072206564 -0.08055090667039831 -0.009488664284653281 0.9999557714450654 -0.0008928348412356464 -0.05680473594104321 -0.007625121085279291 0.0008203764256608076 0.9999710559493873 17.690613538556697
0.9999211241837245 0.009393657525738884 0.008544465429894947 -0.07343727840642889 -0.009392622755023063 0.9999570022578924 -0.00027169713114445 -0.05813930039760675 -0.008545933788800319 0.00019129585858110591 0.9999638960717249 18.313871019023402
0.9999076995917606 0.009309323214267615 0.010068583277332788 -0.0640660633057944 -0.009307592157936737 0.9999580242495072 -0.00033116606859406395 -0.06306808913159526 -0.010070509380866347 0.0002370496674100798 0.999949725242043 18.937145517682765
0.9998730344943352 0.009629458761767237 0.012878258301587297 -0.05364206327282215 -0.009623116389543624 0.9999552054918259 -0.0006837732236753309 -0.07072664305792012 -0.012883271173306864 0.0005590599922117149 0.9999175644980057 19.546446323400623
0.9998107553684424 0.011427942947324393 0.01589677556909315 -0.04326829379712255 -0.011412893697240807 0.9999361077674968 -0.0011446782480096862 -0.07663412377446531 -0.015907987037982057 0.0009623179634140459 0.9998738458502384 20.165872022926617
0.9997444279243786 0.013878994295341306 0.017983577016289252 -0.03352501649186272 -0.013855512519658367 0.9999045835737477 -0.0015122892276158155 -0.08070997523819885 -0.0180021474810378 0.0012622705846977687 0.9998375072715968 20.77084296369228
0.9996945377718391 0.014509686514417086 0.020147532688211248 -0.01926092793569889 -0.014483003621897287 0.9998962909761292 -0.0015667769311992618 -0.08536064313807207 -0.020167288726216877 0.001273627622392713 0.999796477534209 21.39286522443913
0.99965290789829 0.014215386054220045 0.022318991911386876 0.00044021800298491703 -0.014180499431083548 0.9999003970256595 -0.0018148888295697913 -0.09193999171037551 -0.02234160392053108 0.001496748648530335 0.9997498881010931 22.041040585523593
0.9996309992033476 0.011737836297662755 0.02463157847701857 0.02319929814228991 -0.01167141353563469 0.9999306873866805 -0.0029337406821118546 -0.10007116197444954 -0.02466332031063887 0.0026441353919022885 0.999693073047843 22.684207072727407
0.999584409110033 0.009199198024315722 0.02744084510059574 0.04803161804616969 -0.009097136544479698 0.999954017005245 -0.0039251223643834154 -0.10867232010983012 -0.02747469526416857 0.003672780440895366 0.9996164778668427 23.316594768808805
0.9995066990641912 0.009143991022733824 0.030151173421693593 0.07416399813849925 -0.009027119894520605 0.9999540095541544 -0.0040884211148728465 -0.1154037679536649 -0.030186177892764735 0.003813079107723893 0.9995377999798778 23.939056866407235
0.9993853877245963 0.009727805632101063 0.03377815488602461 0.10046947486981135 -0.009597933971175423 0.9999489055534166 -0.0040790174781484955 -0.12192763319513514 -0.03381498913324874 0.003751203130064519 0.9994218740834576 24.587639387837154
0.9992093931654384 0.010836236332566631 0.03834653334498408 0.1301322053039135 -0.010684221127292096 0.9999379637736745 -0.004238461048095636 -0.1299708563769058 -0.0383889795374263 0.0038245069708791827 0.999256569921274 25.260191387368135
0.9990024865150368 0.01117676965203079 0.04331221018444754 0.16509899459110072 -0.011005549130444497 0.9999337776130445 -0.004248710600291183 -0.13896801774188192 -0.043355751509253054 0.0037668935268821754 0.9990533279084621 25.928374501500052
0.9987736307154619 0.010611351874895064 0.04843066718308348 0.20595003087864078 -0.010433473334805174 0.9999412411749186 -0.003974760689869566 -0.14707381986332208 -0.04846890014555244 0.0034637779797451317 0.9988194708083882 26.598940912775394
0.9985293026473253 0.007793936263230313 0.05371418992698813 0.25153570302439365 -0.007574068808772022 0.9999654903133872 -0.004340477180041155 -0.15676947739500388 -0.0537450578024396 0.003926353360588485 0.9985479897619023 27.27375121105502
0.9982141524332528 0.007577548504210114 0.05931261337637589 0.29801270686879316 -0.007318822061349157 0.9999666641202744 -0.004621513656925666 -0.16898925329325157 -0.05934440856219044 0.004178465202193588 0.9982298636926844 27.92782748438059
0.9978279100510153 0.008973038935833734 0.06531052495037723 0.3463667888907765 -0.008636910570614359 0.9999517928895192 -0.0054686327203596116 -0.18171493444552517 -0.06535524271157003 0.00489186937449073 0.997851056506954 28.599472638848283
0.9974135027333371 0.009859052186577219 0.07124172535837299 0.3995346733563033 -0.009454669668956655 0.9999409478175965 -0.006051185163127158 -0.1947081447056894 -0.07129601265654523 0.0053611145033972815 0.9974416872393126 29.267593513325348
0.9969683495932741 0.010231676103359556 0.07717667538807145 0.4586487961394766 -0.009761394985631442 0.9999350414132472 -0.0065072494997873665 -0.2083902305511373 -0.07723705401844903 0.005732779113338053 0.9969972188299762 29.942432217795396
0.9965108335369022 0.009812074083640246 0.08292373183241768 0.5242584115886129 -0.00927334467926151 0.9999367554206343 -0.006915088962107974 -0.22179663225258817 -0.08298504166014732 0.00612044927051234 0.9965330692249706 30.626160162768482
0.9960328421237631 0.0079694436297085 0.08867044816980238 0.595388056032712 -0.007430632652618229 0.9999561693349424 -0.006443111322981903 -0.23176385122096912 -0.08871664695597738 0.005757612757122997 0.9960417646982408 31.319158458762917
0.9954840600193595 0.008756851937688685 0.09456190186656596 0.6685674328612491 -0.008197935403401128 0.9999504956252364 -0.006333417634770731 -0.24225330083379404 -0.09461135394933883 0.005528450291754901 0.9955004131270118 32.03220780538881
0.9949069662156824 0.00957403945192941 0.10037661175595844 0.7493716980486586 -0.00907040848922257 0.9999475832052513 -0.005506278597485385 -0.251023698219231 -0.10042257632357544 0.004566466180931663 0.9949357425124071 32.755743345364934
0.994320567422894 0.010280353458311698 0.10596585310775922 0.8339611194985559 -0.00977838364835865 0.9999433452882084 -0.0052889030667462355 -0.2608181902835527 -0.10601264449881871 0.004222033950045608 0.9943573718494941 33.481236252968465
0.9936439466572725 0.007756365743583763 0.11233604853214943 0.9284472366613524 -0.007198773349908439 0.9999647983774917 -0.005398372685883283 -0.2723169690134993 -0.11237229035198434 0.004554778542666834 0.9936572638762379 34.21309696000428
0.992889929824714 0.007437384306027167 0.11883625982321261 1.019786039923468 -0.006469241974002682 0.9999474326197421 -0.008562777296297936 -0.2854848009504446 -0.11889213037416611 0.007732535819176697 0.9928785815944365 34.896108582830216
0.9919902095251201 0.007944727513171075 0.1260994135287671 1.1157390568660401 -0.0062998754793081495 0.9998943820206516 -0.01346558937201673 -0.303916546523524 -0.12619139634593687 0.012562611152826909 0.9919277953127503 35.579947320243036
0.990973134151893 0.010030544175440106 0.13371749195864324 1.21107087075044 -0.007544794159043381 0.9997938338376066 -0.019108694737186814 -0.32549136581370297 -0.13387974779263123 0.01792654027128077 0.99083690564887 36.240564712336614
0.9899328247848507 0.0129497374721977 0.14097441413456951 1.3050503785455836 -0.009787434775668718 0.9996892426262862 -0.023127411442506636 -0.34759759122114237 -0.14122838691446496 0.021513878519884483 0.989744516412008 36.86959077233576
0.9889566449955324 0.013054700810388873 0.14765807068229928 1.4045643009308924 -0.009642909211016588 0.9996746735181984 -0.023820935779428648 -0.36990633785636007 -0.1479191652606951 0.022133181452551595 0.9887532693312148 37.47927556348597
0.9881019435301319 0.010001034478899372 0.15350342706718567 1.5120095848074644 -0.006646135997386245 0.9997328742809662 -0.022377614786945752 -0.387352000145641 -0.15368449894174172 0.021090648967843812 0.9878966105780894 38.109454182012556
0.987171226295762 0.011943111749442544 0.15924614721522506 1.617936324832112 -0.00883641643922086 0.9997615149420146 -0.020227670763237393 -0.4023356304196085 -0.15944809293876508 0.018560300802391582 0.9870333196116338 38.72961788283115
0.9862254774198502 0.011998092226976668 0.1650007217044535 1.7392802997681094 -0.009716573627919434 0.9998509519208969 -0.014652047743343645 -0.4101055307685243 -0.16515066534245715 0.012846882636478858 0.9861868436018743 39.3935829871748
0.9854389859587168 0.01271984916303211 0.16958213927659418 1.861557878848895 -0.011585686039079474 0.9999086456740244 -0.007699271281197115 -0.41059585975467994 -0.16966340045898307 0.005622408750865463 0.9854881986103139 40.06614798712197
0.9845339684621928 0.012052365254858186 0.17480729357461025 1.9908560008307206 -0.011836810940034857 0.9999324617024319 -0.002299004418328663 -0.40977918329908997 -0.17482160398122157 0.0001941023987037712 0.9846019746836885 40.739346853554025
0.9834536245366984 0.010188321696148606 0.18090184482785912 2.12709094548704 -0.010790743900646181 0.9999441143524436 0.0023225234018567228 -0.40831313374351663 -0.1808666967342553 -0.004236255579583478 0.9835002858823412 41.412227759290204
0.9823196598315956 0.009316644774190547 0.1870079253964513 2.268124145467674 -0.010911056989852314 0.9999174790308486 0.007476477485525474 -0.40211194455481447 -0.18692122238748388 -0.009384629868317874 0.9823317728420692 42.09362359807993
0.9810503953995325 0.009807364738967943 0.19353248797859768 2.4131518571886277 -0.012430525782931605 0.9998518224959865 0.012323463957363731 -0.3947365350362524 -0.19338101517346423 -0.014495497497495713 0.9810183333029712 42.77389091857109
0.9796901808640749 0.010358972229204573 0.20027769471974471 2.5601870890899496 -0.013240418442356017 0.9998326483434976 0.013033200518206686 -0.39109483504603715 -0.20010711560781985 -0.015420026623778681 0.9796545108554342 43.434645703523486
0.9782217483643706 0.010436007833980441 0.20732990105343338 2.7146136019111333 -0.013423841097223851 0.9998321656550855 0.012992951572022458 -0.39121083826659836 -0.2071569251166823 -0.015492322324443874 0.9781874073028541 44.100353279120164
0.9766140107900108 0.008425826460081968 0.21486356936738768 2.880080981664205 -0.01149008789523992 0.9998564449176874 0.013000781594627002 -0.3911821146823335 -0.2147204238600594 -0.01516455128040197 0.9765602493769666 44.78655379339159
0.9751129755314828 0.008168496104946124 0.2215871930463007 3.0462210996653605 -0.011345514640273403 0.9998585261456512 0.013053450492704635 -0.3871615663517029 -0.2214461649914833 -0.015241110633012044 0.9750562379972096 45.45539242351076
0.9735679021354662 0.008053796631538285 0.22828406293221895 3.216669927696745 -0.011434485104042488 0.9998520286611435 0.013476235916331037 -0.38350008442839667 -0.22813851089533457 -0.01572881468752674 0.9735044823666628 46.12393501325862
0.9720571364632081 0.007954438936995073 0.23463699399271173 3.399670210789897 -0.011975761124411826 0.9998134316721201 0.01570450664029529 -0.3769725930766669 -0.23446490043035204 -0.018073863132236915 0.9719595390913186 46.827620632070364
0.9704605425569807 0.0071944146922226036 0.2411808902679509 3.593188890080989 -0.012319319998654434 0.9997380973324516 0.01973424408385899 -0.3669031611259067 -0.24097247986432271 -0.02212035385891794 0.9702833117605749 47.543557063298174
0.9687746802028492 0.00212445868767432 0.24796044095087696 3.8015713800956963 -0.008097258328033098 0.9997101560928143 0.02305704802608731 -0.3555329317039659 -0.24783613511888367 -0.024342866882518025 0.9684996725078224 48.275029881079455
0.9669175098633565 -0.0025922955101722865 0.2551020161331996 4.011245577269947 -0.003018809876757735 0.9997712733074305 0.021589254737734917 -0.3476014513545249 -0.2550962493226238 -0.021643072220250508 0.9666769100797598 48.997522299336346
0.9644692644497753 -0.0034052992334886907 0.26419907030307926 4.210759322199678 -0.0008950465297702518 0.9998781708340253 0.016143268911415157 -0.3509891034674433 -0.2642183987789282 -0.01580420535721835 0.9643370157215947 49.666568234615646
0.9617467321984124 0.00017809149027321787 0.27396516886916716 4.406167054448878 -0.002599022847225945 0.99996966885395 0.008462741032587134 -0.3608279412617905 -0.2739518154154658 -0.008849137514188254 0.9617064201281723 50.30816972308481
0.9589092858978319 0.0059427386984633925 0.2836753779579208 4.595415389145831 -0.006331010739059116 0.9999889374966497 0.0004415745633304935 -0.37189919598316495 -0.28366594123972294 -0.0022173545973558327 0.9589243074516669 50.925324023630765
0.9559581943894442 0.0091649105439897 0.29338500858145034 4.797272435671405 -0.0076740059659750086 0.9999601812297317 -0.00624179058355232 -0.38718242510851497 -0.29342671253934743 0.0037174050648911845 0.9559781411789683 51.542400324130085
0.9530766054904397 0.005972005609396669 0.3026959152361708 5.018049806984975 -0.0031441724906165467 0.9999560393343412 -0.009838228051733813 -0.4045675774085648 -0.30273760422691365 0.008427071052046792 0.9530405923250208 52.176556410140556
0.9498208136079315 0.0013159383564869365 0.31281651018484113 5.266487943949279 0.002000496070228133 0.9999545855007043 -0.010290140981076229 -0.4188090679824771 -0.3128119834417184 0.010401820344513422 0.9497621882285553 52.85649874757435
0.9457569410636645 0.001872589628326552 0.32489350579932774 5.504572902035198 0.0015695532667172516 0.9999545103625798 -0.01034132656749012 -0.4323574829270428 -0.32489427851889546 0.010292597572636567 0.9456983439091298 53.49393066052077
0.9415846575905382 0.006724332854484681 0.33673171892449866 5.746378336253145 -0.0024871750245664885 0.9999212216954051 -0.01302259411887581 -0.45026897037795316 -0.3367888042727419 0.011426720086822953 0.9415148141234593 54.128311370050156
0.9374654844875655 0.010235837079784357 0.34794877800260415 5.987931539108027 -0.0045139607935009715 0.9998501611895333 -0.017261075218443146 -0.4722304512954743 -0.3480691793625495 0.014613248887970613 0.9373589777599461 54.73040406249222
0.933101564261631 0.011661015853520213 0.3594442402026096 6.230240772682812 -0.004689102196824032 0.9997927612188438 -0.0202718625620611 -0.49560809450192983 -0.35960180883398823 0.017232410647452415 0.9329506501981361 55.307813884282915
0.9282442676196041 0.009304364891462238 0.3718750464164942 6.478654884834223 -0.0008547650320326462 0.9997470309603778 -0.022889455205847353 -0.5160492070609008 -0.37198961752888543 0.02093129701297426 0.9280050277767906 55.86306774343785
0.9230379098173721 0.007618782155448655 0.384653419280268 6.7334558470569075 0.0023141625605161966 0.9996851003359726 -0.02536307603333619 -0.539498157729883 -0.38472103947829295 0.024303187336551083 0.9227170658875197 56.413860771223824
0.9176199459834663 0.008487687005068845 0.39738846169474173 6.99118340072861 0.0023081551218159923 0.9996509255357005 -0.0266888832390189 -0.5642772527559178 -0.39747163284133985 0.02540952259238467 0.9172669534704391 56.956718970158484
0.9117050769762588 0.009673156078966117 0.4107514585334681 7.255162244898703 0.0016149326011711753 0.99964060392171 -0.02713381035238807 -0.5868988535742448 -0.4108611183569414 0.02540303303197195 0.9113484647849316 57.48849038546488
0.9058386390862935 0.010459525635983161 0.42351223875164723 7.530828206742884 0.0014226759795046844 0.9996239338951702 -0.02773893236519278 -0.6117381843159887 -0.42363777805482433 0.02573134313969334 0.9054704777393174 58.02613373978288
0.9003137240098605 0.010048933716563442 0.435144529414023 7.801291806253993 0.0030147705221076912 0.9995752914834136 -0.029328748032912376 -0.6384571842957847 -0.4352488019092394 0.027718636131286344 0.8998882034633704 58.53615523819544
0.8943742444607748 0.008964474088283882 0.447249374947132 8.072085194585242 0.005731795762836529 0.9994978481644576 -0.031503603466515505 -0.6656800448136428 -0.4473017969927423 0.030741406590635525 0.8938602264272935 59.02799007822643
0.887802682946201 0.007189456654046898 0.46018710016270187 8.35124105957135 0.00891030930556974 0.9994325191445707 -0.032811677481144545 -0.6917529645232656 -0.4601557905244987 0.03323219898976338 0.8872213845339998 59.51475460515652
0.8810008331087872 0.005722772245639381 0.4730989221967444 8.633475931846784 0.011182918906259711 0.9994060981019117 -0.0329212512293257 -0.7164823426159815 -0.4730001269829591 0.03429587539035436 0.8804001098841056 59.99204821624591
0.8740460865301298 0.003951900643508262 0.4858455974116476 8.927050122498605 0.013746120151565983 0.9993759799434405 -0.032866247438667236 -0.7417773991881446 -0.48566598487914425 0.03540670524749604 0.8734329298236007 60.473021667002115
0.866978628392306 0.002906310459197902 0.4983562873334251 9.223286039328093 0.01546568678775561 0.999355139421604 -0.032741094693883796 -0.7667283057749009 -0.4981244640499834 0.03609495541820469 0.8663607833458433 60.94365334327138
0.8596883926938609 0.002042990835391506 0.5108338953594064 9.530153901169898 0.016755180988342045 0.9993520213051182 -0.03220144044556694 -0.7904431587276788 -0.5105627807270111 0.03624429616986963 0.8590831231806014 61.414291063698556
0.8523793793268464 -0.00015258032848783912 0.5229426453975594 9.836407404279656 0.019249993734687446 0.9993420633094078 -0.031091874952189 -0.8126962669648677 -0.5225876751241092 0.03657050954865888 0.8518075887629671 61.86742231692783
0.8451783365996112 -0.0026487634082274676 0.534496386968593 10.156766732504298 0.022118563169072878 0.9993152348883527 -0.030028927436802244 -0.8351070336130307 -0.5340446294243275 0.037203850576552615 0.8446441861751334 62.33081217936069
0.83819338157931 -0.004631823868568912 0.5453713128502778 10.470546070137836 0.025114886884439278 0.9992416317797624 -0.030118786578677847 -0.8590050205071902 -0.5448115347285954 0.03894381819870217 0.8376603738935492 62.77476751759642
0.8318602801958219 -0.006641828882314276 0.5549626011106639 10.787532817391615 0.028392458702940375 0.9991386956757179 -0.030605893285610423 -0.8828338895897769 -0.5542745265022985 0.04121764060452895 0.8313189403799268 63.21383241575248
0.826261526762306 -0.01003716863572614 0.5632147137630116 11.120295417693082 0.032397031805316556 0.9990434033067207 -0.029729085224302888 -0.9013717774388594 -0.5623707790852559 0.042811530625799316 0.8257826114209731 63.65981522532261
0.8207825231679773 -0.0126388881484259 0.5711182759341323 11.441125084379959 0.03522121587428621 0.9989831546063277 -0.02851583116272274 -0.9187691041302302 -0.5701698343637812 0.043521397513365104 0.8203795033413054 64.08743638818694
0.8158145894709693 -0.013598206876045989 0.5781710556543803 11.76886778599594 0.03672417148879444 0.9989348119626008 -0.02833002614135995 -0.9404464870066063 -0.5771621894338381 0.04434568927179619 0.8154312136338506 64.52076260923853
0.811139272397314 -0.013423781487599559 0.5847164551923455 12.092544377441365 0.03761531744565853 0.998875189338641 -0.029254697640321674 -0.9658928574926438 -0.583658187688566 0.04572478373907893 0.8107178474459311 64.94493674413286
0.8070648752372751 -0.01181460700994166 0.5903619118573914 12.410574930315299 0.038356562429793045 0.9987482503905657 -0.03245349996871476 -0.993293022165134 -0.5892312996130428 0.0488372258808598 0.8064938593580272 65.3596545517396
0.8033157576740444 -0.011009323415937789 0.5954691702464945 12.733483939645351 0.03831516498231653 0.9987248533195721 -0.03322828282508622 -1.0190407742864902 -0.5943352973726742 0.04950926770102864 0.8026991685302669 65.78022623574856
0.8004149636352819 -0.011239454744567093 0.5993584899700896 13.066753912855184 0.03858091804979342 0.9987291045875456 -0.03279831161086787 -1.0406809650684425 -0.5982192462688404 0.04937715951407751 0.7998169876918294 66.21269870448685
0.7992436700195673 -0.011652425902810511 0.6009117173191105 13.399843406710326 0.039153297426176625 0.998709613391851 -0.032713740939070375 -1.0632472090346077 -0.5997461143681097 0.04967501029056063 0.7986542143888408 66.64633428095773
0.7986770114261029 -0.012249064982209701 0.6016529020583223 13.724025086592906 0.040121083294454435 0.9986639163460412 -0.03293169366380864 -1.085668352632082 -0.6004368808095124 0.05044183829370588 0.7980870234626324 67.07152272696533
0.7983550284288431 -0.0125863118973322 0.6020736780396896 14.057170233236466 0.0405608230305669 0.9986470404212885 -0.0329112338204772 -1.1064849448678806 -0.6008359792710101 0.05069644390247341 0.7977708099668076 67.51067005753461
0.7983482902044803 -0.013184786723154204 0.6020700625916375 14.40157378596827 0.04033689103147501 0.9986981898867936 -0.03162051943697007 -1.123527027527131 -0.6008602489563082 0.04953088453962918 0.7978257390012644 67.97147547042414
0.7985953311667423 -0.013389445380498396 0.6017377533063939 14.749972811981115 0.03885591142800396 0.9988261357247447 -0.029346581698409212 -1.138603647033977 -0.6006295574801586 0.04681833386280303 0.7981630466204713 68.44443481601053
0.7990963048836631 -0.013184083069317518 0.6010764407265697 15.09451694000859 0.038306789861534005 0.998856569625137 -0.029021311872470118 -1.154827845259136 -0.5999978056750934 0.04621757069267833 0.7986728203167394 68.91258169189211
0.7995298425008426 -0.010155726494093617 0.6005584903153914 15.417232298266805 0.03598981009183753 0.9988823864146968 -0.031025975810012957 -1.1753710518495157 -0.5995633821134521 0.04642146292904873 0.7989870185475395 69.3570890444281
0.8000994933036931 -0.0066310966852937536 0.5998483727389535 15.736284887843476 0.03431965622557527 0.998818542547969 -0.03473934684150551 -1.1992772798724987 -0.5989010272731954 0.048382590607590474 0.7993670291119982 69.79215472038398
0.8003381622915842 -0.0041344249055431685 0.5995520349304018 16.06499986528013 0.03295346620802291 0.9987791945110331 -0.03710582446050039 -1.224037319448819 -0.5986588838269553 0.04945566705953342 0.7994826804636376 70.23669502584906
0.8002012475851519 -0.0039056411646236975 0.5997363373922187 16.41791549728249 0.032935509456993896 0.9987671709742705 -0.037443668974408255 -1.248648840073413 -0.5988428104552772 0.04971640434726198 0.7993287886687417 70.70211675028112
0.800040387054328 -0.0040220061699680785 0.5999500248331773 16.775226878399774 0.03311119732216372 0.9987606854689751 -0.03746201690635508 -1.271616897456753 -0.5990476963159429 0.049837561047319213 0.7991677500652746 71.17509606144789
0.7998236373129642 -0.005472987257091356 0.6002272475540369 17.150013993571733 0.03368783549120022 0.9988027357132927 -0.035786254712624956 -1.291838449871281 -0.5993045958953942 0.04884430606614669 0.7990362499984345 71.67298940293495
0.7985023054938635 -0.006517481774792944 0.6019736394490253 17.522525008360585 0.032934189753866215 0.9989282507542236 -0.03287422298771383 -1.3108917087737415 -0.6011060022952461 0.046077630084619445 0.7978471282243713 72.16384632835026
0.7953766003482352 -0.006948014665657121 0.6060927231738902 17.921282586794767 0.03248107295410782 0.9989975164693515 -0.031176118500104783 -1.3322558182583852 -0.6052605377371311 0.04448529475305252 0.7947908320353082 72.67587223204288
0.7919139141156251 -0.007423262598911502 0.6106042215930458 18.317951298947325 0.03277136245822204 0.9990127883909111 -0.030360379982705014 -1.3549097600127946 -0.6097678830783196 0.0440547104699961 0.7913617739821384 73.17353681984952
0.7887108811832138 -0.008230791282728014 0.6147258181899832 18.722511708858264 0.03355745286546679 0.9990069684940196 -0.029682614921589478 -1.3782977984768199 -0.613862742544609 0.04404118331853318 0.7881903855330027 73.67714389733307
0.7857643000600593 -0.009026531330975193 0.618476594933075 19.12742006397234 0.03392341900578828 0.9990285284458873 -0.028521745856404993 -1.4002522784624405 -0.6176097295197177 0.04339395449087344 0.7852938471861566 74.17902355539916
0.7838208439551311 -0.01035130321163379 0.6209174487347369 19.525447158951525 0.03545263484999034 0.9989874289105491 -0.028103094343051516 -1.4221248082764328 -0.6199892294364704 0.044042702974962086 0.7833806452678229 74.67046476631553
0.7832906910035781 -0.010458985587804786 0.6215847192025433 19.90595573808198 0.03555509376180432 0.9989870644323464 -0.02799934317695523 -1.4430436580860408 -0.6206534176301588 0.04403378655086953 0.7828551803900694 75.14549690489747
0.7833249769258869 -0.010959722055099572 0.6215322724065574 20.284848621937165 0.03583919749452697 0.9989889723738902 -0.02755607450150205 -1.4608447793311445 -0.6205931987739752 0.04386211045173022 0.7829122957436339 75.62461466676238
0.7837988046770539 -0.011265944330049045 0.620928659186541 20.634344490715513 0.03605843304065519 0.9989852408435635 -0.02739374527172311 -1.4777934097894119 -0.6199813147423531 0.04386244339921456 0.7833966640223674 76.07384826443634
0.7849658602288809 -0.010985933250909212 0.6194572551960525 20.956683985809256 0.035902779469513674 0.9989798605823724 -0.027780586081177158 -1.4951847425210507 -0.6185118775349163 0.0440487450269009 0.7845467908517205 76.49398020531284
0.7879014655208605 -0.011871222982738839 0.6157026146415677 21.28671214955854 0.03651568995786403 0.9989662849916198 -0.027469394482528914 -1.5094706735368995 -0.6147318995771066 0.04412773879611255 0.7875076880490005 76.92870145600841
0.7916824619246413 -0.012781533885575212 0.6108148439503494 21.616191402230292 0.03645944111134316 0.998998368022785 -0.026352525198320403 -1.5201029311345327 -0.6098584413107896 0.043134918781003 0.7913427771427808 77.37704012543436
