1.0 0.0 0.0 0.0 0.0 1.0 0.0 0.0 0.0 0.0 1.0 0.0
1.0 0.00017577409744262695 -0.00020498037338256836 -0.0011151288636028767 -0.00017595291137695312 0.9999999403953552 -0.0003211796283721924 -0.0032716819550842047 0.00020503997802734375 0.0003210604190826416 0.9999997615814209 0.29225796461105347
0.9999997090175619 0.0002371319273404282 -0.00040879853765218854 -0.0030523405862207392 -0.0002374111025300607 0.9999996364711494 -0.0004914341546289336 -0.0054707286110583925 0.000408808450249154 0.0004913931623491408 0.9999994267046244 0.5671087539328892
0.9999997336141438 0.00020545584229673215 -0.000658313896382454 -0.005422574673176018 -0.00020603280534046858 0.9999996843634201 -0.0004092994048508294 -0.006687610373342964 0.0006585374945126496 0.0004092450457549153 0.9999994842332788 0.845193803329901
0.9999992984099815 6.151769770941055e-05 -0.0007308000158111157 -0.008454549317294287 -6.196811644036599e-05 0.9999994614708446 -0.0004435868364045648 -0.008158320249858181 0.0007308667841140055 0.0004436612460118819 0.9999991840464031 1.1023074251848057
0.9999990808413133 5.776503482710774e-05 -0.0008659035808269477 -0.01203651885646552 -5.818345810391131e-05 0.9999990331964976 -0.000603199564756476 -0.010198953731679788 0.0008657834060079976 0.0006034285499552225 0.9999988952837888 1.3376089527515407
0.9999991630502134 -7.553228031095901e-06 -0.0010505918287577404 -0.0153869831138615 6.8231016246144766e-06 0.9999992397104898 -0.0006624953833586553 -0.012083807727934852 0.001050567298923041 0.0006625595335404264 0.9999986995992789 1.5755259162315882
0.9999988163826178 8.362767971732922e-07 -0.0012104812006532289 -0.018785165812315104 -1.5082208617759173e-06 0.9999993684736448 -0.000648101924043632 -0.013654827040477784 0.001210391308344982 0.0006482335120223711 0.9999984815573015 1.8081736086319085
0.9999989051580463 -1.5444065038933975e-05 -0.0012356641596572866 -0.0221825332232199 1.4866744108685462e-05 0.9999993481015624 -0.0006796625255393439 -0.015419243335772662 0.001235555199911712 0.0006796850571792513 0.9999984306173856 2.0423925792932134
0.9999987029636409 1.6013750853219363e-05 -0.0012553022221847329 -0.025925369954194862 -1.637919762942686e-05 0.9999987555758968 -0.000762423610281805 -0.01719163784504633 0.0012548456250862147 0.0007629316410257434 0.9999980520772098 2.2624266273125615
0.9999985298924856 0.00011367725530678284 -0.0012971148052632647 -0.030071749890918213 -0.00011392403852957137 0.9999986952351333 -0.0007611116248707686 -0.018776861563401925 0.001296434645132568 0.0007619216605042789 0.9999980006092124 2.4820267198317807
0.9999987780645968 0.00024413798726994078 -0.0012781589955052038 -0.03325508176564362 -0.0002443840365452822 0.9999986898557885 -0.0007487457458333712 -0.02037819250934414 0.0012773813036860496 0.0007496334277661146 0.9999979153965621 2.690068876840748
0.9999985321431655 0.00044540710780114083 -0.0011060110093691219 -0.036561046832566294 -0.0004453308293920543 0.9999983407934206 -0.0008305949994655077 -0.022260416777592575 0.0011047941593541207 0.000831936103296081 0.9999979547861835 2.8909006385605416
0.9999988381382451 0.0005158201778262021 -0.0010164417232668061 -0.03980061414878143 -0.0005159177399585761 0.999998048601787 -0.0010011933293521693 -0.024507296277759532 0.0010151798414517906 0.0010024233353578991 0.9999979119319493 3.083623147644664
0.9999988532590094 0.0008646679998401551 -0.0009415443505007182 -0.043732649178333784 -0.0008651551877475649 0.9999976455294823 -0.001223914667292783 -0.026805805399171063 0.0009399665254294118 0.0012254899990209998 0.9999978840695241 3.2684947733574536
0.9999990458124657 0.0009280120426513297 -0.0009317172441756148 -0.047077240578000855 -0.0009288308430448185 0.9999978113341275 -0.0013360394719927435 -0.028840787011296148 0.0009301135600038457 0.0013374277588796564 0.9999978752095026 3.4533346310685755
0.9999990736298271 0.0011053426775826224 -0.0008533597356727768 -0.05002150868241376 -0.0011060197034308582 0.9999974520718081 -0.0013924981720831583 -0.030412520228269433 0.0008513774025691091 0.0013939486580627888 0.9999978727274298 3.6338131056061287
0.9999989339828965 0.001218818122603306 -0.0007304933875118644 -0.05034447969366679 -0.0012194541753890046 0.9999971344822974 -0.0016160319773380095 -0.03272352111412879 0.0007280164008495944 0.0016174433303365692 0.9999976661377581 3.8204153440271074
0.9999990217915687 0.0013005293325072495 -0.0006365891959099919 -0.051951175946186826 -0.0013014372881870228 0.9999969149710634 -0.0019118151146858132 -0.035002081217040605 0.0006338277286621597 0.0019128140760003593 0.9999973757454564 3.983637761143373
0.9999984837424233 0.001401020836820862 -0.0005285919189126442 -0.053655027436148535 -0.0014014539461287565 0.9999958268111864 -0.0021003051697046546 -0.03728677164479802 0.0005250363364491224 0.002101793132805162 0.9999966072365256 4.153692472239743
0.9999986280960356 0.0013318099979964689 -0.00043911028128879644 -0.05587211360920292 -0.0013320648970722498 0.9999954694322961 -0.002174756901153657 -0.03905202902279518 0.0004355068988022466 0.0021761723355585086 0.9999962596345843 4.274190340432834
0.9999990926960907 0.0012037509037395385 -0.0003122417180043312 -0.05791206748363529 -0.0012038185195558009 0.9999957064898366 -0.0023089617333336672 -0.04078055989560655 0.00030882807145749376 0.002309959097735159 0.9999961424880884 4.408018298594412
0.9999987607642067 0.0012962589076510784 -6.579007404206499e-05 -0.059488607554930475 -0.0012954561082563166 0.9999949304154584 -0.0024936743877394564 -0.04330305946793194 6.173349551293799e-05 0.0024945820067710915 0.9999956734638618 4.609132495425573
0.9999988220336565 0.0014406617952101974 8.797030264181993e-05 -0.0618472792470707 -0.0014395531232115509 0.9999941369720281 -0.002784743258160114 -0.04612108359549621 -9.270425123565926e-05 0.0027855500344484774 0.9999949573785843 4.835959086692397
0.9999981875034414 0.0016291878523900258 0.00014907507569861454 -0.06531897633351595 -0.0016278198779471256 0.9999929615706853 -0.003088128307537906 -0.04845207191546312 -0.00015488982145282442 0.0030887694948714094 0.9999941068209894 4.99004426167528
0.9999969787122927 0.0022098357801861772 0.0003154062991087526 -0.0685353500198244 -0.002207578828972796 0.9999901980211426 -0.0035610610888628966 -0.051031614670672354 -0.00032428941219771656 0.0035617279399353555 0.9999923825687574 5.161137363871713
0.9999966623025857 0.0024374208641578976 0.0004798122407531461 -0.07124004467595058 -0.00243453075689035 0.9999892173216731 -0.00379659384597567 -0.052856410243977435 -0.000489965119284848 0.00379643634165228 0.9999917298897397 5.334312061673985
0.9999967041261625 0.002465990045380216 0.0007429583499617102 -0.07382750318460155 -0.0024623501026677748 0.9999887717592081 -0.0039592689265748925 -0.05475517578215318 -0.0007534057878370404 0.003958308163580238 0.9999909856069594 5.508537006731838
0.9999963342302313 0.0026794716718691654 0.001012608064501966 -0.07649828796422571 -0.002674962315102451 0.9999876945695076 -0.004250416054611377 -0.05710539252348678 -0.0010242286838710358 0.004248123830383992 0.9999899897136256 5.6895299133469885
0.9999960248320705 0.002805557278512506 0.0011025739890755766 -0.07948733168442765 -0.0027998299763479354 0.9999843328296909 -0.004920549365341757 -0.06046504020878806 -0.0011165809585178402 0.00491791432291052 0.9999869307172005 5.8884859564879
0.9999950482993014 0.0030955059194013937 0.0011967303998104625 -0.08343101384284232 -0.0030881334899082635 0.9999793031583922 -0.005681479763901512 -0.06457265084660176 -0.0012147977874481155 0.005678343101496616 0.999982724645066 6.093899264360521
0.9999941976606884 0.0033507808555882867 0.0012472298546315748 -0.0871324963624096 -0.003342583850105353 0.9999761208762799 -0.006071654362954146 -0.06812192975289443 -0.0012680994919059352 0.006068168006212252 0.9999804471471089 6.302784672630003
0.9999931911897504 0.0036293904171701232 0.0013053513742361275 -0.08944671374176938 -0.003620995808431217 0.9999750968317507 -0.00608740453187834 -0.07056859297518887 -0.0013278151078378493 0.0060831030161488265 0.9999801597682108 6.518494268822899
0.9999922422957672 0.003794635258231016 0.0014360236126041359 -0.08913501979360877 -0.0037853294698408178 0.9999741716703846 -0.006082393410789746 -0.07312268349619536 -0.0014596191994149176 0.00607781511977884 0.9999799004352226 6.75560456075252
0.9999913266730935 0.003968815328656837 0.0015307067288307143 -0.08992742389033019 -0.0039585216285513035 0.9999726801868151 -0.006239331427093264 -0.07597874453204619 -0.0015560705284906051 0.006234110387449582 0.999978809692777 6.979785314887647
0.9999911232864953 0.004065976072935011 0.0014893186096568412 -0.09150732305598473 -0.004055780384517933 0.9999710581591598 -0.00638004078934044 -0.07949975117636672 -0.001515906750481594 0.006375098109606559 0.9999778757851961 7.223257653957624
0.9999898148141521 0.004291306916142289 0.0015128707041015313 -0.09380469737951923 -0.004280686496146284 0.99996952355639 -0.006458633892246073 -0.08244924783230193 -0.0015413313721843196 0.006453432333364754 0.9999772199504846 7.464135982627131
0.9999889376686492 0.004466624845403874 0.0015951900988643867 -0.09598328793663105 -0.004455445238051889 0.9999684231011571 -0.006513137212714495 -0.08543919699321212 -0.0016250131936571938 0.006507401225219083 0.9999768624577524 7.705604966032523
0.9999881456556016 0.004615776196104659 0.0015997521440971288 -0.0987725051254775 -0.004604118660531385 0.9999668174301792 -0.006639337935205281 -0.08902537901024613 -0.0016313450328402698 0.006633487522087754 0.9999758541945152 7.950512014996548
0.9999879922171677 0.0047417465973581645 0.0016298704352627194 -0.10159771552607329 -0.004729736699195012 0.9999651318487427 -0.006842160571998497 -0.09331834940079975 -0.0016631145356735373 0.006835935029640986 0.9999745782287428 8.201072786175656
0.9999870704157567 0.004927954016293793 0.0017266054869716824 -0.10413066216391552 -0.004915180911077239 0.9999631774835115 -0.006956132520468213 -0.09711192999017172 -0.001761629513232348 0.006949107968274342 0.9999734616451023 8.457976102984679
0.999986118552978 0.005161792406772574 0.0018861011891898065 -0.10665565350542602 -0.005148224450026825 0.9999625844513038 -0.006945772209155407 -0.10004756765740623 -0.001922397712573758 0.006937255521171839 0.9999734966341068 8.709400254198794
0.9999847957956415 0.005321529388643452 0.001993134064820886 -0.1089454268546961 -0.005306703909918983 0.9999611830668413 -0.006978120325636074 -0.1032676314545798 -0.0020310257146251218 0.006968863511463104 0.9999728315444941 8.961370673915384
0.9999837350607741 0.005522572092208248 0.002048259889774805 -0.11176989857454575 -0.005507266780490279 0.9999597191692122 -0.007052649666392123 -0.10698157491776245 -0.002087887014207393 0.007042542874902526 0.999972201426842 9.215796943897015
0.9999828313505302 0.005727434430568301 0.0020534049903898643 -0.11438870582421244 -0.005711749895119109 0.9999574865108009 -0.007243561672709693 -0.11099260678170657 -0.002095467054553196 0.007232817395552105 0.9999710825883529 9.469449135839959
0.9999809702681661 0.005984153570535108 0.0021275847994435184 -0.11678810879547528 -0.005967583007926325 0.9999546883708578 -0.007378598561273786 -0.11474792300608887 -0.002172420653184821 0.007366980030326736 0.9999695942487855 9.73139774070785
0.9999792741035247 0.00625766078972844 0.0021559784819794297 -0.1192090141475756 -0.006240251708616698 0.9999514143488509 -0.007569202139932379 -0.11884735350473913 -0.002204083510193255 0.007556905421325054 0.9999680079382308 9.996218307183156
0.9999778638448424 0.006529423983183349 0.0021309295407859375 -0.12246727485664541 -0.00651206795387184 0.9999481641219973 -0.007790594177038318 -0.12317418630461269 -0.0021823851641523113 0.007777792149207241 0.9999663858576486 10.255496108237587
0.9999761969275109 0.006788929776062198 0.002062305727386653 -0.12555589801117556 -0.006771864932955629 0.9999458075989738 -0.007829723009095518 -0.12668872322912836 -0.002116245911301928 0.00781694835354974 0.999966048426375 10.521983494646253
0.9999742914498841 0.007012903625206476 0.001960946510196835 -0.12529267305169203 -0.006995819629266522 0.9999425035576768 -0.00799631286761577 -0.13109896945576113 -0.0020182145237096724 0.007984133529205663 0.9999645952893144 10.797101690613811
0.9999741065965381 0.007092559626421322 0.0018915308463445194 -0.12614188132679088 -0.0070757239007255696 0.9999401384425042 -0.008192370466709446 -0.1351766603418919 -0.0019508719637596047 0.008180570593359283 0.9999629845463747 11.049535229357426
0.9999715268521142 0.007367544176371539 0.0019102525234972962 -0.12808963263528206 -0.0073498383036327735 0.9999365170686395 -0.00833852851881553 -0.13917063738813992 -0.0019733199628145267 0.008326593149518412 0.9999612149572563 11.304037505327587
0.9999697806959394 0.007575430108464029 0.0018983268641832407 -0.13012946394111866 -0.007557429144798644 0.999934003684581 -0.008428053627144542 -0.143023256225472 -0.0019639911406425783 0.008415912574307075 0.999960252585419 11.571938390199913
0.999966352904961 0.008056280126318005 0.001972577805265594 -0.1332202065417329 -0.008037503899229892 0.9999286344086602 -0.0086351152825379 -0.14735254455832072 -0.0020436730072493988 0.008621192803241412 0.9999586042019902 11.840477848581319
0.9999641255932686 0.008306761972638643 0.0020183620370898556 -0.13596535226765794 -0.008287085541673345 0.9999245503740936 -0.008833992674169594 -0.15175346542868307 -0.0020934503022800267 0.008819422055735765 0.9999564979290727 12.104362355167392
0.9999580684055817 0.008969112489877688 0.0021170687888755033 -0.13942314273638248 -0.00894796874475457 0.999917455072185 -0.008948950733064549 -0.1551176436560616 -0.0021993582700928606 0.008932585768677833 0.9999550442154093 12.375017683375043
0.9999547226707178 0.009362216050771926 0.0022555446329308414 -0.14222112895545158 -0.009340180441436224 0.9999138138819708 -0.009017845237860736 -0.15844050719673206 -0.002341448682329248 0.008998956755466489 0.9999546108272346 12.640435494988745
0.9999518416298185 0.009692834715327425 0.002371125402536164 -0.1451549755294712 -0.009669610385822125 0.9999095200025931 -0.009179948055656598 -0.1627134493409019 -0.0024612736259507235 0.009158693615004805 0.9999530068335571 12.896215571707236
0.9999490233815898 0.009933709006548313 0.0025742211093735252 -0.1473526803452789 -0.009908114871802891 0.9999048153088578 -0.009467629983230117 -0.16734597363581935 -0.0026692508819381876 0.00944353781393434 0.9999501217526879 13.149557442301436
0.9999461801777136 0.010179042265389068 0.0027327268881345407 -0.14929422562252875 -0.010151065638116696 0.9999001361339829 -0.00969465529434759 -0.1719409285128116 -0.0028325439259668734 0.009668356469470998 0.9999475039702422 13.406063562997646
0.999943867643622 0.010380980552675315 0.0028267791618805447 -0.15141071105983228 -0.010351703861522425 0.9998970195394391 -0.009818486630482627 -0.17616420664280746 -0.0029298553266147603 0.00979044646462002 0.9999461652106059 13.65933080159389
0.9999401331855918 0.010705557257065762 0.0028929205112386194 -0.15421259309987345 -0.010674888747242275 0.999891554827998 -0.010015896190282909 -0.1806404842937132 -0.0030014184942524624 0.009986209861148686 0.9999439202007436 13.90686677643319
0.9999385038964606 0.010884451676077983 0.0029586308905832593 -0.15642821123164044 -0.01085265350153984 0.9998880139002536 -0.010192017558290743 -0.1851423144327699 -0.0030708197048669034 0.010160963038086791 0.9999422039893942 14.159771209245264
0.999941704040419 0.01058688583628686 0.0028523237906841015 -0.15727182310508583 -0.010560131344908352 0.9999045229678919 -0.008743009899431668 -0.1863863477962025 -0.0029461650048021363 0.008714083831245443 0.9999562174122338 14.425545027625086
0.9999457630571108 0.010146133217051267 0.0032242359801008427 -0.15841350318855435 -0.010129000644445859 0.9999352374467769 -0.004927853895361336 -0.1824170071199716 -0.0032760867142243803 0.0048967338866925305 0.9999813671812031 14.693138068990242
0.9999519716596889 0.00949468807169273 0.0032011390413316863 -0.15569847954394664 -0.009479853417239463 0.999944898478518 -0.004180437525079736 -0.18289997333210176 -0.003242761053750841 0.004151555699494408 0.9999846494588649 14.960731346060165
0.9999563313860431 0.009137061690030918 0.002786774663562624 -0.15722977304786437 -0.009118507187339078 0.9999384581355172 -0.006085555217766476 -0.1892880912233914 -0.0028443515508094304 0.006061894363928664 0.9999759826125442 15.199348448039126
0.9999229477370333 0.012249834048117532 0.0026649035659634533 -0.16438136914584683 -0.01222197343674787 0.9998768093115138 -0.00969444937164455 -0.1989241878909317 -0.0027857235335390458 0.009663225697992746 0.9999471997478915 15.439244338912127
0.9999357471923119 0.011212787105909193 0.0023612104056910583 -0.16556662327692265 -0.011181599908107409 0.9998619858007841 -0.01215450098134059 -0.2069228695159816 -0.002499477607917794 0.012129635803638208 0.9999210548754821 15.67975478746828
0.9999672566380656 0.007747114019268993 0.002700568071812205 -0.16650147139028107 -0.00771131926383755 0.9998923005017429 -0.01231258646599822 -0.20968311177101082 -0.0027979375261658755 0.012293477778930502 0.9999182115480488 15.93988297579423
0.9999965484839485 0.0012478196354922721 0.002703951806387087 -0.16170502311888516 -0.0012141452140646328 0.9999292208069009 -0.011621899428213098 -0.2109468994516745 -0.002720472948056966 0.01162028655002153 0.9999264702901252 16.202718095048017
0.9999934168759427 -0.0021984008808988028 0.0032895122764928265 -0.16411212475486472 0.002236219321810026 0.9999352203321559 -0.010936023183204798 -0.21048265929184864 -0.003267531756457798 0.010945031825077887 0.9999325008542939 16.45707160423511
0.9999895122803611 0.003969980663951691 0.002876541586148816 -0.176076995845441 -0.003937903115818041 0.9999365247042095 -0.010333026482193449 -0.2092122505799743 -0.0029196622690020693 0.010323171748958072 0.9999406946746829 16.719678359762938
0.999924416273474 0.012257851713737862 0.0018126055503143656 -0.1906062090665651 -0.012238302828386243 0.99988023479726 -0.009204550294941842 -0.20539216370125235 -0.0019273707221522044 0.009183315134392172 0.9999536922000035 16.961920919302806
0.9998874037129245 0.015020172994767768 0.0015736580491347916 -0.19781139671742412 -0.015001660645052785 0.999836176627261 -0.009875939706880391 -0.20738795697546158 -0.001723764059981329 0.009852723591820128 0.9999480638077528 17.216958324662038
0.9999202190163788 0.012665636385522662 0.0014605099245093504 -0.19787956779806434 -0.012642478189471375 0.9998266909247884 -0.013466711465597678 -0.21597049552824246 -0.0016329764303848549 0.013448914595398487 0.9999062752035291 17.432540485687344
0.9999415895432704 0.0108106586914534 0.0016211142946669895 -0.19843202643607338 -0.010780299289632832 0.9998066263394062 -0.01627883233429687 -0.22349643685365045 -0.0017990640151879312 0.016262088400690378 0.9998642273721725 17.647311489400764
0.9999425690577064 0.010760780843481681 0.0014955626346285394 -0.20250391490525327 -0.010730797011401623 0.999789978830526 -0.017297437709762505 -0.23041240532093957 -0.0016837141361113928 0.017282196197689923 0.9998474281965566 17.877595493279763
0.9998639705272161 0.016572950169338976 0.0009591125983225677 -0.2125500275813024 -0.016552277747608594 0.9997256096316396 -0.016390235522189156 -0.23040975949505657 -0.0012327824987113638 0.016373835336777175 0.9998633321045618 18.130144321655894
0.9998247443293191 0.01872725959674594 0.001944138433519896 -0.21500028899855098 -0.018691918539748904 0.9997010342655038 -0.015552896701801593 -0.2289817891763002 -0.0022371826264420713 0.015515711942666467 0.9998750394842134 18.368611485266257
0.9998356329297293 0.018128752135126117 0.001898280276449718 -0.2166388488813364 -0.01809338735204285 0.9997085062845712 -0.015768442330191618 -0.23275796800886894 -0.002185970552684713 0.0157335333423582 0.9998715967179217 18.583460739513782
0.9999313002834442 0.011760403523479282 0.00153130179183898 -0.209813745527992 -0.011727972186544778 0.9997656999082005 -0.018013636077121507 -0.24364578011974417 -0.0017450742816206449 0.01799669401580507 0.999834318466405 18.811555896708374
0.9999889150820002 0.004815467915967263 0.0016134307173726412 -0.2006723694734958 -0.0047792723470351335 0.9997830410930764 -0.020132477888895686 -0.2538265058505203 -0.0017124086070680199 0.020126804228708634 0.9997936286079764 19.047133766521515
0.99998775879499 0.004729981001338089 0.002475263368004691 -0.20054759488124743 -0.004675726031897458 0.999777995185504 -0.02040476865208057 -0.2591281330509789 -0.0025735707478012 0.02039496672687682 0.9997861559154835 19.26606635565902
0.9999492673581991 0.009772292702076111 0.003116939680845162 -0.20727269770334122 -0.009703962875371775 0.9997425319210783 -0.020365521703947488 -0.26014969163506163 -0.0033174833527323897 0.020336333886607338 0.9997848302607509 19.50002502367536
0.9998484469376123 0.017346987054127933 0.002478771517525357 -0.22069848214918592 -0.017291022922391337 0.9996463855262783 -0.02007587978972327 -0.26025973630702925 -0.002828669019002519 0.020031883385366076 0.9997934373250398 19.72692859048117
0.999800434083352 0.019942446553117023 0.0023779745172737804 -0.22695260937656322 -0.019883787801988937 0.999566212059615 -0.02161252510575485 -0.265455424921135 -0.0028102701182567556 0.021562524804366292 0.9997621131155092 19.941157981067946
0.9998437564040059 0.0175963477859918 0.002664510144377398 -0.22732886052622778 -0.0175292051631383 0.9995892813108089 -0.022573280122270542 -0.27104456898167806 -0.003062912678932879 0.022524504981451532 0.9997400637938292 20.158583468405766
0.999860166124892 0.016456060323493147 0.0037182137018521577 -0.2260042217174007 -0.01636744890566896 0.9996180551130301 -0.022192673331273175 -0.273581861547813 -0.0040843072850382765 0.022130290985376055 0.9997453108266527 20.37743698681824
0.9998437649705927 0.01699113401473983 0.005472546477807389 -0.22612725580048032 -0.01688799360929646 0.9996931030507529 -0.01805317145609475 -0.2699178290633213 -0.005780534550740929 0.01795980941829453 0.9998212592109424 20.606817290059745
0.9997866495826194 0.02010552236733331 0.005366024331407353 -0.23345593170332934 -0.02002046344603843 0.9996836347465088 -0.01514475169014927 -0.2668444395911581 -0.005671729552378877 0.015035983600488878 0.9998703101502614 20.841037172865548
0.999760701466464 0.021352739819802534 0.005360664222279904 -0.237527770695684 -0.021265356523079093 0.999652051116442 -0.015544655819166952 -0.27049168311527577 -0.005693399585581405 0.015428687455481824 0.9998642808903543 21.064109580213355
0.9997685628969559 0.02099329717510276 0.005349050299541257 -0.23848501048372567 -0.020896773343962553 0.9996328992586747 -0.01719609041600959 -0.27683106029891924 -0.005710691475881173 0.017082184972697232 0.9998374137688038 21.256477219130957
0.9997840790595852 0.020212464080993506 0.0055360987026146285 -0.2391968613156533 -0.020108081611392634 0.9996339740251265 -0.018057557618060216 -0.2822280517330725 -0.005901506519616584 0.017944023852579764 0.9998212369270703 21.45349176039422
0.9997916613544481 0.019809695793393263 0.00557353971635626 -0.24069402289548159 -0.01970396120704422 0.9996403007762426 -0.018136987686132186 -0.2861399785084897 -0.005933446088180673 0.0180252998668279 0.9998193563478845 21.654749884210243
0.999785989799891 0.020050861008443915 0.005701583733371728 -0.242824148414378 -0.019943178814691667 0.9996366885160622 -0.01806973750884033 -0.2898087482497749 -0.0060645562511316585 0.01795399033194225 0.9998196238413952 21.859168915589464
0.9997780436299202 0.020369928935478492 0.005973599499542067 -0.24422217597055967 -0.020256426308956618 0.9996283734944622 -0.01817723808396421 -0.29423890981458384 -0.006344462844374661 0.018054021436478773 0.9998160096099344 22.061426792632577
0.9997706478827044 0.02067125703167084 0.006164060004936989 -0.24320499325642467 -0.020552628629773403 0.9996178428354906 -0.018426497242187714 -0.2996729478311348 -0.006545402822762698 0.018297167742426266 0.9998102197413172 22.2674907495792
0.9997698607762205 0.02067870361613896 0.0062663839452170855 -0.2424873985590944 -0.020557582810382835 0.9996156620456789 -0.018539291312056342 -0.30410290974817994 -0.006650115086020218 0.018407907467973026 0.9998075096197361 22.456370260504322
0.9997685392963079 0.0206727299436295 0.006478024365771947 -0.24172022877800386 -0.020547479198263642 0.999615428940807 -0.018569423191352116 -0.30843128685106574 -0.006862182220361694 0.018433754332514447 0.9998056237791566 22.653706744722257
0.9997679319556516 0.020638192307940454 0.006718187232367967 -0.24123904996633172 -0.020508012047217278 0.9996144129471992 -0.018674645733833987 -0.31281021151526905 -0.007103695293040874 0.018534054801223616 0.9998019933094984 22.842805284147733
0.999763776580627 0.02078054500535518 0.006899477079031232 -0.24188783707038441 -0.020645805346018765 0.9996087246178923 -0.01882776696479595 -0.31746331908228986 -0.007290753869755818 0.018682360332308263 0.9997977951132313 23.033416636148342
0.9997631130510731 0.020784415604170672 0.006975733776005522 -0.24282256178652958 -0.02064720967052217 0.9996060957822841 -0.018946409671733083 -0.32206240730973484 -0.0073696186461143925 0.018799579696587715 0.999795034250155 23.217950379585076
0.9997600695714918 0.020876772535267506 0.007102581177394407 -0.24366613744492205 -0.02073633382023926 0.9996021229542362 -0.019058941944737093 -0.32650670999955067 -0.007500475953711742 0.018908733393140465 0.9997918969013461 23.396789186003556
0.9997567916381456 0.0209537730307298 0.007304383849969404 -0.2442606186629357 -0.020808678686543396 0.9995987244086578 -0.019148720619290443 -0.33074768459828807 -0.0077056620953206015 0.018993939907690712 0.9997886318840129 23.572784713968353
0.9997500987669439 0.021199332660004726 0.007532085036030026 -0.2454367089064693 -0.02104953378601675 0.9995928095473037 -0.01920866028652609 -0.3343663954748693 -0.007939096714377003 0.019046909382337086 0.9997860579868237 23.739448136614044
0.9997458281688663 0.021349080824642486 0.007677589262268608 -0.24688366996471325 -0.0211957753444642 0.9995880261019736 -0.0192910905404111 -0.33817375611537515 -0.008089158966870567 0.019125039483915657 0.9997833775344336 23.897941785239112
0.9997398330953916 0.021578775218756795 0.00781950935515407 -0.24888542538319916 -0.021421588889157763 0.9995804673014462 -0.019434744568314566 -0.34237330068668465 -0.00823840042429032 0.019263736812336448 0.9997796344343558 24.054684470624377
0.9997350540958566 0.02174023222008599 0.008045095552606546 -0.2500745588851873 -0.021578032664995122 0.9995749611737414 -0.019564787754119607 -0.3462488292117108 -0.008469471836145858 0.019387176138310827 0.9997755797883012 24.207447630151727
0.9997290729849327 0.02192915278194166 0.008277856162868545 -0.25093441449555703 -0.021761245475411372 0.9995683124771796 -0.019702405682012366 -0.35023043446481583 -0.008708738631975332 0.019518145470008984 0.9997708937396234 24.358422164374
0.9997233961919333 0.022107754644706747 0.008461194818083823 -0.252114089187401 -0.021936365888415382 0.9995645847661881 -0.019704369790268357 -0.353072796083464 -0.008895468963140219 0.019514506166024383 0.9997693366002812 24.494487531861754
0.9997176272184121 0.022291829332030617 0.008675862850129236 -0.25282860269129476 -0.022117677579192727 0.9995637602095336 -0.019544531006217843 -0.3546390510815945 -0.009110132084494956 0.019348206237348828 0.9997705505652361 24.61821023908146
0.999710960601815 0.022485779580468462 0.008958587534541058 -0.2530808690408775 -0.0223074728121552 0.9995618565074642 -0.019446116576671425 -0.35591652183817196 -0.009394050067336344 0.019241587217459093 0.9997701397261989 24.72579717065649
0.9997038181434651 0.0226793499793948 0.009203940097540627 -0.2521904348136711 -0.022494647177652576 0.9995547940588866 -0.01957196370779463 -0.3589834689838072 -0.009646264920076473 0.01936059097758484 0.9997651350557784 24.846409502616655
0.9996979303710719 0.0228575151420076 0.009404334816803264 -0.2518585958840227 -0.022667080543669272 0.9995471492663315 -0.019764180098894506 -0.36092754583395165 -0.009854376303341534 0.019546599048590026 0.9997595264614886 24.927864242692294
0.9996916666716305 0.023017471381920288 0.009681500559151925 -0.2513994412221457 -0.022820321748817388 0.9995409894662824 -0.019887770654144505 -0.36259467605776236 -0.01013737690262178 0.0196623617921812 0.9997542962693151 25.010434996288698
0.9996838277527503 0.023208987124629366 0.010010931546551756 -0.2510054672158191 -0.02300424414071029 0.9995347341285091 -0.019997191601755244 -0.36372481829336795 -0.010472919557918781 0.019762241609980146 0.9997489284107814 25.08241864064731
0.9996753249216184 0.02345852684443274 0.010251827865465182 -0.25091863335635606 -0.0232474012505156 0.9995261722008647 -0.020139178233698762 -0.36469647782956444 -0.010722019220042267 0.019896218862789885 0.999743615693911 25.145161211836857
0.9996680652242128 0.023708505001058564 0.010433918244878894 -0.2510912418210604 -0.023492912426861086 0.9995187807742835 -0.020235066193366107 -0.3652831243234553 -0.01091105652447557 0.019984813672142072 0.999740054677264 25.199825335203215
0.9996619211862771 0.023864861463979727 0.01066194298311885 -0.25099380562362744 -0.023643165265742394 0.9995128120745949 -0.02035511536646581 -0.36555790724299936 -0.011145031722669653 0.02009785907157493 0.9997353635313798 25.2453302033284
0.9996550780121213 0.024009631141868517 0.010946646814152508 -0.2508045456779919 -0.023780304976608907 0.9995064509684084 -0.020481180667751134 -0.3654930564425261 -0.011435866577795578 0.020215634637628283 0.9997294614488309 25.286890019789233
0.9996494537344419 0.02414046095993429 0.011183812847185387 -0.2507359035113305 -0.02390580204971875 0.9995022285832641 -0.020547950595832094 -0.3650045967025302 -0.011677008013751732 0.020274928314923005 0.99972543625726 25.324588189162036
0.9996434576919795 0.02430058118036919 0.011384592208684223 -0.250909123445207 -0.024060257666285605 0.9994955563130223 -0.02069301537120847 -0.36467488975411194 -0.011884347239164216 0.02041322788189243 0.9997203270232004 25.355104747297986
0.9996376113945339 0.024422890143022333 0.01163686569708207 -0.25081846140742 -0.024175445480287043 0.9994894347154705 -0.02085487535445775 -0.3641351788935651 -0.012142946972224835 0.020567379067607194 0.9997140433421857 25.384686483412047
0.9996313735110657 0.02454166111561132 0.011903227472673606 -0.25069565015668205 -0.02428762359995349 0.9994850918968776 -0.020929746262884734 -0.3632073477488068 -0.012413541699543734 0.020634500299430227 0.9997092609142662 25.41393527539327
0.9996256316497629 0.024652644979227673 0.01215645144710079 -0.2506116321213008 -0.024391192622950583 0.9994788115863181 -0.021109538737308992 -0.3625782250071783 -0.012673327585755076 0.020806725603248005 0.9997023615074546 25.43993996547803
0.9996216955649244 0.02468946355327013 0.012405978150371031 -0.25071598617243385 -0.0244148611283737 0.9994652761208813 -0.021711478207251347 -0.36221162204891527 -0.012938293813113597 0.021401886905220727 0.9996863765723047 25.456175778320137
0.999615603706669 0.02481411663686402 0.012639557029220629 -0.2510002963338722 -0.024529230183780802 0.9994539397573657 -0.02209041675272504 -0.36149281809692774 -0.013183965099081216 0.021773603172312726 0.9996749485800783 25.476256410250393
0.9996102396609678 0.024929056264700662 0.012847639980032804 -0.2512415324073507 -0.024639302291350706 0.9994508217857069 -0.022114984969620447 -0.35992048599644216 -0.01339495381133947 0.02179121992546681 0.9996717740634443 25.500938136470943
0.9996069810601328 0.024972644497150257 0.013044048568349509 -0.2493388477001029 -0.024678814024415244 0.9994499146737528 -0.0221176259083933 -0.36135665573973735 -0.0135921878179442 0.021788433445314774 0.9996694293294878 25.57059957470552
0.9996033615019048 0.02498896724226553 0.013285751318325016 -0.24786909561292786 -0.02468705824125903 0.9994452349920624 -0.022319880431872642 -0.3612603772515096 -0.013839077986180975 0.02198439992544871 0.9996616207404464 25.603334783735367
0.9995988909003259 0.025042875568977295 0.013520971991566395 -0.24628323664473814 -0.024733241570409268 0.9994399393120934 -0.022486778622262095 -0.36147268403012317 -0.01407965167426373 0.022144909529435104 0.9996546480113778 25.66115369399804
0.9995942450862653 0.02508226533820256 0.013782853282991095 -0.24443544216090476 -0.02476545574360465 0.9994370722036353 -0.02257313073646485 -0.3618060793187262 -0.014344482595750625 0.022224388668669746 0.9996490432516054 25.739022660884878
0.9995894933895726 0.02512408552417711 0.014051179546175512 -0.24287138157224902 -0.024799660823086815 0.9994333056984938 -0.02270304694698669 -0.36278174033423677 -0.014616604523250991 0.022346585095335034 0.999642349293843 25.824210941469893
0.9995850745308329 0.02515796750561315 0.014321666421938514 -0.24164780937575803 -0.024825275845826483 0.9994289227945224 -0.02287367974013929 -0.3636096119551599 -0.014891701162326848 0.022509860996928737 0.9996346709615583 25.90264832090295
0.9995812672683217 0.02518724037109223 0.014544550237202511 -0.2406301352468882 -0.02484710915017133 0.9994248250274896 -0.023026237945393033 -0.3645555329067439 -0.015118905047585954 0.022656445841975206 0.999627986079414 25.982978924254056
0.9995753184481428 0.025271855110306114 0.014806749574104456 -0.23961478736167477 -0.024924169428896362 0.9994203825950702 -0.02313605432804869 -0.3654363846686712 -0.015385604539475751 0.0227583557765767 0.999621581010652 26.064669468852564
0.9995693396067997 0.02539849878765317 0.015025980666922317 -0.23908336296340899 -0.025044382030322304 0.9994148495946964 -0.023256837242214133 -0.3655252742870159 -0.015610319869020499 0.022871193245303952 0.999615775948629 26.12294322335142
0.999561647055696 0.025528964265915756 0.015309516016020274 -0.23811180495254997 -0.02516549125223255 0.9994078801544246 -0.023425773439937136 -0.36625392215430197 -0.0159009928456581 0.02303086877374908 0.9996074634165891 26.200109905891924
0.999556578745874 0.025556857138003375 0.015594011421035146 -0.23707590351905777 -0.025184321062412255 0.9994039689052101 -0.023577397960375338 -0.3667456336792938 -0.016189836517107984 0.02317485818304149 0.999599671349184 26.27151667767589
0.9995510936495781 0.02561455036902783 0.015843589557191798 -0.23671247656792602 -0.025233931859424262 0.99939954263501 -0.023709306245035894 -0.36623120576148177 -0.016443984211708666 0.023299550345333743 0.9995925465860943 26.317119752636206
0.9995455246725468 0.025699234415713052 0.01607289197714597 -0.23670498201000417 -0.0253111002528791 0.9993944615948209 -0.0238517477835393 -0.36544012636217255 -0.016678606823857675 0.02343463743080432 0.9995856521226517 26.352772658246707
0.9995376987941939 0.02586791482913013 0.016304421608782274 -0.23661728631462753 -0.025472512431750367 0.9993874288738511 -0.02397548702925175 -0.36469553587356257 -0.016916973860532127 0.02354958436173678 0.9995790952243391 26.39268636996023
0.9995310148415638 0.02596153962373247 0.01658030985453807 -0.23651168355751256 -0.025558060596116903 0.9993831819368072 -0.024071782774774293 -0.36373606826236954 -0.017197208558702517 0.0236371015271077 0.9995724039977474 26.426441666667497
0.9995231871010657 0.026117399087181786 0.016801058883713832 -0.23684381805396199 -0.025707150946212134 0.9993771165238716 -0.024150115802092656 -0.3624836376727964 -0.01742368578834504 0.023707237817995153 0.9995667361587863 26.45154559665265
0.9995159795721981 0.026259332486793508 0.017030468276085568 -0.2361917977621211 -0.025842269917532135 0.9993716230751623 -0.024238933014974953 -0.3630372903366626 -0.01765834444035127 0.023787486148200195 0.9995608529716715 26.495813492933998
0.9995081919442876 0.026407894739526205 0.017244504610984368 -0.23638748112919428 -0.02598387426515669 0.9993656464058455 -0.02432907711164092 -0.36162632293128616 -0.017878433452419726 0.023869574910479436 0.9995549005390026 26.503550811283016
0.9995002960823631 0.02655678810489238 0.017480981269645302 -0.23617292576065133 -0.026125802607879847 0.9993599818239018 -0.02440541142172929 -0.3606711394109122 -0.01812027643189862 0.023937024001246688 0.999548902603923 26.5297393685875
0.9994928262229292 0.02670958839733326 0.017689657181720664 -0.2359578451127669 -0.026272330131553345 0.9993544497306006 -0.024475361690727625 -0.3597078110237275 -0.01833422276068194 0.023998469220689538 0.9995435446460719 26.558370620736007
0.9994849436343655 0.026852562677177453 0.0179159289417531 -0.23577401163427533 -0.026408143974520282 0.9993485478587322 -0.024555606489888773 -0.35874343281293797 -0.018566096959918857 0.02407021459079016 0.9995373958132128 26.587052957856223
0.999476365990211 0.027023349029464183 0.018151499376123235 -0.23586325371677835 -0.026571896465508345 0.999342300200245 -0.024649072875800444 -0.35783900889262005 -0.018807809116961408 0.024153943199038904 0.9995311151336483 26.613357033393367
0.9994680524789967 0.0271663446724874 0.01837996364038938 -0.2357950479277338 -0.026707975110725337 0.9993366745310416 -0.024715644852794875 -0.3568189264350871 -0.019041523689827207 0.024211913338436898 0.9995251451319266 26.64091068859277
0.9994592301310211 0.02732161791234635 0.018617372733799546 -0.23572517813770713 -0.0268559374854946 0.9993308137732944 -0.02478514257536787 -0.35590046953961474 -0.01928456567128647 0.024272213145272066 0.9995190008036055 26.66916800337321
0.9994511601234157 0.02746709739516492 0.01884363572460741 -0.235700825640508 -0.026994339220106037 0.999325320713179 -0.024866364693015085 -0.35494892367285985 -0.019516272674951526 0.024344445140663216 0.9995130102300441 26.69701174119814
0.99944176638872 0.02763775389972075 0.019080431908629732 -0.23572449629319575 -0.0271575188550632 0.9993184765751512 -0.02494958719772942 -0.3540626215592497 -0.019759435422598948 0.02441816346693519 0.9995061171269566 26.724450877299674
0.9994329418053063 0.02779861385326393 0.019303592923636224 -0.23565089460744731 -0.02731135168739415 0.9993127576656373 -0.02501576654237069 -0.3531781480562332 -0.01998834482622817 0.024475030840101535 0.9995002044757073 26.752772138365067
0.999424722591954 0.0279542699734813 0.019517221970516876 -0.23563555065973962 -0.02746041442261394 0.9993071393837456 -0.025092124670298956 -0.3523054425898213 -0.020207584788200054 0.024542252200210772 0.999494286164767 26.78008059699493
0.9994155183131743 0.028128663359587507 0.019726762497365116 -0.23566430227552537 -0.027627703328406566 0.9993003600845137 -0.025178801443441354 -0.35149694860460673 -0.020423695974065577 0.024619660218152557 0.9994880178914685 26.807175939441425
0.9994063025746147 0.02828941217306999 0.019964421854727125 -0.23558085606698898 -0.027781427786990956 0.9992945405980225 -0.025241253507320406 -0.3506986629610203 -0.020666732428296867 0.024672218685990954 0.9994816937204913 26.835181117511958
0.9993974264790887 0.028457644599849223 0.020170400311985203 -0.23552834413133084 -0.027943320272308666 0.9992885273020632 -0.02530110467968172 -0.34989354142277773 -0.0208783542483212 0.024722884914973837 0.999476067343804 26.86353997616755
