1.0 0.0 0.0 0.0 0.0 1.0 0.0 0.0 0.0 0.0 1.0 0.0
0.9997164607048035 0.0016258396208286285 -0.02373439073562622 -0.05250746011734009 -0.0016487501561641693 0.9999979734420776 -0.0009533390402793884 -0.00386083428747952 0.023732155561447144 0.0009924247860908508 0.9997169375419617 0.6927263140678406
0.9989313603192833 0.003264124178570915 -0.04608377537911146 -0.11680497452229711 -0.003319103368850662 0.9999934813904888 -0.001121748293505087 -0.008309427724476348 0.046079015750195906 0.0012736453599521136 0.9989355438292815 1.3663733532290687
0.9977760249568797 0.005497976274456899 -0.06641646833170316 -0.1920404123297425 -0.0055929600560255645 0.9999833682171121 -0.0012487146274383605 -0.012989385845584442 0.06640774803813725 0.0016174837892768436 0.9977901259999644 2.0481248186935828
0.9962665279821742 0.013359249950118201 -0.08528337338088714 -0.2841443888912329 -0.013399860480418871 0.9999100118645432 9.320905983119742e-05 -0.013982701478380547 0.08527616036471405 0.0010501027896443825 0.9963557467010868 2.735750876642811
0.9949055623284278 0.01503919268584348 -0.09967656021677648 -0.371788432041065 -0.01506115672655198 0.9998859771571024 0.0005294027021444592 -0.016145436046992808 0.09967214248787967 0.0009751128931313494 0.9950182615930784 3.400771983884905
0.9935235655591097 0.015589192871925514 -0.11254569336092712 -0.4653531445005171 -0.015608105041767103 0.9998775716685852 0.000711082295284453 -0.019526006777065622 0.11254214281972437 0.0010505503662545425 0.9936449626938042 4.067253154180199
0.9922742376265761 0.013990716297829161 -0.12326792832517126 -0.5612190960643257 -0.014244420129494563 0.9998976623742384 -0.0011785419005437428 -0.026804724542090385 0.12323805764809487 0.0029258397995885798 0.992371579708792 4.732678656397934
0.991107088587972 0.014638566008883561 -0.13225623267014855 -0.658239061929976 -0.015437001981626787 0.9998681782680847 -0.00501434152836626 -0.039641643533628985 0.13216491331047556 0.007012045425430446 0.9912021929582494 5.367029678407686
0.9900661939024383 0.015554676763319144 -0.1397374610892677 -0.7594136621049702 -0.01676568244781074 0.9998314238454662 -0.007493956405755748 -0.05160491170854513 0.13959710090974206 0.009762708455618465 0.9901599200793673 6.00690489511973
0.9891678644571634 0.01694773669018555 -0.14580611149196604 -0.8697842794866557 -0.01821790286872315 0.9998067102742758 -0.007381225737609216 -0.05824384373213622 0.14565215309023571 0.009958200256148762 0.9892850062570319 6.676758728757996
0.988304279363997 0.02134876653803543 -0.15099187887463952 -0.9878400781752894 -0.022140074279996046 0.9997481412741056 -0.003562280810343587 -0.056281328219163075 0.15087745146162798 0.006863943200785617 0.9885272692823154 7.355303824952815
0.9876570935091297 0.02254261479200353 -0.15500096307406733 -1.103781045015814 -0.022531084003689812 0.9997441974590605 0.0018308700193973033 -0.049870760268534486 0.1550020864716071 0.0016842570986929893 0.9879115516907011 8.03990615804745
0.9867430607150495 0.027614193638604474 -0.15992217371817147 -1.2345146329219316 -0.026377414447840083 0.9996030129455726 0.009849580966612535 -0.03647052870137472 0.1601301828439056 -0.005500491038214627 0.9870791382733037 8.749824613694072
0.9864662348059657 0.022640636154572905 -0.16238972815806652 -1.3587950846060874 -0.021061834984137825 0.999711933358046 0.01143243636079471 -0.02641147692578367 0.16260144988389788 -0.007857412900489512 0.9866588536263173 9.493586597701547
0.9861257967029832 0.022380578988280504 -0.16448205946027286 -1.4726010204350528 -0.021611980340130368 0.9997447103765569 0.00645745347227979 -0.0339034816486964 0.1645845428070296 -0.002813148016237948 0.9863576949005303 10.140221792940793
0.9858734454643937 0.02274112050656519 -0.16593879763818878 -1.5836159906138032 -0.023467459054493683 0.9997209119550786 -0.002421058714015949 -0.05399218471156139 0.16583730296637514 0.0062809768256150735 0.9861317490263454 10.760762312793865
0.9856283651415846 0.02397913760730099 -0.16721679746467438 -1.6957759194977775 -0.026240070004426522 0.9995907958477576 -0.011327608020026041 -0.07578070917366969 0.1668767415321568 0.015552789816040514 0.9858537915185391 11.36979286266904
0.9855642495498973 0.023427609753178067 -0.16767382412646833 -1.8049954229861562 -0.026291486896088796 0.9995429447276543 -0.01488268062910071 -0.09464273717330805 0.16724877201980293 0.01907618136149364 0.9857292569637942 12.020596863804176
0.9856170054221929 0.02267589569680865 -0.1674659405665349 -1.9226915090580805 -0.024901730084454284 0.9996263381168408 -0.011205099150603502 -0.10045097941128087 0.16714923738470597 0.015214196148009057 0.9858131281792409 12.72716582147495
0.9851187527085553 0.02648590795166227 -0.16982105882716575 -2.0547509205790746 -0.027215128328427565 0.9996267529234302 -0.001969893657492453 -0.09662051386366682 0.1697055046283245 0.006562283729705494 0.9854716471667451 13.45777894889118
0.9849663254258736 0.02197305592104498 -0.17134288075848397 -2.1821836781071706 -0.021572382540174455 0.9997577607433125 0.004198675682307127 -0.08698756580158958 0.17139339132435993 -0.0004390927455586663 0.9852014080341571 14.213254666130187
0.9848720378551598 0.023525668500018082 -0.17167996798161003 -2.3138484765475233 -0.022953594460211346 0.9997220691303759 0.00531499957005194 -0.08326388763089548 0.17175722201169824 -0.0012942735724197235 0.9851379048368558 14.935429844843169
0.9848149346934342 0.025447597945594806 -0.17173335823914862 -2.442742065313538 -0.025013571753823172 0.9996758344155033 0.004689271670964032 -0.08334891084589995 0.17179686585422332 -0.00032268085779931627 0.9851317346844278 15.64182469600751
0.984887612292535 0.019308630583673388 -0.17211681443483526 -2.564762990775417 -0.019201742162174826 0.999812754283918 0.0022838379548405837 -0.08643625787703509 0.17212861583808214 0.001055299641880315 0.9850734352767574 16.35698475926522
0.9846770638499238 0.016967385537139595 -0.1735599293327957 -2.6870709643719106 -0.01757626201842896 0.9998432568249709 -0.001974624030741866 -0.09724691767105816 0.17349873657328427 0.004994667059252162 0.9848208759272853 17.038628764348587
0.9846242185806555 0.011148105673374636 -0.17432838051647465 -2.805445524785347 -0.012307156845323602 0.9999078349926742 -0.005574798052682547 -0.10806387100478791 0.17424965817824808 0.007634589303776463 0.9846712707883745 17.72764154793
0.9846548783941887 0.012129871337929261 -0.1740869347282624 -2.9303101921806567 -0.013505213603633421 0.999884941107826 -0.006724712876593942 -0.11940470914373026 0.1739842609194132 0.008973159639226569 0.9847061748284633 18.422393381574622
0.9846269065536595 0.011966279985889823 -0.17425526929328464 -3.053508999118043 -0.013397358338656254 0.9998842299032392 -0.007046847694975822 -0.12945801122069467 0.17414956731637227 0.009273548313714986 0.9846740939857758 19.116625753885504
0.9845589785970333 0.013614081975693233 -0.17451936167119533 -3.1886266558699643 -0.014580002679676145 0.9998834789441327 -0.004260818854437028 -0.1322238512332666 0.17443955213598336 0.006739898214065492 0.9846436050787236 19.858192064930755
0.9845873527796297 0.013462115434771464 -0.17437354737257896 -3.323446380695519 -0.013672594057322114 0.9999055789047101 -1.3014075106117934e-05 -0.13090332784065767 0.17435525513684452 0.002397250124454936 0.9846789933044624 20.636842930758913
0.9846053296912297 0.011874120809246016 -0.1743868354137807 -3.4547884598269705 -0.01192840711849233 0.9999276505220166 0.0007299210703640325 -0.1330726121697695 0.17438129748399125 0.0013618048528342558 0.9846764079593322 21.391527869874768
0.9846215934845886 0.01189699705901698 -0.17428898359111078 -3.5847162426981316 -0.011954395645989827 0.9999265123146702 0.0007102277803413588 -0.13723085379958777 0.17428256359431987 0.0013853484001111287 0.9846932072094624 22.130838471976233
0.9846809880936046 0.012054831217461471 -0.17394159052401217 -3.708453971447569 -0.012120690646579101 0.9999246694994571 0.0006730463367747892 -0.13900177463061245 0.1739345799160716 0.0014463356630757909 0.9847547211325229 22.853889273448015
0.9847047795278998 0.013111581423825696 -0.17373129468171014 -3.8383814449525886 -0.013188595618732007 0.9999111118015637 0.0007017224964428966 -0.14000130226617097 0.17372306614338126 0.0016010425726931 0.9847919676044559 23.58740679010466
0.9846991149283445 0.014388114201190016 -0.17366085095077724 -3.9719351948278887 -0.014528500534171467 0.9998925388285832 0.0004529815971603351 -0.14259523857649242 0.1736465778777033 0.002077944563189318 0.9848042086878809 24.33165679900303
0.9847255596408568 0.014804646887692851 -0.1734752277937978 -4.105266927190877 -0.014979980671347053 0.9998857536230858 0.0002881909053388127 -0.14619273329744978 0.17345746840761733 0.0023158121997017937 0.9848368957464282 25.084604884915574
0.9847292810803284 0.013979089509440226 -0.17352209346292746 -4.236577732075324 -0.014229090486715971 0.9998967891573389 -0.0002070168436842283 -0.15077548393087833 0.17349913541055278 0.0026738006223808414 0.9848286641981323 25.837446062228462
0.9847385635833075 0.012687095483866753 -0.17356920053810415 -4.368662145301761 -0.01302347150807684 0.9999127463157823 -0.000810115694526587 -0.15596938285399986 0.17354156013823985 0.0030592285034806927 0.9848199950451266 26.592587011852462
0.9847612406879969 0.012790498569135555 -0.17343413339824046 -4.502243147158674 -0.013165416728225379 0.9999109704432679 -0.0010206848212555544 -0.16128225711710542 0.1734036038072678 0.003288919076626461 0.9848438682773597 27.352269792336017
0.984778568388022 0.013439670799702276 -0.1732860615221496 -4.641148328666475 -0.013640936741612117 0.9999048800394963 2.023631414957124e-05 -0.16207788650059834 0.17326771875779057 0.0023442830986394802 0.9848703571278631 28.134663986296626
0.9847684047776702 0.013851184314806243 -0.17331000436691907 -4.782038685441993 -0.014027400878651496 0.9998991257189086 0.00019841532248335089 -0.16411199833634185 0.17329299088515485 0.0022363372177028927 0.9848658382599685 28.920023218601113
0.9847356410484198 0.013999251639164012 -0.1734844278650017 -4.916407106963055 -0.014284028948861962 0.9998952304343478 -0.00040220772806542687 -0.1703958638630019 0.17345839838610447 0.002874617544144189 0.9848350235664367 29.67413469078164
0.9846531711843727 0.01445475318016337 -0.17391465411393112 -5.0526182535246855 -0.014984636582688452 0.9998833772331276 -0.0017436676974745928 -0.17861093062353414 0.1738668169168111 0.004323652373435814 0.9847574792479573 30.431009057240743
0.9845762641599287 0.014295967505992626 -0.17436440118588326 -5.186499767342205 -0.015140434506215598 0.9998766414452327 -0.0035228909256059563 -0.18865018381909893 0.17429029675112476 0.006109153644704439 0.9846734484437943 31.18532927405617
0.9845427933882696 0.013933224041554754 -0.17458298027024916 -5.324311727515447 -0.014851551586953901 0.9998792235409582 -0.003964162160676621 -0.1960826271207048 0.174504469573161 0.006496318444935416 0.9846329223592415 31.962429117552276
0.984463372453744 0.014090127557628571 -0.17501893808343882 -5.471871820162299 -0.014804862419880913 0.9998841093097671 -0.002786051427401565 -0.19865101936253274 0.17495720737507994 0.005334333727398987 0.9845596420005308 32.77940867886629
0.9844168230807403 0.014233134144808913 -0.17526845206492764 -5.620236448247712 -0.014812867262749645 0.9998856774893334 -0.00200761671244153 -0.20146706952161444 0.17521743163587247 0.00457323400146112 0.9845173095113011 33.605066238478
0.9843452096081988 0.013886612784413638 -0.1757007445285887 -5.766052896524769 -0.01439544792559978 0.9998933473195009 -0.0016268467269219312 -0.20513366101701602 0.17565710048893865 0.004131010616085702 0.9844411286741575 34.418217175210955
0.9842812975323523 0.013258366765840522 -0.1761062830777798 -5.908182913936759 -0.013742022793545527 0.9999026675245141 -0.0015326920920256243 -0.2084234034505007 0.17606642166026104 0.00392910940357338 0.984368784753777 35.22542957391725
0.9842348131688822 0.012843853340819698 -0.1763959425306754 -6.0512575645395135 -0.013340593415188489 0.999907967737476 -0.001635811435208648 -0.21281727071742484 0.17635626306393049 0.0039637410519364905 0.9843167435646168 36.03207392870657
0.9841529042601653 0.012577252014511134 -0.17687123578157016 -6.197421633575731 -0.013025539521207764 0.999912173969547 -0.0013784726418387364 -0.21612189873961263 0.17683586701894174 0.0036611753471279206 0.9842319970510917 36.84807930220656
0.9840751808599244 0.013281786361496031 -0.17725260339819077 -6.351854188864552 -0.013327420549868314 0.9999086725005445 0.0009297401824946709 -0.2164946850653901 0.17724618002458892 0.0014480341453924875 0.9841640340993045 37.70077708698272
0.9840036934045328 0.014377329990265385 -0.1775639542278168 -6.50969262917651 -0.014268864564290721 0.9998946981284964 0.0018854213179544518 -0.2163420582403895 0.17756992810580938 0.0006787617205990277 0.9841065725001992 38.55473929064026
0.9839934402457718 0.01452053917281885 -0.17760805727919327 -6.660050174140409 -0.014449931680662716 0.9998923653385726 0.0016874676498460424 -0.219430923003582 0.17761085225425416 0.0009064149279770098 0.9840987519565316 39.382618273550996
0.9839150825248675 0.013812057600273809 -0.17809863313775967 -6.805921650068839 -0.014124987703664924 0.9998985497722007 -0.0004931667370690869 -0.22733241790206007 0.17807139712940032 0.003001341250140916 0.9840115310395502 40.193076108192386
0.9838416858597842 0.01327992790176195 -0.1785445986779322 -6.949068546218083 -0.013916246252203087 0.9998987644550982 -0.002315368366007526 -0.23582177881021804 0.17849349514402163 0.004763167785067595 0.9839281453313027 40.98476193270386
0.9838345291464209 0.01384181804603416 -0.1785396893544377 -7.1010347158962155 -0.014459831643975275 0.9998913680875843 -0.0021643269468767123 -0.23959551658357517 0.178487888182259 0.004711786821987335 0.9839293916679026 41.80763091343905
0.9838029442403876 0.01419382525601773 -0.17868968125019843 -7.254339205453828 -0.014471075302463759 0.9998941643293996 -0.00024843109125285 -0.24049786247686034 0.17866441156213375 0.002831035211001141 0.9839048764527751 42.64268369553374
0.9837756815603544 0.014471374170850614 -0.17881782563207188 -7.409553945695351 -0.0147233581864092 0.9998901334752559 -8.327207398339966e-05 -0.24323649558281932 0.17879409518403278 0.0027157545902615717 0.9838815854600884 43.48109764556541
0.9837642150765556 0.013581884292396255 -0.17894903301020426 -7.558073813561778 -0.013913689093178852 0.9999014721471428 -0.0006020693228181372 -0.2485611295742822 0.17892019427769593 0.003083407503240429 0.9838573919478355 44.30400246431877
0.9837080301611676 0.013409091634578364 -0.17927155896809227 -7.701530296011252 -0.014037601575473757 0.9998975763683978 -0.0022405107363756825 -0.2577779526474446 0.17922014215883286 0.004721903002962504 0.9837965140773635 45.09452385038759
0.983693687154316 0.013406926451937456 -0.17934989023994552 -7.8467637753362425 -0.014145186056551963 0.9998944192021311 -0.0028414522438933113 -0.2652224397232402 0.17928977485943387 0.005333664758622577 0.9837806287626107 45.890704924774546
0.9836962292632797 0.012995536704075316 -0.17936691873720184 -7.9928373199429705 -0.013623800776281832 0.9999031720849508 -0.0022738998608764897 -0.2682375350722212 0.17931696444717762 0.004681917109615038 0.9837790433729919 46.69183393493009
0.9836453129368142 0.013323766009526311 -0.1796218780748886 -8.142821425152032 -0.013751935485880535 0.9999033375695495 -0.0011422244320202694 -0.26989339307022725 0.17958620785913476 0.003595175732127255 0.9837345703785527 47.50040140696431
0.9836436865684209 0.014036369021540944 -0.17957550734205083 -8.291141466942273 -0.014496769811630367 0.9998929060695978 -0.0012549092551678992 -0.2720818472785447 0.17953542174499693 0.003839155672694885 0.9837427849562087 48.314272740313285
0.983661735990907 0.014450423025980147 -0.179445611313914 -8.43491009651581 -0.014978185282643244 0.9998853311000467 -0.0015887950250488665 -0.2765773210300523 0.17939898804884702 0.004251847532589006 0.9837660697213905 49.108335197627994
0.9836504013733367 0.014795015467514038 -0.17947931882313747 -8.575046155878287 -0.015470226754762315 0.999876126167051 -0.0023661131157888685 -0.2840862600241567 0.17941872469768966 0.0051054837238575495 0.9837582409191672 49.878745219492195
0.9836394310226151 0.015676924011521234 -0.17946348729282907 -8.71778333732299 -0.01646982559539985 0.9998584850610749 -0.0029321291788215703 -0.2909397860605585 0.1793886886733446 0.005841593966407702 0.983759342910791 50.65550448660977
0.9835844003799818 0.01714606456372549 -0.1796301901497014 -8.867664389258925 -0.0176754391119381 0.999841176839331 -0.0013493165151166869 -0.29239285478818583 0.1795750873904249 0.004504042219790104 0.9837320775408308 51.45736801334359
0.9835509222778074 0.017989046059233793 -0.17973173532009806 -9.019052584686374 -0.018153135442189425 0.9998331457893407 0.000728858117324212 -0.29201683202697665 0.17971143221240643 0.002547708447517254 0.9837141481387554 52.27438289049133
0.9834913711519407 0.01867566830581072 -0.179988755586434 -9.166307017848625 -0.01879531208187134 0.99982090290333 0.0010381427988863218 -0.2928488143979315 0.17997247538156547 0.0023638473928008215 0.9836668399171088 53.05914039321125
0.98345365005415 0.01901560709174236 -0.18016142080920247 -9.310521983988322 -0.019224102815378508 0.9998134352170805 0.0005870546150345585 -0.29748959593494634 0.18013580995070774 0.0028876308915757654 0.9836359643827808 53.834559949606174
0.9833347898445971 0.018754031339048398 -0.18083631192688 -9.449915588632154 -0.019300398411051217 0.9998112307433497 -0.0012636312156592278 -0.3054465397473013 0.18077524952191495 0.004734502592877704 0.9835113961726424 54.58741289065359
0.9833250306704443 0.01889522414953028 -0.18087667000310115 -9.59329941307281 -0.01948435707168691 0.9998074033450605 -0.0014822837037365506 -0.31017991936921663 0.18081067160978284 0.004983570711511584 0.9835038156667076 55.35502391185285
0.9832784318674272 0.019585682675317212 -0.18105543641834201 -9.740561294087273 -0.020186445824445953 0.999793247712698 -0.001478114318285731 -0.3130346684837008 0.1809857944301851 0.005110014172088879 0.9834707031975798 56.128718420521466
0.983261886193771 0.019922488099559783 -0.18110798189372987 -9.88770823975752 -0.02046876163558751 0.9997879179807143 -0.0011490857554050664 -0.31526180364535794 0.1810435359775027 0.004838493960285601 0.9834614037431566 56.91141981920633
0.9832222838707854 0.01947677068744469 -0.18136978153575992 -10.028783261692555 -0.020152699195115704 0.9997931845938774 -0.0018864587288433354 -0.3217164295741579 0.18129237380660188 0.00551176417327056 0.9834120276149791 57.67257582727359
0.9832171100718144 0.01879029876302977 -0.18147263787051054 -10.181991988221492 -0.019470626051536204 0.9998070213352547 -0.0019688861723622217 -0.32676617297735444 0.1813975692283144 0.005470844841831813 0.9833929000308101 58.503809630954585
0.9832315750839369 0.019655900481957464 -0.18130266557380773 -10.33701724212453 -0.020348950257621595 0.9997895117729154 -0.001963399254646913 -0.3306637164252369 0.18122291863121145 0.005621541609493658 0.9834242766237621 59.328075723492304
0.9833449063118196 0.02003920135903918 -0.18064412649318468 -10.483815031122665 -0.020750405407925814 0.9997808083815715 -0.002049281339479943 -0.33651511096926756 0.18056033878942845 0.005765645870632089 0.9835451462727967 60.13530053398485
0.9834176306225674 0.01989225025202079 -0.18026520661231646 -10.62549498791094 -0.020493219941962435 0.9997872157795914 -0.0014727922007822165 -0.33835960038987306 0.1801945019788583 0.005144425188426503 0.9836155784042906 60.929504786655365
0.9834925218953525 0.017976822954517413 -0.1800551388981683 -10.76687540632496 -0.018546493587105386 0.9998247044486656 -0.0014847829863405524 -0.342395088035891 0.17999395712554442 0.004801583578698519 0.9836538765230808 61.72283574561934
0.9834722816799226 0.017638758307411455 -0.1801989829518673 -10.91031847395619 -0.0181268188658881 0.9998329338183318 -0.0010653952484497458 -0.34541769047835563 0.18014713054183684 0.004316202411756112 0.9836281200218673 62.50978969300217
0.9834800154413923 0.01803100504641783 -0.18011817091105783 -11.049657129241224 -0.01859001391428831 0.9998239904768953 -0.001417266397257404 -0.35158669526869957 0.18005830129845693 0.004743751707112359 0.9836425425495411 63.270159968184736
0.9834787464357367 0.018335465332658757 -0.18009436362525613 -11.185418476100923 -0.018999404293681417 0.9998153015900906 -0.001964320322807204 -0.3589817918092562 0.18002230268231847 0.005355211485238733 0.9836458704798855 64.0141563384785
0.9834411130172933 0.01957277705938084 -0.18017069602689612 -11.324888815176392 -0.02034363108389962 0.9997883039430902 -0.0024330887747547538 -0.36482629644984277 0.1800823803832519 0.00605942509250973 0.983631321834254 64.7578040553641
0.9834141424189359 0.01991669040023803 -0.18027995227404028 -11.468206789141085 -0.020651672953547754 0.9997824695709926 -0.002203362856516209 -0.36841831147316084 0.1801942045907394 0.005891501317403147 0.983611817781089 65.53039360366888
0.9834117729885568 0.02049990461089332 -0.180230814153366 -11.611279610887895 -0.02091237150460251 0.9997800347852273 -0.00038648727021341027 -0.3690291202626114 0.18018056458782472 0.004150549869074435 0.9836233816948103 66.30284141402704
0.9834334037832657 0.020508884383208106 -0.1801146588073213 -11.751825155288675 -0.02060315901861424 0.9997856290391183 0.0013500472302216408 -0.3690138123553124 0.18010104139468106 0.0023846773897190005 0.9836438347327366 67.07127576396516
0.9834479709007744 0.020580435176239267 -0.18002698077299767 -11.889950028737262 -0.020626095400733176 0.9997847298827326 0.0016205728002601765 -0.3709579944807685 0.18001887600311767 0.0021211307165562156 0.9836595182589623 67.82608073409801
0.9834448695185535 0.02066403895041277 -0.1800349102420011 -12.029291228022801 -0.02066853592108384 0.9997834780067731 0.001853426756170595 -0.37261611787319915 0.18003161818494665 0.0018998416088302434 0.983657502053717 68.58643005437645
0.9834178880196884 0.02088110086650359 -0.18015901488236602 -12.167670351631864 -0.020765446927353354 0.999780578482813 0.0025318452535996643 -0.37232257411854597 0.1801698660445923 0.001252459981109556 0.9836336321210474 69.33422219977545
0.9834112835686479 0.020554946134175873 -0.1802323836293346 -12.304632189783463 -0.020366062014610168 0.9997878741206543 0.002901460463587498 -0.37275320443624704 0.1802512821444145 0.0008185076389976677 0.9836190011376117 70.08296283829186
0.9834009556294305 0.020955006669288085 -0.1802429186044727 -12.444703285037528 -0.020752895065816568 0.9997796798734739 0.0030108380503715095 -0.3735555288890714 0.18026392226585414 0.0007807000147618426 0.9836167483149729 70.83696319372335
0.9833965286894871 0.021431868884811266 -0.180212788093362 -12.57601504766743 -0.02131371499998342 0.9997692298682566 0.002597258923327959 -0.3768825731168914 0.18022483284812013 0.001287507142915644 0.983623656161387 71.54737066593368
0.9833296289800777 0.02363687721383502 -0.1803024873635741 -12.711507095447343 -0.02372351678989009 0.9997170780932857 0.0016810181106810475 -0.3804181720558418 0.18028901746337778 0.002625135981327806 0.9836090348948687 72.26168107792975
0.9832764577585656 0.025057908252293717 -0.18040093234138457 -12.847623592205943 -0.025147767088496444 0.9996822558260291 0.0017943489629102612 -0.3793557416102223 0.18038632577119432 0.002772994902954765 0.9835909171290859 72.9945318818866
0.9831976439568059 0.02688443675832117 -0.18056639151220305 -12.982889423210123 -0.026957992335603174 0.9996344697718996 0.0020532343565140892 -0.37784447003224214 0.18055333228788284 0.002849536147623089 0.9835600985924507 73.7176151892217
0.9832004434225531 0.026938452919487325 -0.180543096977665 -13.114963058302397 -0.02700421500470239 0.9996331257680128 0.002099760790518327 -0.37915783470558245 0.18053118706381613 0.002811368578440114 0.9835641567531831 74.44305778181285
0.983163135564669 0.026983867950084076 -0.18073939069384226 -13.242676478038353 -0.0272586061832158 0.9996279156024571 0.0009689196304270718 -0.3857983990775855 0.1806959875205217 0.003974520164124532 0.9835296906120561 75.14332192830916
0.9831443341855611 0.02515259495121473 -0.1811051109322117 -13.36951445592076 -0.02578940985724681 0.999666600844948 -0.0011569511347736274 -0.39453036778616773 0.1810133104484485 0.005808506389287619 0.9834621534951853 75.84794623619118
0.983152361595848 0.023874353561099838 -0.1812372714041707 -13.495494557474135 -0.02459570422933744 0.9996963893014225 -0.0017266366241165156 -0.40076018279003894 0.18113878622852234 0.006155618144924795 0.9834372670935214 76.53983011562724
0.9830929541680015 0.023697084272093324 -0.18158231375277842 -13.629276121633914 -0.02432482181770757 0.9997036828673626 -0.001223198562366318 -0.4036734561076676 0.18149734330119283 0.005619912989157609 0.9833742615573898 77.2573762345155
0.9830167434426273 0.024879310330642522 -0.18183973979388907 -13.766478051479567 -0.02517908769500872 0.9996837892825092 0.0006712874967758494 -0.40381262225994946 0.18179696721832583 0.0039187471420764125 0.9833274493665013 77.98174396681452
0.9829780921353343 0.02426274761530437 -0.1821343272529737 -13.901289093318203 -0.024267943444050085 0.9997045044239298 0.002213196217999023 -0.4033342832163573 0.18213214372935055 0.0022447563561133477 0.9832707100227691 78.7099805959928
0.9828672766434491 0.023358731081988784 -0.1828486153740179 -14.032254945475792 -0.023330228050115153 0.9997263063694013 0.0023174258086396124 -0.4054367056211764 0.18285056302318056 0.0019886692420482605 0.9831379250635821 79.40566439529866
0.9827043326318913 0.02215894337083562 -0.18387079374199963 -14.166064334593646 -0.02193893933604455 0.9997551189202188 0.003242242585315185 -0.40468087518949575 0.18389544101634966 0.0008483751125295697 0.9829444872827623 80.11019412150694
0.9825904585463096 0.023071491860048452 -0.18436993977560082 -14.304608967013555 -0.02251047294088696 0.9997348327937446 0.00515120021060329 -0.4015554684827027 0.18443772144841827 -0.0009109750490097208 0.9828431858882981 80.82801919859993
0.9824803750307809 0.024436636984660514 -0.18478232230175684 -14.440030024685464 -0.02378291647108381 0.999701861136059 0.005769818362768031 -0.3989085092279024 0.18486599340464502 -0.0012738462288014243 0.9827624658902566 81.52318147111419
0.9821891596050114 0.028267905831393807 -0.1857816541645974 -14.578599328452027 -0.027636628936657352 0.9996012797289998 0.006003043550547406 -0.3963833749080705 0.18587505572751023 -0.0007614745411977747 0.9825725348576368 82.21473256782673
0.9821113515268567 0.026916761243480445 -0.18639155314283665 -14.710680889341846 -0.026241754891433874 0.99963839755788 0.006104068218841811 -0.3948206568627178 0.18648619396697763 -0.001103242580611109 0.9824566018196712 82.90700579236783
0.982031159733616 0.025863554012873657 -0.18696165220462585 -14.843492186128096 -0.02519747807124115 0.9996659492552898 0.005953913474728845 -0.394292920983575 0.18705096473769248 -0.0011352781718371133 0.982349255791108 83.59537527640983
0.9819873635199505 0.023876693715363318 -0.1874547069387768 -14.976088433208469 -0.023008044736866844 0.9997131351392607 0.006823096634020932 -0.39023235964092207 0.18756177557965592 -0.002386411733735981 0.9822496055779887 84.29966712185175
0.9819323574237039 0.024713122204010514 -0.18763308040510684 -15.112944036183157 -0.023683761146069814 0.9996904862517856 0.007739652986465638 -0.38464712915175664 0.18776401847302274 -0.0031549098422622426 0.9822085925535415 85.00486414601258
0.9818645488190605 0.025817658481474274 -0.18783993674467667 -15.250237065585823 -0.02478652847855788 0.9996630904397099 0.00784990518858726 -0.3809420794578596 0.1879770026119359 -0.003050621353117425 0.9821684511607709 85.70730137721253
0.981727122964008 0.026174362344963113 -0.18850855676078845 -15.383933771150906 -0.025466915340973926 0.9996576338442924 0.0061882460826191005 -0.3840917857180459 0.1886038367315999 -0.0012731162090973162 0.9820522796401704 86.39361286772707
0.9816204454200406 0.025983010945226613 -0.18908945077092174 -15.513412495034316 -0.025590736697645736 0.999663219581058 0.004529438812518627 -0.38795300924715814 0.18914112834529895 0.00039394967709785716 0.9819497087598933 87.06167193189441
0.9816818844805598 0.023166527698250314 -0.1891359274328711 -15.646546071194223 -0.022618061482558627 0.9997322101621517 0.00507018172950414 -0.38624776868039234 0.18920048376110063 -0.0006982975886276497 0.9819381443645092 87.75722679898251
0.981647319773652 0.023791646742991855 -0.1892367807183837 -15.78465760110442 -0.02315159118232583 0.9997169520088202 0.005603932367978724 -0.3842943803903488 0.18931415805444984 -0.0011186594974223673 0.9819154780701115 88.45592947405515
0.9816657804583622 0.023902182597885704 -0.18912650610604512 -15.920346360479678 -0.022911413195852468 0.9997102278915256 0.0074335937481221125 -0.3802760582395183 0.1892471751090095 -0.0029630216544501596 0.98192428799563 89.16205025009592
0.9815426128282618 0.02681198582085169 -0.18937424572539696 -16.058799414453613 -0.025405473803480128 0.9996288086261731 0.009860381146848868 -0.37420082086398554 0.18956618898504787 -0.004866061337990607 0.9818550475066925 89.85547360099474
0.9815700899204463 0.024595431277249176 -0.18953354381443585 -16.188725514659357 -0.023003102309426437 0.9996793380253284 0.010606820768014226 -0.3694818725230827 0.18973139665636693 -0.006050338813159561 0.9818166463769249 90.53456834223462
0.9814622329384639 0.022836235932157813 -0.19031059400988254 -16.311860275197198 -0.021808727559238312 0.9997343761711045 0.007503003928676784 -0.37389232208929324 0.19042915077104705 -0.00321247215543321 0.9816949497402504 91.17354786327928
0.9814363217593718 0.022893833344018375 -0.1904373232591078 -16.43263996253821 -0.02210928818765359 0.9997365925558563 0.006255516715288565 -0.3774054777363448 0.1905282755092422 -0.0019281093111258374 0.9816792472260484 91.79764651028748
0.9814110962478705 0.023691707071781285 -0.1904698874381516 -16.56084741546202 -0.022684880788506882 0.9997154455973841 0.007476454829850856 -0.3730739417778697 0.19059080192945624 -0.0030159512033192956 0.9816642408829444 92.44292094834451
0.981362554023189 0.024686828292715287 -0.19059476287637067 -16.68497867511627 -0.023759867287190213 0.9996927703853861 0.007159866125482803 -0.37212931578322345 0.1907109444954019 -0.0024971310792349963 0.9816425441810086 93.05837924595497
0.9813289817195282 0.023376620381922647 -0.1909306732273999 -16.80596494672333 -0.02244403277818327 0.9997234634917204 0.007056334258628335 -0.3703681106000589 0.19104074049453665 -0.0026383923121276907 0.9815780193700815 93.67397671701573
0.9812415237375062 0.023523469178109036 -0.1913612790255297 -16.928207200146915 -0.022373618941737106 0.9997164031779164 0.008177036038623572 -0.36555415228697835 0.1914973195309555 -0.0037409454975407914 0.9814854781389755 94.28388558578597
0.981204187660706 0.02400898305366589 -0.19148991938245866 -17.049269877087653 -0.022259626858451172 0.9996883456043246 0.011290191200959195 -0.35631752795762106 0.19169945580350076 -0.006814494655271921 0.9814293646644257 94.90234126082667
0.9811998876212618 0.02429430777807325 -0.19147647254559438 -17.162199927759993 -0.022493754585957287 0.9996798421750624 0.011582076578297865 -0.35072939034864953 0.1916949026008684 -0.007056589106643546 0.9814286308777135 95.47488070360846
0.9811400317347324 0.025036459870045866 -0.19168819370871165 -17.273594944623532 -0.023356507454526932 0.9996663619291098 0.011029404557268783 -0.3491385354831942 0.191898802696031 -0.006343516214278011 0.9813937247771337 96.02505527950824
0.9810684624738728 0.025300353862645446 -0.1920209549453982 -17.381263410384527 -0.023850694903920343 0.9996667441470501 0.009868271286528117 -0.3496434589756777 0.19220519517937826 -0.005100864090484755 0.9813409276507608 96.5627164859108
0.9810188090275056 0.024953366536545816 -0.19231942898042526 -17.489046737488408 -0.02335763602534734 0.9996708537337051 0.010569988720566696 -0.34466169133646984 0.1925185749107328 -0.005876328503580736 0.9812751053172625 97.10389891695621
0.9810426199126505 0.02451004395017385 -0.19225542303186902 -17.58967496479445 -0.02294223195677694 0.9996823213648078 0.010386503186707802 -0.343565111714706 0.19244763862269815 -0.0057777252500525855 0.9812896258702573 97.60980449582114
0.9810472371514624 0.024614507577490737 -0.19221834097595655 -17.688611198189367 -0.023141794696282043 0.9996820152653813 0.009911894377328706 -0.34423370265801845 0.192399693457053 -0.005274121147073759 0.9813015493192131 98.10280062585981
0.9810443881827 0.02461667315594772 -0.19223583282733436 -17.78487813262396 -0.02318258566925779 0.9996834916969504 0.009716366799031664 -0.34388164888725864 0.19241303169055 -0.0050746355454827745 0.9813004620753286 98.58374046579505
0.9810014270751416 0.025757736091670706 -0.19230472146606128 -17.88596642338986 -0.02392289322533971 0.9996431487776332 0.011866965811964312 -0.33746459559865144 0.1925407164383282 -0.007039685630266359 0.9812631855085442 99.0812237944129
0.9809951898116303 0.025327516152242255 -0.1923927908901659 -17.98435300635943 -0.02289105796563195 0.9996269808210761 0.014886431630683147 -0.3289524349885991 0.19269697537771494 -0.010197990808702475 0.9812049201981804 99.57817866552499
0.9809758117664537 0.025324867907125757 -0.19249145149611943 -18.07945811288347 -0.022847447105692458 0.9996247852506738 0.015088689527150536 -0.3243771769624755 0.1928001871170515 -0.010402219965796405 0.9811823247652587 100.04548315332597
0.9809914745398363 0.024613424100267022 -0.1925042313264237 -18.171061152476124 -0.02219588505458515 0.9996451450021662 0.014714513254761879 -0.32210951631861007 0.19279708356920727 -0.01016071549384475 0.9811853887889036 100.50125156312211
0.981016553949736 0.02300739071051117 -0.19257500002889194 -18.2585407611653 -0.02083383703391326 0.99969398013273 0.013313874760466788 -0.3215700529663441 0.19282132409389272 -0.00904757753309776 0.9811914743346661 100.94028985486133
0.9810783472751669 0.02147290048533065 -0.1924375997232553 -18.34625333313534 -0.01943084112398307 0.9997326017098088 0.012501791383559974 -0.3206572878637734 0.19265357389806914 -0.008524533970029627 0.9812290336469837 101.38137559619408
0.98109653013391 0.021983692919143656 -0.19228640287698093 -18.43303383378869 -0.020072257556713016 0.9997271582861891 0.011892518787846116 -0.32019795350232894 0.19249443584631326 -0.00780636316238032 0.9812660830429147 101.8043210173867
0.9810804930618848 0.023058805224634295 -0.19224240447435761 -18.520705280445505 -0.021244363349279424 0.9997076495454643 0.011503941991271987 -0.3180691211964726 0.19245055470332054 -0.007200656882824064 0.9812795348314843 102.22422004148964
0.9810762037544388 0.02383900978610696 -0.19217058126990874 -18.60483488211448 -0.022099915979079628 0.999692807687568 0.011198043790919807 -0.3151706662127748 0.1923779844489624 -0.006737852037259169 0.9812974341223929 102.64964813818293
0.9811274682290488 0.023910040856301256 -0.19190062020458945 -18.68129654309158 -0.022173427965602444 0.9996913758830273 0.011201918857941076 -0.3122936571986126 0.1921087267324798 -0.006734342579058589 0.9813502568453035 103.04405155149045
0.9813454089745918 0.020589969374602776 -0.1911708458998496 -18.75907097044832 -0.01874671425190671 0.9997586076786341 0.01145603213127404 -0.3085928398176951 0.19136013847185332 -0.007657427240674096 0.9814897573885172 103.45293260981143
0.981399947386862 0.019801110345241915 -0.1909735045566198 -18.838106378399566 -0.01772489517181962 0.999763650146747 0.012584678588525716 -0.30343651671691907 0.191177120396971 -0.008964571556259704 0.9815142937243853 103.85232004526782
0.9814815612693356 0.0180168070977714 -0.1907318918440618 -18.918581605816012 -0.015220372550648105 0.9997541170134214 0.016127701201306473 -0.2943994047997221 0.19097506604140524 -0.012925008289510202 0.9815095658634879 104.26325420241095
0.9815135404850072 0.018387341106537294 -0.19053090114592516 -18.99205473075609 -0.015441822880384507 0.9997369895271417 0.016943646252507386 -0.2890717601511053 0.19079182057404417 -0.013687088767470478 0.981534609726951 104.63073088542822
0.9814598915699854 0.021620675658777448 -0.19046893850524224 -19.06643210792569 -0.019014881348678014 0.9996988362553192 0.015509026100034668 -0.28684662196537186 0.19074648091501395 -0.011598625756626863 0.9815705501491481 104.98519344365154
0.9814038387959853 0.023699545643744754 -0.19051055365942127 -19.13722506862759 -0.021387445705748253 0.9996704715219417 0.014194134926326377 -0.2852613716269968 0.19078371440407693 -0.00985458336248026 0.9815825199299547 105.32546772773054
0.9813064213958473 0.025673162959388908 -0.19075596109443513 -19.210402366461064 -0.0235210271066465 0.9996316113522873 0.013548863724164077 -0.2822370015903821 0.19103317480276263 -0.00880803130334585 0.9815439774631087 105.66548621174947
0.9813303535689919 0.0250679802656198 -0.19071468778355485 -19.275911756371197 -0.02292371848146964 0.999647204097527 0.013453183447839169 -0.2798252426103753 0.19098440179733597 -0.008829548163421219 0.9815532584781066 105.99120067646886
0.981398947466621 0.02441828388646464 -0.19044567889057204 -19.339219909827722 -0.022342630964842326 0.9996657103591801 0.013050465558331253 -0.2789051646579152 0.19070044230744368 -0.00855206458338158 0.9816109848251552 106.30847140315075
0.9815443417504043 0.021293378496569485 -0.19007181967812636 -19.403028639307085 -0.019159133737771356 0.999731718312087 0.013071518282840075 -0.27607454198242054 0.1902988974727312 -0.009187887626750655 0.9816833596615723 106.6289977363171
0.9815636479654859 0.021517689978234274 -0.18994611486114335 -19.464571734353605 -0.019388402342658137 0.9997274186647249 0.013073238659070348 -0.27360276248604126 0.19017529873174965 -0.009148801799340725 0.9817077967968459 106.92524498291966
0.981566690125787 0.021637546282299257 -0.18991993655674635 -19.52122669990056 -0.01972518927329633 0.999735180422223 0.011966407720615834 -0.2748820864289494 0.1901283996333223 -0.007999248969069313 0.9817273573276319 107.20674852213936
0.9815706996157055 0.02229997942330718 -0.1898239392428009 -19.577992763375665 -0.0205552146064814 0.9997281096306687 0.011168889581040793 -0.2754307580472848 0.1900215975914331 -0.0070611467582680065 0.9817556488171382 107.48673400737881
