1.0 0.0 0.0 0.0 0.0 1.0 0.0 0.0 0.0 0.0 1.0 0.0
0.999993085861206 -0.0037896335124969482 -8.675456047058105e-05 0.0034350526984781027 0.0037896335124969482 0.9999920129776001 0.0015110373497009277 0.0019386147614568472 8.079409599304199e-05 -0.0015110224485397339 0.999998927116394 0.7750049829483032
0.9999915724993143 -0.00417255930065874 -0.0007300493444137857 0.0019818609231759265 0.004175453082771341 0.9999831515071795 0.004123824411139232 0.007160526436376227 0.0007125277487256554 -0.004126705805281183 0.9999915268350685 1.5515737175682736
0.9999909595364301 -0.004177183708473971 -0.0012864125242949187 -0.0005547396118257613 0.004187071027857286 0.9999613121751224 0.0077910648996058 0.015853677577366138 0.0012535156572877396 -0.0077963315514429764 0.9999691435205497 2.3628492534068863
0.9999892863734214 -0.004123577460664006 -0.0023315195277366905 -0.004605170075809265 0.004150004858581215 0.9999260611997309 0.011465114509485612 0.027437940319468473 0.0022838924132958954 -0.011474783301836086 0.999931901883034 3.208486413915705
0.9999858285202166 -0.004699337282689488 -0.0027965626901639323 -0.008001046137168611 0.004734925424855064 0.9999049765868168 0.0129882024754588 0.038016072267704454 0.002735002611198753 -0.01300134623580017 0.9999121020981406 3.979236577663503
0.999975857232926 -0.006379440224040598 -0.0030487822647251002 -0.011361118431021522 0.006418256140341982 0.9998951428201593 0.013030187090346883 0.04609288510531992 0.002965031936219766 -0.013049553316163297 0.9999107321779978 4.735471509163353
0.9999610546124814 -0.008442198525822536 -0.0028816143401358086 -0.013734373331166309 0.008476037818891984 0.9998916897028199 0.012094417311698687 0.052401282752469955 0.0027789823831877885 -0.012118519320841608 0.9999228997965975 5.53348669245919
0.9999556720132144 -0.009104990401060527 -0.0029315591633108998 -0.016365619067585123 0.009133717609166252 0.9999075244775704 0.01018109329151972 0.05465189874282162 0.0028384299824122127 -0.010207640273947837 0.999944289039564 6.28303039041868
0.9999681779703332 -0.0076317916966456905 -0.0028570433523015366 -0.022598437081052896 0.00765560272591411 0.9999341358326145 0.00866529899488471 0.055274793881730455 0.002790451367510768 -0.008687075141778128 0.9999586893695488 7.0843565000396165
0.999975454663947 -0.00663968608645505 -0.0027938566884968623 -0.028811041285853014 0.006661261434465449 0.9999468423722496 0.007981523919675423 0.056602654880208506 0.002740167298817108 -0.007999911883127516 0.9999644973381138 7.8547600223168255
0.9999792286799569 -0.006101845375342388 -0.002807536994410335 -0.03358089480747336 0.006121328630679601 0.9999557686851333 0.0073128246095670625 0.05751302725199479 0.0027625781318862106 -0.0073305270238003374 0.9999699157537606 8.648994915585385
0.9999785636700715 -0.00615534010174095 -0.003013854281827321 -0.03730945840231283 0.0061709295919574495 0.9999671068760693 0.005524675808276267 0.05627167163083372 0.00297965804332471 -0.005544055013184437 0.9999809840010591 9.369109779718718
0.9999559024767967 -0.009133572938340764 -0.002982131918502814 -0.04014127418105127 0.009145089486717672 0.9999509325203496 0.004148773961877899 0.05793442697165386 0.0029439623829236356 -0.004176731317093273 0.9999876691078861 10.090492273849733
0.9999442386112392 -0.010389743487330957 -0.0028066814316630552 -0.04428824205374935 0.0103999296860534 0.9999390355537389 0.004048793079595857 0.06092358187295704 0.0027644265593159177 -0.004078457852187405 0.9999884283829167 10.824631008501367
0.999945077969038 -0.010334966205615784 -0.002624977271732093 -0.04884836415833911 0.010344713663547321 0.9999392073183205 0.004104328629820996 0.06284543891486039 0.0025823195905761293 -0.00413203907423712 0.9999884750563718 11.578530305995894
0.9999426316697446 -0.010545573336899315 -0.002726866808529518 -0.05310784364534412 0.010555969993979258 0.9999368732985069 0.004112051250110501 0.06403993781045096 0.002683222102228458 -0.004141299607559927 0.9999880566900848 12.280605490620484
0.9999420239087158 -0.01049162098343133 -0.003003534146801498 -0.05581936997655089 0.0105043743415879 0.9999357367311207 0.004363356159486008 0.06786036409566563 0.002957200177096525 -0.004394828331039971 0.9999861494969638 12.96833577109536
0.9999438172166057 -0.0101960840856182 -0.0033141465910974336 -0.060274656128380705 0.010216705379643715 0.9999290323058617 0.006090378031011375 0.07586571266294077 0.0032517124037856372 -0.0061240205190995385 0.9999759520699592 13.675158462591812
0.999940031457715 -0.010462038873871845 -0.0037106304508414587 -0.0642871683917591 0.01048824410890914 0.9999202346674554 0.007098426340550324 0.08282172268887647 0.0036360773141952177 -0.007137164427720652 0.9999680811491182 14.367509162683406
0.9999344377675048 -0.010894598137626122 -0.003983028650591609 -0.06922109183158814 0.010922660372620142 0.9999155408088699 0.007167394939880922 0.08616101511707612 0.0039049127341168237 -0.0072108154684279915 0.999966580744372 15.09915158148697
0.9999266523800083 -0.011485405066696599 -0.004322022332772166 -0.07492531250595187 0.011515546782905664 0.9999095002937498 0.007122622965251491 0.08895672540911073 0.004240106732938718 -0.007172369575929622 0.9999655513004886 15.827641157134648
0.9999248627638574 -0.011606291009796127 -0.004469474332729957 -0.08097197966419893 0.011637792584940054 0.9999078208989208 0.007144379830214202 0.0922493830463361 0.0043863674063591195 -0.007196305581378309 0.999964699357201 16.592284684850068
0.9999221480949574 -0.01178213557795044 -0.004566317601701629 -0.08600646128171709 0.011813981716069231 0.9999065387325924 0.007004039225562071 0.09409242156272725 0.004483387956251666 -0.007057721782245916 0.9999651500138136 17.335818425465565
0.9999304200855446 -0.011096355193158268 -0.004419780345004409 -0.09229640772605928 0.011124979969922752 0.9999182161166285 0.006448587280075017 0.09344569256485073 0.0043476992132217155 -0.006497468208818323 0.9999692330255466 17.986656500475803
0.9999309618846564 -0.01103523789422845 -0.0044101535317002906 -0.09773282374650649 0.011062565309735256 0.9999206226506102 0.006137126375323964 0.09463298945833752 0.0043416666199843235 -0.006185620866827426 0.9999710457444306 18.742667356543148
0.9999307184650338 -0.011023717279048906 -0.004467048055851396 -0.10285738941236625 0.011051058618285923 0.9999210419454444 0.006031795427638545 0.0969867172889526 0.00439958410493023 -0.006080576097433348 0.9999712028846607 19.746082378642615
0.99992954187974 -0.01111808108930702 -0.004470661313226403 -0.10669688107416028 0.01114489888261268 0.9999206787498761 0.005881038688663093 0.09830508052291938 0.004404198569493683 -0.005930012664680364 0.9999720960825231 20.805410832490136
0.9999299035556891 -0.011076875659337434 -0.004412341454444039 -0.11027002500358728 0.011102545347287664 0.9999220402158062 0.005699437960482811 0.09870044706292536 0.004348061760552504 -0.0057475606166260355 0.999973186304577 21.88007338615747
0.9999358039811135 -0.010546582581632671 -0.004270809665282565 -0.11510252386524099 0.010571033071164655 0.9999284693574662 0.005503708490172106 0.09905360522383086 0.004211191532383727 -0.005547425003699486 0.9999748069696304 23.037234294114423
0.999939282167804 -0.01020753476204738 -0.004223632760282269 -0.11990380990509551 0.010231588110883087 0.9999322132137874 0.005422038282806954 0.09973233234337375 0.004166551766340218 -0.005463533044941331 0.9999753385996443 23.962381498925453
0.9999420472381408 -0.009972421151017392 -0.004137034607999584 -0.12436551858818998 0.009995171858788418 0.9999358304268631 0.005201246573159467 0.09907760643360135 0.004083472728407889 -0.005240885264014944 0.9999769011085935 24.755852230823375
0.9999469973332755 -0.009558879131873406 -0.003894204461313451 -0.12861666963173587 0.009578836521796173 0.9999417101654853 0.0048137847661572485 0.09673591196531198 0.0038465490669497503 -0.004849293564157357 0.9999796817466371 25.40709814622647
0.9999461904105833 -0.009618470480767817 -0.003924078453372827 -0.12977724661296336 0.009638935754322923 0.9999406248171956 0.004846103418581209 0.09837204463706549 0.0038756721282799667 -0.004881856423439328 0.9999794099225205 25.963247457323373
0.9999478657344234 -0.009405120014515867 -0.004019576839569572 -0.1346967904842491 0.009426854016989172 0.9999418282349537 0.004983291141687724 0.10150632664118821 0.003970763960492399 -0.005019102052880007 0.9999783111226538 26.464563602402617
0.9999480137255438 -0.009340614367922474 -0.004089137619718096 -0.14009940685000846 0.009362916864589474 0.9999419564023577 0.0050308560983489455 0.10346003309735084 0.004040195983124692 -0.005066945387933594 0.9999776158649122 26.965030215481917
0.9999490733954711 -0.009205806218150168 -0.004079052023287765 -0.14643506439402643 0.009228490984690814 0.999942929194228 0.005064687453054071 0.10540487624884087 0.004030385726595894 -0.005099987129175123 0.9999774273440928 27.483094360287666
0.9999505910767209 -0.009012096784201685 -0.004100373467048253 -0.15279794514190645 0.009035600129417547 0.9999438170318546 0.005240835633721425 0.10827152911870554 0.004051038391387873 -0.005275575428123438 0.9999763890114022 27.962612371402635
0.999946649157223 -0.009233194004555977 -0.004487800257235881 -0.15944283004862936 0.009261078908918146 0.9999390757176361 0.005700547231602911 0.11223105576408589 0.004432793816662419 -0.005739803047428355 0.9999720350790515 28.485256542550253
0.9999459371679489 -0.009203080583247631 -0.004681120166620293 -0.16713828223514907 0.009233174981231313 0.9999381435620273 0.005847562755323201 0.11473032037814612 0.004624702509108428 -0.0058882904979389705 0.9999702108684754 28.997358771710648
0.9999441851783764 -0.009348514467550336 -0.004794584840283009 -0.17351886746802023 0.009379533027244659 0.9999365784076731 0.0058641584422867024 0.11594809658236596 0.00473712036848619 -0.005906456246742878 0.999969582963735 29.49975394567125
0.9999457033799508 -0.009228989603021652 -0.004810847356922946 -0.1809636995661886 0.009259747530344824 0.9999379788385877 0.005856645251113272 0.1173726754901712 0.004754400367609239 -0.005898977323585545 0.9999696682827492 30.003705678060065
0.9999460584027638 -0.00914690999964517 -0.004894733921204494 -0.1881011221984466 0.009178166963267974 0.9999384726501223 0.005900752493634302 0.11896041226233856 0.004838537111226858 -0.0059437074426938125 0.9999691258489926 30.461864884238807
0.9999463824816279 -0.009069694880786763 -0.004960809466526832 -0.19523998624334332 0.009101194923924697 0.9999391341108365 0.005888044576696792 0.12035660119179363 0.0049051855830578705 -0.005931233455154584 0.9999686390876995 30.960492253617314
0.9999450413527012 -0.009167920682889089 -0.005039810071522728 -0.2013546892094515 0.00919899610458064 0.9999390396678889 0.005742691024285648 0.12072535134098 0.00498498232051371 -0.0057869064788384226 0.9999689837493602 31.465556042047044
0.9999456192658902 -0.009135243909180732 -0.005079552339943607 -0.2077659005922316 0.009165650988554609 0.999940361281532 0.005627197042294233 0.12115225152612276 0.0050262155887133226 -0.005672156375486704 0.999969565796312 32.02612164156986
0.9999436141772982 -0.009271466917479926 -0.005276264261429226 -0.21425259559956333 0.009303066703861801 0.9999389839627258 0.005647954853091674 0.12274273422320424 0.005221954115395107 -0.0056955205550946126 0.999968450096068 32.58981574757466
0.9999415481548661 -0.009366720445958397 -0.00552285626534169 -0.2214434972325581 0.009400441705880482 0.9999373692149037 0.005773337033692734 0.12521396949074143 0.00546688199078128 -0.005823899247055772 0.999966441347948 33.1294464352253
0.9999393408542923 -0.00952381215136933 -0.0056559603417333315 -0.22785403117246664 0.009558967883953082 0.999935308733125 0.005872283678843364 0.1274549440140375 0.005598042594109036 -0.005924953169874166 0.9999651352441553 33.65420200695811
0.999938926976874 -0.009538970802040435 -0.005682312799058849 -0.22917701905859492 0.009574468129346808 0.9999351223178018 0.005879214310234503 0.12926085838333842 0.005624205920047537 -0.005932041557140127 0.9999649455408314 34.16249331338892
0.9999372053356491 -0.009662013302279312 -0.005758064153870986 -0.23310993755270626 0.00969739566038446 0.9999345185921422 0.005821953900291234 0.1305920784813664 0.005699859323085252 -0.005876110779941563 0.9999650902261964 34.6595964364703
0.9999348393014192 -0.009874040398407976 -0.005896528446909722 -0.23823978603788232 0.009909465568386434 0.9999330907104708 0.00575379378189033 0.13151925845114834 0.0058378223911198035 -0.005810980937152249 0.9999649283107085 35.11848159082685
0.9999340242772913 -0.009920203936510632 -0.005957506352730117 -0.24413067460358398 0.00995615386198077 0.9999324009394339 0.005793066225300193 0.1331261456472874 0.005898168892852472 -0.005851215337732406 0.9999643428922036 35.55694542782151
0.9999282249946507 -0.010330196600193239 -0.006238361963137789 -0.2506919505269928 0.010368362199596505 0.9999275560042653 0.005900065675175235 0.1348936058068952 0.006175450758830185 -0.005963588624384462 0.9999621694675573 35.99749380819495
0.9999263624473714 -0.010418105016703238 -0.006372447465431044 -0.2578730274327038 0.01045697277805711 0.9999265854550689 0.00590866016353 0.135970371425449 0.006308942229602705 -0.005974025915377893 0.9999614016768785 36.38762247436291
0.9999254832529123 -0.010494278136283203 -0.0064235511557422745 -0.26452766934929756 0.010532795563831883 0.999926336070239 0.0058562976539834 0.1364452775014572 0.006360406222543767 -0.005922830621107197 0.9999613854475525 36.76437043598479
0.9999255351875579 -0.010441703061986047 -0.0064639337676823515 -0.2717171094774896 0.010480522940378876 0.9999266894267956 0.0058195394380741545 0.13703325281291426 0.006401304919660266 -0.005885896419962483 0.9999609240907761 37.14339955767147
0.999925795456731 -0.01036960946950606 -0.006540208192343729 -0.2787344217652329 0.010408761722996285 0.9999275199808608 0.005805925222845749 0.1376409691556994 0.006478110313817146 -0.005872709271537434 0.9999606295792596 37.50423082806284
0.9999247133757164 -0.010393924060984383 -0.006621554571027061 -0.2852445285368177 0.010433695368984345 0.9999270018412864 0.005810173772437798 0.13836892778938611 0.006559053618048018 -0.005877395378283281 0.9999598941687482 37.83942950262091
0.9999221349344809 -0.010545678695363174 -0.006754508619101191 -0.29126889090771757 0.010586476087363579 0.9999253766590879 0.005816087943401957 0.13898455505006319 0.006690923366237547 -0.005885483796348069 0.9999589200291252 38.12772001489371
0.9999206316630342 -0.010632563798734434 -0.0068414727153413395 -0.2969939419232339 0.010673937520094205 0.9999242505364694 0.005829950429476292 0.13961364582841415 0.006777192343563912 -0.005900846502762091 0.9999583713676534 38.40403348741386
0.9999198998571271 -0.010641767221943406 -0.006916566801000473 -0.30289207424593545 0.010683494471305604 0.9999240766544066 0.005781521148022502 0.13979327862952293 0.0068525046585925075 -0.005853133447266411 0.9999578419661134 38.67165019908456
0.9999199633514358 -0.010558506235715314 -0.006966447522987301 -0.3085274859920916 0.010600280801410759 0.9999251084120291 0.005716283871776509 0.1397793763968867 0.006903353964960365 -0.005787562271334075 0.9999576953001008 38.90838648694918
0.9999214430926574 -0.010439178262083817 -0.006934806722948036 -0.31333287989467457 0.010480337746472468 0.9999267126752855 0.005657907240453352 0.1399675745934133 0.006873173273492769 -0.0057281467370406845 0.9999583684666123 39.12907670392577
0.9999209879486934 -0.010410392156259676 -0.006957416513254708 -0.31735950251300626 0.010452295315565937 0.9999263747689543 0.005665744252186491 0.14048297454577158 0.006895413101192275 -0.005735545136214559 0.9999576905299197 39.31876020711996
0.9999214424607193 -0.010352086384487402 -0.006944539213659585 -0.317812188936281 0.0103941700738927 0.9999268614159328 0.00562552441133291 0.1405907422282411 0.00688301938058822 -0.005694222215957821 0.9999578886670846 39.499874160347815
0.9999223059187404 -0.010281021322492334 -0.0069432826394553795 -0.31913539645030664 0.010322500125618996 0.9999282342089253 0.005555887724353078 0.1409122694109128 0.006883100520383153 -0.005624294569548864 0.9999584081550383 39.67465150076388
0.9999242941134434 -0.010175080140735412 -0.006882728342231363 -0.32041479474622503 0.010215606944295965 0.9999300163810242 0.0055186043294483955 0.1416990076017103 0.006823832825582226 -0.00558595719305466 0.9999592739348527 39.80636337033663
0.9999260635784601 -0.010047974169011228 -0.006796059324978384 -0.3217168822778872 0.010087882583117432 0.9999315982673415 0.005468675087366345 0.14251301504054495 0.006738268648660431 -0.0055343957105667965 0.9999601457051664 39.935015786851125
0.9999277794697886 -0.009951261431792452 -0.00672170169468095 -0.3234069973406379 0.009990273577686991 0.999932834964959 0.005400579619493365 0.1430599764026652 0.0066651398776168295 -0.005465078375457359 0.9999610231288758 40.047498068529855
0.9999296052463745 -0.009855644926927438 -0.006627027933582659 -0.32480179086279976 0.00989381080829017 0.999934115356706 0.005341769920660735 0.14377724020806096 0.006571583650036226 -0.005404985052410561 0.999961976783187 40.14105633697325
0.9999315721840392 -0.009740601231584224 -0.006492236567506612 -0.32569185817927715 0.009777736005417927 0.9999353940980314 0.005273213668955043 0.14472450250119567 0.006437982247113927 -0.005334162059325021 0.9999629974269147 40.21055483580896
0.9999348213354992 -0.009569856495194765 -0.006340122973462007 -0.3270134234227155 0.009604614710043723 0.9999384765465744 0.005098744702990385 0.1453314854375705 0.006288826468342052 -0.005157677737526166 0.9999652619547472 40.27045711765779
0.9999357513452517 -0.009402884556843714 -0.006408189446955287 -0.32979687937411756 0.00943180538898085 0.9999444874392646 0.00410546058841164 0.14467243012936523 0.006366873868327829 -0.004163843902771068 0.9999691187538317 40.3469727766957
0.9999379937280858 -0.009157821462653157 -0.006455296399804779 -0.33303126258359605 0.009180965686303335 0.999950683618802 0.0031724999552400265 0.14396678744348806 0.006423619683689053 -0.0032297893998620205 0.999972526492842 40.43657015623833
0.9999407225567422 -0.009026254901454839 -0.0063118605093761704 -0.3340658056375864 0.009048024723471909 0.9999525913266669 0.003104466042664397 0.1452042358942661 0.006281630077426493 -0.003159982186768001 0.9999741446774645 40.51453499133526
0.9999421441928334 -0.008864562042467333 -0.006336838666894845 -0.33475391396818355 0.008889340566265353 0.9999525634610675 0.0036132811348390647 0.14802572172625714 0.006302814772432964 -0.0036682657151427375 0.9999724081220455 40.59761016697023
0.9999438265930064 -0.008755803830846573 -0.00628017641630542 -0.3358774762124521 0.008780364859621519 0.9999535189393459 0.0036494891561874533 0.1493406145918819 0.006246324991188346 -0.003703165035654537 0.9999726363005322 40.665970213245835
0.9999458203617834 -0.008609812505561672 -0.006147255317706041 -0.3371815232680542 0.008633113137620278 0.9999551098391067 0.0035032193047244745 0.14968806629261583 0.006115055718984405 -0.003554490537504639 0.9999738853064571 40.734652384148724
0.9999479960430844 -0.008435237812792415 -0.0060184111201466925 -0.3381081491394794 0.008457730869599323 0.9999566792362696 0.003436738034227308 0.15067031505716538 0.005987381163890997 -0.0034856510605225225 0.9999749099336764 40.79879660864375
0.9999497542499413 -0.008304169845361293 -0.005929989185084041 -0.3389957219200346 0.008326006465536226 0.9999577779084504 0.0034231201764357215 0.15176389868987913 0.005899716734406024 -0.003470620395042841 0.999975309906018 40.86966525829742
0.9999517739638131 -0.00816657635492378 -0.005802126918669024 -0.33905327193086865 0.008187503924003215 0.9999594556954935 0.003339544351722287 0.15199207333745962 0.0057730630724128216 -0.003385229545574808 0.9999764731071852 40.96845858236214
0.9999533516012551 -0.008050956752031388 -0.005672440568772577 -0.3386500084004399 0.008071085566024537 0.9999603958160268 0.003272267080729496 0.15313783165462427 0.005644265011108116 -0.0033161046211801866 0.9999772711285853 41.02380905519861
0.9999551052559023 -0.007909758449951943 -0.005563679222940597 -0.33869554379729844 0.007929264957586158 0.9999616077230811 0.0032154163802989625 0.15424245446030443 0.005536375364542595 -0.0032576094013576254 0.999978073840838 41.09131089021374
0.9999565711038683 -0.007771852738552571 -0.005442606723021282 -0.3389182911390757 0.007790864856043063 0.9999626812132408 0.0031497662397102864 0.15522148049876644 0.005416007346214444 -0.003189848887558408 0.9999788390298618 41.15973473627329
0.9999585633363622 -0.007639024227718452 -0.005310232894424392 -0.33907720572585065 0.007657061495856922 0.9999641251067221 0.003097331363105937 0.15630057572999545 0.005284680868815824 -0.0031356941981151485 0.9999798435047638 41.22486405072495
0.9999601538531557 -0.007512970701400996 -0.0051920855209241865 -0.3395885340850064 0.007530220823388368 0.9999654233438927 0.003029838185292771 0.1571495014421311 0.005167509682712912 -0.003066899739138146 0.999980679610515 41.29331328635009
0.9999614608243974 -0.0073865536323280065 -0.0050771729062788346 -0.3400701371636782 0.007403454397577119 0.9999664741355618 0.0029792930341784062 0.15804119943733988 0.005053189249954434 -0.0030146282611245682 0.9999813099063591 41.3637746564977
0.9999627431777194 -0.0072481599481033715 -0.004955306470883651 -0.34054710764120827 0.007264691964599448 0.9999675412129688 0.0029265496263778624 0.15896972122762212 0.004931953867049902 -0.0029603436008059335 0.9999819662490149 41.43480712180509
0.9999638670295472 -0.0071223881101478695 -0.004840019328453748 -0.34125061445342236 0.007138591074105146 0.9999685258192015 0.0028635787689425206 0.15979260936730294 0.004817319325144798 -0.00289555811698311 0.9999826022599608 41.50110572132465
0.999965467204271 -0.007010761941835095 -0.004722880243536046 -0.34190528027986905 0.007026354466535603 0.9999696075728031 0.0028071043765404086 0.16063550130993431 0.004700970446744356 -0.002837859507065706 0.999983449764352 41.56199120550207
0.9999668167488803 -0.006897091159131865 -0.004593156097490035 -0.3423872944311501 0.006912149475858497 0.9999703843256292 0.0027528805590838973 0.16152638600106262 0.0045719235019457995 -0.002782100608521744 0.999984214261031 41.63197289326132
0.9999686915931557 -0.006776895449611014 -0.004469465451196805 -0.3429229742490374 0.00679102894813365 0.9999718303514202 0.0027036978805479233 0.1624728604300807 0.004449269485698023 -0.0027318716457893463 0.9999853942567385 41.69454117500637
0.9999702636034203 -0.00664267828554534 -0.004347981518093719 -0.34365128507390585 0.0066562082027118025 0.9999731302006132 0.002649685980975018 0.1632879300970674 0.004328522577854553 -0.002676438540130496 0.9999862021505093 41.76414516993516
0.9999714478123687 -0.006516273149384428 -0.004213667978973969 -0.3442049334886018 0.006529492734593713 0.999973888769192 0.0025926426680995427 0.16410517828511614 0.0041947213433514655 -0.002617805727020873 0.9999866985227134 41.8282771071253
0.9999728481789019 -0.006406072829881003 -0.004080005278709542 -0.344698706259924 0.006418703530378402 0.9999748602225615 0.0025427314505301877 0.16495625299452105 0.004061766562230887 -0.0025667093957778262 0.9999873907688003 41.894576100781954
0.9999741259394953 -0.006294888215538133 -0.00397061711060802 -0.3453788827056262 0.0063070287385930636 0.9999758082601452 0.0024988194227456954 0.16575526186130676 0.003953007658011159 -0.0025214352099259614 0.999988186860073 41.962234961009095
0.999975149902781 -0.006173095165913824 -0.0038609968608689536 -0.34497109652767555 0.006184657217088056 0.9999769502451171 0.0024457468960392627 0.16588076766109666 0.0038439713895509907 -0.002467309955228807 0.999988873633759 42.07985352132483
0.9999760823231263 -0.006062485002019342 -0.0037499992787022964 -0.34453188444378746 0.006073642378555851 0.9999776766166956 0.002381075618875563 0.16682069665009183 0.0037334997476987978 -0.0024014979327942917 0.9999893408099897 42.15414117764473
0.9999764287498537 -0.005981051781308136 -0.0036619317037450416 -0.34435685401603694 0.005991982358818491 0.9999780767999171 0.0023220643325971204 0.16768805582161397 0.003645837258914798 -0.0023412904592682833 0.999989692057934 42.24673165653942
0.9999765332132975 -0.005916315448341204 -0.0035759080738733606 -0.3443332789806704 0.005927466512340746 0.9999779807735352 0.002275252211996064 0.1685483957394411 0.003559738630252279 -0.002293220180054137 0.9999897578366287 42.35094857759957
0.9999773462565233 -0.0058361984676016405 -0.003481138849066174 -0.3447474722237384 0.005846876671395097 0.9999787018415308 0.0022203215918677344 0.1692275493030654 0.003465539963791676 -0.0022376518031698325 0.9999903404942856 42.45995625633766
0.9999779620808571 -0.005767998495645723 -0.003384205122536247 -0.3455353972651736 0.005778385650099619 0.9999792451803388 0.002156395311417815 0.16977075729974678 0.0033690145311322207 -0.002172893264955656 0.9999908194363217 42.55591101295106
0.9999791523238528 -0.005697225530685709 -0.003294505001338539 -0.346419304037524 0.005706672611968728 0.9999802863627404 0.002084940649853574 0.17015718128284077 0.0032802720435135906 -0.00210124932836019 0.9999915150532622 42.67728323331108
0.9999801668020619 -0.0056506455664637805 -0.003212312057583418 -0.347380502028284 0.00565926964118381 0.9999811605651727 0.0020225265043330148 0.17059962630449998 0.003198864203585544 -0.002038572105699982 0.999992154050675 42.79979910417761
0.9999801002058882 -0.005652495373011329 -0.0031555275455583355 -0.34856259516637417 0.00566085276928651 0.9999812839563542 0.001957430790745528 0.17095301535697083 0.0031423850201069 -0.0019729829521260415 0.999992408268401 42.93982083049992
0.99998014545204 -0.005682730741532398 -0.0031248750369419283 -0.350060959822537 0.005690715379762021 0.999981134868151 0.001886107827956967 0.1714152790214094 0.0031121666387463848 -0.0019015519921246706 0.9999927635918506 43.10497085919211
0.9999807431477512 -0.00566048467516778 -0.0030503904283958982 -0.35150469334840656 0.005667898532536654 0.9999814345248312 0.0017956035962980862 0.1719830047102674 0.0030384800950812403 -0.001810585447766714 0.9999931666990385 43.251306003811656
0.9999811764428163 -0.005631989647516334 -0.00303947264980703 -0.35386904994376284 0.005638914369836697 0.9999821091613874 0.0017095358184594988 0.17212677364729348 0.0030284005479209227 -0.0017247282131687266 0.9999934735447227 43.416771270953156
0.9999818628459008 -0.0055359688429208595 -0.002991686843487651 -0.35683986387994565 0.005542484330661465 0.9999825994618677 0.001601561747581866 0.17167121445193076 0.002981270750098617 -0.0016159860694475521 0.999993803103898 43.60920688094743
0.9999816250535085 -0.0055411789357921555 -0.0029817269572993167 -0.3595715227927527 0.005547444827704694 0.9999827289535207 0.0015037444385575837 0.17154776232855462 0.002971844521050233 -0.0015181305092723885 0.9999937509209073 43.79392457972638
0.9999818593441834 -0.005590786988350967 -0.0029312909044010484 -0.36245452660882227 0.005596217671000436 0.9999828829644963 0.0013782567405161918 0.1713987378841337 0.0029223594875143555 -0.0013927803900113892 0.9999940896695785 44.02394566881785
0.9999822983626432 -0.005562225452594062 -0.002876662038421859 -0.36562694583727173 0.005567176753624724 0.9999832216960346 0.001250172403132169 0.1713092148902142 0.002868547703483683 -0.0012644273851683853 0.9999945452464332 44.24511609979495
0.9999826129977031 -0.005521785035901077 -0.002824652168707687 -0.36419888085884033 0.00552640289959515 0.9999834987199742 0.0011156042323600473 0.17058553621032338 0.0028172200837733538 -0.0011291871213424134 0.9999946243858925 44.508426257625565
0.9999831633412104 -0.005453742526929816 -0.002804804279710268 -0.3653440401833366 0.005458076450923108 0.9999840398485317 0.0009699488549014266 0.17048207379627292 0.002798194364951205 -0.000983053077704001 0.999994961838672 44.80570721590191
0.9999834767074746 -0.005445570914451476 -0.0027943170182317934 -0.3672901776432791 0.00544930661460218 0.9999844459620306 0.0008447454405584216 0.17053676595007342 0.002788517939510959 -0.0008580987557476209 0.9999953508286489 45.08616025917802
0.9999832163983852 -0.005447248748765207 -0.002777231364353357 -0.36946965358261846 0.005450929994607988 0.999983927057451 0.000744760730272373 0.17064566065649076 0.0027718264789886944 -0.0007577581972225348 0.9999952444093321 45.342796400751915
0.9999841504488234 -0.005359499928669319 -0.0026993073209651084 -0.3715779510488414 0.005362600636548843 0.9999849352378939 0.0006753578846761849 0.17073219580585153 0.002694557371740799 -0.0006877478807620868 0.9999957506817049 45.55860994404405
0.9999848867462794 -0.005255867147103024 -0.002587904154146725 -0.3736246698982008 0.005258814503821254 0.9999853779591844 0.00058070577982006 0.17069072453884998 0.0025836151991272443 -0.0005921007914098777 0.999996114999903 45.749174395904475
0.999985757931653 -0.005230088462229882 -0.0024880281600529455 -0.3753840335632736 0.005232593324721489 0.9999853965073772 0.00047721962879496746 0.17065835173431826 0.0024843905762633664 -0.0004880534906681024 0.9999965524266394 45.958647470296505
0.9999862259099559 -0.005215316913739718 -0.002427010610429012 -0.37730377087402295 0.00521739659741454 0.9999857609634016 0.00037805760836990377 0.17038098180716862 0.002424019275063423 -0.0003885960858365207 0.9999969896984681 46.20313060034483
0.9999871744883471 -0.005052367466529707 -0.0023370473929059756 -0.3796701783283686 0.005054286143372771 0.9999867698322779 0.0002773467916503149 0.17024340180854475 0.0023345564507381714 -0.00028717096946907 0.9999972458126397 46.42559068083219
0.9999880014637776 -0.004980335536814892 -0.0022411715425108988 -0.38108679557372643 0.004981842238075963 0.9999871596391186 0.0001888107149065601 0.17036101932979206 0.002239300041899077 -0.00019801282961937348 0.9999973749473083 46.60729546529303
0.9999882851226946 -0.004958300448827209 -0.0021101698543991177 -0.38261098424162776 0.0049597337324798485 0.9999871678518696 0.0001013665852150206 0.17057955666111851 0.002108621307154368 -0.00010971857576040323 0.9999974463453403 46.7636207104241
0.9999886625050737 -0.004868439630558354 -0.0019721875704540996 -0.3845987508875365 0.004870192947079137 0.9999872070539108 6.205512699503917e-06 0.17086010065737242 0.0019706757776938584 -1.3416377764203987e-05 0.999997389186402 46.914332069023175
0.9999894697849326 -0.004729764118669696 -0.0018445054790788204 -0.38643539188722864 0.004731463540497079 0.9999876454045441 -8.091164259392459e-05 0.17146882851624953 0.0018433622151794065 7.462486212128272e-05 0.9999974027257245 47.02622486643237
0.9999903579862685 -0.004601395605965258 -0.0016918471794927883 -0.3876330755664445 0.004603089046272368 0.9999882462248341 -0.00017102772703332715 0.17186145603448447 0.001691033360104846 0.00016569904584586722 0.9999976765625045 47.14617338138145
0.9999918549073072 -0.004465226490647352 -0.0016011184913113383 -0.38853981378452196 0.004466346491905853 0.9999893389298691 -0.0002379640326943635 0.17239671098819326 0.0016009494991504232 0.00023295485638468263 0.9999981759328258 47.2625497187732
0.999993173533798 -0.004362604691005445 -0.0015113325939969601 -0.3895190592924495 0.0043631963510659885 0.9999903784375861 -0.0003026519457968682 0.17280827590558706 0.0015118178275738048 0.00029764136882260046 0.9999985424675163 47.37712122460651
0.9999939858683164 -0.004268053468041619 -0.001404381705417336 -0.38846281542731753 0.004268638020839325 0.9999907713366739 -0.0003684961216986074 0.1725940050599549 0.0014050978747164374 0.0003641541408908486 0.99999880319427 47.516062680218646
0.9999950124170792 -0.004176768924067621 -0.001290837105721497 -0.38747447826481646 0.004177100041614183 0.9999913767549232 -0.00043056716149112844 0.17343130246626434 0.0012919655164565444 0.00042680781455215773 0.9999991780004329 47.6104555708189
0.999995782872044 -0.0040983118635518085 -0.0012255775423768995 -0.3869810356706439 0.004098332796774631 0.9999918002481556 -0.0004857274745314638 0.1740930270796008 0.0012270825469696991 0.00048204357344290344 0.9999994767746648 47.72918745873859
0.9999960215903758 -0.00406363942396098 -0.0011465238467490285 -0.3870803331864905 0.004063651592015858 0.9999919121771543 -0.0005480186737671342 0.17456397553753142 0.0011483877206216275 0.0005448498720665014 0.9999994836778886 47.859080311929645
0.999996269442569 -0.003986244245812061 -0.001100353037755872 -0.3873991338319523 0.0039863399397770385 0.9999921381751188 -0.0006009392368910994 0.17487419680091323 0.0011023008823389461 0.0005981359073762686 0.9999995075165098 48.00772413163146
0.9999965006056103 -0.0039112054562130474 -0.0010536034413625192 -0.38826974742374276 0.003911355654949878 0.9999922838010769 -0.0006580035262532755 0.17505538488428538 0.0010555854694226062 0.0006557072724847351 0.9999994053444501 48.140189086830205
0.9999969377610692 -0.003900298796953286 -0.001019980545371121 -0.3894383513170203 0.003899964639107015 0.9999925093818427 -0.0007432862741518398 0.1748258319467384 0.001022468002013311 0.0007405960008386345 0.9999996228962528 48.32184560873501
0.9999969641842194 -0.0039316928112547765 -0.0009904447986327312 -0.3909800737045712 0.003931398180843711 0.9999921937044743 -0.0008429500311182329 0.17442739964992401 0.0009933447269378861 0.0008406996824967027 0.9999995788024739 48.523862783288266
0.9999972940697723 -0.003942952057660109 -0.0009744704236899207 -0.3928393370940048 0.003942379844339836 0.9999923179938929 -0.0009263641729675507 0.17399925751686066 0.000977827298929085 0.0009239564351217798 0.9999995241660602 48.70633411482875
0.9999972787298398 -0.0039130907626027025 -0.000989041773586528 -0.3947119148065713 0.003912354917585082 0.999992618080372 -0.0009873677924104845 0.17362943536772354 0.0009926410030500587 0.0009847528199342004 0.9999993937668888 48.87548419437271
0.9999969819912048 -0.0039003509876661293 -0.0009769649252384025 -0.3967798567499227 0.0038998485234591255 0.999991994785153 -0.0010651644748225122 0.17268132342193102 0.000980588190981649 0.001063145014031893 0.9999989711677552 49.118391507615556
0.9999977840690686 -0.003863398902508021 -0.0009149732182162812 -0.398912306995467 0.0038624250294587515 0.9999925177097826 -0.0011575197047868446 0.17192950776960053 0.0009193350095407472 0.0011555391482282486 0.9999994099964725 49.33094127715843
0.9999978004312577 -0.00389629107692752 -0.0008886213717804935 -0.4010504436210276 0.0038952379149185075 0.9999925294886475 -0.0012439943131752746 0.17117393386578536 0.0008933555885651864 0.0012418167328947828 0.99999933387354 49.55351553630819
0.9999982715916921 -0.003902688378962995 -0.0008682954561601793 -0.40317768497770556 0.0039012547226666087 0.9999929150109238 -0.0012977389913923186 0.17059015117273107 0.0008734853175726414 0.0012953365894658685 0.9999996426341237 49.77626878356557
0.9999981827795941 -0.003917605730117657 -0.0007661793464799043 -0.40487353036906004 0.003916227708942585 0.9999927437906183 -0.001384781181133697 0.17013948683552074 0.0007717891482967025 0.0013826443989746044 0.9999994990595352 49.98088500953333
0.9999982119655154 -0.003927748839249265 -0.0006755748827835836 -0.40682924230144135 0.003926574961063002 0.9999923378237493 -0.00147711216014003 0.16994191140327702 0.0006814426857453572 0.0014751426573028478 0.9999993213469596 50.128047638416746
0.999998382503835 -0.00402284250576293 -0.0005765895323642181 -0.40471384513230885 0.00402167201574585 0.9999920865357903 -0.0015557006048031415 0.16920708346920862 0.0005829374556145269 0.0015539649387833333 0.9999995105059732 50.301384708269715
0.9999986558565729 -0.00403215515322651 -0.00045231320345157056 -0.4033241643019936 0.004030925402839256 0.9999922916725973 -0.0016295287820716345 0.1695360233409845 0.0004591528867742383 0.001628018826437814 0.9999997056941183 50.467861754147926
0.9999991080945291 -0.0039981049226827745 -0.00028656270599889723 -0.40295470762164204 0.003996684535152098 0.999992634917245 -0.0017225303469850788 0.16962720160803688 0.0002940217964187931 0.0017211970953212867 0.9999997483404972 50.632682448768946
0.9999995542531511 -0.003927894509568123 -0.00012760189430477295 -0.4029809818466289 0.0039265354901384004 0.9999926526655695 -0.0018400026512046556 0.1693082498477789 0.00013550131617109286 0.0018392944176036314 0.9999995916549013 50.81342299234991
0.9999998316344643 -0.003862759420865178 3.8477634634533e-05 -0.4031725364562165 0.003861603466197434 0.999992850448343 -0.0019357618252549853 0.16929918447328257 -3.025991459264276e-05 0.001935624531112436 0.9999994367802748 50.95480553209846
0.9999997047634888 -0.003801331723736734 0.0001716478507129729 -0.4034578132451958 0.0038007952653094906 0.9999923497933227 -0.0020081737315584334 0.16924260964642507 -0.00016350500172875526 0.0020088755859188866 0.9999989339735091 51.09678116916062
0.9999999545632375 -0.0036642849692970123 0.0003581587399633081 -0.4038759977105161 0.0036643175522685294 0.9999922311193673 -0.0020879904259936623 0.16923623905355342 -0.0003502230120228588 0.0020898548486443795 0.9999983245295417 51.23004038718545
1.0000005327185388 -0.003553923739286318 0.0005425060188995342 -0.40433817753425566 0.0035540173386067707 0.9999926761185806 -0.00218220629945199 0.16909536377335443 -0.0005343046316048772 0.002184498527019821 0.99999818099019 51.376928152857204
1.0000000593857197 -0.0034532523263425294 0.0006409868847345481 -0.4048319723749433 0.0034543331319375776 0.9999923274861883 -0.0022864622225330883 0.1686029368173683 -0.0006331381486806151 0.0022895563274302013 0.9999975424307637 51.549735777592375
1.0000004362950248 -0.003317187143701066 0.0007861106969386015 -0.40568932992316187 0.0033186179480481207 0.9999926283451062 -0.0023597219784179135 0.16941721916987434 -0.0007783779749269816 0.002363379787255649 0.9999972818292296 51.60669770210316
1.000000908487055 -0.0031428750507989656 0.0009197170744875879 -0.406154193087347 0.003144918808585535 0.9999927969694805 -0.002431936634702363 0.17028046821172899 -0.0009124224906052697 0.0024358120459270667 0.9999968870929848 51.67065223703227
1.0000006184858623 -0.0030111559088969947 0.0010349838894515417 -0.4065921653320452 0.0030140090506047385 0.9999924815049862 -0.0024858136316608 0.17114847364743843 -0.0010282847447312183 0.002490586165400192 0.9999962923305336 51.7215102163952
1.0000012860434173 -0.0029054963377395013 0.0011601544778027234 -0.4065709117494247 0.0029081650806041253 0.9999931053067139 -0.002554846973641958 0.17179172841869725 -0.0011531228711050667 0.0025593814906912375 0.9999963485908331 51.78498578074062
1.0000013127236096 -0.0027972827169631567 0.0013051742824731409 -0.4065622205364691 0.002800442802666952 0.9999930489312252 -0.0026062810492773008 0.17259218926605505 -0.0012983573517161842 0.0026111120188252526 0.9999959296107275 51.8401427309029
1.0000015857548659 -0.002693242293879203 0.0014102673568126176 -0.40645703241555614 0.0026967668460205576 0.9999926865758919 -0.0026735778470911406 0.17302072788874315 -0.00140356248289857 0.002678746014110874 0.9999953785005977 51.92626153885158
