1.0 0.0 0.0 0.0 0.0 1.0 0.0 0.0 0.0 0.0 1.0 0.0
1.0 0.0004381537437438965 1.1235475540161133e-05 -0.0013046576641499996 -0.00043827295303344727 1.000000238418579 0.0004512369632720947 0.0008915273938328028 -1.0967254638671875e-05 -0.000451505184173584 1.0 0.36583411693573
1.00000016787404 0.000870611791000897 2.180481030933379e-05 -0.00383446288903537 -0.000871096859498266 1.0000001444304463 0.0007673756105752716 0.001903658415575632 -2.0785418803015432e-05 -0.0007681299077830772 1.000000095563962 0.7104401579912587
1.0000004255378068 0.0009837996988171923 6.478962247132682e-05 -0.0058567877703669825 -0.0009848852868943733 1.0000004611954803 0.0008471191471866221 0.0005912468764629314 -6.322596537334008e-05 -0.0008482412769749344 1.000000152599218 1.0887373075972449
1.0000003013967815 0.0011108078593768484 5.711990835212544e-05 -0.009322898102147438 -0.0011115685295408637 0.9999999191147464 0.0009879129722812035 -9.716038222270726e-05 -5.545930394135937e-05 -0.000988677619503372 0.9999999144629502 1.4474525908031746
1.000000140137698 0.0011492090548962995 5.214500433961263e-05 -0.012660079919863303 -0.0011496805296830619 0.9999995171923398 0.0012312548630718147 -0.0005120467144429429 -5.032541504448503e-05 -0.0012316281434471025 0.9999997933823054 1.8034195992284567
1.0000001581355884 0.0013394583706155712 8.899143477503825e-05 -0.017045349958266297 -0.0013398646627541552 0.9999989761811559 0.0013961684941715183 -0.0015158454925019709 -8.674809568793516e-05 -0.001396563589456582 0.9999995883732611 2.1614508382084705
1.0000004948956842 0.001273172636704576 -1.6164427430329035e-05 -0.021031470564305755 -0.0012732887936178537 0.999998747512319 0.0014531720972724097 -0.0026727468826640865 1.8361265505600994e-05 -0.0014531818960229297 0.9999993988801367 2.498736224464652
1.00000016477019 0.0013912508612025979 -9.550984854002001e-05 -0.025568544430069277 -0.0013910114721193377 0.999998474475161 0.0015377923710764882 -0.00376605505166238 9.789603963818312e-05 -0.0015376096565552341 0.9999991553900193 2.8347543645684756
1.0000003266961865 0.0011753173640232182 -0.00029963347257475824 -0.029427245106254406 -0.001174600878985869 0.9999980592511835 0.0016933310215125463 -0.00446802503807806 0.00030182870080912327 -0.0016929000322805842 0.9999985390365205 3.173568122697974
0.9999998616899262 0.0013225396842937687 -0.0004800035130294825 -0.03462969085293981 -0.001321071134609292 0.9999970163261955 0.0018909229493918494 -0.005036871899316606 0.0004825597073847834 -0.0018898775713205912 0.9999977927523542 3.515919117187143
1.000000192017074 0.001401043489165514 -0.000567150719168776 -0.03950094646314391 -0.0013998520314859307 0.9999972593240841 0.0020223772001077473 -0.005812976164366668 0.0005704171776203673 -0.0020217456336714458 0.9999977408185872 3.847028716042359
0.9999995314596721 0.00149728391575251 -0.0009697321195910062 -0.04498955401386434 -0.0014947619019002587 0.9999966087399866 0.002248633324931024 -0.0062712012642986235 0.0009733582142090947 -0.0022473831665115207 0.9999969354960453 4.1604118544471955
0.9999989599391728 0.0016212155295414696 -0.0012447052758879618 -0.05095226698596217 -0.0016178813326961207 0.9999961662551411 0.002416711749039109 -0.006759366968382079 0.0012490088026457565 -0.0024147813035830207 0.9999961715812055 4.463445879484
0.9999986904147748 0.0017189963953242505 -0.001429411822930936 -0.056227834078226874 -0.0017153052865642618 0.9999960707028891 0.0024403158265859856 -0.007446084815992846 0.0014340785840082546 -0.0024380840345341916 0.9999958249516785 4.7394679046807155
0.9999981621500903 0.0019036083442902328 -0.0015770326790478595 -0.061215157210802555 -0.0018995101266752168 0.9999958452740023 0.0024521028198217815 -0.007974149133523654 0.0015821388573996067 -0.002449293446816694 0.9999957043124578 5.006915086566852
0.9999973976674712 0.001896427838833497 -0.0018064176904888408 -0.06602869683851431 -0.0018915266871940594 0.9999957364927252 0.00245393866425957 -0.008636399688592325 0.0018112690940981814 -0.002450615814880638 0.9999950995397348 5.242722534618869
0.9999971464234411 0.001803177110002751 -0.00204355397233429 -0.06736445584234257 -0.0017975745625255638 0.9999960317234791 0.0024545961232730353 -0.00997515521850112 0.002048146393424545 -0.002450934021398227 0.9999947887181391 5.476485027170902
0.9999969313998937 0.001946069063735504 -0.002080580127135145 -0.06930798153760405 -0.0019403843926870574 0.9999958232996004 0.0025804882865653293 -0.009473327246538658 0.0020859582053079015 -0.0025767953360291296 0.9999945232376423 5.660648067861579
0.9999960469868838 0.0022555414304702907 -0.002102030889718711 -0.07195327437712438 -0.0022495268235594263 0.9999948568819853 0.002584046582051067 -0.009073022215797687 0.0021080331924075886 -0.002579367511798987 0.9999944694160857 5.841494165290543
0.9999964427732315 0.002313331034622379 -0.0020780216660356353 -0.07452007724213887 -0.0023078530533428847 0.9999951815351404 0.0024996818082441414 -0.009373344096192018 0.0020842235459980207 -0.0024954124643081937 0.9999947378978661 6.012465466839357
0.9999965640375692 0.00234936487504217 -0.002036631367099879 -0.07689292267312073 -0.0023442259809397614 0.9999955250020437 0.0024719902125253687 -0.00933462409743608 0.00204294889583142 -0.0024676817261888935 0.9999952507911778 6.189699783478575
0.9999967661884184 0.002447999760960079 -0.0018818955022662505 -0.07889527450208124 -0.0024434925709992967 0.9999955343106584 0.0024221558633181015 -0.009087516034492777 0.0018884006265343476 -0.0024183067112051675 0.999995808437188 6.351300686584192
0.999996562976139 0.0025625898402934534 -0.0017462777463968654 -0.08148180859067253 -0.002558351403858116 0.9999950863138459 0.0023436224923784857 -0.009078380238032813 0.0017526600290651393 -0.0023396497895234246 0.9999960155964688 6.500589162842794
0.9999956804387024 0.0027870750335114913 -0.0016498521299806177 -0.08475228829306201 -0.0027829579737205477 0.9999945322830444 0.002232897713264482 -0.009300405899016328 0.0016562375994430118 -0.0022286594668430725 0.9999961455495971 6.633196446270832
0.9999956926499979 0.0029103638081941965 -0.0015065144931462784 -0.08778321750642473 -0.0029068094051055084 0.9999945553516582 0.002068258099992405 -0.009647560273893676 0.0015126876511088573 -0.0020641254491714943 0.9999968689554745 6.756068324919434
0.9999955037428218 0.003027284339025413 -0.0013272225588522254 -0.09052658528076199 -0.003024214070486335 0.9999944543151571 0.001894196991670902 -0.009679408371569128 0.0013331023928219927 -0.001890469166790205 0.9999972607210731 6.863187521560786
0.9999962496771286 0.0031368053014828754 -0.0011423744765951937 -0.09289328683641944 -0.0031348047159085886 0.999994894452143 0.0018003274620923726 -0.00948850906698576 0.001148567817869421 -0.0017975795553766118 0.9999981607585763 6.964550326150149
0.9999957487579034 0.0033220592894878656 -0.0009682440888527154 -0.09541990892970606 -0.003320308957222745 0.9999943421415819 0.0017510247653486953 -0.008868940313876639 0.0009745275100641036 -0.0017483716782729934 0.9999984485794147 7.057669593479741
0.9999953108139971 0.003496789054355678 -0.0008203463685227238 -0.09787785102352002 -0.0034955665616470772 0.9999939242909929 0.001657639359185373 -0.008403111205512744 0.000826716161299658 -0.0016553374184724553 0.9999987554241209 7.140861810119527
0.9999947397081215 0.003664179782946999 -0.0006585678562470313 -0.09991374934751611 -0.003663114407135023 0.9999932957203167 0.0015753253788488898 -0.007687032971743079 0.0006648089317285294 -0.0015733914080684028 0.9999989055169015 7.2131355222180105
0.9999944302049883 0.003806487478004024 -0.0005173443658020802 -0.10175546315073607 -0.0038057319676715992 0.9999930804911178 0.0015317137981474937 -0.006540639365217017 0.0005237403990329931 -0.0015302924528845523 0.9999991865221998 7.277428566645232
0.9999936181885686 0.0039390436844877145 -0.00042325152009574444 -0.1034448544136364 -0.003938107530478462 0.9999921328460931 0.0014706174731162207 -0.005582650005523901 0.0004293202701367769 -0.0014692466869504466 0.9999989116370749 7.334106111145193
0.9999934107580607 0.004100059739888914 -0.0002563996328321463 -0.10393675443802777 -0.0040997326369288985 0.9999919815795919 0.0013841591963446127 -0.0051331434381761964 0.0002626945086396696 -0.001383943520350529 0.9999993478965598 7.419476127717647
0.9999924866874267 0.004304816645260755 -0.00012218646342707591 -0.10452308225778852 -0.004304628743192131 0.9999913368093412 0.001328921212279684 -0.0035774905098787 0.00012853959875777594 -0.0013293218762054759 0.999999458896838 7.45916454860276
0.9999914089550689 0.004475930926345527 3.411233208327173e-06 -0.10500531403689294 -0.0044756499271057714 0.9999902029133205 0.0012687750862976242 -0.002181411592424686 2.732723176224525e-06 -0.0012694264127254256 0.9999993754941365 7.504410601352527
0.9999906225043702 0.004651317373172188 0.00018849182377274587 -0.10560360398031642 -0.004651448654789453 0.9999897378838689 0.0012035433966078109 -0.0007365839669608246 -0.00018223592502867428 -0.001205172469156065 0.9999995769645568 7.54872415085052
0.9999896218991061 0.004846349674004095 0.00036955350473718955 -0.10626976152245934 -0.004846631213762495 0.9999891114335558 0.0011673254305835932 0.0008126325415835993 -0.000363169186709351 -0.0011700713740766407 0.9999995865717246 7.588848061292571
0.9999886807164131 0.005025665532441601 0.0005663065489787827 -0.10712535984624097 -0.005026030954329162 0.9999882689065295 0.0010926101539356118 0.0023312013434955065 -0.0005601018242837557 -0.0010964353044239828 0.999999601291856 7.6257744621086365
0.9999870242661191 0.005240412753151755 0.0007461120641580412 -0.10804047718165409 -0.0052405914755527735 0.9999868212762869 0.00099293994192573 0.003839363810480726 -0.0007404685181099167 -0.000997462350755205 0.9999993701740637 7.659172174706381
0.999985375682091 0.005479973589257107 0.0009551359502412489 -0.10906069630763443 -0.005479989047551681 0.9999855840992208 0.0008540662362046835 0.005467929878362363 -0.0009502465887099889 -0.000859714484527818 0.9999991734744085 7.688337625232628
0.9999836794480245 0.005746239396422924 0.0012038001923850323 -0.11019526668426924 -0.00574612501590812 0.9999842349861251 0.0005857598154835628 0.0070156086318439205 -0.0012002082578263732 -0.0005931769928858787 0.9999989864662653 7.7138202403644405
0.9999822178101896 0.006016153964249733 0.0014256150160275685 -0.1114455403927993 -0.00601620269003909 0.9999829199274327 0.00038730979332751226 0.008848739208778685 -0.00142273128644368 -0.0003965671904807587 0.9999990742547546 7.741170700267174
0.9999805201346572 0.0062548062184681575 0.0016092755495771987 -0.11265313962010264 -0.006254897005194363 0.9999813137400307 0.00036507458421361575 0.011085280601181153 -0.0016064572090433874 -0.00037559798116484065 0.9999988211490635 7.77377897096286
0.9999787715343709 0.006471611764877993 0.0017789188062535713 -0.1137266865186215 -0.006471766098161026 0.9999798519781201 0.00032777309776802535 0.013028805325572672 -0.001776189016208699 -0.00033976616294227277 0.9999985618665059 7.805312860330186
0.9999766449225324 0.0067041028941915905 0.001995192611527492 -0.11477378499351659 -0.006703901746166877 0.999978263910958 0.00022096022844930732 0.01483308780202128 -0.001993278953886627 -0.00023464887550755765 0.9999980335042767 7.834575713240267
0.9999751149845091 0.006920623831518824 0.002153247238731148 -0.11579253606282688 -0.006920626274390247 0.9999769433845132 0.00016899710093459095 0.016637268739943374 -0.002151418998578742 -0.00018459526296547623 0.9999978489234372 7.865864186816893
0.9999733554939984 0.007126151395253354 0.002309461593605077 -0.11671169275805013 -0.007126224385908036 0.9999755274148747 0.00013262916858754932 0.01832846941027535 -0.0023077833016021477 -0.00014998983177362174 0.9999976380303559 7.8965301610411505
0.9999716727133179 0.0073499367894757075 0.0025020155305555737 -0.11767059456794944 -0.007350092269566366 0.99997430008853 6.518348006838056e-05 0.02006960336013617 -0.0025005413205783458 -8.461321112595549e-05 0.9999973216788696 7.927171524793028
0.9999693626077427 0.0075683203344437105 0.002688967813249309 -0.11835372491087144 -0.007568190518723598 0.9999725190587514 2.8432946031316803e-05 0.020716170347678795 -0.002687859167599681 -4.95751915704285e-05 0.9999966181073334 7.989008879966608
0.9999666291184125 0.007789897684659445 0.002905331082003762 -0.11901701383916516 -0.007789201033852244 0.9999702488589868 -3.149967680765995e-05 0.02251921344064013 -0.0029050157179111497 8.361225170327787e-06 0.9999957402151805 8.006083234376872
0.9999641367109722 0.008045916507435786 0.003076746756087436 -0.11961806498962164 -0.00804504094578454 0.9999681349530792 -8.281495394587485e-05 0.024379311463184315 -0.003076887118235823 5.7715371320166725e-05 0.9999953598942014 8.036532707961609
0.999961387039092 0.008291314524365871 0.003251727668425953 -0.1203115568831627 -0.008290111002305908 0.9999659219090288 -8.937869734530594e-05 0.02645020771963394 -0.00325216717505975 6.229490403782791e-05 0.9999947018432994 8.07025316500192
0.9999585521058024 0.008583587908386849 0.0034145996219586087 -0.12098284994013134 -0.008582388623758711 0.9999639715065972 -0.0001580845740318977 0.02807940576483549 -0.0034153526222066295 0.0001283701647619093 0.9999944045438649 8.105211775440404
0.9999553114464103 0.008843000566796683 0.0036419417461404017 -0.12148435811036212 -0.008841412790766114 0.9999614988808568 -0.0002201493019671024 0.029772172612910246 -0.0036433715555559366 0.00018747654368310603 0.9999933205543395 8.13978173834764
0.9999525062757025 0.009051298733440658 0.003873919938682251 -0.12168616045713868 -0.009049342954815194 0.9999595292076543 -0.0002684852184805619 0.03141533996018937 -0.003875896478611006 0.00023314990023324772 0.9999922863505006 8.17774433053166
0.9999494418856084 0.009310381267249361 0.004059501695463935 -0.12223357285462398 -0.009308234916778275 0.9999571741902445 -0.0003149892415946862 0.03306741567280757 -0.004061951712643774 0.00027661106514370647 0.9999915549977132 8.212914608808074
0.9999463673100836 0.009542777307833717 0.0042837851710232355 -0.12268898338231579 -0.009540433507615265 0.999955002110517 -0.0003487880751345529 0.03476319207716256 -0.004286663972658025 0.00030731735693130774 0.999990574347366 8.246594186804556
0.9999428095738585 0.00979267017144977 0.004529722849701558 -0.12303835474789994 -0.0097898102547151 0.9999525869160821 -0.00045193068544310057 0.03645749212594769 -0.004533679845433974 0.00040685963244595767 0.9999896041507608 8.275667748118709
0.9999394526870299 0.010039039101431255 0.004790760342400422 -0.12355057582455153 -0.010035939396879955 0.9999501581346025 -0.000495675144609706 0.038383607207120245 -0.004795114966415301 0.00044681062745361024 0.9999884020367361 8.306272218364661
0.9999361912354464 0.01029696530056453 0.005005238653523208 -0.12405730997140166 -0.010293852198413453 0.9999480214431525 -0.000553948503308089 0.04015599865904711 -0.005009955213583447 0.0005011261636655445 0.9999875841719965 8.334042490016998
0.9999315649193031 0.010565299920287614 0.005306086219774924 -0.12457475908603885 -0.010561739534410955 0.9999448162853696 -0.0006077716946050467 0.04193662157651419 -0.005311445102058592 0.0005505951058948621 0.9999856911748265 8.361020792812898
0.9999264390622233 0.010865519524438733 0.005629338005315482 -0.12415066147549624 -0.010861424348448131 0.999941550267226 -0.0006752347673773567 0.04341201480582121 -0.005635555568600245 0.0006130762428955912 0.999983816055024 8.411451823332655
0.9999200217671254 0.011105517456447386 0.006264150405890179 -0.12076171652948424 -0.011099455661222049 0.9999385162730706 -0.0008922787888705992 0.043325110068301934 -0.006273012780153932 0.0008218628620198482 0.9999798581512329 8.614343131961315
0.9999180882781349 0.011104342431967982 0.006594033132883664 -0.11521619843947292 -0.011096090288753354 0.999938407724939 -0.001188677098389619 0.04127088766558636 -0.0066061346549212 0.0011145645548586809 0.9999775276588884 8.935444599548045
0.9999022281415493 0.012003945543370908 0.007429694875588586 -0.11206788975957803 -0.011993127156456434 0.9999276690745166 -0.0014488713863329773 0.04038575814191804 -0.007445721979184006 0.0013586375581191978 0.9999714702312478 9.114826957472214
0.9998911267035184 0.012466294925835402 0.00811271628505506 -0.10834708885321992 -0.012453197088446348 0.9999214471467607 -0.0016039987536411013 0.04130798228040252 -0.008131361537126248 0.0015019147704776641 0.9999654561199218 9.250691526461683
0.999880357666 0.012713390863217667 0.009016184618515515 -0.10394146645300038 -0.01269824721494711 0.9999180088696326 -0.0016969744781988726 0.04231893578241372 -0.009036227929182555 0.001581327446898157 0.9999574414157764 9.403208856334208
0.9998548061350722 0.014152939328897989 0.0096679576555223 -0.10454060951440233 -0.014134754509664903 0.9998982936612741 -0.0018960609073312923 0.045901118479058416 -0.0096930692523864 0.0017583428851563605 0.9999508698697115 9.467446653066416
0.9998233986258062 0.015604747552979858 0.010605681139191877 -0.1046744883160498 -0.015583651341273992 0.999876508659244 -0.0020176284630784515 0.04884789287252366 -0.010635343276688851 0.0018511720279847424 0.9999409181598126 9.503872523923407
0.9998049116776793 0.01640713155947492 0.011111786051448405 -0.10504236126342092 -0.016379659008006645 0.9998628562187893 -0.0025160319192419687 0.05060768521713194 -0.011150812690653582 0.002332702328777825 0.999934306846762 9.535239124913176
0.9997901469368339 0.01691639610119025 0.011645564514495395 -0.10625412699234682 -0.016881937092066802 0.9998527223599774 -0.002985400789503178 0.052348162527452224 -0.011694021231003594 0.002787761639987812 0.99992647968491 9.57886699821012
0.9997768998305161 0.01727926054140393 0.01225602993281994 -0.10661906478855307 -0.017240689861466128 0.9998459071565686 -0.0031785408660316566 0.05435520414823667 -0.01230864110735249 0.0029661271476923035 0.9999185551631382 9.629918712282834
0.9997613171032499 0.017544590710100828 0.013143241957491782 -0.1040214561708269 -0.01750366445608612 0.9998413966560813 -0.0031719613135806827 0.05640513845389687 -0.013196273024985546 0.0029409543369924873 0.9999073442363893 9.711994236503276
0.9997473412283359 0.017614722214438598 0.01409447850010277 -0.09568246450066109 -0.01757009724155862 0.9998402028905847 -0.003258197868882239 0.05515976901664253 -0.014148868155076568 0.0030095042264620116 0.9998940908624326 10.018651658877708
0.9997370796902124 0.017771108771172824 0.014593429552584402 -0.08138440524236204 -0.017721340870509136 0.9998363126978478 -0.003467475516724943 0.049066220934984986 -0.014652391130111136 0.0032083545035106777 0.9998858992798179 10.585627687450549
0.9997027813965417 0.018115263056752012 0.016417525323238993 -0.07450944515073862 -0.01806034294723075 0.9998302698100523 -0.0034454064256717485 0.047553467584440554 -0.016476738554461582 0.003148200087972044 0.9998576248449881 10.836431123451609
0.9996627170430665 0.01895651494431746 0.017842080512215155 -0.07403697952968151 -0.01889517867517384 0.9998143241615012 -0.0035584135983626926 0.050257131796411864 -0.017905614483436007 0.003220383572067807 0.9998327720528002 10.928680896297571
0.9996267165328638 0.01962402399616417 0.01910312771158513 -0.07051455679301154 -0.019554233069982156 0.9998008153785669 -0.003804669982307651 0.052062017209035895 -0.019173349063032377 0.003429802313661917 0.999808558343358 11.06104517697631
0.9995872534154441 0.020052128504727703 0.02063510931645133 -0.066432264978663 -0.01997546546496719 0.9997918000066527 -0.0038652907448174403 0.05390124591819687 -0.02070787548056502 0.003452037408373177 0.9997777459585501 11.189259921473319
0.9995606726464371 0.020328181842354954 0.021642812277695503 -0.06172748528853676 -0.020247833845588103 0.9997865095516524 -0.003889659696084753 0.05514100681477138 -0.021716663943588163 0.003449896504523645 0.9997564362697059 11.350076547583098
0.999535651954451 0.020518237012535717 0.022592331722298048 -0.05508651088992532 -0.020432131654540477 0.9997821572230033 -0.004002728320920611 0.05425535857875421 -0.02266898388882089 0.003539545987081226 0.9997349051521551 11.535378810397779
0.9995049696791867 0.020665692692946387 0.02378957595923308 -0.04907541227403342 -0.020573409131936726 0.9997790474222324 -0.004088172554563588 0.054415706741492494 -0.02386817676201208 0.0035968798695510703 0.9997068522795268 11.69326101199192
0.9994799758898557 0.020853391687066555 0.024654157442821126 -0.04376141495618753 -0.02075485400628968 0.9997746338809486 -0.004209282787535835 0.0542741746248816 -0.02473591226478618 0.0036955710839688045 0.9996852469712262 11.870946729907846
0.9994565521755697 0.021008497074091276 0.02544855756089536 -0.03838240795277976 -0.020903981109898044 0.9997710593102602 -0.004321701271431972 0.05383477875781437 -0.02553312446967682 0.003787426129665415 0.9996647652647431 12.063533841969308
0.9994294212438717 0.02124290555098387 0.026297312087791947 -0.033002779363444215 -0.02113045400862492 0.9997653287042628 -0.004494992932673973 0.05289243384023565 -0.026386339810606643 0.003937023963015292 0.9996419923231027 12.270653165680592
0.9993991467846571 0.021687276680523327 0.027079922736538642 -0.027686964390366733 -0.02156591368534472 0.9997551031531667 -0.004723091263632886 0.0517467445069875 -0.027175247141343336 0.004136184464652273 0.999620259723282 12.48272311466961
0.9993704010569895 0.021879686150016363 0.027973577838108485 -0.02103218825233985 -0.02174994176880196 0.9997503408664576 -0.004889897716585372 0.05035962641451381 -0.028073172475565445 0.004278467023084335 0.9995947261608747 12.712532844125933
0.9993345621372555 0.022390951805715646 0.02884560931812553 -0.016076327567155536 -0.02224797691737702 0.9997376394676829 -0.0052354038674790205 0.0486463324598843 -0.028954604421902484 0.004590206102917589 0.9995683941680136 12.92750432506789
0.9992915932625455 0.02286120926227717 0.029944481945040822 -0.009200795957895714 -0.022699556548546346 0.9997248539092425 -0.005686466023525422 0.04620338956425464 -0.030065894372822585 0.005003163012725721 0.9995335459642007 13.174424749705116
0.9992579808735141 0.023010488324701584 0.030926485377555192 -0.0014217128603635628 -0.02283424270610059 0.9997202309187971 -0.006002722936423081 0.04370932416094632 -0.03105557872939562 0.005292532292782992 0.999501850704976 13.441346289571076
0.9992234361072996 0.023151504413278217 0.0319186448620794 0.006854615135868201 -0.022963388959443925 0.9997157506914408 -0.006195216787614708 0.04157959588294356 -0.03205293485324964 0.0054581888939960795 0.9994692801462424 13.71891996189941
0.9991615272749084 0.023653952426903314 0.033436433739211964 0.015762051449487932 -0.023448718965296562 0.9997026092024186 -0.006456971321258027 0.039118682996405946 -0.03357936737904837 0.005668648759773425 0.9994177550241028 14.011245910054043
0.9991097852097555 0.023998507568430534 0.034712201168066684 0.025856918381432017 -0.02377920789899089 0.999693213929869 -0.006654825876454952 0.036330266741608636 -0.034861535517253836 0.005824885085353749 0.9993728403339109 14.326181882460148
0.9990711795157751 0.02425852532944627 0.035636815516416495 0.03698612750009306 -0.024024967143591883 0.9996856878553966 -0.006906637519218776 0.03259557819971318 -0.03579346573338012 0.006045424296758596 0.9993388089526516 14.662327880388123
0.9990322330472893 0.024476862659666327 0.03656340525262668 0.04864984353098242 -0.024229865359185716 0.9996794199181755 -0.0071169893348709675 0.028879078563651406 -0.03672635256196641 0.006225622114373592 0.999303715758244 15.013239037764777
0.9989818317915077 0.024885788197510698 0.03764067361513541 0.0620579605309857 -0.024625444019258588 0.9996684359271732 -0.007295265192348106 0.024687562868536184 -0.037810406497031455 0.006362678686315238 0.9992623733607378 15.395762444811329
0.9989319476191919 0.025190174101604457 0.03874757945247962 0.081640783079613 -0.02491571734081112 0.9996597216264645 -0.007475386424638222 0.020221376101109217 -0.03892356636532908 0.006503998097547488 0.9992187059289234 15.798377129826516
0.9988822503518652 0.025490184222957103 0.03982465847701819 0.09957199021974174 -0.025198704070260387 0.999650950715729 -0.007737456260259084 0.015598607090273976 -0.04000865890722576 0.006726995254477979 0.9991745000110557 16.20080740259519
0.9988207586819651 0.02576580939271203 0.04116223577804665 0.11738980291735744 -0.025458200215465736 0.9996429225913017 -0.007913450861365376 0.010989449084261353 -0.0413521544809093 0.006858012304861726 0.9991188095055088 16.598742865595046
0.9987237064561318 0.02594149758511752 0.043355455223489416 0.13827111116591734 -0.025610313839110936 0.9996375612431433 -0.0081158142444675 0.0045483247215832275 -0.043550836390561835 0.006996920972333568 0.9990245807895209 17.028885114171324
0.9986449531564346 0.026085240280520484 0.045047976598889684 0.16130456649426955 -0.02573487569879924 0.9996327614902444 -0.008275782054969764 -0.00198254507404717 -0.045248009017288024 0.007107209582870778 0.9989482774628796 17.479104925827965
0.998576028690724 0.026512448559685386 0.04631021118828838 0.18327347920837356 -0.026144297579292274 0.9996206914476387 -0.008474801224602651 -0.008222707793170242 -0.046517890718093986 0.007253897861487025 0.9988889907107767 17.942673208795973
0.9984387344201592 0.026832456956437382 0.04901412245320205 0.20555969638073726 -0.02643600434610952 0.9996117902461874 -0.008667893231495255 -0.014262253612407013 -0.04922813694055179 0.007360378627729257 0.9987584726614261 18.378782781037984
0.9983469178289549 0.02727933262483407 0.05060089131535582 0.23102111616040968 -0.026858050860948262 0.9995975312111994 -0.008926060629044268 -0.021751547637843077 -0.050824947757165624 0.007554629029755487 0.9986766895043904 18.875667082595708
0.9982777462228184 0.027499302157202324 0.05183060260540888 0.2572844037227141 -0.02705538989246862 0.999589840336286 -0.009186067113750843 -0.02970046235471201 -0.05206297950664107 0.007770226356375048 0.9986112216367384 19.37784518542677
0.9981933885558839 0.027697649638134855 0.053326056713920766 0.2847593537112427 -0.02723415859380374 0.9995835476262086 -0.009337236122918015 -0.037078168761366895 -0.05356355895128082 0.007870220349992452 0.9985310177482704 19.88416646362019
0.9981098171993237 0.027830559271998307 0.054795763356618045 0.31523612018235286 -0.027346500144807027 0.9995789241942298 -0.00950373104590268 -0.04529176134478777 -0.0550382707006394 0.00798977537976703 0.9984498958701105 20.421579809135306
0.9980406067190547 0.02799880556949016 0.05595803108038051 0.3453948352873894 -0.02749073439204879 0.9995725311046867 -0.009773682365646278 -0.05452938181426066 -0.05620874029488256 0.008218611783012876 0.9983828817970548 20.95562777049244
0.9980001761383396 0.02825266689092889 0.05655433952460982 0.37487536858460285 -0.027734273786846324 0.9995648170165239 -0.009877993971964438 -0.06201056172082717 -0.05680962917095878 0.008292097661095895 0.9983483182511739 21.50356886986668
0.997947572149777 0.028710323575889377 0.05724974567194494 0.4053109788078028 -0.028176801412729154 0.9995509290712493 -0.010052999413225945 -0.06991639297811733 -0.05751349414228549 0.008421471388479401 0.9983069537636065 22.07074037600889
0.9978968979523978 0.029213173196272486 0.05787446718287982 0.43735837499506447 -0.028655066248530554 0.9995335413057004 -0.010392465630238677 -0.07944830189391928 -0.0581522238074232 0.008714570076053174 0.9982671113047222 22.651134982142125
0.9978483993870358 0.02972159757860448 0.05844776021597024 0.4691827078983607 -0.029146129351798476 0.9995169786970418 -0.010620453184060302 -0.08826030523480896 -0.05873631834324637 0.008896466048489784 0.9982313807334515 23.228720409975676
0.9977890289385526 0.030568531849289236 0.05902660948834427 0.5057740534956261 -0.029977899400364015 0.9994902908946015 -0.010816690783667097 -0.0950027352728846 -0.05932810503397908 0.009025513084913044 0.9981953995408384 23.830456247167326
0.9977400452242988 0.03095940119094574 0.05965028376205566 0.5436251091009208 -0.030343097668302444 0.9994756114396818 -0.011160583467035816 -0.10464128647512515 -0.05996536946868444 0.009327492250278535 0.998154553041903 24.447320166043816
0.9977111641678297 0.03112268248315793 0.06005070193216693 0.5809324693835205 -0.030479562740464393 0.999467002591487 -0.011549916441975255 -0.11517126349803969 -0.06037884230580983 0.009695362578589557 0.9981261500741329 25.066007084709984
0.9976783952477536 0.031673370465920045 0.06030551324818368 0.6193105795223635 -0.031000200237604462 0.9994452289053988 -0.012018247283982233 -0.1272219901773482 -0.0606535307776372 0.010123287261619287 0.9981051603415245 25.72853241028705
0.9976395747613184 0.032723260834316224 0.06039058366985302 0.6569719681512872 -0.03199617500331445 0.9994027193276267 -0.012919783026026945 -0.14106105320139445 -0.06077807692802348 0.010959253485189595 0.9980888042284598 26.38663809532143
0.9976045448783645 0.03361699636589078 0.06047224771343886 0.6944253925912428 -0.032846434994707005 0.999364976209927 -0.013640388556661397 -0.15502850177056915 -0.06089365276366324 0.011624146469294097 0.9980738167373692 27.047364200769962
0.9975906748207811 0.034029707405631424 0.06047168347741348 0.7321756260174233 -0.0332419210270072 0.9993479480917759 -0.013935880159864215 -0.16693769941909622 -0.060907534761974934 0.01189472737795209 0.998069811650462 27.716767100509305
0.9975575771470249 0.034809889615029364 0.06057262709086465 0.770515666111384 -0.03399591523302334 0.9993165586946485 -0.014367082000111078 -0.179751284781869 -0.06103221402357617 0.012275148036917649 0.9980575540895251 28.40468948386738
0.9975274533742439 0.0354153731769489 0.0607195463667926 0.8102050882046662 -0.034576730883559344 0.9992909053744471 -0.014760996038935128 -0.1929442851882856 -0.06120005272343336 0.012627348026460712 0.9980429659834016 29.10141204709592
0.9975086430650661 0.03570865653473276 0.060857444436722176 0.852013996389214 -0.0348531314070263 0.9992774506822616 -0.015016424134721394 -0.2067213289233422 -0.061350478468158574 0.012860224543058919 0.9980307979887889 29.819761073842017
0.9974957648158729 0.03588016982857124 0.060965818682757265 0.8950685814328622 -0.03499836315971246 0.9992659602789419 -0.015423556922497191 -0.22145302275238488 -0.061475413518717145 0.013253761274152632 0.9980179433573454 30.54581790077103
0.9974794581304262 0.036046385403917934 0.061134747729697764 0.9395756237803807 -0.03514542420294012 0.9992564584728126 -0.01570145128361514 -0.23647537192142673 -0.0616562766483425 0.013515766361477605 0.9980031493541299 31.288499498233975
0.9974574277291223 0.036320432113039335 0.061332720603555664 0.9841002622845073 -0.03540675413317157 0.9992443572358434 -0.015871262880887284 -0.25118063367547677 -0.061863711962349965 0.013662012995200833 0.9979883499175286 32.032855416207056
0.997438383724136 0.03672493361468017 0.06140091291326243 1.0291621929176324 -0.03580234074756272 0.9992280371297343 -0.016008195152075834 -0.2658361544140287 -0.06194241437753267 0.013771692142295847 0.9979821004184691 32.796526357503986
0.9974255886578279 0.037091381574165985 0.06138958298994707 1.0755633411570957 -0.036168469558270994 0.9992149803260733 -0.016026935306205425 -0.280145523138871 -0.06193681043027428 0.013767899364823121 0.9979827357388583 33.58640250657398
0.997402895807256 0.0374851039990216 0.06151835190583576 1.1242189553500272 -0.03654881918482685 0.9991980487226013 -0.016224116237648564 -0.29635647177782953 -0.06207820402231826 0.013936139924998614 0.9979716474672528 34.395504190066845
0.9973531101018047 0.03832905660296092 0.06180323860059553 1.1756630261078265 -0.037367196682788664 0.9991614718401864 -0.016596678586616124 -0.3122087474418007 -0.06238856243727066 0.0142460842321205 0.9979477891732719 35.203313063790375
0.9972842537666419 0.0392099485417404 0.062354111118335255 1.2292047300249327 -0.03820924293313288 0.9991205252433687 -0.01710692257437804 -0.33004973786147274 -0.06297156346670522 0.014681206667409376 0.9979043496603403 36.02002268063611
0.9972299524568793 0.03950622152200617 0.06303641213032343 1.2839157238815408 -0.03848730662621673 0.999107742758367 -0.017247068130429057 -0.3477176019827145 -0.06366281335413751 0.014776169562215022 0.9978592526079206 36.83633688010433
0.997194824904983 0.039651388977684804 0.06349541231848123 1.3380574423858127 -0.03862673371568575 0.9991026182771976 -0.01723248213894419 -0.3646702074958724 -0.06412315137488937 0.014734565416297207 0.9978302099272944 37.657180865026184
0.9971613458632278 0.03974387262934515 0.06395389621887237 1.391582546981589 -0.0387299848501431 0.9991029224533585 -0.01695843536037516 -0.3804711783367838 -0.06457230195673352 0.014436706272487224 0.9978054695695072 38.47545854802496
0.997140215569414 0.03965420938588092 0.06433623123364944 1.4466805395010929 -0.03863938876044705 0.9991074769313033 -0.01688250324087878 -0.39783844500119364 -0.06495019052793044 0.014351792736353446 0.9977818958633518 39.299290833984394
0.9971145473784743 0.039680305217427665 0.0647199528562893 1.5018296904374815 -0.03863370966135544 0.9991008015678695 -0.01728740558894964 -0.417284371332413 -0.06534948186390233 0.014740346762146049 0.9977501215302939 40.10999809924809
0.9970695253560873 0.04014606401375306 0.0651297305174139 1.5577867821294873 -0.039049466080800836 0.9990725044636023 -0.017969248465940578 -0.4387585566138319 -0.06579245705545855 0.015376476401258854 0.9977114254805624 40.93045319977669
0.9970430726610509 0.04037632113246201 0.06538315658086315 1.6151788381921204 -0.039185998604295995 0.9990411772166945 -0.019325681749241607 -0.46231569861625166 -0.06610324523000463 0.016710309380069847 0.9976688937827051 41.75236572180304
0.9970049880884916 0.040654910903420945 0.06578268650986394 1.6745168030513429 -0.03942903564838088 0.9990226743546846 -0.019763764375039353 -0.4856007992849487 -0.06652458812871268 0.017115004784134108 0.9976339228730762 42.60561583758336
0.9969753909286476 0.04074595671686008 0.06617687613768855 1.735194455415743 -0.039480899221100416 0.999010806343123 -0.020251000196865186 -0.5099692652688527 -0.06693922404220659 0.017581173723416943 0.9975980360472436 43.46234596442333
0.9969504315280822 0.040778802215942114 0.06653277993589314 1.7952267595513476 -0.03941619788656051 0.9989850375436155 -0.021606218310380017 -0.5366157944245116 -0.06734914072010925 0.018922166430206916 0.997546192324288 44.30049059674625
0.9969177686373059 0.04086063354171574 0.06697044943639714 1.853958514953991 -0.03944607825291204 0.9989696786526095 -0.02225033681552025 -0.5617351003638008 -0.06781339676572336 0.01954423696212062 0.997502807153564 45.12342689780397
0.9969008291128838 0.04079466717274048 0.06727009378700467 1.9142002420996413 -0.03934987304686294 0.9989657069653499 -0.022610731650320313 -0.5870334112040013 -0.06812543171725738 0.019897417680170077 0.9974748873323437 45.96920414928021
0.996863855558741 0.041137034874854046 0.0676049885446865 1.9732407706113269 -0.039670921165883256 0.9989478813435361 -0.022831131725307267 -0.6121102616337697 -0.06847578078343737 0.020081542595767873 0.9974470652946619 46.82661303522626
0.9968359533588416 0.04144350877330773 0.06782432688800273 2.031784632232004 -0.03992599480684912 0.9989213930695843 -0.023513743904137213 -0.6389762854564539 -0.06872897463696215 0.020735952510475757 0.9974159135324943 47.66655508456438
0.9967930190500981 0.042462169120739184 0.06782754827204601 2.0909461691672035 -0.04086630024251073 0.9988552136614373 -0.024680648640598987 -0.6653528868254186 -0.0688010536512457 0.021833968308105405 0.9973878207058667 48.5134932327715
0.9967372073308347 0.04350688084156696 0.06798292686746324 2.1509655004456607 -0.041884108529777725 0.9988038316939544 -0.025050643648724433 -0.6902597704049843 -0.0689946481418428 0.02212582741923763 0.9973680366057012 49.402933460634266
0.9966944410343482 0.044088129138083604 0.06823648044832356 2.2120102584805204 -0.04249039602673439 0.9987888836806392 -0.02462904058208057 -0.7130994555069994 -0.06924266315401338 0.021652321357199775 0.9973613444692996 50.30646264529514
0.996610730832462 0.04566545676321577 0.06842184759832871 2.2733791335022153 -0.04407129250313069 0.998721758405945 -0.024568500980431555 -0.7371998041127024 -0.06945933138539398 0.021473957738190275 0.9973501570162804 51.233138925538775
0.9965918874901707 0.04571607535543989 0.06866602575886709 2.3370118848683052 -0.04412135725174447 0.9987212096850151 -0.024506500007583705 -0.7625469799102761 -0.06970137032562407 0.021397381849300717 0.9973350520552804 52.1307210056161
0.9965651033827312 0.04585738879113865 0.06896422006571719 2.4025012184028376 -0.044220202030824815 0.9987041559994403 -0.0250288064647116 -0.7911646761282195 -0.07002518632347365 0.021897135223438963 0.9973016844441344 53.02740154627646
0.9965185364401173 0.04591383732398064 0.06959884056941508 2.47078814349837 -0.04423545646511081 0.9986937075393624 -0.025418997418667922 -0.8211064042323624 -0.0706774388257249 0.02225553689790842 0.997247705744634 53.94977067771428
0.996228478995376 0.05102301895942762 0.0701915072882339 2.534640226244201 -0.04942122055161642 0.9984778935399269 -0.024322399086997175 -0.8463344966535783 -0.07132810032230977 0.020765420903669504 0.9972337001384445 54.905873755245146
0.9964579583366754 0.045488810184835096 0.07073804988892048 2.611333706248212 -0.043981514287750906 0.9987710394732497 -0.022673674909660633 -0.8691617659730857 -0.07168505179229531 0.01948611409343234 0.9972338950028048 55.863223740269234
0.996584123021948 0.04274388744485403 0.0706686217557102 2.679988501112196 -0.041228387457499044 0.9988872500489739 -0.02271028242012468 -0.8930085678099248 -0.071563203313705 0.019722904016601196 0.9972378081709676 56.79314135936954
0.9964208317444982 0.045826846087238415 0.07104048501335616 2.7439257631878733 -0.04406377782766941 0.998682686298872 -0.026133802732292877 -0.926758331183101 -0.07214690610790767 0.022913492810072537 0.9971276793009838 57.714987923154844
0.9964325779554191 0.0450691234302247 0.07136067347505438 2.8148079130565526 -0.04311177263954171 0.9986544628382981 -0.028684167327148045 -0.9614826217145227 -0.07255957095175096 0.02550844191914165 0.9970349057110632 58.6177901951387
0.9963773226702921 0.04624630801106389 0.07137708397582757 2.8786724118345113 -0.04422759289456324 0.9985802861878119 -0.029556421042767497 -0.9946117081179924 -0.07264466344907808 0.026295459615805317 0.9970080360061853 59.52562091233082
0.9963431243312719 0.04629645332930391 0.07181868293603362 2.9460021546029047 -0.04426960109958603 0.9985796598946898 -0.02950825425920577 -1.0252354192178694 -0.0730848692858279 0.026224251236589422 0.996977848796683 60.43134558809083
0.9961561154115288 0.04658623760546179 0.07418882139614971 3.017583724117972 -0.04455725039050861 0.9985901130898956 -0.028720417021741086 -1.0548982295463343 -0.07542421473903156 0.025307733038324197 0.996827321354044 61.36347871959819
