1.0 0.0 0.0 0.0 0.0 1.0 0.0 0.0 0.0 0.0 1.0 0.0
1.000000238418579 0.00013023614883422852 0.000138014554977417 -0.00019982969388365746 -0.0001303553581237793 1.000000238418579 -8.416175842285156e-05 0.00024368730373680592 -0.0001378953456878662 8.419156074523926e-05 1.000000238418579 0.046590447425842285
0.9999998450065313 0.0002490982830787303 0.0002852282031433617 -0.0001720692403148899 -0.00024883696291766455 1.0000000973379173 -0.0001597596473530416 0.0018208408273070742 -0.00028536719890226436 0.00015996248551886083 1.0000000925447416 0.04553462024323838
0.9999996454220169 0.0003938729363306552 0.0004406852177163542 3.09321120165553e-05 -0.00039341297156820094 1.0000000474303514 -0.00024682112604719025 0.0033827115689691275 -0.00044089882820862257 0.0002468545611012442 1.0000000342558355 0.059729244025561415
0.9999995198251028 0.0005492101948254579 0.000586832020791903 0.00019417621907328223 -0.0005487662221707098 1.000000084615278 -0.00033202387440943513 0.005070710314041433 -0.000587057978440638 0.0003315737290812685 0.9999999487865826 0.07405849019782812
0.9999992098885974 0.0007293160128121802 0.0007431969041493158 0.0003034108066261873 -0.0007288096569969821 1.000000082261846 -0.0004006252478335025 0.006734629587105456 -0.0007435798078950148 0.00039998359530250366 0.9999998342512427 0.08733204401475704
0.999999327104277 0.0008945488072524349 0.0009045988612897649 0.0003802440647540466 -0.0008942078798709042 1.0000005212684844 -0.0004927129979579465 0.008389125864658328 -0.0009047575842269472 0.000491383937628731 0.9999999158182292 0.09599648745518274
0.9999993116635502 0.001024870703978912 0.0010563865908918557 0.0005661879619675904 -0.0010243993118735674 1.00000059659264 -0.0005877693086845871 0.009889208851133481 -0.0010566348279970133 0.0005859183905757255 0.9999998509772321 0.10519757997857604
0.9999989966769943 0.0011182643609404354 0.0012075232919616617 0.0006841449537063723 -0.0011174127581777503 1.0000002164641488 -0.000666095718484411 0.011491463434852849 -0.0012081148929433613 0.0006642891583070781 0.99999958578935 0.11132838406316838
0.9999994055876811 0.0012475594537995917 0.0013413582263262743 0.0006940731568506605 -0.0012472926992139106 1.000000628571853 -0.0007262077865359312 0.013117554292871966 -0.0013415376284734502 0.0007234996397868347 0.9999996226067422 0.12132034027592889
0.9999990839259157 0.0013575077724589692 0.0014789523003030413 0.0008106135317376264 -0.0013569547107433726 1.000000216544668 -0.0007765665408924801 0.014723753128926357 -0.0014793335209874136 0.0007736881610930362 0.9999992824151934 0.13094018630048754
0.9999980806895237 0.0015304511382590793 0.0016358079634428424 0.0008959932091338358 -0.001529357536300247 0.9999995171747259 -0.0008376951824777582 0.01634447185441635 -0.0016367329508471164 0.0008347056612131293 0.9999986454924671 0.14545656844970795
0.9999975671145208 0.0017164355000180715 0.0017758654192026502 0.001033608139864433 -0.0017149382558809617 0.9999989543938831 -0.0008854739757097982 0.01797174408654375 -0.001777107691150188 0.0008822040426364012 0.9999983764338649 0.15816514369229934
0.9999968057546663 0.0019045045103260876 0.001922091537665528 0.0011263374875177966 -0.001902681916681206 0.9999985790854335 -0.0009455678168263276 0.019594115170777762 -0.0019237214908841439 0.0009416831756252917 0.999997944387869 0.1643016547409314
0.9999962399755091 0.002031823397941174 0.002090292712765831 0.001438295802415996 -0.002029718886596453 0.9999985152122812 -0.0010098437759062714 0.021186780703946823 -0.0020921644403489492 0.0010051857464090249 0.9999975603542166 0.17742008621503025
0.9999958638389898 0.0021648936863216074 0.002254891044007448 0.0016762284548656025 -0.0021625904313435987 0.9999982911107225 -0.0010832832751413034 0.022781050772793732 -0.0022569858983609607 0.0010777146751444115 0.9999972614007007 0.19293198184923716
0.9999950276207846 0.0023229814801620547 0.0024211172955951425 0.0018377813930426298 -0.0023202426950525777 0.9999976312024964 -0.0011572845134788436 0.024354275078615074 -0.0024236012430611446 0.0011511781397173394 0.9999968065044523 0.20819979293886287
0.9999939536052735 0.0025059220061903085 0.002590742921665976 0.0018008213300234454 -0.0025026737146882547 0.9999971288222358 -0.001225418971494911 0.02462307228582509 -0.0025937134006656045 0.0012183862153701001 0.9999963170345607 0.24856533578679268
0.9999923850919167 0.002815039437213442 0.0027591532799984514 0.0016835930520392845 -0.0028110381824584265 0.9999958804498393 -0.0013214762826502925 0.026357155501506066 -0.002763007375639314 0.0013136669895998754 0.9999956438713027 0.2380711592267969
0.9999915985652555 0.0030086610963081808 0.0029331054016639127 0.0021044093445812847 -0.0030042548545171914 0.9999951186867794 -0.001396918240975336 0.028051897412698534 -0.0029373665681294344 0.0013879359235392462 0.9999949449809099 0.24430137134118574
0.9999909243239955 0.0031496005618700646 0.003099719878372534 0.0025618417917264782 -0.003144837970607306 0.9999948609170108 -0.0014501396559725775 0.02976580705321317 -0.003104276060693471 0.00143994473394143 0.9999946203501009 0.25945978924655855
0.9999896181012823 0.0032807204146439416 0.0032724250346731136 0.0030943090545259575 -0.0032752681345047394 0.9999938368035524 -0.0015442919021248338 0.031289070887540155 -0.0032777030951442626 0.001533206103430211 0.9999936504890958 0.2677501539054247
0.9999889012386439 0.0034000207783829537 0.0034447377571896164 0.0034135040845581915 -0.0033941216798819753 0.9999935577868375 -0.001627498679828321 0.032838022697121924 -0.0034503812586563452 0.0016154278355293445 0.9999930773074504 0.2800707910671437
0.999988039820876 0.0035558349987342796 0.003610132118259099 0.0034746428259990665 -0.003549419883244864 0.9999929126828768 -0.001700271642541831 0.03449895047850799 -0.0036163629578625264 0.0016868333743997386 0.9999925083385471 0.29170563500645197
0.9999865112863067 0.0036810896869727693 0.0037780722433609602 0.003732832649156376 -0.0036738237241467184 0.9999917331449218 -0.0017826153589090264 0.0360527445957366 -0.0037850726380376314 0.0017686938619049738 0.9999914044228873 0.29977484089452217
0.9999853956311948 0.00378757288264397 0.003969676381731937 0.004034638076395417 -0.003779666548430857 0.9999914268604296 -0.0018703127246052639 0.03761371413576679 -0.003977096348243786 0.0018550760927379575 0.9999905241014688 0.30633168119546184
0.9999844742531678 0.0039005056055516196 0.004153973192449015 0.004262848992693636 -0.0038921231327535585 0.9999908405425889 -0.001957049114111532 0.03923628902012267 -0.004161840783942119 0.0019405773821504848 0.9999896302190584 0.31630677750540775
0.9999836460879545 0.00401181136901116 0.004334893991136939 0.004443518516603219 -0.00400293178867967 0.9999905088841614 -0.0020283856832159055 0.040869465586950045 -0.004343135025159966 0.002010627387252558 0.9999889774515396 0.32564490028383064
0.9999824076590674 0.004093780450839179 0.004517232083677716 0.0047045585920471745 -0.004083979619034177 0.9999899624533211 -0.002108092015420638 0.042469225332232526 -0.004526133445104821 0.0020891884233685317 0.9999879061417032 0.3354734323227426
0.999981549550408 0.004194882392399181 0.004694688085325902 0.004958114371529747 -0.004184844611966663 0.9999898828414304 -0.0021780785621842258 0.04407477942913331 -0.004703727847657394 0.002157426746322711 0.9999873145870946 0.3470916914504735
0.999980083871194 0.004313410703111232 0.004875609050569856 0.005211153797537038 -0.004302674131067865 0.9999890675701907 -0.0022437748025248942 0.045695403153070836 -0.004885148370060105 0.002221927902975027 0.9999860241593103 0.36010549197276975
0.9999785159057065 0.004435150965622955 0.005065067097253856 0.005444633157981215 -0.004423332769029618 0.99998827476209 -0.002311585861731353 0.04730395786019387 -0.005075433785784503 0.0022887166186490986 0.9999848291285705 0.3725344625832351
0.9999773182222237 0.0045612725116958 0.00523822203430951 0.00563573530018914 -0.004548577860353831 0.9999874026347199 -0.0023712118514080107 0.048880520319911296 -0.005249229053960137 0.002347234303349496 0.9999838142353807 0.3873839366841744
0.9999760512651679 0.004686143777529459 0.0054168959744287665 0.00562852512500941 -0.0046726969927616616 0.9999869122233451 -0.002441166813470526 0.04918269117573901 -0.005428452886646542 0.002415095690119927 0.9999828315777687 0.42565432019936755
0.9999748030593516 0.004827782341802961 0.005612844174789367 0.005588594864571958 -0.004813929280123157 0.9999866786695727 -0.002512030260780602 0.05088427564037699 -0.005624655218558518 0.002483768509043141 0.9999820739939421 0.4205110195722245
0.9999726833774629 0.004978349853880919 0.005797267370320266 0.005858521769538808 -0.004963276929894166 0.9999854194936167 -0.0025841451555007056 0.0525563352875138 -0.00581009442038839 0.0025540300108823355 0.9999803809602983 0.4339642353090391
0.9999708721475582 0.005131751983661931 0.005977901411264952 0.0061398514043537215 -0.0051159016016679125 0.9999843749212267 -0.0026493256726611634 0.05432655368971432 -0.005991441579695299 0.0026173037003084827 0.9999790461781277 0.448265136293555
0.9999691997849353 0.005263624378730087 0.006164392099712689 0.006427341520925103 -0.005246952789496636 0.9999835301181369 -0.0027154879429528646 0.05605489229501529 -0.006178553834395298 0.0026814836000134965 0.9999777561247672 0.463767268359815
0.9999672799066487 0.0053920944758180395 0.0063468103217756205 0.006651051268427948 -0.0053744247363317395 0.9999825565716295 -0.002783590333237351 0.05770852550636752 -0.006361729431293752 0.002747864991614595 0.9999763871727096 0.47886721196180204
0.9999653040357146 0.005538519994047977 0.006533861262372826 0.0068599186067335085 -0.005519902462284316 0.9999815967796943 -0.00284756852716408 0.05936216884287189 -0.0065494039956430225 0.002809787593264771 0.9999749623610434 0.49688476170048795
0.9999632889360598 0.005671121224597792 0.00671156174235507 0.0070541943232997695 -0.005651386203615355 0.9999804268847322 -0.0029193308275799056 0.06093470540588424 -0.006728047120237662 0.0028798790151599238 0.9999735970426314 0.5116595117462114
0.9999614652038203 0.0058153143542648954 0.006879089917015956 0.007172750961461646 -0.0057947496107773055 0.9999796015270733 -0.0030068842582546677 0.06248263035574212 -0.00689639386225761 0.0029652782871305906 0.9999722171456902 0.5268676582321018
0.9999589944691958 0.005977238473016926 0.007049295476348989 0.00726045118486533 -0.005955102461001932 0.9999779475926464 -0.0030876815683935 0.06408067420438045 -0.00706804821273961 0.003044627970924274 0.9999705650110142 0.5428392061184707
0.9999566164124917 0.006105652631980667 0.007226890916068009 0.0074555787918682975 -0.006082070548305759 0.9999764982280696 -0.003156330704220352 0.06565338988471921 -0.0072469148036078445 0.003111937731324492 0.9999687434240777 0.5595280720847653
0.9999548892380218 0.0062371046122597215 0.00740439916800235 0.0076133145092367425 -0.006212579247357308 0.9999755360186466 -0.003248249828012133 0.06715873265906415 -0.007425060774038851 0.003201556615349817 0.999967408704652 0.5730550840622566
0.9999523412877429 0.006393573932568039 0.007584447267306394 0.007697316956086527 -0.00636773386489464 0.9999740609305785 -0.0033318916785848502 0.06870197714677635 -0.007606273029420514 0.0032830078816572946 0.9999656249355824 0.5894808538414775
0.9999505197457489 0.0065499030539613425 0.0077556656497089664 0.007764464129240842 -0.006523146650608031 0.9999732883217289 -0.0034107385859083756 0.07027625044441214 -0.007778325028415767 0.003359159161523459 0.9999644211266412 0.6027400898181295
0.999948374872974 0.006656820706245913 0.007941835774414817 0.008044628772874733 -0.006628961081623333 0.9999723489091703 -0.003484105639134002 0.07177802374119133 -0.007965327928242566 0.0034303316730836474 0.999962726919033 0.6182557679389759
0.9999461587943335 0.0067828143706948705 0.008130326888094548 0.008224416820477152 -0.006753618654281514 0.9999714454898455 -0.003575002885030663 0.0732735121988358 -0.008154758046449231 0.0035186785555266675 0.999961151605776 0.6318720379836582
0.99994387677912 0.0069119279394967495 0.008317967144382467 0.008460335909320783 -0.006881331270111906 0.9999701967199133 -0.0036663343764208145 0.07348964477673053 -0.008343434931809458 0.0036077202900517235 0.9999592994792619 0.6685915056547462
0.9999409739949946 0.007049041436373609 0.008509956238709563 0.008465615210225784 -0.007016874238405379 0.9999685628104806 -0.003742906501101995 0.07517537543174198 -0.008536677098000166 0.003682244967486469 0.9999570640787346 0.6634973552051768
0.9999387940521692 0.0071846838064658245 0.008709899049095776 0.008932847803748166 -0.0071512773811423045 0.9999676772799335 -0.0038236763290384152 0.07681046443764733 -0.008737412043574751 0.0037601860163597664 0.9999555369699212 0.6754280384758401
0.9999361414836664 0.0073049601837694945 0.00890840481042745 0.009415826670255567 -0.007270108707274362 0.9999664477649203 -0.0039072621061941384 0.07848345210324739 -0.008936902089571706 0.003841481242312542 0.999953369110103 0.690143357088373
0.9999338319497361 0.007424033110514492 0.009096800260497685 0.009806030297786362 -0.007387743029012804 0.9999650127788243 -0.0039946130018018436 0.08010790441369485 -0.009126296868147282 0.003926517849405564 0.9999512898214393 0.7036890522795758
0.9999308917068475 0.0075645303449529255 0.009285577313205767 0.010016663124586935 -0.007526872360062102 0.9999636709019032 -0.004073376096119166 0.08179385513095346 -0.009316229058440926 0.0040026050288806325 0.999949257847522 0.717016770384902
0.9999284841423587 0.007700552679445998 0.00947258202007597 0.010240271262457995 -0.007661617950306838 0.9999625589915221 -0.004156742784322022 0.08342840150019891 -0.00950416228208066 0.0040828807679131034 0.9999474201603896 0.7310484256836045
0.9999258341977889 0.007826327321923652 0.009662599910746179 0.010483471961166307 -0.007785872138357649 0.9999611339255312 -0.004241796049703397 0.08503815463688706 -0.009695339214491182 0.0041654622704084135 0.9999452666412707 0.7445969164930493
0.9999231780076084 0.007941212771498384 0.009844428133069556 0.010732948004108981 -0.007899117097997992 0.9999599155322535 -0.00432090821543384 0.08661819636493247 -0.00987834340949065 0.0042420758189914715 0.9999431740942472 0.7583680966342643
0.9999204486784631 0.008072627503840022 0.010027786370219957 0.010960605869556973 -0.008029330168742759 0.9999589166133515 -0.004397878501894668 0.08823472645934562 -0.010062561621279088 0.0043158243861383845 0.9999412748253637 0.7726571570169557
0.9999173506751551 0.008206038994285937 0.01021753744679537 0.011152750173433897 -0.008160778243273863 0.99995712844797 -0.004482253848218288 0.08983084347522427 -0.010253676231874701 0.004397691839974787 0.9999388221714728 0.7853047494777916
0.9999143153377923 0.008331205191040685 0.010396621198081914 0.011359959148181062 -0.008284420850598762 0.9999557960804956 -0.004554199098604072 0.09143374499036006 -0.010433829319261005 0.004467072707319651 0.9999365506470884 0.8002628262197532
0.9999116727876811 0.008444978690346513 0.01058265928046863 0.011618575521116488 -0.008396668403998931 0.9999548418400795 -0.00463853442027348 0.09295407882481316 -0.010620798331549983 0.0045485327028435265 0.999934470790392 0.8148747301133723
0.9999093317131978 0.008544012882447678 0.010736140910187935 0.011634265128113958 -0.008491576365897263 0.9999523830651198 -0.004945035899914365 0.0940532512697623 -0.01077738853553789 0.004852729376324325 0.9999312461120217 0.8275615315861962
0.9999076851007282 0.008616747419008726 0.010820543865700602 0.01140502964345216 -0.008557140612643836 0.9999485903010822 -0.00557560980183806 0.09487453462631705 -0.010867436212937337 0.0054815484552758415 0.9999270431071318 0.8448551638609914
0.9999064329725165 0.008750241847678811 0.01087390064229453 0.010872298639479956 -0.008682152490601861 0.9999431336470734 -0.006352404457968355 0.0955791565661185 -0.010928086397166765 0.006256094958136077 0.9999221350598229 0.8676496709249832
0.9999044369464608 0.008883202794385705 0.010939444710371424 0.011028230092705529 -0.008807666242426411 0.9999378320084898 -0.006977461134921563 0.09517200910265278 -0.011000095206728358 0.006879262965868066 0.9999170945659395 0.9274199638692658
0.9999012758618532 0.009036781270040055 0.011092851223731605 0.011266590016096287 -0.00895650068607061 0.9999343360594567 -0.007307626317355144 0.09582307610522843 -0.011157425562748059 0.007206365788682288 0.9999130532148016 0.9663666691960853
0.9998981902678238 0.00915912143760306 0.011249760100213719 0.011819093737938588 -0.009075373414947206 0.999931516089108 -0.007498397371942384 0.09609781152858468 -0.011317150348692295 0.007394577594591093 0.9999097398014555 1.0286631430612154
0.999895886914642 0.009237314798533274 0.011390769223345587 0.012714424866715384 -0.009151252238223745 0.999929963912229 -0.007613672765491287 0.09596448893177711 -0.011459804005852177 0.007507601276841807 0.999907289063651 1.1140111966472526
0.9998935090607465 0.009309992604253883 0.011519595231427412 0.013832090996503045 -0.00922193213080293 0.9999286500324406 -0.007685245018928469 0.0954786619671895 -0.011590027060280388 0.007577282371972768 0.9999051574396743 1.2159440104997232
0.9998918123184898 0.009384279700867505 0.011627447562425173 0.014945735683372792 -0.009294946890517493 0.999927654943469 -0.007742864966189724 0.0945695149859432 -0.011698880774986988 0.007633048809962208 0.9999034721253491 1.3354364737983941
0.9998903522204525 0.009435186719567336 0.011711864104538573 0.015967659738580286 -0.0093445616568472 0.9999264668273503 -0.007813894363151183 0.09304500746792416 -0.011784252557046774 0.0077026688519123065 0.9999018809433675 1.4729709846856123
0.9998888147868279 0.00950839316581031 0.011778968716480261 0.017107762419458414 -0.009416235402749459 0.9999248827411024 -0.007900025150927739 0.09095379339382897 -0.011852810298999783 0.007787668128720249 0.9999003623638762 1.6344440238266609
0.9998885223402453 0.00951128570741194 0.01180152897142577 0.018096622675880466 -0.009418048601302517 0.9999242021516088 -0.007968932951307045 0.08874034453182357 -0.011876039545021474 0.007856210784617563 0.9998995522200997 1.8058432692914432
0.9998873401502681 0.009590402563349056 0.011848026867964285 0.01919518939573199 -0.00949565863913298 0.9999227418671621 -0.008052758967517079 0.08602432606836612 -0.011924064419808915 0.007938690623899463 0.9998983354224936 2.0046831591357117
0.9998876159211834 0.00959338415669526 0.011832339378858055 0.0202979276376257 -0.009496935967566879 0.9999213742371903 -0.00820624308267523 0.08237240393757808 -0.011909920404373527 0.008092320970679391 0.9998972853027527 2.231702164773541
0.9998863338527952 0.009714240121527358 0.011832539087714256 0.020942882165219855 -0.00961555143291222 0.9999189050167897 -0.008384226672170841 0.07833858451503724 -0.011912965030492481 0.008268868674550537 0.9998958223193906 2.476297515141313
0.9998865627702963 0.009693084129334808 0.01181543982436952 0.02203587945203051 -0.009594415006514437 0.9999192226629302 -0.008399144367424527 0.07477716658054563 -0.011895801394143462 0.00828414365605999 0.9998961380331577 2.7479854316892767
0.99988387350348 0.009988846574516897 0.011770269614464047 0.02211980317897898 -0.00989331682535151 0.999918171426102 -0.00813966400606566 0.07298321874812394 -0.011850710637759481 0.008021809053919079 0.9998986128147241 3.043814378419669
0.9998922456094386 0.009562938969763657 0.011410311807473683 0.02292643986926462 -0.009473796238310453 0.999924696964405 -0.007840934717246536 0.070383966468715 -0.011484498563297137 0.007731325370145561 0.9999052221377235 3.3600027352398163
0.9998970109532724 0.00932262194221561 0.011214949908104226 0.02324719341192973 -0.0092326225299253 0.9999249689080673 -0.00805986037741446 0.06485868657666334 -0.011289315488410537 0.007954837061415218 0.9999054368414806 3.7041168751567577
0.9998992515499269 0.009226692761045149 0.011094805691522724 0.028474987584350887 -0.009135863572763747 0.9999245300558829 -0.008217747215337058 0.05922207626316967 -0.011169995699642252 0.008114920154502941 0.9999053925962614 4.093063219139229
0.9999071216791392 0.008896207718566708 0.010660700621084441 0.030983996622048128 -0.008848016204544241 0.9999503748929235 -0.00456442893517805 0.06339962257163777 -0.010700908721882804 0.004469005761465063 0.9999334365372524 4.5141865047319305
0.9999103964098424 0.0088868504704067 0.010362922086858043 0.03163955573124039 -0.008898881688598653 0.9999599365562796 0.0011060391577050648 0.07460892158746577 -0.010352852388466572 -0.0011987136635077467 0.999946576252761 4.981802728702015
0.9999149119281819 0.0085831249299633 0.01023226175351936 0.03243728977279039 -0.008636989612049752 0.9999495233254679 0.005188601079659219 0.08365602157619409 -0.01018789620733179 -0.0052771183654929475 0.9999355441208643 5.398483612492887
0.9999224815706758 0.007998975074644477 0.009982394606992831 0.033107136492552085 -0.008052131544745105 0.9999546299214924 0.005224287454735911 0.08384646502968479 -0.0099407419049687 -0.005304815999345356 0.999937856353879 5.752553529928153
0.9999225612257037 0.00824133600790294 0.009737488109545488 0.03215296929888202 -0.008276220302346923 0.9999603343287252 0.003490977507378092 0.0806750947479759 -0.00970924451788003 -0.003571733923007173 0.9999476892434017 6.072584683387792
0.9999234741972607 0.008161831886484045 0.009735558400782435 0.03189668981905677 -0.008188089125690195 0.9999641097175832 0.0025846777066351424 0.07839280107656549 -0.00971489603656093 -0.002664724027130801 0.999950514835468 6.390399406897601
0.9999221115863337 0.008256782451236051 0.009832671363583522 0.03076733680119814 -0.008278531928591935 0.999964766279583 0.002090162243599939 0.07666018677944031 -0.009815743676305458 -0.002172127926688576 0.9999509669743434 6.6239355500844885
0.9999197410666875 0.00844779034608347 0.00988914745475532 0.02901162938733299 -0.008468692330889293 0.9999633866815227 0.0019964699156011408 0.07569592216468057 -0.009872575978572407 -0.0020810749031680213 0.9999506075098337 6.854877981712917
0.9999172752262786 0.008721501941491868 0.009904710728818785 0.027767067203519263 -0.008743578122211361 0.9999608238818202 0.0021137334293047515 0.07658503993829152 -0.009886546775116746 -0.0022013829965388215 0.9999501597315815 7.063648330630715
0.9999146100622373 0.00897655201589279 0.009949314606190505 0.028340759476414894 -0.009001655289530019 0.999957546677993 0.002427024344693443 0.07966712812798493 -0.009927878798021546 -0.0025172010922590907 0.9999489956512425 7.1921142796251605
0.9999098962005093 0.009297165904791993 0.010133815481052648 0.02835138602974946 -0.009324070746719964 0.9999543809997247 0.0025360832640229617 0.08131071802704445 -0.010110343233201207 -0.002631403335000208 0.9999468949666088 7.372508116587495
0.999905395007607 0.00944707289574187 0.010422650196424554 0.029177499063631075 -0.009473868371275559 0.9999530097102882 0.0024553039868672267 0.08153712891439817 -0.010399701751271764 -0.0025548326901538407 0.9999439341802775 7.549952020850917
0.9999045056129882 0.009450524721699383 0.01051625767926574 0.031268349382724964 -0.00947568303237434 0.9999534504515742 0.002269068554654386 0.08217027784474097 -0.010495031239731506 -0.0023694884445468216 0.999943415901765 7.695195253335973
0.9999053895762579 0.009332900841825146 0.010538090298157577 0.03462071352915891 -0.009355312296291636 0.9999548898206138 0.002031326789568739 0.08262320019410996 -0.010519484915868856 -0.0021305074045613053 0.9999436663888193 7.8792844959548916
0.9999037500429662 0.00960499168298333 0.010446402063838251 0.03662181224103078 -0.009613466431746985 0.9999542626918023 0.0007117054343660281 0.07962375771801768 -0.010440081419531401 -0.0008127253929550284 0.9999464800030309 8.1304894333731
0.9998986870405338 0.01015728848773657 0.01039965194913779 0.04072008666810953 -0.010152732977503583 0.9999486975735895 -0.0005147157928623186 0.07612115493428775 -0.010405608182556673 0.00040874732062069557 0.9999467096028067 8.382631741029071
0.9998855768079598 0.011553746398142434 0.010215397406881368 0.04319958825500217 -0.011544737272853477 0.99993331978245 -0.0009652080111377038 0.07447387621131196 -0.01022703625909292 0.0008468172634305486 0.9999483943711527 8.645614670558171
0.999878315660945 0.01221446034473808 0.010143606682280412 0.046278856345742476 -0.012204908743766658 0.9999250613199755 -0.001003303339139101 0.0717402101107087 -0.010156755164522371 0.0008798767776571447 0.9999488526710966 9.133063604869244
0.9998595833605943 0.01381175296090163 0.009936971420729563 0.0483932879105246 -0.01380019130814897 0.9999040542959212 -0.0012259541003327593 0.06759705514957819 -0.009954725190025384 0.0010892952679978796 0.9999504871931459 9.689459429982039
0.9998536953828145 0.014094098075092484 0.010136883174196917 0.05418913926984862 -0.014079191546494268 0.9998999265269625 -0.0015504896455081343 0.06159109272689013 -0.01015937381219964 0.0014079778908166294 0.9999481021270817 10.388047433791673
0.9998464145615605 0.014453066240305679 0.010344053019583034 0.059929924910954134 -0.014435800502062154 0.9998945790913624 -0.0017616261971372337 0.056193552325315144 -0.010370030280408704 0.0016122718942962815 0.9999455549324011 11.148955874600492
0.9998385129385275 0.014867438409489599 0.010505687607110875 0.06438954375941829 -0.014848047375979124 0.9998879770834207 -0.0019258325247229926 0.05107077186624565 -0.010535043863929193 0.0017702557719539492 0.999943295261284 11.748526183433587
0.9998323730657535 0.015138443072823455 0.010740304523463109 0.0672290080440407 -0.015117277492279842 0.9998838960395887 -0.002096436908881175 0.04680316218149795 -0.010772291113893474 0.0019340643088647457 0.9999407396042019 12.10700858639001
0.9998248942295038 0.015435574199673943 0.010995783661705462 0.06861488940265233 -0.015411472181719838 0.9998785832837072 -0.002277464112854806 0.04459423484184772 -0.011031497686985666 0.0021083746425845126 0.9999373175043774 12.27278763028153
0.9998192042196585 0.015646473374556713 0.011270994548200287 0.06955909865051846 -0.015619706339057763 0.9998753261097639 -0.0025114801367356423 0.04378864856398076 -0.01131037031356647 0.002335301694036698 0.9999342343312246 12.362487283693877
0.9998106939322143 0.01600610217332294 0.011500344974671768 0.06900955625237849 -0.015975475891147048 0.9998685439841773 -0.00278313652488595 0.04397148296304954 -0.011545042702181273 0.0025998569905377406 0.9999306087715142 12.408464564886527
0.9997972852585603 0.01676640136105028 0.01157635043639082 0.06703414829070672 -0.016730867042285644 0.9998547719709567 -0.0031792504067731896 0.043997593390850256 -0.011630026864902046 0.0029863692463225695 0.9999283931505458 12.492264685692986
0.9997889610946374 0.01721022797653951 0.011682972073993136 0.06552595118923447 -0.017171859315416836 0.9998466043166065 -0.00342932194221694 0.044414959820033906 -0.011741997313366132 0.0032292668536675045 0.9999264823096133 12.560976912602047
0.9997804422899057 0.017645569842752933 0.011790914504576096 0.06466630699115236 -0.0176043219750121 0.9998383882236531 -0.003660239321056865 0.04436662207633451 -0.011855237983165068 0.003453020601448666 0.9999244286877347 12.654915178020346
0.999777680083425 0.017740604808692093 0.011883042232660356 0.06443340739377712 -0.017697391470233262 0.9998362226410594 -0.003786960930878925 0.04421745054585224 -0.011949997022271943 0.0035771904859186188 0.9999229973920655 12.738014668368583
0.999780233130567 0.017585107346577297 0.011930369554369016 0.06488377499912457 -0.01753897836277804 0.999838334120866 -0.004034062471613135 0.04346956496349986 -0.012000929651916145 0.0038249649499051716 0.9999214986930969 12.838339056039915
0.9997812227144702 0.01753577629506212 0.011930069561962148 0.06674688946165357 -0.017483431876067424 0.9998373291105164 -0.004554422545467338 0.04168227894815024 -0.012009599108774405 0.004345790776800975 0.9999194023824157 12.967726374652914
0.9997814090687149 0.01753984396658216 0.011928321653994095 0.06699049845442695 -0.017481136417435487 0.9998348536638026 -0.005107901307843151 0.0405233431070279 -0.01201728050843298 0.0048990269216342835 0.9999170209318795 13.058635169689252
0.9997773043454707 0.01775664262112432 0.011983310395818177 0.06759055008027313 -0.017692082452225512 0.9998288315343229 -0.005588957899993768 0.03898150605019259 -0.012081704242733193 0.005376238197359895 0.999914145542322 13.180036762121874
0.9997745786318825 0.01786478693243474 0.012025895911454898 0.06788100963787923 -0.017794086048974398 0.999824156954444 -0.006058954650237101 0.0372393608090452 -0.012133238088149263 0.005844076020118358 0.9999106501852784 13.30238911969276
0.999776759432191 0.01777812749299365 0.011953583686238374 0.06744897850406105 -0.017698520363607615 0.9998211254871504 -0.006819640382941834 0.0351504063627766 -0.012074028821660173 0.0066073049186011435 0.9999065525326003 13.420439339519664
0.9997773580128753 0.017740586480667696 0.011954425486020057 0.06762489480518538 -0.017656424740149015 0.9998193895017246 -0.007201325075280375 0.03318241792179347 -0.012081229941601285 0.00698909923333129 0.9999038197455553 13.552498864225084
0.999782911908593 0.017470989440721604 0.01191983191611132 0.06852727283564133 -0.017386203529313103 0.9998237677002516 -0.007289865548285189 0.0316834833015453 -0.01204611720782001 0.007081263359366396 0.9999037148778063 13.699085426088676
0.9997929097167216 0.01702708938365412 0.011692493116803345 0.06879579491580155 -0.01694333813599045 0.9998308502523622 -0.007291513994254621 0.02963702343713167 -0.011815876466927819 0.007092359566809298 0.9999061747378228 13.875940312578143
0.9998032802353845 0.016604646290939398 0.011440947651234637 0.06876880669366349 -0.016522407070292282 0.999837968937932 -0.007343794538932504 0.027163539291228778 -0.011562102471169873 0.007153475006974594 0.9999089736695522 14.059639253269934
0.9998016788570775 0.01671903481348591 0.011404437571171593 0.06910036497680302 -0.016637156052200827 0.9998360327198812 -0.00733290737631967 0.025058140348899017 -0.011526296449298515 0.0071418988771614275 0.999909352196631 14.263985945694136
0.9997905455881066 0.01741144442370055 0.011334137372789906 0.06818742994521561 -0.017329737816597163 0.9998240182850963 -0.007350187294057124 0.022901153869388697 -0.011461355758210747 0.007152779392866187 0.999910027351405 14.527662090975358
0.9996921400487991 0.022879293075051755 0.01024832568795765 0.05965051672680004 -0.022806043148258327 0.9997146814331541 -0.007285893946094612 0.024176134955505524 -0.010413317716704399 0.007050453824094796 0.9999223322408847 14.801701729544464
0.9995851941217867 0.027443426509767232 0.009463554796638763 0.05184471577292661 -0.027370126212123178 0.9995954666491565 -0.00788307418555504 0.023837293865353576 -0.009677345489713527 0.00762132389916566 0.9999255478067003 15.100616005878246
0.9995022436578851 0.03042710015768647 0.00907171005970419 0.04570697697057512 -0.030348437697686744 0.9995019946605157 -0.00877452973668936 0.021682483910355037 -0.009335546494462745 0.00849552950899569 0.9999214534003852 15.40144092252061
0.9995213735254741 0.02988944921474832 0.008793019713131445 0.04547411457826685 -0.02980644521668204 0.9995115874768439 -0.009530911762965623 0.016817763621048528 -0.00907482170836564 0.00926459604535075 0.9999172845516855 15.697868107314727
0.9995419927675306 0.02925764985406312 0.008569824952289829 0.045161929342419097 -0.02917203261540166 0.9995250635673919 -0.01005187847749206 0.011408196045988256 -0.008861156201037699 0.009797648482808787 0.9999141027800806 16.00966924773264
0.999620387335351 0.0264899554137935 0.008411446948989081 0.050052492154704364 -0.026401163861798187 0.999596584966566 -0.010565987098981856 0.005684958933586354 -0.008689326697598088 0.010340509870277834 0.9999101130923149 16.38029280562966
0.9996287027215135 0.026366171762675562 0.007785916823235811 0.04963546068270702 -0.026289112953355388 0.9996063894417301 -0.009911816805069465 0.003084964025920847 -0.008045629915852538 0.009704034853899052 0.9999219313837233 16.77460531124458
0.9996400226583803 0.026169453910422656 0.006957790318730682 0.049178290356816985 -0.02611531349783722 0.9996292364307291 -0.007860075795461673 0.0022686197962085578 -0.007162460618465975 0.007676106071751383 0.9999462166325146 17.210025309688824
0.9996095072508175 0.027453245072465854 0.006337951386313027 0.04500749475736729 -0.027410118511216476 0.9996016678562302 -0.006862952899282123 0.0006794405801516163 -0.006525560794056081 0.006687475797185263 0.9999574153126017 17.648681768337145
0.9995769860647041 0.02885603293533697 0.005073825613161439 0.03975321247820618 -0.02883121146180666 0.9995723830842573 -0.005016151341880416 0.0005724699668584504 -0.005218115666375069 0.004869031187790317 0.9999748878585252 18.112862009751897
0.9995549022926994 0.029881617738336783 0.003191149178574442 0.03347174016182067 -0.029875399589157928 0.999551980484472 -0.00215564562616355 0.00358898216786035 -0.003255911058260863 0.0020604743677526665 0.9999929551449889 18.588479344328995
0.9995763711545985 0.029310040106243964 0.0014145161005270058 0.02801881441859499 -0.029311991741098595 0.9995710659096898 0.0007509822709470329 0.007385504502930112 -0.001394280340756468 -0.0007905835308388482 0.9999995920530623 19.092194820215006
0.999575903975108 0.029365591163167577 0.00043704018242783724 0.02096463909472502 -0.029367326710057873 0.9995686983327138 0.001561548080331777 0.008887842462420853 -0.0003932207453889896 -0.0015721684511641706 0.9999997139141965 19.565772674146803
0.999578399310777 0.029271373179218154 0.00011359339622219459 0.015323621668386387 -0.029272281669449222 0.9995718154750931 0.0010466906381392865 0.005770558801444467 -8.533258070649475e-05 -0.0010474310147613893 1.0000002418929232 20.02938915655398
0.9996096026042159 0.028178969919136303 -0.0004912435694610071 0.010039588855898203 -0.028179865355893702 0.99960364340755 8.238203517875193e-05 0.002691320742172618 0.0004910180703759428 -6.648223100153526e-05 1.0000005443708737 20.490070395905658
0.9996275316627465 0.027527486368762222 -0.0010851634949379013 0.004040038384420097 -0.027529786750608184 0.9996215523988586 -0.0010657747102217436 -0.00130828072859142 0.0010531958972336227 0.001096979400551135 0.9999997501168534 20.969321156818264
0.9996666351251234 0.026045714124179112 -0.0014485003431785708 -0.0006391440751474554 -0.026048560595249876 0.9996604455983398 -0.0013890770806909002 -0.0037499148621177453 0.0014096169406317013 0.0014281523437020835 0.9999987134547195 21.454188969976208
0.9996779444517259 0.025582820818465885 -0.001886442305447654 -0.006473566873038285 -0.025585875127472187 0.9996729374771769 -0.001160034531122675 -0.004385952684292356 0.0018538707551217194 0.0012095999448712004 0.999998219818695 21.968306700945554
0.9996672023241769 0.025961690128656286 -0.00237967468929488 -0.014331287857623897 -0.02596466927834769 0.9996635620102948 -0.0008811885861235521 -0.004530324112937966 0.0023537929956165883 0.0009443461639378207 0.9999974952159919 22.481571516434418
0.9996255662678659 0.027484390248420875 -0.002815861798396715 -0.02232267733654488 -0.027481770397587837 0.9996225145366187 0.0012103021865205055 -0.0012403827433099916 0.0028458419484295814 -0.0011309092121073866 0.9999962782284277 23.028346025030565
0.9996285239223903 0.027288815041869047 -0.0035529149593579177 -0.02880372096261788 -0.02728255277248099 0.9996267616950252 0.002017285667657547 0.0008061005837604464 0.0036044479577192817 -0.0019180417813222318 0.9999926329490091 23.575938938887223
0.9996230491105087 0.02743763216900965 -0.0039510056878628895 -0.032076763219910216 -0.027430255272265423 0.9996224610393271 0.002090758765272975 0.0015562446325897204 0.004004587724488594 -0.001979881538352899 0.9999910713198528 24.110258944810333
0.9996274183855031 0.027205030879000686 -0.0044364433646420535 -0.036299013599954626 -0.02719098805890305 0.9996251335454117 0.0033141250005577928 0.005847372766555212 0.004522741711713424 -0.0031907109523959627 0.9999858835418441 24.664878174797163
0.9995997273358692 0.02814589547639537 -0.004855297982491257 -0.044175858783318346 -0.028122106901895774 0.9995921355413134 0.005010466623218215 0.01088348088557806 0.004992266405581004 -0.004870571730596886 0.9999769763888777 25.231141564714935
0.9995886352698061 0.028425875857195332 -0.005567569796171998 -0.05197498137350175 -0.028390615011085925 0.9995764881915189 0.006503310334121392 0.016613965448655846 0.005748141934302184 -0.006341161107407437 0.9999647897852365 25.81047252066504
0.9996102759648502 0.02752198878230368 -0.00630723882998302 -0.05952457300615307 -0.027466322538659393 0.999583495906226 0.0089964564885283 0.024558745014659687 0.006549628158058183 -0.008818031947945908 0.9999414222023641 26.412839150660687
0.9996904265612719 0.024395767206166763 -0.006465431300830516 -0.06598803194386246 -0.0243165547284897 0.9996296184580401 0.012299678773057855 0.03629623145122628 0.006760531816651426 -0.012136943254799323 0.9999049889023328 27.03853432424763
0.9997459227571482 0.02188065026640124 -0.00691848723106498 -0.07418343530327717 -0.02177215112910437 0.9996414950814871 0.015658848832037414 0.05024047205962656 0.007255659004555874 -0.015501994721412138 0.9998551421717361 27.68235373720464
0.9997268946917999 0.02266225522604936 -0.0071780346632325225 -0.08559724843966102 -0.022546528698235105 0.9996174710684852 0.01610822070240708 0.06082254235909154 0.007537463934418691 -0.015940124332862442 0.999846310325444 28.34934092899771
0.9997206565404521 0.022885537533502684 -0.007276331749246209 -0.09317193239034573 -0.022770516736353958 0.9996170904399782 0.015785276529638858 0.06616272561886236 0.007631610877469528 -0.015612904094695144 0.9998504495199533 28.986336007882198
0.9997235559563764 0.022532231061569364 -0.007967800901290806 -0.10096491325387111 -0.022421704215782705 0.9996522507478758 0.013957588675446981 0.06840828041212824 0.00827657130895139 -0.013773040625046239 0.9998724820473945 29.56325275300989
0.9998171332348118 0.01740240274003242 -0.009039539236661417 -0.10529645614710677 -0.017313609896512663 0.9998005849527516 0.010123639315972717 0.06825860115516165 0.009211206049510133 -0.00996358004666528 0.9999095878214933 30.16867681559185
0.9999034279941863 0.010404067754426599 -0.01017351381481939 -0.10212822592582305 -0.010354752208226774 0.9999344093294866 0.0051595556141211885 0.06070569386299006 0.010223721385248513 -0.005051905654717482 0.9999365355737962 30.773986604710977
0.9999261836260005 0.007333009977294954 -0.010605808470767905 -0.10721745775977146 -0.0073263162488116824 0.9999741474901062 0.0009510880110220523 0.05317864739509559 0.010609766189170505 -0.0008713130336870656 0.9999450240599701 31.390244376355835
0.9998919567881112 0.010742792400008154 -0.010891184469578302 -0.12233778254458119 -0.010773768536493535 0.9999399795653252 -0.002520503725404114 0.04576331178115174 0.010860317172167958 0.00263934353555035 0.9999384975884031 32.038127132470386
0.9998680549520378 0.012694673170248336 -0.01096003624523408 -0.1344301871990047 -0.012737582306325044 0.9999136207060867 -0.0035900803007910226 0.03965987697071333 0.01091018133907245 0.003731142477217701 0.9999342153375953 32.6587302380762
