1.0 0.0 0.0 0.0 0.0 1.0 0.0 0.0 0.0 0.0 1.0 0.0
0.9999997019767761 5.599856376647949e-05 5.239248275756836e-05 0.0020084460265934467 -5.5670738220214844e-05 0.9999995827674866 0.0005765706300735474 0.0003027671482414007 -5.2422285079956055e-05 -0.0005761831998825073 0.9999998807907104 0.8602586388587952
0.9999995993303497 -0.0001896580570956985 -1.259195602454355e-06 0.0038951775865993174 0.0001901099428502917 0.9999985063197276 0.0016403369623905206 0.0010465396490668272 9.014841664267692e-07 -0.0016398446117138477 0.9999987342416368 1.7633309613810422
0.9999998484619091 -0.00013401688200369514 0.00011716564325756506 0.006350172926179756 0.00013421540511799807 0.9999981762610132 0.0018478129443462456 -0.000942176452175569 -0.00011735204779270081 -0.0018475068811012357 0.9999982749470232 2.6585709793720618
0.9999996209326921 7.656650388906227e-05 0.0002646021441644547 0.009013425950110981 -7.628241773720454e-05 0.9999983791560757 0.0015921586299697402 -0.006075171424717606 -0.00026448486794093326 -0.0015917381475783002 0.9999984915905983 3.534014192210386
0.9999993476623209 0.00027300584656026025 0.0003392783550415183 0.012020140448597644 -0.0002725603043752594 0.9999988576723573 0.0010951098442199359 -0.012505613480548192 -0.0003391252990465485 -0.001094657803801981 0.9999987861558407 4.388424189884737
0.9999994189901976 0.00030753572920248854 0.0004526908187816273 0.015218795474365096 -0.0003074039574169161 0.999999385415455 0.001039468119393352 -0.017027815613614432 -0.00045227641631116647 -0.001039595404438617 0.9999990469831097 5.356329917111658
0.9999995991122675 0.0003066151188121803 0.0005821200198514768 0.019722361227626814 -0.00030688270307168406 0.99999951231255 0.0010320672864508602 -0.021858024434039225 -0.000581499952475599 -0.001032472362259979 0.9999991153061193 6.364362814744956
1.0000000622714311 0.0005229871145524172 0.0006966325382516819 0.023904958258803753 -0.0005237528433960102 0.999999882448714 0.0010706265059872537 -0.027108869040832657 -0.0006953894997942799 -0.001071639695855843 0.999999366504377 7.2878951314078035
0.9999997364585755 0.00045154172331471587 0.0008756023593937933 0.02842736835007763 -0.00045250829025984514 0.9999994841963962 0.0012547706281773078 -0.03190942172674544 -0.0008745479296124264 -0.0012557680829734222 0.999998925471674 8.186729868350156
0.9999992311462595 0.001326542261521677 0.0010014379846240244 0.031152156561254984 -0.0013278704476179693 0.999999308428231 0.0010784932076192849 -0.03814424995999472 -0.000999214540693722 -0.0010811168976738916 0.9999995134826551 9.134761857767797
0.9999972945717591 0.002433123687005075 0.001052827522459893 0.03380129341062204 -0.0024344550005386883 0.9999974509163191 0.0009962005309278328 -0.04384747288833927 -0.0010494268161529005 -0.0010000570508234019 0.9999997893375676 10.09133414057645
0.9999964836787499 0.002714320100324485 0.0011733133362512842 0.036467173952501236 -0.002716442987880653 0.9999960370715899 0.0016065288185115136 -0.04643721711951035 -0.001167936961719151 -0.0016111809736314214 0.9999988153819213 11.027740275805101
0.999995986152031 0.0029608074219506487 0.0012295626307066221 0.03721605441608848 -0.0029636527585797734 0.9999952315882868 0.0017645974729094578 -0.04838903589711811 -0.00122309054687697 -0.001769957827882958 0.999998733684362 11.913116856438965
0.9999880187975151 0.004967285017141349 0.0012287264214609994 0.03660252093064487 -0.004969440685303602 0.9999881014404068 0.0012204669689774984 -0.05345276154726393 -0.0012211770113871286 -0.0012282772199491672 0.9999996958252102 12.794148630692604
0.9999852232736746 0.005549394427849819 0.001246995180834314 0.0365163365619813 -0.005551378506652735 0.9999855237281109 0.0009143919722606469 -0.05892335847525372 -0.001240131924495357 -0.0009235138443241362 1.0000001666977156 13.673473824686496
0.9999856684879282 0.005428883675761579 0.0011397498957656947 0.03822442512166603 -0.0054300173847438675 0.9999860894865077 0.00038017543690216816 -0.06469361887495617 -0.0011360843373879653 -0.00038847084796012424 1.000000253472379 14.55334518160193
0.9999871821215193 0.005146545225103187 0.001052796136597708 0.042082026676977254 -0.00514743186742121 0.9999873963252262 0.0003492651779233121 -0.06631262637165847 -0.0010494393841941239 -0.00035673829549064947 1.000000125839027 15.454280018328994
0.9999909641607564 0.004539377546656947 0.000767280009759083 0.043713000581797626 -0.0045422023182609215 0.9999879005028087 0.0023636259898194493 -0.06333678349623217 -0.0007551490478481318 -0.0023687133439293283 0.999998049348634 16.3535404284655
0.9999944248070401 0.0038427334595306103 0.0005324595700660314 0.04502135091401821 -0.0038466462372454793 0.9999827466545734 0.004746091336409176 -0.05942577798263813 -0.0005135790917553695 -0.004749114997916773 0.9999900906293162 17.276509379557766
0.9999951043815909 0.0037300675339528317 0.0002926066978216225 0.046031177673491276 -0.003733262576206409 0.9999797529993971 0.005443671336955036 -0.05648834729629878 -0.00027170248434385557 -0.005445708944018236 0.9999869066741969 18.219362482613196
0.9999967557920676 0.0032092388507466278 6.52992299846793e-05 0.04811350871741213 -0.00321126799560869 0.9999814776664508 0.005462818125308483 -0.05543195475636586 -4.711978161257903e-05 -0.005464029082270986 0.999986809200188 19.15362499571835
0.9999995694977509 0.0022252797273037833 -0.0001678299408516036 0.05090523396489728 -0.0022265434323962214 0.999988710086776 0.00467384053905472 -0.05664207888784968 0.00017906748072009577 -0.0046748561278906605 0.9999909563714202 20.050896075682154
1.0000005813777206 0.00166870448415473 -0.000451068353717856 0.05239072914474569 -0.0016688495561148471 0.9999918324246813 0.0042203457132934125 -0.05771343360184194 0.00045893031138973266 -0.0042210097948866925 0.9999929096074283 20.933710444540903
1.0000007615259463 0.0018331626534099528 -0.0004985153948362381 0.05179030416396013 -0.0018335135821277565 0.9999920804462409 0.004237354032263278 -0.05708170506274 0.0005074588213937231 -0.004238371075055524 0.9999931739929308 21.841939930374465
1.0000001631937918 0.002211829830608663 -0.0005441604375080545 0.05013726339372442 -0.0022121922386082312 0.9999913870857826 0.004292870294985135 -0.05595669575124117 0.0005551983830305741 -0.004294237727869778 0.9999930350441686 22.74338110709413
1.0000003613702126 0.0021395077715411943 -0.0006932786891840276 0.04953943359766245 -0.0021390418301944756 0.9999904210255859 0.004527952193355662 -0.05420620915308562 0.0007044936944911689 -0.00452887968760213 0.9999919438809606 23.62859807073545
0.9999968924192824 0.003376025876512628 -0.0009355538558172508 0.044492411188745876 -0.0033744460990800806 0.9999870957916337 0.004495002589265874 -0.052474631563820505 0.000952086160611012 -0.004493940991557084 0.9999919248227221 24.525200235832294
0.9999972673775148 0.0033601771628263134 -0.0012277061197426544 0.04241150142444758 -0.00335733463412275 0.9999863168853942 0.004787068357997948 -0.05016935456319564 0.0012453278336365878 -0.004785422844280294 0.9999905760558665 25.43271180002159
0.9999864268695966 0.005677026454382642 -0.0015788202116008225 0.035415007614470834 -0.005671978106397089 0.9999737911045812 0.005245445208867744 -0.04640665448797221 0.0016102937582793296 -0.00523921250639997 0.9999883066313923 26.365958080215524
0.9999938537284859 0.003993067329438156 -0.0019118933629190277 0.03517041188949878 -0.003985594133261175 0.9999803249774427 0.0055158139732408625 -0.04370156041261657 0.0019357163340414916 -0.005510853187220579 0.9999863612111077 27.254812863828732
0.9999935463565118 0.003962303685394885 -0.0020126392358387184 0.0336972092968115 -0.003954133822154484 0.999980289295955 0.005512519705474544 -0.042607241800829095 0.0020361568277134715 -0.005507186497198415 0.9999861269842808 28.188164365966415
0.9999927407610106 0.004289020057593505 -0.002065104980465814 0.030184911729344014 -0.00428061960970145 0.9999783998325033 0.005599451570897987 -0.04014218882995988 0.002091034893157623 -0.005593423312268893 0.9999855418460014 29.088290767317712
0.9999921944987187 0.004574524013384651 -0.001966737705972968 0.02962611737353709 -0.004567391503783138 0.9999787502600265 0.0053815351838494875 -0.03805648612673619 0.001993605162816637 -0.005375511981513506 0.9999872044584376 29.992100061638492
0.9999920535177238 0.0046434981116477096 -0.0019987122729519637 0.027903493293719148 -0.004636239129560996 0.9999783180299707 0.005447605219928633 -0.034342343687654736 0.002026341575658683 -0.005441566127722029 0.9999870241600717 30.879862802489495
0.9999947125425993 0.003715902143773644 -0.0023476122612260055 0.026671733901424518 -0.0037056477333299227 0.9999803286463809 0.005760521954847527 -0.030151480081473534 0.002371369399291813 -0.005754918712155642 0.9999844414620213 31.77878815761564
0.9999942758645372 0.0038213051207023766 -0.0023411338578823255 0.024574853689885663 -0.003811092133646857 0.9999796766951248 0.005795514441683859 -0.0272286791965728 0.0023657473001449858 -0.005789745400871645 0.9999840761798895 32.67891583415025
0.9999938006757406 0.004085097248940601 -0.002215282536502304 0.023034337009328068 -0.004075777279138209 0.9999792008296575 0.0057240162827678 -0.02575413578037495 0.002241244106135597 -0.005718223034404893 0.9999847857375975 33.56913820624004
0.9999940019162177 0.003976318687506951 -0.002325419836387145 0.0227884017055673 -0.003968179823245035 0.9999838605568581 0.004851525911771671 -0.02786292921891005 0.0023470845874753255 -0.004845114290984093 0.9999890021122283 34.453740165296665
0.9999938314614908 0.00400264072964173 -0.0023541351731471566 0.021975134985990553 -0.003995529450920251 0.9999864144642795 0.004277824419999452 -0.02978142011470402 0.0023735328815260603 -0.004271449810577796 0.999991362637911 35.322956875116446
0.9999870264837994 0.005476612804426648 -0.0023090860673469055 0.01774452194948443 -0.005470460459445802 0.9999809670301254 0.0038949516264347615 -0.02935105239910773 0.0023325935370082473 -0.003885136500912764 0.9999930482434425 36.19649220640959
0.9999822665910605 0.006294216814446915 -0.002174449079046095 0.01518768661205699 -0.006288237030967924 0.9999758930047483 0.0038653647388318733 -0.02760489293240649 0.00220064455827596 -0.003853871308741706 0.9999931171230504 37.06713491845279
0.9999834995076812 0.006143886196420575 -0.0020968697758390977 0.014710184028231436 -0.0061371917303165964 0.9999746923493925 0.00442205483254378 -0.02493693360729491 0.002125943724770193 -0.004411355387214388 0.9999911328740247 37.960259691555535
0.9999821395704802 0.006436870673151385 -0.0019987683939480033 0.013430631841494935 -0.006431473267603804 0.9999740028238322 0.004250743987579234 -0.025336476163225072 0.002028506293805964 -0.00424041456925647 0.9999923351350999 38.83716458025983
0.9999692078078257 0.00830123086205258 -0.0018392888520175055 0.0111679362957244 -0.00829848127513206 0.9999643538830479 0.003302274474123664 -0.028526570842250028 0.0018696155560690507 -0.0032902115025105465 0.9999970461428247 39.692391067550346
0.9999623639109251 0.009133217103793025 -0.0016440250805920366 0.01043545639071539 -0.00913163254680855 0.9999582821737241 0.002956574389610394 -0.03046315970361023 0.0016738415086290498 -0.0029446466008378656 0.9999984294089109 40.567602093477966
0.999959041767017 0.009522168022049731 -0.0016479736589402286 0.008051800137726335 -0.009520614463852155 0.9999545426793209 0.003020271212884522 -0.03008418939299316 0.0016796365588269073 -0.0030077725793950494 0.9999983535859815 41.45510926683139
0.9999575705507746 0.009695746865781332 -0.0015384626617043352 0.006805543251774476 -0.009694265432229445 0.9999525200083956 0.003102887458623288 -0.029780776721759737 0.0015713795993508217 -0.003090957056263311 0.9999982845786008 42.32776510666946
0.9999520657393456 0.010290531785276042 -0.0013673511003996534 0.00609502743215815 -0.010289864538539037 0.9999472630855744 0.002974592997165546 -0.030967508976274333 0.0014009320753799368 -0.002963690620693741 0.9999990660180809 43.201398392468064
0.9999576309674915 0.009732716626778534 -0.0013645111120545812 0.008734584906346503 -0.009732090469348262 0.9999527029141991 0.0029754128310847967 -0.029941576137961445 0.0013964474304241916 -0.0029652311917236487 0.9999989482579918 44.0751366249516
0.9999491292879057 0.010539860330562255 -0.0013155605886610781 0.006299634070543628 -0.0105390890035486 0.9999440875350807 0.003010342375336306 -0.02803224868420064 0.001349844103890202 -0.0029992688275894573 0.9999986131285407 44.96146392841189
0.9999442148637298 0.01096545169922955 -0.0012368405797263677 0.004989792412602647 -0.010962960014983066 0.9999349193037503 0.004134877638022823 -0.02480084271173995 0.0012844315649699442 -0.00412377317605845 0.9999943150087197 45.85644937113119
0.9999405541577405 0.011317094600713453 -0.001073598402738611 0.003973121746438649 -0.011313157344075364 0.9999205391218756 0.006195156346266127 -0.019777720099567783 0.0011457883845162572 -0.006185327343421311 0.9999839660330802 46.72495788642186
0.9999411434273908 0.011256855461623938 -0.001050419321496514 0.004060280716024821 -0.011252862930170113 0.9999206938475856 0.006241774695455642 -0.017507082980067416 0.0011226160011774094 -0.006232034835120914 0.9999835828152506 47.602298240999055
0.9999529222804103 0.010128838535783268 -0.0011302114089260455 0.007092072441631654 -0.010126043464512053 0.9999408047602191 0.004726787309927999 -0.01973304880081527 0.0011799070455835415 -0.00471750596072645 0.9999917072662508 48.466953556967056
0.9999501146496736 0.010410875977506371 -0.0010883454920883435 0.009202647978619118 -0.010409648484621472 0.999943164781107 0.0034429859512924944 -0.024151091423381926 0.0011259609507635097 -0.003434009357537123 0.9999969916044045 49.31317496934761
0.9999504915905166 0.010373308319152905 -0.0008844628436488229 0.010849891081086943 -0.010372714784742361 0.9999441135193223 0.0033135120203783616 -0.025440238811850896 0.0009204940415438714 -0.003306289741838771 0.9999977791867143 50.18998417026839
0.9999454454515052 0.010850046825508384 -0.0007280364544002214 0.009603631289272949 -0.01084957785809135 0.9999374195289019 0.0037688414243190315 -0.023669995557994084 0.0007705542353264902 -0.003762897867839219 0.9999961696615737 51.06518391828664
0.999951644769337 0.01022657414049341 -0.0007718345118191672 0.011060755915155651 -0.010225147108698903 0.9999406934477303 0.004539215514512789 -0.02138267786380236 0.0008198780643532517 -0.004533070679065391 0.9999929941619153 51.96896965985866
0.9999479845356704 0.01058137212313002 -0.0005061724497960522 0.012130415508419427 -0.010581198067076426 0.9999379288049397 0.004293360057692876 -0.022900544167791286 0.000553118424408313 -0.004289623092426611 0.9999941969264695 52.867637394145504
0.9999445190411895 0.010916283027205903 -0.0008025894030341864 0.015858779493568436 -0.01091756649808171 0.9999428533617987 0.0011259459467161353 -0.03174850108223123 0.0008164676418547278 -0.001119017570181729 1.0000026444550065 53.72995453354011
0.9999442185037706 0.01095128853665271 -0.0009859043126711697 0.020214083235549685 -0.010957039734599603 0.9999369440865064 -0.0035286681664166387 -0.04608457945624803 0.0009491030573724458 0.0035377705622117155 0.9999971371154278 54.55600971619734
0.9999446813177173 0.010885867510588228 -0.001003013525485816 0.0222941730228188 -0.010892567051158071 0.999933091459368 -0.004617427195282519 -0.056306175909800506 0.0009544569745615676 0.004626621101417062 0.9999924454971402 55.39784638974486
0.9999341386542232 0.011844698075724564 -0.0009269750022144055 0.019935147371279306 -0.011850057024401109 0.9999266875055544 -0.003513453363097688 -0.05965852368372995 0.0008870831810242086 0.0035226771529089586 0.9999970217791133 56.26070041702949
0.9999243613098471 0.01265920915875649 -0.0006745643819354238 0.018614831506044805 -0.01266177732723246 0.9999220893516538 -0.001050781441552124 -0.06050835324548251 0.0006632965182065873 0.00105757793366634 1.0000026862651097 57.12049788296414
0.9999347753985657 0.011860786512985588 -0.0005645375647147478 0.020427181841948056 -0.011861637280944715 0.9999297550532086 0.0024368680817035892 -0.05646834936702861 0.0005950013054192025 -0.0024313011032324767 1.0000006975148663 58.0017240912928
0.9999388761696453 0.011499529722708578 -0.0006805554111695126 0.021867287441083287 -0.01149992939151187 0.9999334078324887 0.002674011923915408 -0.05515403801023609 0.0007128400928188893 -0.002667297237412828 0.9999999344240064 58.88620332636864
0.999933281278324 0.011995158146010222 -0.0005313120649664174 0.022922629206461407 -0.011996043882500147 0.9999284842875701 0.002180076906583757 -0.05878018179046278 0.0005587134535806362 -0.002174488694999196 1.0000010000286175 59.76637512356508
0.9999323021992019 0.012044441033698906 -0.00037631944030818977 0.024309549187239 -0.012045098805987068 0.9999271738741992 0.0022354415670254326 -0.05990179744245858 0.0004040853304597467 -0.002231084344031243 1.0000007234032215 60.65408148415153
0.9999345961979285 0.011871358993278788 -0.00044914927919351307 0.024679391290801565 -0.011871848946260916 0.9999281311161817 0.002634864054930134 -0.05988131805263769 0.00048128964666431837 -0.0026297601664939598 0.9999996836983913 61.568253448018645
0.9999300213386003 0.012211962220757683 -0.0004432785757438886 0.024890348811021114 -0.012212458523435655 0.9999248395871327 0.002213031931912736 -0.063931519958325 0.000470919838744197 -0.0022074752324075992 1.000000559571044 62.475720255319466
0.9999470728547843 0.010724454535797498 -0.0008917541721961537 0.030084684249167853 -0.010727352123414184 0.9999431806836591 -0.0015873658077486552 -0.07496173712943391 0.0008753984549969113 0.0015967376514426914 1.000001618402837 63.38490187801108
0.9999520691363057 0.010135906197057292 -0.0014068755584833417 0.034317447836382395 -0.01014510446750465 0.9999341522457704 -0.005702385364332735 -0.09025409708820345 0.0013494412926066636 0.005716583171997471 0.9999856863384438 64.27166041708726
0.9999479094396163 0.010490386373214177 -0.0018043035104717648 0.0355201992263008 -0.01050543374186963 0.9999166825666541 -0.007760081587824859 -0.10501550370953253 0.0017233444765951049 0.007778897724004355 0.9999711275793037 65.15703591403114
0.9999125424312398 0.013444504786204214 -0.0018525585014536698 0.029622962090035683 -0.013461358404251873 0.9998742824700156 -0.008599783363525768 -0.11726137271338483 0.0017374013336515356 0.008624146712531934 0.999964404669628 66.03642326984183
0.9999027051807203 0.01412415082541743 -0.0019106301656150058 0.02652028546445194 -0.014140215360952741 0.9998690316908684 -0.00807754823076445 -0.12576286433265488 0.0017966655174278875 0.008104156367398902 0.9999684307849714 66.94584808931404
0.9999055605679057 0.013906256810369746 -0.002087741545559456 0.025832594211581128 -0.013924588021384604 0.9998692173973927 -0.008417822708910349 -0.13861128050422974 0.0019708555349494975 0.008446331940617538 0.9999652242845765 67.84948917372411
0.9999255631754514 0.012391758046892149 -0.0021945946072263996 0.027155587733900723 -0.012413180087522672 0.9998791103332099 -0.009516269418447867 -0.152933910239039 0.0020768016614332143 0.00954315172802616 0.9999552771336113 68.75254921353124
0.9999245901684032 0.012538158789072806 -0.0020807213455125997 0.026483008369970376 -0.01255906033225694 0.9998766761614928 -0.009632488793640844 -0.16607364854026546 0.0019603981799870673 0.009658045661321836 0.9999547786715453 69.66312288829299
0.9999198558573736 0.012919366433526676 -0.002170726427891894 0.023976545239901993 -0.012938669988386966 0.9998845960597601 -0.00820488904555262 -0.17514302169960486 0.0020651877741214505 0.008232055217363629 0.9999676282907599 70.59890881231368
0.9999218377242897 0.012818735128015431 -0.002241209944327144 0.02184091184997558 -0.012831924135013868 0.9999082733178394 -0.004862805244930804 -0.18041651101102005 0.0021783973300994355 0.004891505170805428 0.9999901282952717 71.54264144719016
0.999939405823514 0.01119911194390365 -0.002673318737276163 0.021713128689229144 -0.011205064325578745 0.999937807775513 -0.0015832361418017088 -0.1811597970097479 0.0026558332953102635 0.0016124738403614437 0.9999989102314909 72.48551748425841
0.9999488483124956 0.010187021599936395 -0.003253100510099224 0.020259530294751225 -0.010188142959083107 0.9999501592518941 0.00026853161656982105 -0.1807944526286655 0.0032559037093747955 -0.0002358415940471436 0.9999985025587638 73.41844786631256
0.9999533610068717 0.00960837160837534 -0.0035324352028515533 0.019083037303027062 -0.009607988865254283 0.9999553727231273 0.0006372953616351242 -0.1828499700045294 0.00353857405941809 -0.000603597097055035 0.9999972561739472 74.35304813975223
0.9999536749199203 0.00956295750409008 -0.0036339430782064285 0.017654116467710302 -0.009562389923082988 0.9999559914817325 0.0007307517825479359 -0.18593884343926148 0.0036410373219823433 -0.000696622900328832 0.9999969572115557 75.26763253562062
0.9999545664591758 0.00937056107946542 -0.0037647459377549066 0.016308779179301385 -0.009369447329316253 0.9999574505017067 0.000765442130087692 -0.18977262535244555 0.003771852247611315 -0.000730642529681751 0.9999960392364723 76.172541278152
0.9999525596406623 0.009594460782623257 -0.003803154965791708 0.01413284933346604 -0.009594180850791549 0.9999554729917052 0.0006009878913334483 -0.19462581293905312 0.003808942303952928 -0.0005649000364120421 0.9999962590178791 77.10289012071198
0.9999488073973718 0.010034796929817657 -0.003803190294570883 0.01070422127498722 -0.010035479371219786 0.9999517039021201 0.00042660675621047667 -0.19938036284151217 0.003807852318318847 -0.00038938414246799486 0.9999967213912863 78.03951282297145
0.9999421923069338 0.01068228965401139 -0.003771757570640087 0.00701745107166034 -0.010683183178088307 0.9999450559955334 0.0003513345282962998 -0.20351512849127204 0.003775738407783956 -0.000311875294557489 0.9999968731382037 78.98979996606401
0.9999308748422127 0.011709877974735041 -0.003781789409803136 0.0018825509954969472 -0.011710852802727038 0.9999339430465964 0.00040002247819609555 -0.20666719897147254 0.0037869058185144087 -0.00035681187024896367 0.9999971757806193 79.91927453990974
0.9999169996203118 0.012842167635743836 -0.0038342879828164125 -0.003712729990627276 -0.012843524004484163 0.9999198220775806 0.00030469678612283965 -0.21032899897671423 0.0038384490655507556 -0.00025649915404729265 0.9999968962337349 80.83287218313382
0.9998991557649978 0.014172088453043796 -0.0037850105876831076 -0.008575129700433597 -0.014174318259544077 0.9999016649190302 7.802383394902939e-05 -0.2146807260205592 0.0037862752498663754 -2.5459520424969288e-05 0.9999970353040764 81.73972427323966
0.9998842491761551 0.01518202435680469 -0.0037224080458274213 -0.012561625059907922 -0.015185017617995653 0.9998865795003294 -0.00017364607491863527 -0.22024211774643432 0.003719451414036289 0.00022942243960308046 0.9999968153568245 82.6329322154651
0.9998679510595148 0.016251123575701746 -0.0036445401357010064 -0.015443938239554032 -0.016255837201489227 0.9998696961632025 -0.0006555367990570605 -0.22721212226962217 0.003633552779518177 0.0007141754606324428 0.9999970218889165 83.51602398283039
0.9998431700964734 0.017743098171833768 -0.003529341679732152 -0.019067653972104255 -0.0177496104956757 0.999843945202982 -0.0011636996857255976 -0.2343229320213175 0.0035082367777684235 0.0012257942455751341 0.9999970492831276 84.42664498651327
0.999836817864766 0.018132819154040858 -0.0034012315067795604 -0.021443058251602223 -0.018139634125963405 0.9998370051588856 -0.0011838583295422146 -0.2403687079260983 0.0033795496397199996 0.0012447452295872323 0.9999975971991872 85.32092674797165
0.9998310793958555 0.01848164139610842 -0.0033312435357592675 -0.02449297542573098 -0.01848703729845862 0.9998316587507255 -0.0006841871297273358 -0.2442802848389966 0.003318679303823791 0.00074458548111082 0.9999984265080485 86.21626105320719
0.9998299893703484 0.018566028292855342 -0.0032251143534687185 -0.025732650738405197 -0.018570819140024123 0.9998302520721043 -0.0004802392473934723 -0.2460440596140417 0.0032163358462262296 0.0005388401729415236 0.9999988002276075 87.1061525396553
0.9998365078368492 0.01822886229076999 -0.0031091821079892697 -0.025980060091850762 -0.0182324161654562 0.9998361526997298 -0.00015863790268793232 -0.24768439292400707 0.0031065026681167075 0.00021441202902160243 0.9999992090463373 88.00052792239818
0.9998380734898404 0.01815534809623822 -0.002960114836658164 -0.026114749248211992 -0.01815831224652124 0.9998375322015906 1.9604193711096233e-05 -0.251431399994623 0.0029606653625473575 3.3341523458399556e-05 0.9999997007461069 88.90516735618472
0.9998372898570898 0.018247457988624226 -0.002739322236378056 -0.02578901800968217 -0.018251080519056086 0.9998358535929031 -0.00015386021690608114 -0.2580014899266406 0.0027369072056504865 0.00020277368816861427 1.0000003580045074 89.78526202893886
0.9998388466173271 0.01818101210047751 -0.002593525092888381 -0.025128893911877462 -0.01818445965530651 0.9998369431811892 -0.00017622426852140514 -0.26375976525708505 0.002590561291263335 0.00022264890467021058 1.000000754092167 90.65847234815789
0.9998392505264491 0.018179173540881235 -0.0024962331171973907 -0.025500806613263968 -0.018182597316963634 0.9998369825184702 -0.000151614253063765 -0.2692621976184162 0.002493734193025815 0.00019623908601947913 1.0000008915933738 91.54451317245903
0.9998345700016336 0.018422598671951312 -0.0023160256865536705 -0.02617922108610761 -0.018425644420534872 0.9998320637286678 -0.0002308105606244494 -0.2751529422386028 0.002311622148487904 0.00027328965024520666 1.00000085276038 92.44391278187788
0.99982751028234 0.01884220646099059 -0.002127609878900602 -0.027557229017620036 -0.018845538612409254 0.9998243099011731 -0.0003115437231774671 -0.2804862915586977 0.0021217563683850237 0.0003510608469202509 1.0000013897678712 93.32372850155424
0.9998238685147284 0.019051474157214438 -0.0019300046743636631 -0.027901986057500255 -0.019054858497963612 0.9998202817497501 -0.00038379617730038677 -0.28581472818316206 0.001922692212833922 0.00042002086378811656 1.0000017877968075 94.15541224486965
0.9998064604695922 0.019955673415114845 -0.0017165275031352624 -0.030993785683010276 -0.019958953136270958 0.9998024052390643 -0.0005015216133830906 -0.29057948316457083 0.0017061843919875326 0.0005357241459314074 1.000001797123818 95.0210644744612
0.9997957451442618 0.020496619190543998 -0.0014598845913275497 -0.03243203878535562 -0.02049935713124386 0.9997916926703838 -0.00023458448800518924 -0.29381143633156614 0.001454719721326334 0.00026443154864676303 1.0000023119407966 95.86607381327653
0.9997826278701729 0.021132032458169317 -0.0012368912749769804 -0.034352467265491904 -0.02113315400952053 0.9997782177856602 0.0007770796325519101 -0.29482722412315665 0.0012528786869343996 -0.0007506395616596168 1.000002278717985 96.73257361630189
0.9997827503212363 0.02113720096496729 -0.0010515743587649294 -0.033989424149795305 -0.02113791060290179 0.9997772430609186 0.0011321524035840086 -0.2966565681977944 0.0010749618843250062 -0.0011092453398564004 1.000002053217385 97.6025272948579
0.9997816080691462 0.021196961860287755 -0.0008284953932898391 -0.03386303640379051 -0.021197388716028394 0.9997754628403076 0.0013782785105270973 -0.29820978124366054 0.0008570230397813977 -0.001359878749440533 1.0000018303730396 98.45452670796638
0.9997859287762265 0.021046153495225848 -0.0006084032584037812 -0.03297524978756376 -0.021047389787757394 0.9997792241544065 0.0014842487934672822 -0.2999541605980982 0.000639291846374623 -0.0014713805712830404 1.0000022242392317 99.28584456389702
0.9997800301587946 0.021327451819244135 -0.00037706087612747463 -0.03242213254975085 -0.021329192400773852 0.9997737565790485 0.0011299282240459486 -0.3053587484792021 0.0004008398373056425 -0.0011219462837950194 1.0000028313231772 100.12160345977003
0.9997737309674417 0.021619499037093433 -0.00024093010086483505 -0.029370440680692222 -0.02162174531959928 0.999768102743317 0.0004000982091085147 -0.3099675160794828 0.0002494438500708485 -0.00039524613751112047 1.0000035882915765 100.97139756652277
0.9997708347664856 0.021786330598142643 -0.00022103129536859076 -0.026459793929786854 -0.021789196296434023 0.9997648265640284 -0.0004414325364197722 -0.3163442895731649 0.0002117803405804164 0.000445104834834136 1.0000041685750682 101.83395829762628
0.9997685701003729 0.021912925653432336 -0.000110728855143801 -0.024584356643903123 -0.021916171183080566 0.999762102949574 -0.0008993847751087698 -0.3222789148640406 9.182864944158417e-05 0.0009001555326570336 1.0000041105338016 102.6895973651334
0.9997677867030706 0.021965868826047844 0.00010587104685119269 -0.022969649961429445 -0.02196913788746553 0.9997610134724548 -0.0009577603994055102 -0.3261509733292497 -0.000125955838970749 0.0009535366818923486 1.0000042014848938 103.51937909585494
0.9997725628899916 0.021758639225721597 0.00018308263733747478 -0.021770400159150032 -0.021762244734101356 0.9997665568558803 -0.00029817607707897595 -0.3274076361187797 -0.00018852254861817205 0.0002921276008395928 1.000004764384051 104.37458316015424
0.9997653854856979 0.022092661276089064 0.00030502281206000383 -0.02225286094905221 -0.022096671564758266 0.9997590296294405 0.0008539145127053611 -0.3274966098578072 -0.0002850014666468736 -0.0008625873792088223 1.0000046065394088 105.2140994929156
0.9997586840654824 0.022393197388888106 0.0004959538637314074 -0.022472207951392917 -0.02239749496347933 0.999752276673697 0.0009779656398136412 -0.3287407036937117 -0.0004728551816861612 -0.0009911216649025984 1.0000043826960439 106.03331303949228
0.9997511959546359 0.02270199240986723 0.000701397106031654 -0.02210495385322362 -0.022706095694299128 0.9997452463624111 0.0008458658590690062 -0.33153726520841026 -0.0006811365797576081 -0.0008638023603060653 1.0000040528810195 106.81618525876108
0.9997502575324168 0.022747107925272146 0.0007552655868367395 -0.021857076469578327 -0.022750986938042155 0.9997443023308222 0.0007513966361209218 -0.3342431901850112 -0.0007372159177588898 -0.0007702831839574706 1.0000043336829885 107.61218769780375
0.9997535518912328 0.022596230795709635 0.0007833357971909733 -0.021116828606795462 -0.02259994846542915 0.9997475980038353 0.0006198913847245712 -0.3371803426071033 -0.0007684459773600784 -0.0006391600975588937 1.0000044115673106 108.39264330902934
0.999748184292653 0.02282982502994928 0.0008924095207279459 -0.02151647534248028 -0.022833638587488943 0.9997426256450831 0.0005076951730236666 -0.3398437546095746 -0.0008797577958684883 -0.0005300541304898648 1.000004634361184 109.17553995197316
0.9997377791872889 0.02328686392189741 0.0009853522012524662 -0.022674319646450444 -0.023290829118607637 0.9997323672549652 0.00038993874887423535 -0.34221846380949145 -0.0009749728107543296 -0.0004152101708215641 1.0000047307369921 109.9640961638276
0.9997315540374287 0.023543325939912253 0.0010603842441199943 -0.023929906699593908 -0.023547264302004496 0.9997263886606005 0.00039755128277605285 -0.34388474128113566 -0.0010497597342753449 -0.0004246990524239539 1.0000047731005823 110.72539872269505
0.9997272079175965 0.0237143289526762 0.0011433618463912254 -0.024586036598912446 -0.023717952952020553 0.9997220709539086 0.00037663716020518005 -0.34544742713365684 -0.0011333723052947642 -0.00040562607990877336 1.0000044551319502 111.45295423971746
0.9997249237859028 0.023802474012854326 0.001206870874797734 -0.024858601286113783 -0.023806016721805684 0.999720037257057 0.0002326049791327088 -0.3479142073552758 -0.0012002727626671617 -0.00026332969300516185 1.0000044370978933 112.18795042149004
0.999720726234785 0.02398151804187112 0.0012482202383611485 -0.025927204322762704 -0.02398538824100075 0.9997159811693804 0.0003503570739735179 -0.3484276564111945 -0.001238611223330756 -0.00038245667602346533 1.0000044787979852 112.90740270925193
0.9997112446041272 0.024366206540070278 0.001353140794731741 -0.024912321786667243 -0.024370417271935483 0.9997067027601558 0.0004765041092658842 -0.34745325036656954 -0.0013402391762486492 -0.0005115906895613093 1.0000043034334856 113.63605353499909
0.9996996152020541 0.024850494541003826 0.0014896593576365722 -0.025286763797536513 -0.024854548808225387 0.9996949610206909 0.00034734276654808173 -0.3474576618704598 -0.0014795568205442171 -0.0003866819864728348 1.0000042998697527 114.33386186059646
0.9996962350656813 0.024979771929981555 0.0015230575739355642 -0.02576246107318506 -0.0249838593703761 0.9996918356764123 0.00042566231246773023 -0.347421398353696 -0.001510888610327286 -0.0004662076571279915 1.0000041631491634 115.04409929075098
0.9996956087596596 0.025005690439724684 0.0015136145388717115 -0.026572701309706476 -0.025009714258137996 0.9996908190174234 0.0005786833819336932 -0.34714576554021626 -0.0014978230787246135 -0.0006189249859725525 1.0000038735599337 115.73338956212964
0.9996903908120942 0.02519951220004886 0.0016813032150038232 -0.027123675725562183 -0.0252033163511528 0.9996856834833807 0.00045938493886002815 -0.3488538100812389 -0.0016685008684811432 -0.0005038794811711283 1.0000034508021072 116.40633840086446
0.9996853983790142 0.025389738348487297 0.0017995070383731734 -0.0282160476190113 -0.02539347991905072 0.9996809046265743 0.00042268764175903983 -0.3500111957098942 -0.0017875253400587477 -0.00047040092691736903 1.0000032690841816 117.04642382654906
0.9996770093138692 0.0257189712878037 0.0018806290039353989 -0.03013844030730969 -0.025722728054047295 0.9996727917359651 0.00039579371248761965 -0.3510569942392471 -0.0018690590754657027 -0.00044619403260342817 1.000003373001917 117.69579844932022
0.999670557680286 0.025949586438060637 0.002031427117296911 -0.03046003730255764 -0.0259530791819384 0.9996667198125935 0.0002998829710089744 -0.3533064790738478 -0.002022289305134029 -0.00035450552089909076 1.000003127686135 118.35119871699763
0.9996555962738014 0.026507828040412976 0.0022044209997498245 -0.031931323638026095 -0.026510902861191548 0.9996519465878831 7.561419403520438e-05 -0.35576379154777404 -0.0022009951653309883 -0.0001361688205881773 1.0000026652644995 119.00287399280474
0.999643095064651 0.026977939212872573 0.002327580990749101 -0.03376215121819341 -0.026980975995539423 0.9996396068851288 9.353360258759067e-06 -0.35668939039266423 -0.0023256845146576964 -7.446953844943055e-05 1.0000026374165032 119.62063613734111
0.9996306710345744 0.02742538177163716 0.0024289742891785756 -0.035144537965916434 -0.027427787913657863 0.9996273625317318 -0.00014978379914074244 -0.3586140793728392 -0.002431509079687666 8.0684711278464e-05 1.0000022245381022 120.22189593995155
0.9996304678951652 0.027428954947327368 0.002424446875455511 -0.0356091894025076 -0.027431270935079778 0.9996271462054258 -0.00013767449181681927 -0.36003777683696564 -0.002426710886588294 6.90231994658997e-05 1.0000022373164807 120.83192914046025
0.9996300041755034 0.027470226461538138 0.002340687020878819 -0.03741555840044078 -0.02747348069894077 0.9996265047366919 6.17517831749027e-05 -0.36005855837012724 -0.002337158777379251 -0.00012872753448971662 1.000002705795428 121.41669548048084
0.9996256957699257 0.02762336639845958 0.0023338376902589746 -0.03978224020797821 -0.02762636549585296 0.9996223029941025 5.621964381272111e-06 -0.36124688100006846 -0.0023319233899390373 -7.27587293413315e-05 1.00000272544054 121.98447419724462
0.9996168736238845 0.027956769308486926 0.0023698776329009507 -0.042752445012637995 -0.02795953238460982 0.999613217240995 -0.00012619708520136556 -0.362483828974932 -0.0023715374497073546 5.696894443500598e-05 1.0000027616648506 122.53619160121015
0.9996013610070072 0.028487285213006815 0.0024578407333368827 -0.04579010025680824 -0.028489277073565973 0.999597892192396 -0.0002846149752932279 -0.36364564056345855 -0.002464222187155919 0.0002119651514174609 1.0000022953353596 123.08760936681531
0.9995888555431578 0.028922576562768285 0.0025942048040657585 -0.044628807304842734 -0.02892442155492356 0.9995853463263827 -0.0003842955659445776 -0.3641592400884701 -0.002603373009638749 0.00030655828949664737 1.0000020513589978 123.61459573303699
0.999580818657963 0.029196204790547072 0.0026402243005152625 -0.04507302328241466 -0.02919748611916752 0.9995773638475564 -0.0005950172904585909 -0.3655202001698861 -0.002655610931881571 0.0005150299834329193 1.0000018515745137 124.11543762556127
0.9995782574810957 0.029285211254960027 0.0026263855111199196 -0.046703588176256104 -0.02928590683406996 0.9995744858269522 -0.0007860560942032095 -0.3669739303424482 -0.0026475800436583444 0.0007064836489000848 1.0000017749407237 124.60288135702491
0.9995758707551452 0.02936857344609853 0.0026487749134294952 -0.04919624650272524 -0.0293692726724278 0.9995721206233456 -0.0008461635968208828 -0.3675620378534417 -0.002671630203913798 0.0007656296857203349 1.0000016690450784 125.08107923460913
0.9995645009156526 0.029746267703719645 0.002749465927863984 -0.05215401330878119 -0.02974664702569124 0.9995608963401789 -0.0010144777467582108 -0.36876337535057824 -0.002777449524706842 0.0009298755215596241 1.000001379612035 125.54094116233888
0.9995570999946245 0.02999309915495751 0.0027683593931224202 -0.05542542643344959 -0.02999327952741751 0.9995535711833832 -0.0011210047159643057 -0.36962283878864954 -0.0027997327327859245 0.0010351379933474462 1.0000012198688975 125.98735643053283
0.9995515881989869 0.030181165896428944 0.0027235961609442826 -0.059059562693201076 -0.030180998748362414 0.9995476390601756 -0.0011680228167036232 -0.3704961475361077 -0.002756743466919885 0.0010831295728512052 1.0000012911506158 126.4343249764456
0.9995452965944235 0.03037869780942418 0.0027351711691588686 -0.06219310379772831 -0.030378295754883954 0.9995413852466791 -0.0012151831151867147 -0.37155268552220455 -0.0027700397030078934 0.0011294639714483283 1.0000009066271498 126.88459885005308
0.9995408826582817 0.030513074429706875 0.002731073928941167 -0.0655268008141437 -0.03051197937848505 0.9995366606694543 -0.0012538192078983814 -0.3726462937648828 -0.0027677161863582113 0.0011681918289556236 1.000000513330367 127.32861552288375
0.9995405267750597 0.030522437655058725 0.002717117546403874 -0.0682870134443147 -0.03052035494526465 0.9995358737596238 -0.0014775517758215896 -0.37516390031571484 -0.0027608412993823236 0.0013924894957957077 1.0000001520968926 127.72764730771189
0.9995358422743013 0.03068295406053965 0.0027231875927292756 -0.07193129509407682 -0.030681062804795312 0.9995314644709273 -0.001467242127944232 -0.3759277295946824 -0.0027666984867817865 0.0013813477202909627 1.000000389243364 128.12594820146427
0.9995420507607695 0.030504589193749473 0.0024986097886141798 -0.0747658497276201 -0.0305053561039849 0.9995379036576226 -0.0005908416554582263 -0.37455149045901337 -0.002515214350170576 0.0005125749528253214 1.0000020467855277 128.51998933096436
0.9995454325971321 0.030406992989710502 0.002338481041230119 -0.07843980884722186 -0.030408074274618137 0.9995407114366975 -0.00045404730792536854 -0.37489432699964714 -0.0023510873914398037 0.0003811824450815458 1.0000024678242798 128.9196104312078
0.9995531503224218 0.030162019708074472 0.0022246778390594027 -0.08156636781966181 -0.030163024167342352 0.9995481380289755 -0.0005185362785200998 -0.3764270544409529 -0.002239160429610477 0.0004495594842888969 1.0000025855495371 129.29850587949872
0.9995538650097081 0.030138613654157934 0.0021975864615017067 -0.0849991453560653 -0.03013932413210478 0.9995485966661607 -0.0005379040940665879 -0.37785928651455086 -0.0022127447054978693 0.00046987752695330304 1.0000024569896597 129.68524652362854
