1.0 0.0 0.0 0.0 0.0 1.0 0.0 0.0 0.0 0.0 1.0 0.0
0.9999988079071045 -0.0012558698654174805 -0.0002855546772480011 0.004726705607026815 0.001256406307220459 0.9999987483024597 0.00012275204062461853 -0.0042101358994841576 0.00028538331389427185 -0.00012301653623580933 1.0 1.2455337047576904
0.9999953478818202 -0.0029492059415914262 -0.0007829231297162842 0.0089575398101851 0.002947716562127445 0.9999934353778319 -0.002085808712438908 -0.014862323751442003 0.0007892514025942265 0.0020831839760677706 0.9999978639036515 2.472834001634893
0.9999927281273023 -0.0033551193231660414 -0.0016962505818967455 0.0109143407710088 0.003346253200851145 0.9999802497629234 -0.0052971332259485766 -0.031412533064490794 0.001714104119903745 0.005291037875755455 0.9999847889723229 3.698396500344618
0.9999939769175783 -0.002806593059010717 -0.0020118761936556624 0.010694935499114199 0.0027928838213037025 0.9999728555234942 -0.006783488374935752 -0.05001208293076513 0.0020310484885103916 0.00677715131543074 0.9999751884593304 4.939882598358132
0.9999962369522986 -0.0022125300304181457 -0.0018355024924061392 0.008857379999988537 0.002199504226369949 0.9999731859803834 -0.006997182552556649 -0.06564491603705859 0.001851637056912044 0.006991977321566995 0.9999743322844737 6.181727791549746
0.9999979922959843 -0.0014632168950574828 -0.0015873874190298393 0.006793421318120822 0.0014520587691247155 0.999974405413004 -0.007015382069711383 -0.08048644863564774 0.0015983298371841847 0.007012048337781132 0.9999746605592342 7.43486900550553
0.9999991787131873 0.0005663899881672968 -0.0014730341835789578 0.0040798266771506645 -0.0005778331583703902 0.9999695588315949 -0.007769940868425938 -0.09772467834499136 0.0014694701826967942 0.007769613948992947 0.9999693704586974 8.702235904669196
0.9999991460962022 7.855660522409584e-05 -0.0015207104494041974 0.007623020736709718 -9.11580658811472e-05 0.9999653220418536 -0.008336227944602976 -0.11684342143886876 0.0015208171451564479 0.008335034768510698 0.9999646622664395 9.935800759538509
0.9999996513711268 0.00032843095402207125 -0.0014889142334102586 0.008116668926180718 -0.00034098693210230885 0.9999651568583607 -0.008367702991939676 -0.1343550512855288 0.0014871141223972574 0.008366796584716823 0.9999646867231932 11.182423224903024
0.9999990304784809 0.0010759270536667147 -0.0013409504036698593 0.006738790667046098 -0.001086716757621311 0.9999665726667568 -0.008111042662804891 -0.1501951500296031 0.0013327807685498156 0.008111284903810276 0.9999667565242611 12.41564308230438
0.9999990981172497 0.0007512003675199237 -0.0014179182279365722 0.008961873074799927 -0.0007623870441425222 0.9999673425964125 -0.008044874502434692 -0.16732804487033814 0.0014123634483952732 0.008044751675391842 0.9999671898958047 13.6326826682579
0.9999981039523779 -0.001257199450711723 -0.001916480928724126 0.012396241325432848 0.001237302256585622 0.9999459174777351 -0.01035062174459819 -0.18995368352566583 0.0019300971391985008 0.01034677981142174 0.9999452530732179 14.853833255685416
0.9999966788117322 0.00028846720356922836 -0.002809584177257092 0.009235750748822505 -0.0003254130183651075 0.999912689981469 -0.01322111597658299 -0.21641489910643302 0.002805894594620958 0.013221178054238673 0.9999088843703914 16.051674440731425
0.9999947331427651 0.0012241253009844957 -0.0031945885682247753 0.0046102446980025025 -0.0012672016452244823 0.9999065740009142 -0.013601170830030061 -0.2399675837603787 0.0031776541705291097 0.013604694755857813 0.9999024198644532 17.256649881301414
0.9999887127367239 0.0027224742621012573 -0.003996769964175591 -0.0015790463624196435 -0.0027618173272517966 0.9999467439130031 -0.009915666182976795 -0.2556660067455457 0.003969646689778432 0.00992619097697589 0.9999428341487244 18.48988929215476
0.9999780543150981 0.005011823042048209 -0.004411831756566962 -0.00864180800823532 -0.00504184692949611 0.9999634882071676 -0.006827386226732408 -0.26866150894748553 0.004377514826854164 0.006849053175944458 0.9999669101354619 19.727283301791577
0.9999746402423779 0.005582941899281395 -0.004590250311295234 -0.012341854335485476 -0.005617434349573389 0.9999561997480427 -0.007461717641142289 -0.28422128091381593 0.004548932768556843 0.007486512438249222 0.9999620306721366 20.947745944111546
0.9999751229497127 0.004481616787251332 -0.005609624078923959 -0.014026436853353537 -0.0045402116504655865 0.9999359015922089 -0.010381614020135543 -0.3055806360882644 0.00556346562484897 0.010405681721428044 0.999930915468578 22.130990672996727
0.9999745813371255 0.004333937234067105 -0.005866324420703553 -0.01924823645555513 -0.004394865412863786 0.9999379459918672 -0.010271571736703221 -0.3241839271960624 0.005822302760074238 0.010295760395952295 0.9999307367790233 23.332090926876166
0.9999790020722282 0.0021481319241007644 -0.006350610170257462 -0.022774000741485764 -0.0021919288176247306 0.9999755979494824 -0.00672508333535831 -0.3358871849818652 0.006336638641214787 0.0067376081086905956 0.9999582409535757 24.543762675416346
0.999972981293335 0.0009998739280297163 -0.00748475253447103 -0.029418399325885622 -0.0010315265605575841 0.9999918846188433 -0.0040612452298834315 -0.3458501940830996 0.007481143255935196 0.004067902471569426 0.9999648961319305 25.77592082640035
0.9999655185872302 -0.0002924635535682668 -0.008494640543027055 -0.03569716401634586 0.0002538192453305118 0.999991144866338 -0.00439517750839487 -0.3585745488681623 0.008496389676073152 0.004391890015263373 0.999955563417216 26.993724727976083
0.999950685286295 -8.933251410085721e-05 -0.010080533839726458 -0.04605579945758727 1.2410804705766904e-05 0.9999723272031162 -0.007509956260437087 -0.37834782721091215 0.010081148397860212 0.0075085438032536055 0.9999219055161506 28.21779658707105
0.9999354509815968 0.0006492853092021662 -0.011500034157654262 -0.05994388477528995 -0.000772403780781078 0.9999442178519616 -0.010602001992683439 -0.40256117260736884 0.011492821506318498 0.010609447842768295 0.9998788904956173 29.44389302644064
0.9999255022423374 0.0012818986238016306 -0.012268114828125584 -0.07597053688792052 -0.001424105513842631 0.9999332033133914 -0.011502508844355191 -0.42609044082135644 0.012252467426058688 0.011518834995446143 0.9998593162928 30.671884628438836
0.9999141592442484 0.0016422979808091035 -0.013163931981219094 -0.09335365518858443 -0.0017787219805554953 0.999946992968166 -0.010228954141030262 -0.44412002215572804 0.0131467079031492 0.010250615950574945 0.99986202183153 31.888445240211578
0.9999010678232911 0.0011535898881702004 -0.014202346431467368 -0.10996238731812913 -0.0012753021594839667 0.9999646195046499 -0.008436130790686605 -0.45969288805310793 0.014192349223547954 0.00845267865716081 0.9998646629407647 33.10642392284804
0.999890041728501 0.0016383732618129759 -0.01491379232826451 -0.12974118932823742 -0.0017507168612881814 0.9999720358992312 -0.0073999783678067085 -0.47391299410214727 0.014901330185460858 0.007424509902288333 0.9998624642121123 34.33963869568403
0.9998862587281582 -0.0002495923116857433 -0.01525866605124964 -0.1446168782163471 0.00013322689712514193 0.9999730570807023 -0.007482933972196352 -0.4894325264214028 0.015260281420697368 0.007479263442773209 0.9998566465935571 35.55066470216892
0.9998741068505176 -0.0014489468877926187 -0.015968754758496514 -0.16036958925079656 0.0013239648587492034 0.9999702891288458 -0.007705224263139531 -0.5058616514698047 0.015979537721949648 0.00768213456999482 0.9998435503230604 36.738180645286384
0.9998536921105701 -0.0014104309681027595 -0.01723896363378246 -0.1801576593156316 0.0012536910045355795 0.9999603542914625 -0.00896040884607638 -0.5256206264095764 0.01725157939704871 0.0089358799427746 0.9998125781065953 37.94923721242398
0.9998267791106055 -0.0018645336641028617 -0.018706769950732387 -0.20075613962632297 0.001659120217290831 0.9999410553275074 -0.010857877639120009 -0.5472604096992808 0.018726636866337444 0.010823515998258414 0.9997674049749534 39.12174741151492
0.9998008260273961 -0.00373817277101485 -0.019776908101329437 -0.22025243307834927 0.0035257435820521556 0.9999386259984846 -0.01063375921153334 -0.5630261391108395 0.019816203541304193 0.010560439222387209 0.9997491586045752 40.29823841041378
0.9997829779293619 -0.0026667068252964636 -0.02082320872288204 -0.24914813883856304 0.0025134031614363144 0.9999717274186017 -0.007262935927581163 -0.5742209473194977 0.02084285542076952 0.007207345666453542 0.9997577506856901 41.55511565415844
0.9997712285311778 -0.00014657673704097398 -0.02156435258447576 -0.27941918237453384 3.600461058054084e-05 0.9999890678454931 -0.00500949899623577 -0.5840054267963255 0.02156540059797894 0.005005776579224796 0.9997568320446164 42.827526087910634
0.9997556480683324 -0.0019663823943686497 -0.0221832083039516 -0.3026418523024524 0.0018542827965843005 0.9999876911890417 -0.004962949943780636 -0.5965641573463979 0.02219326261454003 0.004918870767541178 0.9997435971560308 44.040709285537744
0.9997476292277485 -0.0003879498632593554 -0.022621131536228408 -0.3347577834280176 0.0002558365895270609 0.9999853954552445 -0.005733979571717798 -0.6107575686936575 0.0226237778739389 0.005724698241261306 0.9997296362403397 45.275825973528704
0.999736805460407 0.0011201403333736695 -0.023074729116744193 -0.36462166408980967 -0.0012875590061013837 0.9999755548981368 -0.007133735953448337 -0.6291026117327838 0.02306702832333037 0.007159443054628018 0.9997103927005476 46.48681763573336
0.9997070747550413 0.0017918823798177786 -0.024289927939211642 -0.3941527475678731 -0.0020125622360044272 0.9999596016958935 -0.008963211520482225 -0.6501167146059046 0.024273884857743656 0.009007053460394421 0.9996669668229358 47.67835909858831
0.9996911167849224 0.0031912289503807723 -0.024814298153271512 -0.42853963079566376 -0.0034282312250472667 0.99995179726315 -0.009409504234677952 -0.6675766430164984 0.02478443188698197 0.00948872353925289 0.9996504631156948 48.88983479591836
0.9996784847812407 0.003507243532790702 -0.025272874723806182 -0.46063196807333345 -0.0037444486705720615 0.9999524167785521 -0.009241103325901608 -0.6845275775035411 0.025240648977230596 0.009329681600929077 0.9996405446398625 50.09821920539675
0.9996619384693995 0.004015216185607947 -0.025830825183716336 -0.49476417596649513 -0.004251698474067713 0.9999524199165929 -0.009002327094166446 -0.7010793108781955 0.025794838505682573 0.009106374554168696 0.9996281673917644 51.332274147945604
0.9996500503336558 0.004156483076793028 -0.026259646051853533 -0.5265490353301859 -0.004409523332714721 0.9999471292054549 -0.00947586180273719 -0.7205359649091627 0.02622033856012231 0.009585593081115134 0.9996124052232782 52.54773137318315
0.9996324550938909 0.0047297849680796745 -0.026838608793554677 -0.5609432186384721 -0.004998853091265064 0.9999407388574889 -0.009857238018653043 -0.740451684183979 0.026792146382659504 0.009984687775151895 0.9995935808439247 53.786619838213596
0.999620915650683 0.004699829146301655 -0.02727805050485857 -0.5945478263633678 -0.004973922333783949 0.9999407800695161 -0.009877957676242376 -0.7597414338328264 0.02723181759675867 0.010006691985025268 0.9995815770046821 55.02597942351643
0.9996004475421175 0.004922464585753521 -0.027987519949077055 -0.6293119193708704 -0.005204108922494436 0.9999395436543556 -0.009887329644675329 -0.7784382117428624 0.027938998129419107 0.01002560602339733 0.9995619431852354 56.236805193984225
0.9995732261124454 0.004898562157501587 -0.028938358373270592 -0.6642168224405087 -0.005206835347360911 0.9999332735113761 -0.010483790748336797 -0.8007122036251269 0.02888687968147327 0.010626850406943472 0.9995285852827369 57.47611015517228
0.999532582504891 0.004753515899963656 -0.03034172675956544 -0.7005248292269332 -0.005103526845222892 0.9999242509321918 -0.011367996110785487 -0.8245029189007007 0.030287208466928745 0.01151442789879636 0.9994773689327809 58.70546626146467
0.9994781338609022 0.005214251457901982 -0.032021908789878165 -0.7395053882694517 -0.0055964883301045844 0.9999167667248506 -0.01176241240946322 -0.8454953929225404 0.03195986920495291 0.01193251415770486 0.9994205030339067 59.93623754910531
0.9994191101661679 0.0048556763076122895 -0.03387016822419142 -0.7795947519786925 -0.005258551961844508 0.9999194782673194 -0.011714019031426727 -0.8656487633750706 0.03381274719837299 0.011882067108933497 0.9993602990781011 61.14540700135703
0.9993462137508557 0.004738863629913867 -0.03597135972075495 -0.8233211834223141 -0.005158524709157966 0.9999223557759657 -0.01149258973823258 -0.8857262263751866 0.03591607550579501 0.011667675900988954 0.9992895288235606 62.370229261311565
0.9992578978291758 0.004645529947036834 -0.03835295930271016 -0.8708993018929976 -0.005083487210842573 0.999925299066166 -0.011249274448710374 -0.906098837641553 0.038299683130498176 0.01143299264284418 0.9992034897723853 63.60816436121829
0.9991759696049853 0.004751199747931549 -0.04042498065485869 -0.9206757967095102 -0.00521979676536162 0.9999227294053724 -0.011416055585108113 -0.9276715631383701 0.04036944836536602 0.011614724590959045 0.9991201086938251 64.83895967594594
0.9990884085814221 0.0048972914823371735 -0.04252595559875523 -0.9723882978218539 -0.005409310048044039 0.999916725111237 -0.011855733197598004 -0.9501583325954499 0.0424664872972532 0.012071726821247856 0.9990280472163767 66.05769565123401
0.9990013529570914 0.005135210887968106 -0.04449862640893243 -1.0277543596743717 -0.005690232012004358 0.9999102203217807 -0.01227648315405729 -0.9735740773052245 0.04443402522842901 0.012513827354018079 0.9989371705700004 67.29277724043057
0.9989001824465585 0.005321387768838707 -0.046689862464144895 -1.086804954963665 -0.00589237931450201 0.9999119524245994 -0.012031110176524158 -0.9949012210182007 0.046623847667345265 0.012289510182151485 0.9988401227427286 68.53333149993735
0.9987822404526261 0.005855620634711372 -0.04909175307363886 -1.1498694806723675 -0.006418618830700805 0.9999180904249596 -0.011246604849570066 -1.014535465692534 0.04902426882617799 0.011544297319075086 0.9987344259532388 69.77742954904973
0.9986785358056319 0.005147116448138457 -0.05124203093475536 -1.2113790284889243 -0.005749448504510562 0.9999190861735151 -0.011542125608101 -1.0366914946827341 0.051180964723495204 0.011817552246210655 0.9986232507737112 71.00691911907157
0.9985817142674581 0.005330753855466824 -0.05307830748090799 -1.275213683156954 -0.006084241966306188 0.9998860441806381 -0.013975909162194072 -1.0632282997572902 0.053000110105909035 0.014275263833757901 0.9984962454400997 72.22525828806644
0.9985359851173014 0.006675447016948973 -0.05378563588886118 -1.342113776548539 -0.007496245177003383 0.9998616588003043 -0.015003054707870656 -1.0896443752967955 0.05368061828513625 0.015380322262618254 0.9984436731233124 73.43450775803869
0.9984536476343395 0.008421116452978961 -0.05505085866748911 -1.4131151458934528 -0.009215145290032646 0.9998600968564869 -0.014118347158159553 -1.1109083103555242 0.05492683795927809 0.014599959679950775 0.9983873709268744 74.64944408754876
0.9983603809493156 0.009290525619984245 -0.05658782325882965 -1.485143453060051 -0.009987780502796017 0.999880801700272 -0.011979892644810003 -1.1304471436170394 0.056472111629301165 0.01252164618882713 0.9983296277221899 75.88251591520896
0.9982863570151183 0.01048577355608222 -0.05767230843054798 -1.5589203697733034 -0.011189187249910273 0.9998698368745553 -0.011817342948530254 -1.150056067231548 0.05754308648323523 0.012438631810684012 0.9982692679705862 77.1179683030574
0.998217323408888 0.011197609889513542 -0.05872565512143753 -1.6319314710883481 -0.011941424207705265 0.9998558853163702 -0.01226027708611898 -1.1730162656727143 0.05858210899663294 0.012935705339519162 0.9982025724564334 78.35420916121227
0.9981394135838126 0.011829443692878834 -0.05991329077239023 -1.7071330224389532 -0.01259528650751761 0.9998466353648591 -0.01235269127953408 -1.1929872521442828 0.059760192210034986 0.013080456177258979 0.9981307885718573 79.59167874236182
0.9980354152637909 0.011742836955632153 -0.06163555445121716 -1.7816846610514627 -0.01250590566305153 0.9998523002284735 -0.011945652932975314 -1.2124325300941938 0.0614881833745716 0.012689453034601532 0.9980307092247583 80.80804685823185
0.9979553754562934 0.011856780550920399 -0.06289652967146844 -1.8582245881216441 -0.012645042527728209 0.999848739484996 -0.012087704455280578 -1.2344454887665182 0.06274551609526215 0.012855100772431034 0.9979502965493907 82.03886295542895
0.9978550792742106 0.011657173861323865 -0.06451363928465707 -1.9371117667054516 -0.012472056979212442 0.9998503466419333 -0.012176337077536518 -1.2572716797607224 0.06436420463943078 0.012951333132335452 0.9978462854809249 83.27904490693129
0.9976843017943092 0.011073737190978037 -0.06719840205951783 -2.017483493869978 -0.01188361688970889 0.9998639929170876 -0.011604420517030468 -1.278129166050991 0.06706291288033309 0.012372686817110411 0.9976757964263288 84.50768831751341
0.9974512681588391 0.009888623048106554 -0.07075457776492855 -2.1007565853735373 -0.01065916856087442 0.9998907540849018 -0.0104605183973302 -1.2959351735459814 0.07064540424220095 0.011184735349514651 0.9974427537315005 85.72249498057968
0.9971914816524637 0.008928692919601062 -0.0744464815666699 -2.1892469658217184 -0.009657266983181544 0.9999115333250176 -0.009375318078016073 -1.3125163434860572 0.07435826222305009 0.010064580424126945 0.9971847057811095 86.94201540332804
0.9969402036382832 0.007592290818955304 -0.07787610151448708 -2.2815885861292715 -0.008218355726196494 0.9999384286422972 -0.007670385877860473 -1.3261530594610067 0.07781554862786177 0.008283140853098649 0.9969367890251363 88.15831547407252
0.9966486153321908 0.006980836686178593 -0.08157632282660486 -2.3790301043979287 -0.0075399331263973305 0.9999520208512005 -0.00649877075025898 -1.3389771340749126 0.08152953283563404 0.007088443626651755 0.9966492727717137 89.3761161178365
0.996416835649107 0.006764304377083071 -0.08437834949982606 -2.4821827008384005 -0.00733294594955305 0.9999545681803647 -0.006384144538579739 -1.3540029474807478 0.08433385987890914 0.006976154097041952 0.9964168380099285 90.60764041467648
0.996162505901985 0.006151494808096299 -0.08736974078182164 -2.5887963282644733 -0.006824259711885616 0.9999512537895754 -0.007361398385521686 -1.3722345620040874 0.0873223127229264 0.007925644458893145 0.9961518725636209 91.84322651968536
0.99589930374453 0.005707398161468041 -0.09034841213643877 -2.700030683284862 -0.0064620501610845 0.9999483509413272 -0.008021604692911292 -1.3907967879811605 0.09030000934003142 0.008568793780636214 0.9958808322918139 93.08459314207815
0.9955894521949674 0.006256962928274176 -0.09366594547452155 -2.8166265161272683 -0.007052071103381831 0.9999434331438486 -0.008120579269938267 -1.4088829702989842 0.09361180145816558 0.008741547998247194 0.9955734890875068 94.31200365220856
0.9952320502142458 0.005996745771938004 -0.09740592029607908 -2.935545028529655 -0.006819302834447178 0.9999453293899067 -0.008075369529795054 -1.426544228407149 0.0973540696554293 0.008697383884472594 0.9952148603927878 95.53603974076456
0.994814654439046 0.006241366425263515 -0.10156991562671144 -3.060460836201167 -0.007165828996794646 0.9999376368248535 -0.008699916635456566 -1.4462406897856621 0.10151174079745273 0.009378484306566006 0.9947936149635885 96.76473457920453
0.9944233836317454 0.0061011778887801295 -0.1053400666621531 -3.190862981176626 -0.007184519817506561 0.9999265198533954 -0.009869867384949157 -1.46760071720376 0.10527449883036309 0.010567640969423076 0.9943904118085489 98.00188046581832
0.994023800488925 0.006473310882835303 -0.10902535700452302 -3.3269248788383297 -0.007683990059396182 0.9999146135964118 -0.01065216824919971 -1.4883608934008143 0.10894929600157628 0.011422521283094072 0.9939848101264247 99.25168217218246
0.993630185107803 0.006820036884508053 -0.11253682769776477 -3.46787436328921 -0.008068641613978715 0.9999120004959673 -0.01060738618975433 -1.5089841333510388 0.112456587715888 0.011444213995713867 0.9935940102506016 100.49666616572769
0.99312031327374 0.007141704200179924 -0.11693232511458605 -3.61513233961679 -0.008371431745788506 0.9999159057684833 -0.009994395414387318 -1.5278420776593071 0.11685308159910973 0.010900944868347074 0.993092861880077 101.74576689045682
0.9925544770842479 0.00696854710168314 -0.1216569152863995 -3.767611250410197 -0.00816916458812441 0.9999241454563124 -0.009338415099420681 -1.5466384584137882 0.12158479259079223 0.010258850864247082 0.9925316297814974 103.0013003230592
0.9920355702992465 0.00757696931570312 -0.12578291245079143 -3.9296567589127176 -0.008740047307305494 0.9999252516958386 -0.008664692433003083 -1.563976032398383 0.1257100489730782 0.009691225449912739 0.9920233374525228 104.26876786306816
0.9914456390245356 0.0075678652120428624 -0.13035058329522783 -4.096749371941405 -0.008734238795242743 0.9999278719497864 -0.008346267289539232 -1.582435949250425 0.13028011778776064 0.009409650350071519 0.9914358987589327 105.54757242152635
0.9907975212814422 0.007471481276749907 -0.1351903399281334 -4.2689031808371505 -0.008641899729041797 0.9999306631430029 -0.008042520847321665 -1.600277579384746 0.1351225366033296 0.009133698858186132 0.9907896267949645 106.81377546030652
0.9901301492332885 0.007283578754353902 -0.140009407446106 -4.450886439136674 -0.00840040392836548 0.9999382569486904 -0.007356100492087145 -1.616676078287776 0.13994909067332986 0.00845636586154564 0.9901257317615109 108.10566526338114
0.9893746907567786 0.006526470090135403 -0.14528678417919175 -4.635204702870853 -0.007547526138233015 0.9999513833048234 -0.006447604872657554 -1.6312612156432567 0.14523950099520458 0.007472500376932417 0.989371471399367 109.37867611845662
0.9886330338721062 0.0045134939013231215 -0.1503250546364919 -4.825361711529999 -0.005446741707899125 0.9999692882178642 -0.005767062000723395 -1.644868880350079 0.15029618318547033 0.006517139023668689 0.98862290635611 110.64985601331814
0.9878510789829361 0.0042809009012331235 -0.15539008790258368 -5.025436778098311 -0.005064996532038321 0.9999772463109344 -0.004620453611928924 -1.6568785346535406 0.1553684039608503 0.005348122091546692 0.9878454944974087 111.92842058171608
0.9870228397846177 0.0034368735911264607 -0.16058768409409296 -5.229595699304607 -0.00403574533077875 0.9999869605870026 -0.0033739910424410756 -1.6668802146760608 0.16057554857781858 0.003974879470185509 0.9870188800199686 113.19824324769293
0.9861934397573938 0.002866429014260095 -0.1656176475248912 -5.442439124912814 -0.003350738169493987 0.9999918029586368 -0.002615864660115332 -1.6771169224578661 0.16561036482611544 0.003131310202636741 0.9861895033675743 114.47996516245874
0.9855674229983505 0.003041753703370203 -0.16929852430155887 -5.664802024722179 -0.0035484861175094336 0.9999911351241106 -0.002662970330067489 -1.6888888369761441 0.16929034952344021 0.003221796188723156 0.9855640275411207 115.77373013108317
0.9850471584329439 0.003352267875995203 -0.17229630059116635 -5.890464267846482 -0.003932269499243464 0.9999888229768921 -0.0029978996259000207 -1.7016323220656004 0.17228583505651637 0.003626900336583657 0.9850435716877974 117.0681846127345
0.9847397911992524 0.0038600778758420434 -0.17403478859784113 -6.116986614984437 -0.0045241879739724 0.9999853127820534 -0.0033926756682013995 -1.7143697346530544 0.17402073377111282 0.004124200340274269 0.9847368345275664 118.34536122460887
0.9844876372329902 0.004450413025193681 -0.1754418333885015 -6.349187196221993 -0.005208521984998556 0.9999802407559736 -0.0038343454248576546 -1.7262675363005353 0.1754229969334071 0.004684645336301886 0.9844854925712492 119.64900945592032
0.9842463314862983 0.005456940059296556 -0.17676391969513056 -6.579785703438374 -0.006315516270191943 0.9999720350977495 -0.004268035441651375 -1.738688491535545 0.1767376010820749 0.005313087050035944 0.9842473512466282 120.92643478493876
0.9840478258137433 0.006239181614382344 -0.17783829912533725 -6.8129196340413625 -0.0071296908042675885 0.9999659095517478 -0.004343435796720283 -1.7514217504600902 0.17780659201030305 0.005538283778585815 0.9840530426683678 122.20954685521615
0.9839289972576728 0.006772179461376464 -0.1784734245369427 -7.046533109582924 -0.007797213651274496 0.9999573208658595 -0.005018180260627774 -1.7670766270723308 0.17843279530807019 0.006326168456400634 0.9839343168582281 123.4979476631054
0.9838630258076475 0.006705270840272878 -0.17883960976745114 -7.274755290384674 -0.007803120757510388 0.9999552404828099 -0.005411712481700739 -1.7834518135736919 0.17879632276404078 0.0067170782006357975 0.9838657680062163 124.76837828952175
0.9838371186097251 0.006776425722814975 -0.17898191011706632 -7.504856635372591 -0.007818075227411972 0.999956985383921 -0.005089909821961903 -1.7975605358870352 0.17894089717468964 0.006404118891366482 0.9838419134762982 126.04080349829957
0.983840188954588 0.006394069157808324 -0.17898236247787216 -7.732464190018609 -0.007055713561481574 0.9999715070528388 -0.0030333477557918276 -1.8082386318482488 0.17895863591695427 0.004244612154184509 0.9838505887206636 127.31007388084817
0.9838330753509719 0.005679247021506418 -0.17904554011888316 -7.956509889616145 -0.0062468629146749275 0.9999779869565946 -0.0025811213868893994 -1.8189001881742195 0.17902761192940453 0.003655574009535929 0.9838406101309335 128.56104903904998
0.9838186620275188 0.004843995959695679 -0.17914907256379378 -8.179034045201892 -0.005442156487453733 0.9999819155942643 -0.0028220147789319175 -1.8305839594973763 0.17913287861336463 0.0037490666355437198 0.9838210158485042 129.8059699511378
0.9838160049541952 0.004391793446220948 -0.17917713312348724 -8.405125746264275 -0.00494747188007294 0.9999853993127223 -0.0026270405333279857 -1.8417882104353853 0.17916381788789953 0.0034684373834862788 0.983816586331776 131.06699889653666
0.9837863560984235 0.0032052534033116795 -0.17936191200814483 -8.629410023266692 -0.0036489280549062445 0.9999913039712205 -0.00212031984716579 -1.8520870468757813 0.17935445990719237 0.0027379543225750317 0.9837839828844792 132.32320687451352
0.9837864896593879 0.0012136408032983683 -0.17938758732398666 -8.852695144043222 -0.0016509569592356053 0.9999965036921644 -0.002263630455659676 -1.8630954609099435 0.17938501957408143 0.002520514100065827 0.9837791143446882 133.5784758847311
0.9837322852641139 -0.0040411254640759274 -0.17964030424042318 -9.072300962132214 0.003851415247080736 0.9999918550341519 -0.0013800593003929422 -1.8689702312864294 0.1796453910524627 0.0006631833582171315 0.9837345794321098 134.84268435356628
0.9836357636104487 -0.002643945195748122 -0.18019460376327032 -9.306949487777581 0.0024209530590155503 0.9999963965767098 -0.0014326852410549108 -1.8762013960874226 0.18019867482832605 0.0009701346425876655 0.983633405878879 136.10913773135258
0.9834969859760091 -0.006213262740154266 -0.18086313298742637 -9.52655458538219 0.005619005050081524 0.9999775525607247 -0.003772356479791816 -1.890107108265206 0.18088338656597838 0.0026908559487964926 0.9835045031530405 137.34810400103177
0.9833788384647142 -0.006896602676066965 -0.18147971225443024 -9.751839016563038 0.006105713346535479 0.9999700033598223 -0.004889634179677451 -1.9062882477722773 0.18150899640838694 0.0036970174923021577 0.9833860452721052 138.5887130850572
0.9833706693795922 -0.005543650372301193 -0.1815703545402162 -9.981238737695902 0.0047423208998510075 0.999977769809562 -0.004820785573650748 -1.9159713998527768 0.1815939039521455 0.0038764280595463335 0.9833694173218669 139.82978796233354
0.9833488616576038 -0.004875954315847141 -0.18170771613083184 -10.209472231217173 0.004012273808730762 0.9999799117401249 -0.005094796604570869 -1.9288204705500853 0.18172977114161368 0.004277603277787457 0.9833428332617518 141.0716304057144
0.9832865639418518 -0.004683818414913471 -0.18204959259401515 -10.438193756699956 0.0036354835303440726 0.9999760566866174 -0.006065807829284092 -1.946429991049074 0.1820745411048789 0.005299288800623023 0.9832741458078684 142.32377173964758
0.9832186633781503 -0.005321490586524862 -0.18239966100166724 -10.663361641028596 0.004159271795221664 0.9999698977148478 -0.006727934125949198 -1.9649378880117425 0.18243076220320148 0.00585311888918946 0.9832051881408886 143.56351788928208
0.9831931031554848 -0.005426034264948906 -0.1825345291650886 -10.89126045259431 0.004210521527873342 0.9999675343686091 -0.007020774520590143 -1.9833498100172449 0.18256735030402876 0.006131216794745438 0.9831782860638619 144.8080797979407
0.9831705472044631 -0.005344780846401732 -0.18266024962976288 -11.11960790936046 0.004077266507564383 0.9999662178119607 -0.00728813064804994 -2.0018891720813596 0.18269385834239443 0.006417649842261845 0.9831530364907419 146.05358538854694
0.9830891579214501 -0.005627900437496115 -0.18308827804014355 -11.343358294690757 0.004229389234096291 0.9999597841802251 -0.008003599540040197 -2.022109428409418 0.18312649964904307 0.007091336819247049 0.9830676043845201 147.2793294750933
0.9830003775892273 -0.0051714939053717586 -0.18357988378028706 -11.569233147726035 0.0036351024530345546 0.9999566471939869 -0.008679564885174554 -2.042960641678891 0.1836174959956655 0.007861724393536494 0.9829706659889464 148.50128872764776
0.9828856033840886 -0.005185288504614431 -0.18419289234447545 -11.798773930529729 0.0035528701667080784 0.9999523598720094 -0.009166253445245411 -2.0643196284975156 0.184232273773676 0.008352307443643566 0.9828514594304001 149.7374777807868
0.9827292774885935 -0.005447572519567561 -0.18501803143805048 -12.025496296859489 0.0038273319740203073 0.9999519873449434 -0.0090877707695301 -2.0838970278871765 0.18505935881325525 0.008219990654469284 0.9826971909475434 150.95510799247452
0.9825960418455376 -0.005566879597411315 -0.18572210197413602 -12.251538634244232 0.004020536876220288 0.9999552450657612 -0.008674511373272437 -2.1014861248211187 0.18576288444693678 0.007773840173218926 0.9825682100366884 152.16229848083577
0.9824510008373615 -0.005509065798411425 -0.1864911111484844 -12.478757215738163 0.004112787080446936 0.9999616524515904 -0.00784526193218587 -2.1175004566882496 0.18652808195706194 0.006937656251008909 0.9824294455917585 153.36843541281297
0.9823475213573303 -0.005713975503104592 -0.18703004977139615 -12.705628644217237 0.0043390590953654145 0.9999617397001594 -0.0077309169975576415 -2.134484911856097 0.18706811655370917 0.006779768354462123 0.9823278716383846 154.57043366130023
0.9822075970157155 -0.0059991411457682164 -0.18775484727163366 -12.93239050354159 0.004646806816416808 0.9999612012058418 -0.007612599416910187 -2.1514091852428057 0.18779447677351424 0.006601581895134763 0.9821905620877279 155.76911651528707
0.982076704006888 -0.005831439359042929 -0.18844465239189342 -13.159384830473586 0.004518748650650537 0.999963925200369 -0.007364394297637036 -2.1665839544802705 0.1884822507602206 0.0063774448862981776 0.9820607438085184 156.95150024290393
0.9819851675637687 -0.005240587007211794 -0.18893857603158407 -13.390690406639486 0.003887960752455922 0.9999654208603204 -0.00749934488615711 -2.1824900687491118 0.18897276073014266 0.006626454075367165 0.9819648328983827 158.14665719181534
0.9818649394497134 -0.005217348174657217 -0.18956345464571442 -13.616344268451964 0.003704854625614972 0.9999597456782803 -0.00830280127893622 -2.200086789398917 0.1896006627624894 0.007446871105318194 0.9818379197098025 159.32463360211017
0.9817757136222494 -0.004715066441207545 -0.19003675067241124 -13.84665367522714 0.003011976869438098 0.9999538544684061 -0.009220535461943164 -2.219288784348994 0.19007283185124765 0.008476996920033583 0.9817378097860511 160.52117743187776
0.9817154307518002 -0.004348042108912771 -0.19035682666775156 -14.075399802747976 0.002563788883635652 0.9999516230483528 -0.009589385117096737 -2.238933082164522 0.19039069852857565 0.00892286932473181 0.9816723276880936 161.70560811075444
0.9815528384306245 -0.004851906276823715 -0.19118146808160316 -14.295994284937834 0.003098920151651307 0.9999513458833209 -0.009438194360553367 -2.2565969215145465 0.19121935079556063 0.008668721869728018 0.9815136541756582 162.8528748924361
0.9814209784412787 -0.004311762104114984 -0.19187103918668857 -14.527463369742708 0.002685238502565589 0.999959764485655 -0.008707375855427595 -2.272590092355675 0.19190229975239903 0.008027304670009557 0.981386120988378 164.03329615447885
0.9813727052776777 -0.003985091390702342 -0.19212310417032916 -14.759394024534268 0.002386190486123643 0.9999616144877709 -0.008525141632129793 -2.289259975853017 0.19215088676681355 0.007905307098871325 0.9813381524002964 165.22372826072657
0.9813994932819381 -0.0031911897407706797 -0.1919993346177988 -14.992517754768155 0.0015086001812536398 0.9999598245575634 -0.008882335246639412 -2.307991094723279 0.19202065377938174 0.008425667387960894 0.9813587951944373 166.4206704351073
0.9814363395137075 -0.0019588356139344336 -0.19182799352767954 -15.222415050447049 0.00013761814893974134 0.999955396477141 -0.009479795960034919 -2.3282925888280825 0.19183880021001803 0.00927553312198248 0.9813869101700251 167.60212359503387
0.9814461955614497 -0.0008396664332432445 -0.19178553912474347 -15.454180681340734 -0.001031677305303185 0.9999535934677455 -0.009630403704086462 -2.3469882141493303 0.1917855208424485 0.009647723771627103 0.9813936931307048 168.78782171368854
0.9814365999224766 6.254556569309613e-05 -0.1918369375972623 -15.685484132362836 -0.0019618057521026684 0.999951525734023 -0.009683694481448431 -2.3652045408519586 0.19182778373017392 0.009878251578248171 0.9813832473333681 169.9672088116036
0.9814392765090929 9.424760173688492e-05 -0.19182222503717042 -15.91032685289199 -0.002044564141991685 0.9999487320456008 -0.009943048760903055 -2.3864818726411143 0.19181200276346583 0.010148712996466322 0.9813833214200408 171.13682887162435
0.9814409749599924 0.001312812675456576 -0.19180981831480562 -16.141105571685703 -0.003417616045971372 0.9999376709544014 -0.01061707560931719 -2.408403189135136 0.1917843642756482 0.011073765111413078 0.9813785535922759 172.31839254041728
0.9814423422434921 0.002030012308328266 -0.19179718546030755 -16.371339159619694 -0.004355361584192401 0.9999221275330651 -0.011677880841971234 -2.4338778759402753 0.19175881720766697 0.012294890140747104 0.9813690004082853 173.51160093837348
0.9814554934073736 0.0023480607902614356 -0.19172631768033574 -16.593666766736337 -0.004762766589919572 0.9999152006339472 -0.012108837542417285 -2.4584768751589903 0.1916819550579049 0.012795849533904186 0.9813776011703654 174.66601870481307
0.9815034859706078 0.002661962352355176 -0.1914768327864489 -16.822991247682573 -0.005068028280299931 0.9999143256291253 -0.012051280812248589 -2.480648211337799 0.19142864652081787 0.012797186751036024 0.9814269301201086 175.84828387079284
0.9815311452729775 0.003289572793854108 -0.19132510314468332 -17.050920060958855 -0.005444494361353129 0.9999273614756178 -0.010712608304332762 -2.500086746689088 0.19127625143218308 0.011554817422359583 0.9814719981877926 177.02440645444747
0.9815751769309277 0.003512910158226207 -0.19109440980559692 -17.272184399507577 -0.005689340097093796 0.9999248479070548 -0.010816700366256411 -2.5183192074353524 0.1910420956471259 0.011703480945243563 0.9815158325079117 178.18345487024396
0.9815936979989106 0.003798309980568502 -0.19099419868488915 -17.49405607715615 -0.0062018536094598144 0.9999091301935055 -0.011961979602136356 -2.542080270534943 0.19093168510859335 0.012924842150575898 0.9815222355814942 179.35057731968377
0.9816073608448866 0.0038485347772648773 -0.19092436847137453 -17.716456604621918 -0.006510796711549037 0.9998904112995026 -0.013291804077972931 -2.5689356933339424 0.19085266570776716 0.014288907437513253 0.9815188886827436 180.527634916409
0.981633800220536 0.0038896873976659173 -0.1907847661807039 -17.93839386271016 -0.006589496286014798 0.9998868029549162 -0.013492532598340757 -2.594046103092057 0.19071087563696026 0.014501089869567909 0.9815429613308427 181.69361628110067
0.9816718211135048 0.003142943676464019 -0.1906024767265582 -18.156336307866187 -0.005708361080641559 0.9999003111748536 -0.012886330891011086 -2.615955710721212 0.19054309595538274 0.013737371040422173 0.9815865442089776 182.84521340108296
0.9817165950989855 0.0031226777060185517 -0.1903710104605996 -18.381364278613702 -0.005536569139706316 0.9999107695715027 -0.012123317744945133 -2.637372740374674 0.19031631403529686 0.012954782871919134 0.9816410209724135 184.0317638325067
0.9817845934112851 0.003375074925982139 -0.1900166959198277 -18.607025281387312 -0.005776317234658727 0.9999102401018415 -0.012057490738389133 -2.6595857458524494 0.18995921548483485 0.012934715755480466 0.9817105463166239 185.21725685710473
0.9818389561195167 0.00371788328628003 -0.18972906153631 -18.829014619348833 -0.006187607519681001 0.9999036186478472 -0.012399857794689481 -2.6833072391682182 0.18966481202988023 0.01334776371962926 0.9817618930652416 186.38610311985002
0.9818801504992096 0.004416659278923896 -0.18950008999788154 -19.0556669187456 -0.0069903438364566925 0.9998923031863229 -0.0128882650099519 -2.707885102341996 0.18942288094285287 0.013978164916588712 0.9817999735955732 187.57439704162564
0.9819251572691473 0.0044465880303885845 -0.18926512863139197 -19.280982667312394 -0.0070029646661239515 0.9998932904477339 -0.012813828453688418 -2.7317527185971238 0.18918786390951084 0.01390660993183197 0.9818463010939078 188.76557474286525
0.9819676570680217 0.004634675885900396 -0.1890400252584098 -19.511505391181 -0.007205396773332438 0.9998909271021975 -0.012887670962217452 -2.7565207537305794 0.18895947940954647 0.014016321549919874 0.981888850497405 189.97802994226302
0.982028549990297 0.004444787351265882 -0.18872796599623248 -19.733438627756115 -0.007000965169181515 0.9998928605229379 -0.0128519226563319 -2.7807966467495953 0.1886505130708411 0.013941256292651596 0.9819495205609425 191.15790202409426
0.9820890265517671 0.00455703401291795 -0.18840897155800906 -19.958782995267487 -0.007179314647175681 0.9998866397130567 -0.013210599753131061 -2.807039609013794 0.1883271920640056 0.014325921172857178 0.9820057106657278 192.35699292855222
0.9821035545213935 0.004822717623220811 -0.18832556561760724 -20.183582305109848 -0.007632174747805726 0.9998702464101815 -0.014169119744438005 -2.8354942968067607 0.18823259828543967 0.015352171298593578 0.9820082108746396 193.55621736717714
0.9821498061150394 0.004697067766344834 -0.18808598506452465 -20.40631048106015 -0.007663671082899448 0.9998573727608586 -0.015022703645329314 -2.8650937108699144 0.18798842262881202 0.016195159920700072 0.9820412329135362 194.7499486501138
