1.0 0.0 0.0 0.0 0.0 1.0 0.0 0.0 0.0 0.0 1.0 0.0
1.0 -0.00042364001274108887 9.109079837799072e-05 0.003043760545551777 0.0004233717918395996 1.000000238418579 0.000189170241355896 -0.002526242285966873 -9.109079837799072e-05 -0.00018933415412902832 1.0 0.9979132413864136
0.9999996640724 -0.0006262937235874677 0.0002185048502441056 0.0050988200621360225 0.0006261226395500863 0.9999999183139086 0.00016766217306951603 -0.006537059023200703 -0.00021853409710104188 -0.00016757485472851386 0.9999998732677131 2.0060653895862006
0.9999994417198426 2.9107229906180147e-05 0.0003887938358087843 0.003635375473759777 -2.991491425410766e-05 0.9999965919593694 0.0025482891500113835 -0.006560023931984418 -0.00038849096743095773 -0.0025485801664592287 0.9999965161852631 3.033237034195786
0.9999993169507664 -0.0004022745296358347 0.0007402052235269424 0.005410985827476114 0.0003978904644914972 0.9999808526296889 0.006133498899611135 -0.0026566778450815218 -0.0007425908389444722 -0.006133573349121236 0.9999806859215384 4.069929326749337
0.9999986050753187 0.0009076443402567406 0.0007274806274608406 0.0027298197982886154 -0.000914406333936545 0.9999544514100013 0.009453775280105983 0.004792218040516457 -0.0007185067467386214 -0.009455063021199538 0.9999543682255091 5.134467180025249
0.9999986289783115 0.0008197477249735274 0.0009681537631983924 0.005827178283670317 -0.0008288280030764139 0.9999541363448299 0.009508017642435725 0.008949556726277973 -0.000959950499053256 -0.009509432480230362 0.9999537995812933 6.183925111842672
0.999998240626757 0.0011082839554899088 0.0005687104899625942 0.009276809427420528 -0.0011118242190094544 0.9999775261437164 0.006528906114716446 0.00477028746940418 -0.000561466380723088 -0.006529671669955606 0.9999777461845027 7.2034304288891775
0.9999945927618132 0.003009253131307378 0.00044255058697487105 0.008766084142730276 -0.003010635486950014 0.9999885524679539 0.0035402218380390753 -0.0029269165209385275 -0.00043164302955897875 -0.0035416644965266574 0.9999930399935565 8.20731871517228
0.9999951473739801 0.0029231798130813463 0.0005817906347798065 0.01162513552651595 -0.0029248900488797586 0.9999912231144221 0.0028084247429813547 -0.008471325380126855 -0.000573300076397344 -0.002810223065163685 0.9999953308225675 9.229392045943387
0.9999932355402502 0.0035147286716621117 0.0006908991980547693 0.009666757448455122 -0.0035170014232473053 0.9999880149619441 0.003206681612575385 -0.009524167711718122 -0.0006793121652753083 -0.0032092251355117607 0.999994089245693 10.265487101376449
0.9999920067800175 0.0037727369120172803 0.0008120375000159133 0.008963696462835399 -0.0037755891799723983 0.9999859938986337 0.0035348855162066223 -0.010362941615099115 -0.0007983475900405011 -0.0035378498214858408 0.9999928338820885 11.29383381535235
0.9999920053869511 0.0036877356159004094 0.0009161873962909344 0.010944867219257734 -0.003690517674578098 0.9999864825859308 0.003319050191566341 -0.01345408924253814 -0.0009037319208176015 -0.0033218932371797613 0.9999932142612827 12.307202073097478
0.9999909821258944 0.003910179687417772 0.0010076978753254676 0.011848292333077635 -0.003912968073025314 0.9999864721950632 0.0030569582500577733 -0.017143717995989724 -0.0009955890534191064 -0.0030601928220002402 0.9999938809969108 13.334289813321416
0.9999914737032046 0.0038676240099769096 0.0011579391029509917 0.01349007425916717 -0.0038708434382145754 0.9999871236339489 0.0029367141840108356 -0.020303862819174776 -0.0011463398698694006 -0.0029406739187546175 0.9999942163313269 14.362362492734718
0.9999935066938447 0.0033453319299873953 0.0012490223559435173 0.015667931818184544 -0.003349188436719197 0.9999886636568406 0.003100245276710746 -0.021865256352660158 -0.0012384137585560932 -0.003103853122255024 0.9999937499270523 15.366949967933927
0.999994667006211 0.0029912465511429905 0.0012683205213871779 0.01787417524263978 -0.002995141590049139 0.9999900561585252 0.003033706941872251 -0.024613382264875444 -0.001258973662580128 -0.00303686634230614 0.9999940512868958 16.36939777744338
0.9999956068828423 0.0026289534435500147 0.0012878374032221297 0.022051165984316064 -0.0026328969959667245 0.9999909797992473 0.003047461486463339 -0.025329236396245156 -0.0012795196896055133 -0.003050327484805685 0.9999938656093958 17.353067105440452
0.9999968163684162 0.0020674194566556426 0.0013099137406750614 0.02529000903088755 -0.0020714923874151038 0.9999921026690619 0.003163766103225966 -0.02568718303808495 -0.00130312174098121 -0.0031661653477742862 0.999993423203441 18.348447188040332
0.9999980718263334 0.0014298834875434555 0.0013574056090872937 0.02831097343208174 -0.0014343841834367284 0.9999930723464122 0.003236757466590611 -0.026978614459873568 -0.0013524950000219746 -0.003238528328372748 0.9999930704924713 19.32852265462248
0.9999981132987116 0.001280025872217988 0.0014408581480065063 0.030932519140481528 -0.0012847495509159227 0.9999937811119799 0.0031576023898152675 -0.029303560286907646 -0.001436426317645847 -0.0031594698746001864 0.9999932134298081 20.286473554475272
0.9999982937574192 0.0010374659477112023 0.0014484368713514866 0.03349951705370642 -0.0010417082937159965 0.9999945813241886 0.0029087436461555584 -0.03274385485309763 -0.00144515127769219 -0.002910153086564362 0.9999937499006615 21.252532253479085
0.9999991021037032 0.0005054512703615145 0.0011891923059294436 0.03436600915849068 -0.0005088662525470395 0.9999950484595254 0.0028568447913317058 -0.035018508575921835 -0.0011874358875267896 -0.0028573787136972166 0.9999942166859773 22.205156562623365
0.9999991098194487 0.0002607313042905654 0.0009859259093309022 0.034296979528632754 -0.0002638180012735569 0.9999942583696961 0.003093532341544676 -0.036071660601177204 -0.0009848237342984494 -0.0030937317495470205 0.9999936033658053 23.16518180922543
0.9999997401453352 -0.0003258898588776693 0.000864247303043208 0.03524532861387268 0.0003223791758010381 0.9999934838907926 0.0035091558394884643 -0.03616825261008111 -0.0008649692667021795 -0.003509103893653167 0.9999925567787958 24.12977655542126
0.9999998378896834 -0.0002677859895872087 0.0007728951757624881 0.03517791477719342 0.00026461484579436953 0.9999929770442754 0.0036249072513585183 -0.03721547374516207 -0.0007735710136418433 -0.003624964782736454 0.9999921102633245 25.108042964291734
0.9999997258204999 -0.0004755264977503188 0.00038314653594504746 0.035146000561980195 0.0004739569190708007 0.9999938143559044 0.0033786971705057974 -0.040054090854907985 -0.0003845727817067366 -0.0033786386927660665 0.9999930059228586 26.088367187831363
0.9999992771380669 -0.0011218473051067442 -0.00018098739137459345 0.034713969454898234 0.0011220932353113928 0.9999939547448402 0.0031401465454668834 -0.04256320845377258 0.00017763640006771675 -0.0031403147045932288 0.9999939683899369 27.059817127617713
0.9999991077706446 -0.0011094953643827428 -0.0008655890354608964 0.031665487663107006 0.0011115781848181519 0.9999946466869176 0.002885343829209965 -0.04567375792021229 0.0008626486109122026 -0.002886427674864485 0.999994406061738 28.012721849247605
0.9999970162962105 -0.0017286892713491045 -0.0017992868216557757 0.028671028789978365 0.0017339469274939504 0.9999931960038321 0.0030654123688366947 -0.04686221295980101 0.0017942033475689232 -0.0030685011010078826 0.9999925415848566 28.96231190600102
0.9999954412494253 -0.0016757139116190553 -0.002460610438460342 0.023966308965032174 0.001683371279263449 0.9999926907486985 0.003123391967615721 -0.048247038108693505 0.002455255270586887 -0.003127025693334268 0.9999907565511704 29.89638352412664
0.999993606857276 -0.0018741589134826753 -0.003070965638203188 0.019953993063575468 0.001883819080808135 0.9999922331902508 0.0031618522220286504 -0.04957107515452465 0.0030649207379530425 -0.0031670008794152885 0.9999890750442987 30.840452118293882
0.9999907178159919 -0.0020374352615293288 -0.003756864188728355 0.015630361641136785 0.002050045712752226 0.9999911592140527 0.0032897811058073914 -0.05072093122577513 0.0037497562130467867 -0.003296544041869181 0.9999861470676223 31.767874075617883
0.9999879212968078 -0.0024886133655496294 -0.004224879018771871 0.014484520210303635 0.002502877323406721 0.9999900816523054 0.0033346421089807204 -0.0508590462131473 0.004216158026777706 -0.0033445188829942705 0.9999841221993917 32.66297042475142
0.9999878402620342 -0.002492958252540547 -0.004297913167623426 0.011512540045312132 0.0025071751726382344 0.9999904444085145 0.0032584040651372037 -0.05163786467615842 0.00428936861973127 -0.003268481925478682 0.9999840678432911 33.549114854451474
0.9999872487084953 -0.002344992156783854 -0.004521310424290434 0.007781693151463169 0.0023592817893339957 0.9999913599214714 0.003091189926311104 -0.05392333531094356 0.004513696072299483 -0.0031012816398287867 0.999983652523866 34.437282171326245
0.9999863712190716 -0.0021245203587851973 -0.004724565791017107 0.002516766558875473 0.0021385397690974937 0.9999920044643463 0.002839834103940542 -0.0565941018027084 0.0047178077828780255 -0.0028488114405959084 0.9999831528314224 35.28919009222853
0.99998450842255 -0.002249066344342751 -0.0051132410137773535 -0.0033473917813694213 0.0022627882291320076 0.9999923999456577 0.0025858628426983733 -0.058914926150347 0.005106818878203146 -0.0025962565592806876 0.9999820377249211 36.12029791586052
0.999985042446626 -0.0017461260574689144 -0.005230194217371396 -0.010116511522594417 0.0017588997746867368 0.9999942302824768 0.0023648234579829036 -0.060923730059887715 0.0052254575352661805 -0.0023730600118094837 0.9999821303214383 36.97534613785853
0.9999851602286808 -0.0015649599238819177 -0.005222762084234267 -0.014301471516938299 0.0015765824751438212 0.9999949517033568 0.0021200403490129506 -0.06403027874130023 0.005218647065244332 -0.002127135491298059 0.9999825094201046 37.79675212911687
0.9999857304629876 -0.0013897956586316092 -0.005188870703828418 -0.019334234756602814 0.001400797598363674 0.9999953197461885 0.0020210308647140808 -0.06651786622719857 0.005185315618813971 -0.00202703800717609 0.9999827769906244 38.630756784747035
0.9999846807263248 -0.0015300641562712915 -0.005330631726758182 -0.023923393482917915 0.0015407670846430948 0.9999954252594357 0.001930531372478346 -0.06952346625014773 0.005326948071886854 -0.0019376424991877634 0.9999821646921343 39.45548050915284
0.9999837072524662 -0.001582256307391189 -0.005431264423458138 -0.029042632873585557 0.0015925187814840006 0.9999953971343535 0.0017501320412828974 -0.07267817137690485 0.0054275763189022995 -0.0017572265643503674 0.9999818571884045 40.252582102833905
0.9999838389743058 -0.0016138615939208841 -0.005397774109637368 -0.034164770164571895 0.0016239909721626514 0.999995371070025 0.0017363568128280996 -0.07487013794399214 0.0053940833129867026 -0.0017435994755612373 0.999981884327299 41.045650595128166
0.9999842700464984 -0.001356818251267317 -0.005372630241042635 -0.03993697804548883 0.0013660097666455967 0.9999962765207628 0.0015933770050203615 -0.07769986579615058 0.005369707527620498 -0.0015991904350854055 0.9999825065056928 41.82522374921972
0.9999837336166644 -0.0014045426758186553 -0.005371899569458056 -0.044371655770118874 0.0014126484839669811 0.9999961732348759 0.0013196139045818685 -0.08116358530824316 0.005368944938463841 -0.0013253508745380254 0.9999826482090232 42.60342779494759
0.9999829995003966 -0.001919400911239038 -0.005373879601974513 -0.04854504847021923 0.0019275141292074722 0.9999953713366432 0.0012860539124859283 -0.08328249751410562 0.005370303985450356 -0.0012944827006759225 0.9999828010111157 43.37885680686493
0.9999820272267571 -0.0020709107548024133 -0.005500661700715787 -0.05355648302225467 0.0020787744790278467 0.9999951361859682 0.0012419256550938423 -0.0860977857617208 0.005497064101819333 -0.001251411936984893 0.9999821764957525 44.15190805373034
0.9999828385839797 -0.0018463737000834178 -0.005372799379053972 -0.058473353459902025 0.0018531021724166642 0.9999957802182194 0.0010058293700198602 -0.09038204017758805 0.005369733077101141 -0.0010136335030582473 0.9999831724714866 44.905608076807816
0.9999833678672316 -0.0016471796359922687 -0.005431435926070762 -0.06103322417161357 0.001652176694324513 0.9999967606347012 0.0007556498632773821 -0.09313300155836565 0.005429244988174234 -0.000762847562994879 0.9999833470261746 45.65415452373659
0.999983130662523 -0.0014061007503063194 -0.0055481641564586875 -0.06580786607803817 0.0014106584183363508 0.9999975609640969 0.0006974320039198445 -0.09455936582851714 0.00554637166339031 -0.0007034832652997058 0.9999828762256926 46.39169327819452
0.9999833145448802 -0.001441445938744707 -0.005527467473176177 -0.06885942767941415 0.0014462578500351216 0.9999972500270194 0.0007297371008078883 -0.09704455451810699 0.00552566481330517 -0.0007358064823259376 0.9999829685652769 47.15182251036673
0.9999841829892084 -0.0017072390749936072 -0.00536572947506548 -0.07099127344722489 0.0017124232728886848 0.9999969993247749 0.0008718151665492215 -0.09972933563372202 0.005363617199886477 -0.0008792108423222268 0.9999838782610071 47.89933308064834
0.9999842461481154 -0.00176070809846513 -0.0053148424444852726 -0.07382360982104719 0.001767601657366109 0.9999961324432713 0.0011431925652785743 -0.10206640423935379 0.005312010820688905 -0.0011506421288098917 0.999983617139536 48.64115831862926
0.9999857187608959 -0.0016213286752277873 -0.0050614881232802144 -0.07664807958010872 0.0016275396382682986 0.9999967213813733 0.0010533099057177136 -0.10599026216009488 0.005058974633168977 -0.0010595402919851306 0.9999853044966387 49.3609327614734
0.9999870379445704 -0.0016196556025771245 -0.004801476209938935 -0.07855019894902329 0.001625000907572075 0.9999968732392879 0.0009131852391798563 -0.11036915945014067 0.004799074798910034 -0.0009190421472581446 0.9999865888563939 50.038058892825674
0.9999888450568645 -0.00137489921354406 -0.004458180536593214 -0.0805634675117218 0.0013791763475566672 0.999997205447603 0.0007261969057250691 -0.11511825504317456 0.004456100348302153 -0.0007301406737028473 0.9999881092581758 50.70171852768737
0.9999907043354072 -0.0011053994088847878 -0.004231112622185484 -0.0824455553274855 0.0011080505437347323 0.9999977875819349 0.0004391863184844453 -0.1206261586734496 0.004229775555146348 -0.0004415834578563086 0.9999895675540683 51.34093348341551
0.9999928140610808 -0.0006612069846011315 -0.00401716853809252 -0.08570417854271936 0.000662413978321466 0.9999990894806554 0.00022580081020906104 -0.12521154029259582 0.00401680153760357 -0.0002269147484515668 0.9999911618824147 51.99631149997211
0.9999938881588982 -0.0004947140634982233 -0.0038365465270721517 -0.08832946418131783 0.0004955699163620664 0.99999921736916 0.00014873247910274852 -0.1290028250146771 0.003836269670052178 -0.00014920640900859818 0.9999919047204908 52.62402605857991
0.9999944101131092 -0.0004140843571010309 -0.003679928299297773 -0.09181962230526887 0.0004145141040941355 0.999999098993118 1.3120175999508624e-05 -0.1328742251749243 0.0036796117628055823 -1.2937968318412e-05 0.9999924063321329 53.240680018189174
0.9999950934776296 -0.0001296029405221702 -0.003558452866202951 -0.09542563913659333 0.00012897677012787255 0.9999994585754187 -0.00020826056252982149 -0.13739404878636052 0.003558440573049638 0.0002094519806972752 0.9999929750545431 53.86060302017096
0.9999958314400818 7.591018391450328e-05 -0.0033585002325266728 -0.09768570300363177 -7.769040425155904e-05 0.9999994222728625 -0.0005107877665141232 -0.14306999133671697 0.003358544307493604 0.0005124401481934664 0.9999935038577413 54.466483509180314
0.9999959391762215 0.00022400654044894418 -0.0034292853848955016 -0.10210275375667077 -0.0002262316095238132 0.9999993804281165 -0.0005704763456935745 -0.1472411731658106 0.0034295176837221184 0.0005723040486212462 0.9999933547571298 55.09516138289794
0.9999939624949317 0.0003812623941693291 -0.003856705024992374 -0.1075498510097345 -0.00038228164634492864 0.9999990251693021 -0.000294916702002603 -0.149723010259027 0.0038566105300334363 0.00029773644472389155 0.9999916291102078 55.71655378268232
0.9999932186409114 0.0002886486325178462 -0.003935460479291699 -0.10817837563373676 -0.00028979826114843395 0.9999988436982626 -0.0004231854158998382 -0.15253214395507333 0.003935015685355862 0.00042579825665588564 0.9999910489484921 56.315221199617625
0.9999937865507719 0.0005425852828992377 -0.0038631519044848303 -0.11173639555626905 -0.0005441601863291803 0.9999989788204736 -0.0004933014591766682 -0.15496918838368606 0.0038628176001331118 0.0004968037221682253 0.9999915421391967 56.89662715145642
0.9999930737151121 0.0001950061986621047 -0.004158296519101971 -0.11552334872157863 -0.00019564892849190392 0.9999992906728231 -0.0002456773593388075 -0.15635462834291702 0.004158196142971991 0.0002477574753319358 0.999990345649376 57.49212279859222
0.9999917170749415 0.0003067799433160931 -0.004421971548296739 -0.12076034267869404 -0.0003070848645056127 0.9999992260366906 -0.00017716983858986657 -0.1588162261377709 0.00442185596123538 0.0001799147964282231 0.9999890873189525 58.071942914738855
0.999991811608368 0.00014595579469152997 -0.004519354610453741 -0.1240527197836049 -0.00014727256135009412 0.9999994856752283 -0.00033500277042157163 -0.16309384138912203 0.004519428762215697 0.0003369785498991562 0.9999888669344278 58.632499117573644
0.9999922609775854 0.00021056931005025963 -0.0044705292555424665 -0.12782153066784227 -0.00021255310765049747 0.9999994320830659 -0.0004663786134877461 -0.1671820653929036 0.004470621977474284 0.0004685808210341531 0.999989281837986 59.16705243742946
0.9999929270322921 0.0002901474651471004 -0.004371218180772675 -0.1316030033761913 -0.0002924067716548521 0.9999991934300015 -0.0005580418159273888 -0.17118681722176504 0.004371166121853873 0.0005607881128913744 0.999989682968216 59.69463269357354
0.9999935890137156 0.00030905327858669955 -0.0041914151714225155 -0.1348391100908674 -0.00031134997118355517 0.999998845572471 -0.0006371300938465778 -0.1750830825143812 0.0041911805532197895 0.0006400858564133958 0.9999904247005243 60.210128877474126
0.9999938384373299 -0.0005692707267839932 -0.004054560927549967 -0.1364751133565699 0.0005669810981226051 0.9999985884243365 -0.0007211259092260796 -0.1787861643669217 0.004054784945920591 0.0007206412511506536 0.9999911830770577 60.733846225672956
0.9999934703531389 -0.0010903444030869586 -0.003984040995013472 -0.13963287739008912 0.0010876179762174085 0.999997988818959 -0.0008125192225065398 -0.18283857779903634 0.003984646979192244 0.0008099922487523521 0.9999912241048584 61.241496685024835
0.9999951740569212 -0.0008760092077211047 -0.0037345707997926427 -0.14366195548485725 0.000872648524365481 0.9999985897114548 -0.0009475209075169665 -0.18685331555366297 0.00373541876845905 0.0009457925664970469 0.9999925848449657 61.71893301875242
0.9999966175604281 -0.0006292609947195195 -0.0033422764574791756 -0.14707107526368235 0.0006263169382290321 0.999998495252454 -0.00102287602678542 -0.190412037763093 0.0033426908719885093 0.001022293236065766 0.999993561158232 62.20895614465788
0.9999974355713629 -0.0005657121836820247 -0.0030382033185179283 -0.14974431930885235 0.0005628509440416036 0.9999984381307652 -0.0011178440463080273 -0.19397824822497214 0.0030385537388208372 0.0011174563093786683 0.9999942416840949 62.69711116096389
0.9999989427493635 -0.0003158903462797464 -0.00266708887435424 -0.15332954741895674 0.00031319494529988257 0.9999983084888258 -0.0011998298000699236 -0.196964522360943 0.0026672382423633483 0.0012001420770910876 0.9999952177429242 63.16861260403435
0.999999046534553 -0.00014392298793598887 -0.002425485845364923 -0.15640565942749185 0.00014149623544296855 0.9999973291072262 -0.0014646360360215849 -0.20139512245305452 0.0024250067384004137 0.0014658113817498787 0.9999949479881444 63.63456896878037
0.999998741517008 -0.00046737503054226296 -0.00243387835277908 -0.15950594243550628 0.0004645999834483781 0.9999965071900475 -0.001750261662400302 -0.20578053199463772 0.0024337647922541557 0.0017508458933150526 0.9999943300494208 64.08277079721934
0.9999996630168625 -0.0003094105671673113 -0.0020855988705989026 -0.15832524346540666 0.0003065721303459187 0.9999960372266301 -0.0020265154862522763 -0.20944756966344788 0.0020853382858442883 0.0020277958596013543 0.9999946934036461 64.53157850707726
1.0000012982094002 -9.794327256051514e-05 -0.0014471035155532162 -0.15733311856844914 9.549505177812082e-05 0.9999957298872675 -0.0024459050152743056 -0.21406267252395325 0.0014466947901108987 0.002447317664013435 0.9999951737756034 64.96716562565034
1.000001312426677 0.001231331742584933 -0.0011151321590513671 -0.1616960179785461 -0.001233646458619976 0.9999946089464538 -0.002786364562452919 -0.21635484786069586 0.0011117408497166004 0.0027888660334236767 0.9999952975328776 65.41533810338997
1.0000001453925607 0.0021428007742087187 -0.000834778143266495 -0.16621434113202746 -0.002144095755688997 0.9999930978377027 -0.0027116085257926515 -0.2170997845158224 0.0008288500091677293 0.0027147760956122324 0.9999956993508003 65.86222812534973
1.0000023391730701 0.0011737820149367191 -0.0004792621498035063 -0.1672365401515648 -0.001174413439048798 0.9999945047340149 -0.002849521080590491 -0.2202439249184448 0.0004759246529221847 0.00285134542528375 0.9999957411403161 66.30222387778032
1.0000019840648482 0.0014660819994039872 -0.00025585555495582916 -0.17024082299176677 -0.001466253067664172 0.9999926140786228 -0.0033509072697373733 -0.22552834079212358 0.00025097812481294644 0.0033525784267109436 0.9999943592568403 66.71492360382192
1.0000020504748373 0.0018166059883989582 0.00014943353643805704 -0.17249832918953525 -0.0018156061456186512 0.9999914010040961 -0.0036316128853172537 -0.23012317836229856 -0.00015568566193582367 0.003632420039813847 0.99999376039811 67.12209852130489
1.0000025429169688 0.001394853101365517 0.00038389451719419494 -0.17396498220257178 -0.0013931442175893322 0.999991850702325 -0.003702758892948442 -0.2335149290899212 -0.0003886671592469445 0.003703101647951662 0.9999934073836421 67.53656820785031
1.000002935149382 0.0010985334105307197 0.00043909738691563804 -0.1767133756468163 -0.0010964978456186021 0.9999920891413516 -0.003717855854907786 -0.2367907879826479 -0.00044295664909825013 0.003718117441062081 0.9999932706937916 67.93956327416343
0.9999985860178683 -0.00311397683465534 0.0007901163579351315 -0.1793433401042288 0.003116779808954963 0.9999894321804096 -0.003332704701004538 -0.23649572374168892 -0.0007794488332580747 0.0033362784435040887 0.9999943104532514 68.3528887219645
0.9999982488144761 -0.0031578808913907434 0.0013472442852506534 -0.18232737413883962 0.0031620302979018435 0.9999900561832784 -0.003174372085509589 -0.23809059757130197 -0.001336813123609522 0.0031796732476486295 0.9999943982687056 68.72909830840487
0.9999982855697518 -0.002715174346468825 0.002047055186530201 -0.18439482350577768 0.0027219287912816615 0.9999908343951187 -0.003255395632556485 -0.241008934003676 -0.00203803323233029 0.003262139051873752 0.999992721597433 69.08718638740177
1.0000014968612014 0.0014929347220056584 0.0018089188824819207 -0.19205459441828987 -0.0014869553230685642 0.9999938755099026 -0.0032030867458036107 -0.24012224750427474 -0.0018134676963933076 0.0032014107194391424 0.9999938562293208 69.44940066343884
1.0000026450583406 0.00030257124129215023 0.0018218264950783658 -0.19512284071479913 -0.00030353126048789916 1.0000000412605605 0.00048011027329359756 -0.2352077025922288 -0.0018221055881581334 -0.0004793253279224653 0.9999990181631737 69.8278322946181
0.99999690285436 -0.003332905741045119 0.002130059807305048 -0.1956665093552042 0.003324720479963539 0.9999879655618528 0.0037189310507609236 -0.2304369146989052 -0.002143045731645631 -0.0037104572332402747 0.9999917202058006 70.20365361626668
0.9999938463884022 -0.0038775620453020913 0.002684560246211295 -0.19708298865885437 0.0038694163694819365 0.9999888393210944 0.0029335452501797906 -0.23264192732902367 -0.002696502114435168 -0.002921810379767435 0.9999929816468953 70.5152262797499
0.9999907848310946 -0.004785555698276133 0.0024075429860141934 -0.19762484427521385 0.00478671954013745 0.9999892377749399 -0.0006287273676174937 -0.238108176298792 -0.0024048831393979507 0.0006414691595320781 0.9999979720402705 70.79007699766626
0.9999932452849193 -0.004327891201772673 0.002245339284108409 -0.19865916667037853 0.004332966171420785 0.9999888163340939 -0.002382109226002126 -0.24105027641097454 -0.0022354201717420673 0.0023928699395372992 0.9999956487341789 71.05441645437648
0.999991595442398 -0.004526867835886875 0.002595897116734867 -0.1974068381588214 0.004533858670979193 0.9999869971777675 -0.0027307997165014245 -0.24230998364018838 -0.0025841039368156506 0.0027435813838408186 0.9999939112636025 71.30945732036562
0.9999840373505079 -0.005787914346870593 0.002894929344688534 -0.19758625413950698 0.005796392002378413 0.9999797377544946 -0.0029217220245203734 -0.24253266168500834 -0.00287860128047577 0.0029396063095052756 0.9999924344339985 71.55115674790116
0.9999824363656968 -0.005998721757838233 0.002943582896292128 -0.19975906108863253 0.006008507124772207 0.9999773300131881 -0.0032436666457933473 -0.2437103009945249 -0.0029248263412498727 0.0032626142239576585 0.9999912333289651 71.77128053722778
0.999979257356764 -0.006427525077695837 0.003149343765328741 -0.2008852837737456 0.006439382882076877 0.9999730611246705 -0.003651471876097727 -0.2446369197521242 -0.0031266429335001355 0.003673127588618316 0.9999890657322854 71.97566003237789
0.999979065318155 -0.006270106700526678 0.0034174672524080237 -0.20234878281523644 0.0062850502238127656 0.9999715730181731 -0.004266125172910572 -0.24616074022597068 -0.0033915857628187837 0.004289065082491012 0.9999857969503211 72.16188607061466
0.9999812259876849 -0.00584913022768317 0.0035223411643337606 -0.2047111536406415 0.005867686734281313 0.9999696671756215 -0.005188153499485881 -0.2477605123808018 -0.00349279645998316 0.005210222815171295 0.9999809073967278 72.33061342955412
0.999982427589452 -0.005606029061851534 0.003533859405911247 -0.20749153919959554 0.005628024728392105 0.9999654665843046 -0.006153831848515611 -0.24928922409848464 -0.003500183887439759 0.006175227511464071 0.9999754379230102 72.48541240330094
0.9999848432512467 -0.005089027442286951 0.003738544080054345 -0.2098120867145129 0.00511355794948962 0.9999657349380198 -0.006600132063825295 -0.24991956051616 -0.0037053944482156667 0.006620567205820204 0.9999722055538899 72.64747103662904
0.9999838649347392 -0.004865192127227365 0.004241022690555046 -0.20988235933156218 0.004893774834774898 0.999965217582601 -0.006794820150285943 -0.24999331851715126 -0.0042084595608846784 0.006816785642582195 0.9999686837576282 72.79926898815859
0.9999840412378015 -0.004622556462631564 0.004421101214730748 -0.21206896371766282 0.004654990214497131 0.999962258765076 -0.007367059420325671 -0.2508600391244366 -0.004387621447941727 0.007389122041793695 0.9999637923179492 72.92686477691205
0.9999836363871437 -0.004852290396771496 0.004272550088128301 -0.21568986163934198 0.004889073769856836 0.9999510658684763 -0.008608752946419988 -0.25249215774231265 -0.004231512866384368 0.00863133907680217 0.9999544647248011 73.04521269356687
0.999982319146833 -0.004973587623456763 0.004358763344579674 -0.21838028037232246 0.005014827376948544 0.9999433256311052 -0.00938802582513307 -0.2534541232710764 -0.004313010474355552 0.00941169452376604 0.9999469090802803 73.15762170628594
0.9999809889211423 -0.004924717999349015 0.004692232608138785 -0.21915396711330187 0.004970117484172117 0.9999413357601336 -0.009617610505292822 -0.2535458240480158 -0.004645857602912227 0.009642651872575427 0.9999431203464773 73.2695973001273
0.9999807423332925 -0.004831991820136038 0.004841981562842562 -0.22033192528166007 0.004878554206642305 0.9999425048780253 -0.00954337505746303 -0.25271220909298614 -0.004796919856027411 0.009568760924132374 0.9999430123971694 73.37430439756956
0.9999813019764742 -0.004709428316129549 0.004824241076118733 -0.22066282433269355 0.004753628873457665 0.9999471870969678 -0.009091553950033032 -0.25285335196432496 -0.004782438168177323 0.009116352954074702 0.9999473517582647 73.50147532372277
0.9999813708345346 -0.004490055193952762 0.005024565056511129 -0.2201608711647104 0.004534989948445962 0.9999501565033821 -0.00891888699601921 -0.25119383674080425 -0.004985394599448764 0.008943173925350718 0.9999480745104761 73.5678282211439
0.9999806218333439 -0.0042750178763939295 0.005317976462069912 -0.21930178273134465 0.004322536784210885 0.9999513412593982 -0.008867488861953474 -0.24959888505479735 -0.005281122778357029 0.008892003375086898 0.9999469391506794 73.6329679958942
0.9999809256655282 -0.004093959882172366 0.005474336445581508 -0.21952058310701844 0.004142582428050568 0.9999522589577299 -0.008892116504831783 -0.2483406266046051 -0.005438624882779716 0.008916083664586051 0.9999461273752908 73.69125105304835
0.9999806485829263 -0.003914671552034253 0.00560428668758362 -0.2200213459113181 0.003964842083160511 0.9999527089074715 -0.008924418250599638 -0.24704221943835455 -0.005570179305321373 0.008947949931814836 0.999945009312595 73.73802812530482
0.9999799987993798 -0.003761287413251155 0.005849313284141991 -0.220046480414764 0.0038134011199129885 0.9999532296515233 -0.008960313174670094 -0.24523331533404533 -0.0058160692600083 0.00898351523845898 0.9999435537904945 73.77268088638947
0.9999789993297182 -0.0036313339600197673 0.006083214949738348 -0.22031639281504828 0.0036861286806739884 0.9999527284128615 -0.009043638221779766 -0.24328900064430034 -0.0060508976004386905 0.009067185354373952 0.9999412598036302 73.80181135688765
0.9999785643640857 -0.003523420717606317 0.0062190212536463235 -0.22094416812157777 0.0035798341154943468 0.9999526801201043 -0.009092369380027722 -0.24121190443541887 -0.006187554569051496 0.009115734923882403 0.9999399927094597 73.82721389561544
0.9999779771102468 -0.003385360966274523 0.006381924550493618 -0.22162242554257938 0.0034438122809850318 0.99995247668328 -0.009161728737270365 -0.23910915811850453 -0.00635154840229582 0.009184884259636464 0.9999382294233854 73.84648016844659
0.9999770462361786 -0.0031512931872071403 0.0065954534619971205 -0.22277846767945658 0.003213909784366092 0.9999500885881303 -0.009469642213563391 -0.23692713681779665 -0.006566480995321729 0.009492258967459732 0.9999337467437597 73.85387531963602
0.9999762875961381 -0.0030161622508146873 0.00677492234165867 -0.22396269667442714 0.003082599704397367 0.9999474897021893 -0.009782215748564237 -0.23465024607530516 -0.006746307224007716 0.009804675674658207 0.9999296020956873 73.86748902982347
0.9999758254099622 -0.0028926926064614263 0.006933802606904281 -0.2247760260804604 0.0029605071762675017 0.9999480409566438 -0.009813436610700842 -0.23204597696608523 -0.006905968971945357 0.00983507941897218 0.9999284583700838 73.89371157393181
0.9999754092216054 -0.002713537263015062 0.0071378617979279465 -0.22552426072413326 0.0027823940362596447 0.9999496206294617 -0.009743069440536281 -0.22929854663987922 -0.007111666513067147 0.009763513840935776 0.9999278530885943 73.91733225896391
0.9999742936707114 -0.0025673029275404434 0.007341285072901171 -0.22618926338968934 0.002638797447144112 0.9999489962078079 -0.009829641099446867 -0.22713432322228147 -0.007316354478808819 0.009849791040498674 0.9999254976408114 73.93744956157985
0.99997313787738 -0.0024215534791548416 0.007500742497228762 -0.22686503835185756 0.002495085732599903 0.9999487168038823 -0.009872161211736558 -0.22487856553563468 -0.00747730284842926 0.009891934783638007 0.9999236703561097 73.96084230605507
0.9999720451215425 -0.0022286383982057967 0.007676775492270914 -0.22747887711760514 0.002303983294561279 0.99994946120867 -0.009857150485273346 -0.22238945906478996 -0.00765535681480357 0.009875950198533304 0.9999226171702166 73.98446006545419
0.999971026018885 -0.0020614482305764932 0.007858077460417303 -0.22861752982905997 0.0021387957122159353 0.9999494965082842 -0.009892433729460366 -0.2215932154515694 -0.007838219823301955 0.009910104564141271 0.9999208176029236 74.02912745101393
0.9999697398431103 -0.001934763610248015 0.008024489974883121 -0.22936366381900433 0.0020142352968973492 0.9999489615639485 -0.009937371694931453 -0.2192226572595812 -0.008005901527864347 0.009954347144854171 0.9999187073745763 74.0333624550561
0.9999681779537761 -0.001759991555346379 0.008201374632450357 -0.2295587186158672 0.001841869202365192 0.9999483578108243 -0.009960733367472737 -0.2170868695700756 -0.00818482131378092 0.00997711005725272 0.9999166978127849 74.05558401499127
0.9999672027467393 -0.0015834667034332842 0.008387306456109314 -0.22983073963168701 0.00166712167156448 0.999948490772936 -0.009961819552892928 -0.21477587143707047 -0.008372446909023543 0.009977004488250679 0.9999149828827976 74.08090711086625
0.9999655210481845 -0.0014253417409019658 0.00854592078759694 -0.23007854554434123 0.0015113876895733287 0.999948054322084 -0.00997138464376695 -0.21263204449094933 -0.008533142437004747 0.009986105271657195 0.999913080027948 74.10651061829178
0.9999639969691405 -0.0012606941359647103 0.008723772678252776 -0.23044229131963348 0.001349136786285633 0.999947443772271 -0.010033338196774442 -0.2104852089304103 -0.008712563644126432 0.010046894460214329 0.9999107628776852 74.12854913988474
0.9999628721230976 -0.0011286822586604101 0.008899405506302136 -0.23071093744641308 0.0012188195716847543 0.9999476467832114 -0.010042610087837517 -0.20820818229583934 -0.008889233970881752 0.010055133060666029 0.9999093756150195 74.15315053118177
0.9999619724359201 -0.0009873333893163788 0.009045204095243 -0.2311100514338652 0.0010790879931155632 0.9999475970967474 -0.010052683256113129 -0.2060034913630659 -0.009036435657973992 0.010064097412268873 0.9999079169428206 74.1781397577815
0.9999603573849711 -0.0008353219760720423 0.009220467277783272 -0.23148218655338887 0.0009293134396327563 0.9999474345627759 -0.010085096191424456 -0.2038046301009281 -0.009213270121811796 0.010095178112058874 0.9999060052917982 74.20177344213327
0.999958737093298 -0.0006773799619337383 0.009384345166546506 -0.23198779291970065 0.0007736800088715479 0.9999469560923399 -0.010122969083774969 -0.2016269148342268 -0.00937896182581848 0.010132045926986459 0.9999040521722099 74.22569880673669
0.9999568623076772 -0.0005506754088286167 0.009561277466874263 -0.23251670255869403 0.0006490880667592886 0.9999465511737214 -0.01013087597834495 -0.19938470611203726 -0.009557367644259088 0.010139317088464503 0.999902072768083 74.25050474421117
0.9999553873017055 -0.0003791594828094341 0.009712666020641879 -0.23307378648018473 0.00047938948710391925 0.9999464126214171 -0.01013155132041146 -0.19716998144376816 -0.009710751970205555 0.01013880784168112 0.9999004987686135 74.27600909922108
0.9999541252461588 -0.00023821311807245563 0.00987268112222255 -0.23357604032700907 0.0003402914103492757 0.9999462390111032 -0.010167265285094339 -0.19500532224861278 -0.009872144033526254 0.010172994280076706 0.9998985820699329 74.29926063137195
0.9999526219645563 -7.887126236698333e-05 0.010028753056035726 -0.23411974381827333 0.0001828321232411246 0.9999462014758069 -0.010187863467265568 -0.192779742158934 -0.010029850831941292 0.010192164709066795 0.9998967715758525 74.32271028858253
0.9999512042506629 4.941303892776757e-05 0.010195104335845848 -0.234488402639054 5.60241588185205e-05 0.9999466801818799 -0.01019045794419564 -0.19053511165761972 -0.010197293790134341 0.01019299879463369 0.9998953147082869 74.34672795631907
0.9999494582373436 0.00019034806031416424 0.01037724378882541 -0.23487133473028254 -8.265866790476927e-05 0.9999463536863453 -0.01022343532889865 -0.1883423422317348 -0.01038097953144704 0.010224373902082745 0.9998929421787444 74.36863030326626
0.9999474336671179 0.00031415378063205413 0.010541227422931928 -0.23555198995894075 -0.00020408754806389007 0.9999456517174721 -0.010267581928663684 -0.18771506864438878 -0.010546339013955118 0.01026743205990494 0.9998906096050396 74.41260224471517
0.9999454613533724 0.0004530935086213034 0.01072397791080168 -0.236032157397865 -0.0003403945799925463 0.9999449733623795 -0.010319471229981406 -0.18540628859478217 -0.010730724147502804 0.010317672574766156 0.9998880303454236 74.41434513750157
0.9999434163800565 0.0005771888799379046 0.010909385042113659 -0.23581373948978243 -0.00046230256802990934 0.9999447299737322 -0.010350617691354334 -0.18321474122218223 -0.010917440857306974 0.010347396216070101 0.9998858390299509 74.43301119819068
0.9999410299541851 0.0006651095225229167 0.011112487723654673 -0.2356832408974013 -0.000547723930886027 0.9999444894148206 -0.010381554681990656 -0.18098833573566664 -0.011121514294861494 0.010377283083900296 0.9998832425740298 74.45658436700914
0.9999385516940261 0.0007998803164567277 0.011316720838564916 -0.23572451242136977 -0.0006801536017139077 0.9999441255514518 -0.010409677953266817 -0.17877565774423224 -0.011327120779525768 0.010403738909736835 0.9998805609301251 74.4821342731103
0.9999363446744931 0.0009326203458611227 0.011512967396970027 -0.2359061957647769 -0.000810634944297068 0.9999437211483432 -0.010434158589452118 -0.17657005510248316 -0.01152466620267636 0.010426702555230248 0.9998780843490243 74.50636668357576
0.9999343743935017 0.0010614203981110144 0.01169455180949682 -0.2361061793241473 -0.0009375704998823882 0.9999438487235635 -0.01045802961443783 -0.17436670000009996 -0.011707396899232581 0.010448707543196541 0.9998759823332191 74.53081635951368
0.9999316213713945 0.0011833746049721625 0.011898446392231999 -0.23632111817842583 -0.0010569341165268642 0.9999431002913068 -0.010484533546354636 -0.1720755340747038 -0.011912635265972011 0.010473740745775525 0.9998732006014445 74.55339487052787
0.9999290158468164 0.0013175559873581564 0.012104172046238105 -0.23662785331477315 -0.0011886422211523622 0.9999426663305653 -0.01052423812773735 -0.16980431126800627 -0.012119677155424367 0.010511423481067164 0.9998704547656575 74.57524859165446
0.9999263444105638 0.0014671571276612743 0.01229842728237244 -0.23697935119627345 -0.0013355669205543771 0.9999418164169884 -0.010554237398088317 -0.16745243886023992 -0.012315855474501492 0.010539528515189292 0.9998675484380896 74.5982218315537
0.9999235708661798 0.0016223915812236193 0.01249564028385863 -0.2373479281836738 -0.0014883575300810492 0.9999413744794428 -0.010576701034299718 -0.16506949642937876 -0.012514811236054201 0.010559879287636157 0.9998647657932717 74.62187282399117
0.9999208932102474 0.0017581984655378336 0.012682586042153008 -0.23771217954929108 -0.0016216125273571514 0.9999406246228191 -0.01060612244270073 -0.16277366410458402 -0.012703400965926842 0.010587473340447798 0.9998619388286833 74.64382460672596
0.9999183543431082 0.0018876344141405428 0.01286493985720957 -0.23807170590504295 -0.0017488945359903174 0.9999401039692594 -0.010635861203512037 -0.16047238970672212 -0.012887014948791473 0.010615184898198585 0.9998593097291661 74.6662610509958
0.9999156826351097 0.0020239255285459273 0.01305259598688503 -0.23846284759865935 -0.0018828479721440523 0.9999395571958062 -0.010665276106783266 -0.15820475014839022 -0.013076156587830083 0.010642486363227243 0.9998567009444195 74.6889215244808
0.9999131179872444 0.0021639886557527094 0.013218195175064269 -0.23880661903738615 -0.002020904864333234 0.9999391180563635 -0.010693450256080468 -0.15596800944428998 -0.013243290564108983 0.010668343109156934 0.9998541188561271 74.71325393761697
